index,0
2022-01-01 00:00:00+01:00,0.0
2022-01-01 01:00:00+01:00,0.0
2022-01-01 02:00:00+01:00,0.0
2022-01-01 03:00:00+01:00,0.0
2022-01-01 04:00:00+01:00,0.0
2022-01-01 05:00:00+01:00,0.0
2022-01-01 06:00:00+01:00,0.0
2022-01-01 07:00:00+01:00,0.0
2022-01-01 08:00:00+01:00,0.0
2022-01-01 09:00:00+01:00,0.0
2022-01-01 10:00:00+01:00,0.0
2022-01-01 11:00:00+01:00,0.0
2022-01-01 12:00:00+01:00,0.0
2022-01-01 13:00:00+01:00,0.0
2022-01-01 14:00:00+01:00,0.0
2022-01-01 15:00:00+01:00,0.0
2022-01-01 16:00:00+01:00,0.0
2022-01-01 17:00:00+01:00,0.0
2022-01-01 18:00:00+01:00,0.0
2022-01-01 19:00:00+01:00,0.0
2022-01-01 20:00:00+01:00,0.0
2022-01-01 21:00:00+01:00,0.0
2022-01-01 22:00:00+01:00,0.0
2022-01-01 23:00:00+01:00,0.0
2022-01-02 00:00:00+01:00,0.0
2022-01-02 01:00:00+01:00,0.0
2022-01-02 02:00:00+01:00,0.0
2022-01-02 03:00:00+01:00,0.0
2022-01-02 04:00:00+01:00,0.0
2022-01-02 05:00:00+01:00,0.0
2022-01-02 06:00:00+01:00,0.0
2022-01-02 07:00:00+01:00,0.0
2022-01-02 08:00:00+01:00,0.0
2022-01-02 09:00:00+01:00,0.0
2022-01-02 10:00:00+01:00,0.0
2022-01-02 11:00:00+01:00,0.0
2022-01-02 12:00:00+01:00,0.0
2022-01-02 13:00:00+01:00,0.0
2022-01-02 14:00:00+01:00,0.0
2022-01-02 15:00:00+01:00,0.0
2022-01-02 16:00:00+01:00,0.0
2022-01-02 17:00:00+01:00,0.0
2022-01-02 18:00:00+01:00,0.0
2022-01-02 19:00:00+01:00,0.0
2022-01-02 20:00:00+01:00,0.0
2022-01-02 21:00:00+01:00,0.0
2022-01-02 22:00:00+01:00,0.0
2022-01-02 23:00:00+01:00,0.0
2022-01-03 00:00:00+01:00,0.0
2022-01-03 01:00:00+01:00,0.0
2022-01-03 02:00:00+01:00,0.0
2022-01-03 03:00:00+01:00,0.0
2022-01-03 04:00:00+01:00,0.0
2022-01-03 05:00:00+01:00,0.0
2022-01-03 06:00:00+01:00,0.0
2022-01-03 07:00:00+01:00,0.0
2022-01-03 08:00:00+01:00,0.0
2022-01-03 09:00:00+01:00,0.0
2022-01-03 10:00:00+01:00,0.0
2022-01-03 11:00:00+01:00,0.0
2022-01-03 12:00:00+01:00,0.0
2022-01-03 13:00:00+01:00,0.0
2022-01-03 14:00:00+01:00,0.0
2022-01-03 15:00:00+01:00,0.0
2022-01-03 16:00:00+01:00,0.0
2022-01-03 17:00:00+01:00,0.0
2022-01-03 18:00:00+01:00,0.0
2022-01-03 19:00:00+01:00,0.0
2022-01-03 20:00:00+01:00,0.0
2022-01-03 21:00:00+01:00,0.0
2022-01-03 22:00:00+01:00,0.0
2022-01-03 23:00:00+01:00,0.0
2022-01-04 00:00:00+01:00,0.0
2022-01-04 01:00:00+01:00,0.0
2022-01-04 02:00:00+01:00,0.0
2022-01-04 03:00:00+01:00,0.0
2022-01-04 04:00:00+01:00,0.0
2022-01-04 05:00:00+01:00,0.0
2022-01-04 06:00:00+01:00,0.0
2022-01-04 07:00:00+01:00,0.0
2022-01-04 08:00:00+01:00,0.0
2022-01-04 09:00:00+01:00,0.0
2022-01-04 10:00:00+01:00,0.0
2022-01-04 11:00:00+01:00,0.0
2022-01-04 12:00:00+01:00,0.0
2022-01-04 13:00:00+01:00,0.0
2022-01-04 14:00:00+01:00,0.0
2022-01-04 15:00:00+01:00,0.0
2022-01-04 16:00:00+01:00,0.0
2022-01-04 17:00:00+01:00,0.0
2022-01-04 18:00:00+01:00,0.0
2022-01-04 19:00:00+01:00,0.0
2022-01-04 20:00:00+01:00,0.0
2022-01-04 21:00:00+01:00,0.0
2022-01-04 22:00:00+01:00,0.0
2022-01-04 23:00:00+01:00,0.0
2022-01-05 00:00:00+01:00,0.0
2022-01-05 01:00:00+01:00,0.0
2022-01-05 02:00:00+01:00,0.0
2022-01-05 03:00:00+01:00,0.0
2022-01-05 04:00:00+01:00,0.0
2022-01-05 05:00:00+01:00,0.0
2022-01-05 06:00:00+01:00,0.0
2022-01-05 07:00:00+01:00,0.0
2022-01-05 08:00:00+01:00,0.0
2022-01-05 09:00:00+01:00,0.0
2022-01-05 10:00:00+01:00,0.0
2022-01-05 11:00:00+01:00,0.0
2022-01-05 12:00:00+01:00,0.0
2022-01-05 13:00:00+01:00,0.0
2022-01-05 14:00:00+01:00,0.0
2022-01-05 15:00:00+01:00,0.0
2022-01-05 16:00:00+01:00,0.0
2022-01-05 17:00:00+01:00,611.0
2022-01-05 18:00:00+01:00,1115.0
2022-01-05 19:00:00+01:00,1085.0
2022-01-05 20:00:00+01:00,749.0
2022-01-05 21:00:00+01:00,353.0
2022-01-05 22:00:00+01:00,759.0
2022-01-05 23:00:00+01:00,1261.0
2022-01-06 00:00:00+01:00,738.0
2022-01-06 01:00:00+01:00,1088.0
2022-01-06 02:00:00+01:00,1111.0
2022-01-06 03:00:00+01:00,659.0
2022-01-06 04:00:00+01:00,707.0
2022-01-06 05:00:00+01:00,1076.0
2022-01-06 06:00:00+01:00,858.0
2022-01-06 07:00:00+01:00,2129.0
2022-01-06 08:00:00+01:00,2982.0
2022-01-06 09:00:00+01:00,2990.0
2022-01-06 10:00:00+01:00,2502.0
2022-01-06 11:00:00+01:00,1621.0
2022-01-06 12:00:00+01:00,1035.0
2022-01-06 13:00:00+01:00,198.0
2022-01-06 14:00:00+01:00,191.0
2022-01-06 15:00:00+01:00,34.0
2022-01-06 16:00:00+01:00,391.0
2022-01-06 17:00:00+01:00,939.0
2022-01-06 18:00:00+01:00,1262.0
2022-01-06 19:00:00+01:00,580.0
2022-01-06 20:00:00+01:00,0.0
2022-01-06 21:00:00+01:00,0.0
2022-01-06 22:00:00+01:00,0.0
2022-01-06 23:00:00+01:00,0.0
2022-01-07 00:00:00+01:00,0.0
2022-01-07 01:00:00+01:00,0.0
2022-01-07 02:00:00+01:00,0.0
2022-01-07 03:00:00+01:00,0.0
2022-01-07 04:00:00+01:00,0.0
2022-01-07 05:00:00+01:00,0.0
2022-01-07 06:00:00+01:00,0.0
2022-01-07 07:00:00+01:00,0.0
2022-01-07 08:00:00+01:00,0.0
2022-01-07 09:00:00+01:00,0.0
2022-01-07 10:00:00+01:00,0.0
2022-01-07 11:00:00+01:00,0.0
2022-01-07 12:00:00+01:00,0.0
2022-01-07 13:00:00+01:00,0.0
2022-01-07 14:00:00+01:00,0.0
2022-01-07 15:00:00+01:00,0.0
2022-01-07 16:00:00+01:00,0.0
2022-01-07 17:00:00+01:00,0.0
2022-01-07 18:00:00+01:00,0.0
2022-01-07 19:00:00+01:00,23.0
2022-01-07 20:00:00+01:00,0.0
2022-01-07 21:00:00+01:00,0.0
2022-01-07 22:00:00+01:00,0.0
2022-01-07 23:00:00+01:00,0.0
2022-01-08 00:00:00+01:00,0.0
2022-01-08 01:00:00+01:00,0.0
2022-01-08 02:00:00+01:00,0.0
2022-01-08 03:00:00+01:00,0.0
2022-01-08 04:00:00+01:00,0.0
2022-01-08 05:00:00+01:00,0.0
2022-01-08 06:00:00+01:00,0.0
2022-01-08 07:00:00+01:00,0.0
2022-01-08 08:00:00+01:00,0.0
2022-01-08 09:00:00+01:00,0.0
2022-01-08 10:00:00+01:00,0.0
2022-01-08 11:00:00+01:00,0.0
2022-01-08 12:00:00+01:00,0.0
2022-01-08 13:00:00+01:00,0.0
2022-01-08 14:00:00+01:00,0.0
2022-01-08 15:00:00+01:00,0.0
2022-01-08 16:00:00+01:00,0.0
2022-01-08 17:00:00+01:00,0.0
2022-01-08 18:00:00+01:00,0.0
2022-01-08 19:00:00+01:00,0.0
2022-01-08 20:00:00+01:00,0.0
2022-01-08 21:00:00+01:00,0.0
2022-01-08 22:00:00+01:00,0.0
2022-01-08 23:00:00+01:00,0.0
2022-01-09 00:00:00+01:00,0.0
2022-01-09 01:00:00+01:00,0.0
2022-01-09 02:00:00+01:00,0.0
2022-01-09 03:00:00+01:00,0.0
2022-01-09 04:00:00+01:00,0.0
2022-01-09 05:00:00+01:00,0.0
2022-01-09 06:00:00+01:00,0.0
2022-01-09 07:00:00+01:00,0.0
2022-01-09 08:00:00+01:00,0.0
2022-01-09 09:00:00+01:00,0.0
2022-01-09 10:00:00+01:00,0.0
2022-01-09 11:00:00+01:00,0.0
2022-01-09 12:00:00+01:00,0.0
2022-01-09 13:00:00+01:00,0.0
2022-01-09 14:00:00+01:00,0.0
2022-01-09 15:00:00+01:00,0.0
2022-01-09 16:00:00+01:00,0.0
2022-01-09 17:00:00+01:00,0.0
2022-01-09 18:00:00+01:00,0.0
2022-01-09 19:00:00+01:00,0.0
2022-01-09 20:00:00+01:00,0.0
2022-01-09 21:00:00+01:00,0.0
2022-01-09 22:00:00+01:00,0.0
2022-01-09 23:00:00+01:00,0.0
2022-01-10 00:00:00+01:00,0.0
2022-01-10 01:00:00+01:00,0.0
2022-01-10 02:00:00+01:00,0.0
2022-01-10 03:00:00+01:00,0.0
2022-01-10 04:00:00+01:00,0.0
2022-01-10 05:00:00+01:00,0.0
2022-01-10 06:00:00+01:00,0.0
2022-01-10 07:00:00+01:00,0.0
2022-01-10 08:00:00+01:00,0.0
2022-01-10 09:00:00+01:00,167.0
2022-01-10 10:00:00+01:00,0.0
2022-01-10 11:00:00+01:00,0.0
2022-01-10 12:00:00+01:00,0.0
2022-01-10 13:00:00+01:00,0.0
2022-01-10 14:00:00+01:00,0.0
2022-01-10 15:00:00+01:00,0.0
2022-01-10 16:00:00+01:00,0.0
2022-01-10 17:00:00+01:00,0.0
2022-01-10 18:00:00+01:00,164.0
2022-01-10 19:00:00+01:00,0.0
2022-01-10 20:00:00+01:00,0.0
2022-01-10 21:00:00+01:00,0.0
2022-01-10 22:00:00+01:00,0.0
2022-01-10 23:00:00+01:00,0.0
2022-01-11 00:00:00+01:00,0.0
2022-01-11 01:00:00+01:00,0.0
2022-01-11 02:00:00+01:00,0.0
2022-01-11 03:00:00+01:00,0.0
2022-01-11 04:00:00+01:00,0.0
2022-01-11 05:00:00+01:00,0.0
2022-01-11 06:00:00+01:00,0.0
2022-01-11 07:00:00+01:00,0.0
2022-01-11 08:00:00+01:00,546.0
2022-01-11 09:00:00+01:00,530.0
2022-01-11 10:00:00+01:00,0.0
2022-01-11 11:00:00+01:00,0.0
2022-01-11 12:00:00+01:00,0.0
2022-01-11 13:00:00+01:00,0.0
2022-01-11 14:00:00+01:00,0.0
2022-01-11 15:00:00+01:00,0.0
2022-01-11 16:00:00+01:00,0.0
2022-01-11 17:00:00+01:00,562.0
2022-01-11 18:00:00+01:00,1525.0
2022-01-11 19:00:00+01:00,1012.0
2022-01-11 20:00:00+01:00,346.0
2022-01-11 21:00:00+01:00,0.0
2022-01-11 22:00:00+01:00,0.0
2022-01-11 23:00:00+01:00,0.0
2022-01-12 00:00:00+01:00,0.0
2022-01-12 01:00:00+01:00,0.0
2022-01-12 02:00:00+01:00,0.0
2022-01-12 03:00:00+01:00,0.0
2022-01-12 04:00:00+01:00,0.0
2022-01-12 05:00:00+01:00,0.0
2022-01-12 06:00:00+01:00,0.0
2022-01-12 07:00:00+01:00,575.0
2022-01-12 08:00:00+01:00,1245.0
2022-01-12 09:00:00+01:00,952.0
2022-01-12 10:00:00+01:00,639.0
2022-01-12 11:00:00+01:00,142.0
2022-01-12 12:00:00+01:00,0.0
2022-01-12 13:00:00+01:00,0.0
2022-01-12 14:00:00+01:00,0.0
2022-01-12 15:00:00+01:00,0.0
2022-01-12 16:00:00+01:00,549.0
2022-01-12 17:00:00+01:00,1374.0
2022-01-12 18:00:00+01:00,1748.0
2022-01-12 19:00:00+01:00,1245.0
2022-01-12 20:00:00+01:00,331.0
2022-01-12 21:00:00+01:00,450.0
2022-01-12 22:00:00+01:00,300.0
2022-01-12 23:00:00+01:00,0.0
2022-01-13 00:00:00+01:00,0.0
2022-01-13 01:00:00+01:00,0.0
2022-01-13 02:00:00+01:00,0.0
2022-01-13 03:00:00+01:00,0.0
2022-01-13 04:00:00+01:00,0.0
2022-01-13 05:00:00+01:00,0.0
2022-01-13 06:00:00+01:00,0.0
2022-01-13 07:00:00+01:00,1252.0
2022-01-13 08:00:00+01:00,1630.0
2022-01-13 09:00:00+01:00,1849.0
2022-01-13 10:00:00+01:00,1355.0
2022-01-13 11:00:00+01:00,794.0
2022-01-13 12:00:00+01:00,469.0
2022-01-13 13:00:00+01:00,0.0
2022-01-13 14:00:00+01:00,0.0
2022-01-13 15:00:00+01:00,0.0
2022-01-13 16:00:00+01:00,0.0
2022-01-13 17:00:00+01:00,1386.0
2022-01-13 18:00:00+01:00,1856.0
2022-01-13 19:00:00+01:00,1814.0
2022-01-13 20:00:00+01:00,1186.0
2022-01-13 21:00:00+01:00,882.0
2022-01-13 22:00:00+01:00,446.0
2022-01-13 23:00:00+01:00,241.0
2022-01-14 00:00:00+01:00,0.0
2022-01-14 01:00:00+01:00,0.0
2022-01-14 02:00:00+01:00,0.0
2022-01-14 03:00:00+01:00,0.0
2022-01-14 04:00:00+01:00,0.0
2022-01-14 05:00:00+01:00,0.0
2022-01-14 06:00:00+01:00,644.0
2022-01-14 07:00:00+01:00,1649.0
2022-01-14 08:00:00+01:00,2445.0
2022-01-14 09:00:00+01:00,2665.0
2022-01-14 10:00:00+01:00,2472.0
2022-01-14 11:00:00+01:00,2193.0
2022-01-14 12:00:00+01:00,1816.0
2022-01-14 13:00:00+01:00,1396.0
2022-01-14 14:00:00+01:00,675.0
2022-01-14 15:00:00+01:00,380.0
2022-01-14 16:00:00+01:00,906.0
2022-01-14 17:00:00+01:00,1904.0
2022-01-14 18:00:00+01:00,2166.0
2022-01-14 19:00:00+01:00,2265.0
2022-01-14 20:00:00+01:00,1882.0
2022-01-14 21:00:00+01:00,1105.0
2022-01-14 22:00:00+01:00,554.0
2022-01-14 23:00:00+01:00,619.0
2022-01-15 00:00:00+01:00,1402.0
2022-01-15 01:00:00+01:00,860.0
2022-01-15 02:00:00+01:00,682.0
2022-01-15 03:00:00+01:00,515.0
2022-01-15 04:00:00+01:00,310.0
2022-01-15 05:00:00+01:00,0.0
2022-01-15 06:00:00+01:00,148.0
2022-01-15 07:00:00+01:00,255.0
2022-01-15 08:00:00+01:00,556.0
2022-01-15 09:00:00+01:00,1385.0
2022-01-15 10:00:00+01:00,1301.0
2022-01-15 11:00:00+01:00,901.0
2022-01-15 12:00:00+01:00,1045.0
2022-01-15 13:00:00+01:00,745.0
2022-01-15 14:00:00+01:00,195.0
2022-01-15 15:00:00+01:00,0.0
2022-01-15 16:00:00+01:00,0.0
2022-01-15 17:00:00+01:00,756.0
2022-01-15 18:00:00+01:00,1731.0
2022-01-15 19:00:00+01:00,1996.0
2022-01-15 20:00:00+01:00,1426.0
2022-01-15 21:00:00+01:00,1423.0
2022-01-15 22:00:00+01:00,933.0
2022-01-15 23:00:00+01:00,859.0
2022-01-16 00:00:00+01:00,912.0
2022-01-16 01:00:00+01:00,937.0
2022-01-16 02:00:00+01:00,845.0
2022-01-16 03:00:00+01:00,410.0
2022-01-16 04:00:00+01:00,199.0
2022-01-16 05:00:00+01:00,0.0
2022-01-16 06:00:00+01:00,16.0
2022-01-16 07:00:00+01:00,242.0
2022-01-16 08:00:00+01:00,0.0
2022-01-16 09:00:00+01:00,254.0
2022-01-16 10:00:00+01:00,444.0
2022-01-16 11:00:00+01:00,70.0
2022-01-16 12:00:00+01:00,136.0
2022-01-16 13:00:00+01:00,68.0
2022-01-16 14:00:00+01:00,0.0
2022-01-16 15:00:00+01:00,0.0
2022-01-16 16:00:00+01:00,0.0
2022-01-16 17:00:00+01:00,0.0
2022-01-16 18:00:00+01:00,444.0
2022-01-16 19:00:00+01:00,794.0
2022-01-16 20:00:00+01:00,887.0
2022-01-16 21:00:00+01:00,667.0
2022-01-16 22:00:00+01:00,465.0
2022-01-16 23:00:00+01:00,406.0
2022-01-17 00:00:00+01:00,0.0
2022-01-17 01:00:00+01:00,0.0
2022-01-17 02:00:00+01:00,0.0
2022-01-17 03:00:00+01:00,0.0
2022-01-17 04:00:00+01:00,0.0
2022-01-17 05:00:00+01:00,0.0
2022-01-17 06:00:00+01:00,172.0
2022-01-17 07:00:00+01:00,1006.0
2022-01-17 08:00:00+01:00,1335.0
2022-01-17 09:00:00+01:00,1145.0
2022-01-17 10:00:00+01:00,493.0
2022-01-17 11:00:00+01:00,319.0
2022-01-17 12:00:00+01:00,613.0
2022-01-17 13:00:00+01:00,744.0
2022-01-17 14:00:00+01:00,0.0
2022-01-17 15:00:00+01:00,11.0
2022-01-17 16:00:00+01:00,86.0
2022-01-17 17:00:00+01:00,1051.0
2022-01-17 18:00:00+01:00,1370.0
2022-01-17 19:00:00+01:00,1337.0
2022-01-17 20:00:00+01:00,1112.0
2022-01-17 21:00:00+01:00,813.0
2022-01-17 22:00:00+01:00,469.0
2022-01-17 23:00:00+01:00,286.0
2022-01-18 00:00:00+01:00,0.0
2022-01-18 01:00:00+01:00,0.0
2022-01-18 02:00:00+01:00,0.0
2022-01-18 03:00:00+01:00,0.0
2022-01-18 04:00:00+01:00,0.0
2022-01-18 05:00:00+01:00,0.0
2022-01-18 06:00:00+01:00,0.0
2022-01-18 07:00:00+01:00,436.0
2022-01-18 08:00:00+01:00,935.0
2022-01-18 09:00:00+01:00,1272.0
2022-01-18 10:00:00+01:00,884.0
2022-01-18 11:00:00+01:00,571.0
2022-01-18 12:00:00+01:00,381.0
2022-01-18 13:00:00+01:00,0.0
2022-01-18 14:00:00+01:00,0.0
2022-01-18 15:00:00+01:00,0.0
2022-01-18 16:00:00+01:00,0.0
2022-01-18 17:00:00+01:00,232.0
2022-01-18 18:00:00+01:00,912.0
2022-01-18 19:00:00+01:00,595.0
2022-01-18 20:00:00+01:00,877.0
2022-01-18 21:00:00+01:00,223.0
2022-01-18 22:00:00+01:00,180.0
2022-01-18 23:00:00+01:00,0.0
2022-01-19 00:00:00+01:00,0.0
2022-01-19 01:00:00+01:00,0.0
2022-01-19 02:00:00+01:00,0.0
2022-01-19 03:00:00+01:00,0.0
2022-01-19 04:00:00+01:00,0.0
2022-01-19 05:00:00+01:00,0.0
2022-01-19 06:00:00+01:00,0.0
2022-01-19 07:00:00+01:00,894.0
2022-01-19 08:00:00+01:00,873.0
2022-01-19 09:00:00+01:00,936.0
2022-01-19 10:00:00+01:00,519.0
2022-01-19 11:00:00+01:00,500.0
2022-01-19 12:00:00+01:00,673.0
2022-01-19 13:00:00+01:00,114.0
2022-01-19 14:00:00+01:00,0.0
2022-01-19 15:00:00+01:00,0.0
2022-01-19 16:00:00+01:00,0.0
2022-01-19 17:00:00+01:00,0.0
2022-01-19 18:00:00+01:00,589.0
2022-01-19 19:00:00+01:00,201.0
2022-01-19 20:00:00+01:00,0.0
2022-01-19 21:00:00+01:00,0.0
2022-01-19 22:00:00+01:00,0.0
2022-01-19 23:00:00+01:00,0.0
2022-01-20 00:00:00+01:00,0.0
2022-01-20 01:00:00+01:00,0.0
2022-01-20 02:00:00+01:00,0.0
2022-01-20 03:00:00+01:00,0.0
2022-01-20 04:00:00+01:00,0.0
2022-01-20 05:00:00+01:00,0.0
2022-01-20 06:00:00+01:00,0.0
2022-01-20 07:00:00+01:00,385.0
2022-01-20 08:00:00+01:00,210.0
2022-01-20 09:00:00+01:00,0.0
2022-01-20 10:00:00+01:00,0.0
2022-01-20 11:00:00+01:00,0.0
2022-01-20 12:00:00+01:00,0.0
2022-01-20 13:00:00+01:00,0.0
2022-01-20 14:00:00+01:00,0.0
2022-01-20 15:00:00+01:00,0.0
2022-01-20 16:00:00+01:00,0.0
2022-01-20 17:00:00+01:00,265.0
2022-01-20 18:00:00+01:00,1019.0
2022-01-20 19:00:00+01:00,906.0
2022-01-20 20:00:00+01:00,339.0
2022-01-20 21:00:00+01:00,0.0
2022-01-20 22:00:00+01:00,0.0
2022-01-20 23:00:00+01:00,0.0
2022-01-21 00:00:00+01:00,0.0
2022-01-21 01:00:00+01:00,0.0
2022-01-21 02:00:00+01:00,0.0
2022-01-21 03:00:00+01:00,0.0
2022-01-21 04:00:00+01:00,0.0
2022-01-21 05:00:00+01:00,0.0
2022-01-21 06:00:00+01:00,158.0
2022-01-21 07:00:00+01:00,1230.0
2022-01-21 08:00:00+01:00,1464.0
2022-01-21 09:00:00+01:00,1399.0
2022-01-21 10:00:00+01:00,1252.0
2022-01-21 11:00:00+01:00,837.0
2022-01-21 12:00:00+01:00,750.0
2022-01-21 13:00:00+01:00,0.0
2022-01-21 14:00:00+01:00,0.0
2022-01-21 15:00:00+01:00,0.0
2022-01-21 16:00:00+01:00,0.0
2022-01-21 17:00:00+01:00,615.0
2022-01-21 18:00:00+01:00,1055.0
2022-01-21 19:00:00+01:00,1245.0
2022-01-21 20:00:00+01:00,600.0
2022-01-21 21:00:00+01:00,91.0
2022-01-21 22:00:00+01:00,640.0
2022-01-21 23:00:00+01:00,194.0
2022-01-22 00:00:00+01:00,0.0
2022-01-22 01:00:00+01:00,0.0
2022-01-22 02:00:00+01:00,0.0
2022-01-22 03:00:00+01:00,0.0
2022-01-22 04:00:00+01:00,0.0
2022-01-22 05:00:00+01:00,0.0
2022-01-22 06:00:00+01:00,0.0
2022-01-22 07:00:00+01:00,0.0
2022-01-22 08:00:00+01:00,191.0
2022-01-22 09:00:00+01:00,659.0
2022-01-22 10:00:00+01:00,654.0
2022-01-22 11:00:00+01:00,511.0
2022-01-22 12:00:00+01:00,316.0
2022-01-22 13:00:00+01:00,0.0
2022-01-22 14:00:00+01:00,0.0
2022-01-22 15:00:00+01:00,0.0
2022-01-22 16:00:00+01:00,0.0
2022-01-22 17:00:00+01:00,0.0
2022-01-22 18:00:00+01:00,848.0
2022-01-22 19:00:00+01:00,561.0
2022-01-22 20:00:00+01:00,855.0
2022-01-22 21:00:00+01:00,448.0
2022-01-22 22:00:00+01:00,468.0
2022-01-22 23:00:00+01:00,520.0
2022-01-23 00:00:00+01:00,596.0
2022-01-23 01:00:00+01:00,98.0
2022-01-23 02:00:00+01:00,0.0
2022-01-23 03:00:00+01:00,0.0
2022-01-23 04:00:00+01:00,0.0
2022-01-23 05:00:00+01:00,0.0
2022-01-23 06:00:00+01:00,0.0
2022-01-23 07:00:00+01:00,26.0
2022-01-23 08:00:00+01:00,116.0
2022-01-23 09:00:00+01:00,78.0
2022-01-23 10:00:00+01:00,0.0
2022-01-23 11:00:00+01:00,0.0
2022-01-23 12:00:00+01:00,0.0
2022-01-23 13:00:00+01:00,0.0
2022-01-23 14:00:00+01:00,0.0
2022-01-23 15:00:00+01:00,0.0
2022-01-23 16:00:00+01:00,0.0
2022-01-23 17:00:00+01:00,0.0
2022-01-23 18:00:00+01:00,467.0
2022-01-23 19:00:00+01:00,1194.0
2022-01-23 20:00:00+01:00,824.0
2022-01-23 21:00:00+01:00,0.0
2022-01-23 22:00:00+01:00,27.0
2022-01-23 23:00:00+01:00,0.0
2022-01-24 00:00:00+01:00,205.0
2022-01-24 01:00:00+01:00,345.0
2022-01-24 02:00:00+01:00,104.0
2022-01-24 03:00:00+01:00,0.0
2022-01-24 04:00:00+01:00,0.0
2022-01-24 05:00:00+01:00,0.0
2022-01-24 06:00:00+01:00,0.0
2022-01-24 07:00:00+01:00,611.0
2022-01-24 08:00:00+01:00,1015.0
2022-01-24 09:00:00+01:00,1259.0
2022-01-24 10:00:00+01:00,1041.0
2022-01-24 11:00:00+01:00,953.0
2022-01-24 12:00:00+01:00,1024.0
2022-01-24 13:00:00+01:00,469.0
2022-01-24 14:00:00+01:00,204.0
2022-01-24 15:00:00+01:00,0.0
2022-01-24 16:00:00+01:00,559.0
2022-01-24 17:00:00+01:00,1135.0
2022-01-24 18:00:00+01:00,2079.0
2022-01-24 19:00:00+01:00,1999.0
2022-01-24 20:00:00+01:00,1365.0
2022-01-24 21:00:00+01:00,1223.0
2022-01-24 22:00:00+01:00,1280.0
2022-01-24 23:00:00+01:00,1117.0
2022-01-25 00:00:00+01:00,856.0
2022-01-25 01:00:00+01:00,327.0
2022-01-25 02:00:00+01:00,10.0
2022-01-25 03:00:00+01:00,0.0
2022-01-25 04:00:00+01:00,0.0
2022-01-25 05:00:00+01:00,0.0
2022-01-25 06:00:00+01:00,1404.0
2022-01-25 07:00:00+01:00,1426.0
2022-01-25 08:00:00+01:00,1869.0
2022-01-25 09:00:00+01:00,1636.0
2022-01-25 10:00:00+01:00,1531.0
2022-01-25 11:00:00+01:00,1458.0
2022-01-25 12:00:00+01:00,1769.0
2022-01-25 13:00:00+01:00,1181.0
2022-01-25 14:00:00+01:00,987.0
2022-01-25 15:00:00+01:00,735.0
2022-01-25 16:00:00+01:00,635.0
2022-01-25 17:00:00+01:00,1476.0
2022-01-25 18:00:00+01:00,2488.0
2022-01-25 19:00:00+01:00,2190.0
2022-01-25 20:00:00+01:00,1881.0
2022-01-25 21:00:00+01:00,1332.0
2022-01-25 22:00:00+01:00,1029.0
2022-01-25 23:00:00+01:00,480.0
2022-01-26 00:00:00+01:00,715.0
2022-01-26 01:00:00+01:00,662.0
2022-01-26 02:00:00+01:00,284.0
2022-01-26 03:00:00+01:00,0.0
2022-01-26 04:00:00+01:00,0.0
2022-01-26 05:00:00+01:00,138.0
2022-01-26 06:00:00+01:00,1185.0
2022-01-26 07:00:00+01:00,1317.0
2022-01-26 08:00:00+01:00,1404.0
2022-01-26 09:00:00+01:00,981.0
2022-01-26 10:00:00+01:00,1316.0
2022-01-26 11:00:00+01:00,1549.0
2022-01-26 12:00:00+01:00,1747.0
2022-01-26 13:00:00+01:00,1085.0
2022-01-26 14:00:00+01:00,648.0
2022-01-26 15:00:00+01:00,684.0
2022-01-26 16:00:00+01:00,465.0
2022-01-26 17:00:00+01:00,666.0
2022-01-26 18:00:00+01:00,1276.0
2022-01-26 19:00:00+01:00,1274.0
2022-01-26 20:00:00+01:00,1151.0
2022-01-26 21:00:00+01:00,831.0
2022-01-26 22:00:00+01:00,422.0
2022-01-26 23:00:00+01:00,687.0
2022-01-27 00:00:00+01:00,0.0
2022-01-27 01:00:00+01:00,0.0
2022-01-27 02:00:00+01:00,0.0
2022-01-27 03:00:00+01:00,0.0
2022-01-27 04:00:00+01:00,0.0
2022-01-27 05:00:00+01:00,0.0
2022-01-27 06:00:00+01:00,636.0
2022-01-27 07:00:00+01:00,923.0
2022-01-27 08:00:00+01:00,682.0
2022-01-27 09:00:00+01:00,578.0
2022-01-27 10:00:00+01:00,621.0
2022-01-27 11:00:00+01:00,643.0
2022-01-27 12:00:00+01:00,629.0
2022-01-27 13:00:00+01:00,149.0
2022-01-27 14:00:00+01:00,0.0
2022-01-27 15:00:00+01:00,0.0
2022-01-27 16:00:00+01:00,0.0
2022-01-27 17:00:00+01:00,109.0
2022-01-27 18:00:00+01:00,461.0
2022-01-27 19:00:00+01:00,648.0
2022-01-27 20:00:00+01:00,258.0
2022-01-27 21:00:00+01:00,0.0
2022-01-27 22:00:00+01:00,0.0
2022-01-27 23:00:00+01:00,0.0
2022-01-28 00:00:00+01:00,0.0
2022-01-28 01:00:00+01:00,0.0
2022-01-28 02:00:00+01:00,0.0
2022-01-28 03:00:00+01:00,0.0
2022-01-28 04:00:00+01:00,0.0
2022-01-28 05:00:00+01:00,0.0
2022-01-28 06:00:00+01:00,578.0
2022-01-28 07:00:00+01:00,1078.0
2022-01-28 08:00:00+01:00,1165.0
2022-01-28 09:00:00+01:00,1448.0
2022-01-28 10:00:00+01:00,1268.0
2022-01-28 11:00:00+01:00,1397.0
2022-01-28 12:00:00+01:00,1574.0
2022-01-28 13:00:00+01:00,117.0
2022-01-28 14:00:00+01:00,0.0
2022-01-28 15:00:00+01:00,0.0
2022-01-28 16:00:00+01:00,0.0
2022-01-28 17:00:00+01:00,0.0
2022-01-28 18:00:00+01:00,763.0
2022-01-28 19:00:00+01:00,334.0
2022-01-28 20:00:00+01:00,198.0
2022-01-28 21:00:00+01:00,0.0
2022-01-28 22:00:00+01:00,0.0
2022-01-28 23:00:00+01:00,0.0
2022-01-29 00:00:00+01:00,0.0
2022-01-29 01:00:00+01:00,0.0
2022-01-29 02:00:00+01:00,0.0
2022-01-29 03:00:00+01:00,0.0
2022-01-29 04:00:00+01:00,0.0
2022-01-29 05:00:00+01:00,0.0
2022-01-29 06:00:00+01:00,0.0
2022-01-29 07:00:00+01:00,0.0
2022-01-29 08:00:00+01:00,0.0
2022-01-29 09:00:00+01:00,0.0
2022-01-29 10:00:00+01:00,0.0
2022-01-29 11:00:00+01:00,0.0
2022-01-29 12:00:00+01:00,0.0
2022-01-29 13:00:00+01:00,0.0
2022-01-29 14:00:00+01:00,0.0
2022-01-29 15:00:00+01:00,0.0
2022-01-29 16:00:00+01:00,0.0
2022-01-29 17:00:00+01:00,0.0
2022-01-29 18:00:00+01:00,0.0
2022-01-29 19:00:00+01:00,0.0
2022-01-29 20:00:00+01:00,0.0
2022-01-29 21:00:00+01:00,0.0
2022-01-29 22:00:00+01:00,0.0
2022-01-29 23:00:00+01:00,0.0
2022-01-30 00:00:00+01:00,0.0
2022-01-30 01:00:00+01:00,0.0
2022-01-30 02:00:00+01:00,0.0
2022-01-30 03:00:00+01:00,0.0
2022-01-30 04:00:00+01:00,0.0
2022-01-30 05:00:00+01:00,0.0
2022-01-30 06:00:00+01:00,0.0
2022-01-30 07:00:00+01:00,0.0
2022-01-30 08:00:00+01:00,0.0
2022-01-30 09:00:00+01:00,0.0
2022-01-30 10:00:00+01:00,0.0
2022-01-30 11:00:00+01:00,0.0
2022-01-30 12:00:00+01:00,1.0
2022-01-30 13:00:00+01:00,0.0
2022-01-30 14:00:00+01:00,0.0
2022-01-30 15:00:00+01:00,0.0
2022-01-30 16:00:00+01:00,0.0
2022-01-30 17:00:00+01:00,0.0
2022-01-30 18:00:00+01:00,690.0
2022-01-30 19:00:00+01:00,855.0
2022-01-30 20:00:00+01:00,450.0
2022-01-30 21:00:00+01:00,124.0
2022-01-30 22:00:00+01:00,0.0
2022-01-30 23:00:00+01:00,0.0
2022-01-31 00:00:00+01:00,0.0
2022-01-31 01:00:00+01:00,0.0
2022-01-31 02:00:00+01:00,0.0
2022-01-31 03:00:00+01:00,0.0
2022-01-31 04:00:00+01:00,0.0
2022-01-31 05:00:00+01:00,0.0
2022-01-31 06:00:00+01:00,0.0
2022-01-31 07:00:00+01:00,0.0
2022-01-31 08:00:00+01:00,253.0
2022-01-31 09:00:00+01:00,0.0
2022-01-31 10:00:00+01:00,0.0
2022-01-31 11:00:00+01:00,0.0
2022-01-31 12:00:00+01:00,0.0
2022-01-31 13:00:00+01:00,0.0
2022-01-31 14:00:00+01:00,0.0
2022-01-31 15:00:00+01:00,0.0
2022-01-31 16:00:00+01:00,0.0
2022-01-31 17:00:00+01:00,0.0
2022-01-31 18:00:00+01:00,117.0
2022-01-31 19:00:00+01:00,0.0
2022-01-31 20:00:00+01:00,0.0
2022-01-31 21:00:00+01:00,0.0
2022-01-31 22:00:00+01:00,0.0
2022-01-31 23:00:00+01:00,0.0
2022-02-01 00:00:00+01:00,0.0
2022-02-01 01:00:00+01:00,0.0
2022-02-01 02:00:00+01:00,0.0
2022-02-01 03:00:00+01:00,0.0
2022-02-01 04:00:00+01:00,0.0
2022-02-01 05:00:00+01:00,0.0
2022-02-01 06:00:00+01:00,0.0
2022-02-01 07:00:00+01:00,198.0
2022-02-01 08:00:00+01:00,383.0
2022-02-01 09:00:00+01:00,47.0
2022-02-01 10:00:00+01:00,0.0
2022-02-01 11:00:00+01:00,0.0
2022-02-01 12:00:00+01:00,0.0
2022-02-01 13:00:00+01:00,0.0
2022-02-01 14:00:00+01:00,0.0
2022-02-01 15:00:00+01:00,0.0
2022-02-01 16:00:00+01:00,0.0
2022-02-01 17:00:00+01:00,0.0
2022-02-01 18:00:00+01:00,182.0
2022-02-01 19:00:00+01:00,122.0
2022-02-01 20:00:00+01:00,0.0
2022-02-01 21:00:00+01:00,0.0
2022-02-01 22:00:00+01:00,0.0
2022-02-01 23:00:00+01:00,0.0
2022-02-02 00:00:00+01:00,0.0
2022-02-02 01:00:00+01:00,0.0
2022-02-02 02:00:00+01:00,0.0
2022-02-02 03:00:00+01:00,0.0
2022-02-02 04:00:00+01:00,0.0
2022-02-02 05:00:00+01:00,0.0
2022-02-02 06:00:00+01:00,0.0
2022-02-02 07:00:00+01:00,0.0
2022-02-02 08:00:00+01:00,0.0
2022-02-02 09:00:00+01:00,0.0
2022-02-02 10:00:00+01:00,0.0
2022-02-02 11:00:00+01:00,0.0
2022-02-02 12:00:00+01:00,0.0
2022-02-02 13:00:00+01:00,0.0
2022-02-02 14:00:00+01:00,0.0
2022-02-02 15:00:00+01:00,0.0
2022-02-02 16:00:00+01:00,0.0
2022-02-02 17:00:00+01:00,0.0
2022-02-02 18:00:00+01:00,207.0
2022-02-02 19:00:00+01:00,706.0
2022-02-02 20:00:00+01:00,0.0
2022-02-02 21:00:00+01:00,0.0
2022-02-02 22:00:00+01:00,0.0
2022-02-02 23:00:00+01:00,0.0
2022-02-03 00:00:00+01:00,0.0
2022-02-03 01:00:00+01:00,0.0
2022-02-03 02:00:00+01:00,0.0
2022-02-03 03:00:00+01:00,0.0
2022-02-03 04:00:00+01:00,0.0
2022-02-03 05:00:00+01:00,0.0
2022-02-03 06:00:00+01:00,0.0
2022-02-03 07:00:00+01:00,0.0
2022-02-03 08:00:00+01:00,0.0
2022-02-03 09:00:00+01:00,0.0
2022-02-03 10:00:00+01:00,0.0
2022-02-03 11:00:00+01:00,0.0
2022-02-03 12:00:00+01:00,0.0
2022-02-03 13:00:00+01:00,0.0
2022-02-03 14:00:00+01:00,0.0
2022-02-03 15:00:00+01:00,0.0
2022-02-03 16:00:00+01:00,0.0
2022-02-03 17:00:00+01:00,0.0
2022-02-03 18:00:00+01:00,0.0
2022-02-03 19:00:00+01:00,0.0
2022-02-03 20:00:00+01:00,0.0
2022-02-03 21:00:00+01:00,0.0
2022-02-03 22:00:00+01:00,0.0
2022-02-03 23:00:00+01:00,0.0
2022-02-04 00:00:00+01:00,0.0
2022-02-04 01:00:00+01:00,0.0
2022-02-04 02:00:00+01:00,0.0
2022-02-04 03:00:00+01:00,0.0
2022-02-04 04:00:00+01:00,0.0
2022-02-04 05:00:00+01:00,0.0
2022-02-04 06:00:00+01:00,0.0
2022-02-04 07:00:00+01:00,0.0
2022-02-04 08:00:00+01:00,0.0
2022-02-04 09:00:00+01:00,0.0
2022-02-04 10:00:00+01:00,0.0
2022-02-04 11:00:00+01:00,0.0
2022-02-04 12:00:00+01:00,0.0
2022-02-04 13:00:00+01:00,0.0
2022-02-04 14:00:00+01:00,0.0
2022-02-04 15:00:00+01:00,0.0
2022-02-04 16:00:00+01:00,0.0
2022-02-04 17:00:00+01:00,0.0
2022-02-04 18:00:00+01:00,0.0
2022-02-04 19:00:00+01:00,0.0
2022-02-04 20:00:00+01:00,0.0
2022-02-04 21:00:00+01:00,0.0
2022-02-04 22:00:00+01:00,0.0
2022-02-04 23:00:00+01:00,0.0
2022-02-05 00:00:00+01:00,0.0
2022-02-05 01:00:00+01:00,0.0
2022-02-05 02:00:00+01:00,0.0
2022-02-05 03:00:00+01:00,0.0
2022-02-05 04:00:00+01:00,0.0
2022-02-05 05:00:00+01:00,0.0
2022-02-05 06:00:00+01:00,0.0
2022-02-05 07:00:00+01:00,0.0
2022-02-05 08:00:00+01:00,159.0
2022-02-05 09:00:00+01:00,601.0
2022-02-05 10:00:00+01:00,0.0
2022-02-05 11:00:00+01:00,0.0
2022-02-05 12:00:00+01:00,0.0
2022-02-05 13:00:00+01:00,0.0
2022-02-05 14:00:00+01:00,0.0
2022-02-05 15:00:00+01:00,0.0
2022-02-05 16:00:00+01:00,0.0
2022-02-05 17:00:00+01:00,0.0
2022-02-05 18:00:00+01:00,0.0
2022-02-05 19:00:00+01:00,0.0
2022-02-05 20:00:00+01:00,0.0
2022-02-05 21:00:00+01:00,0.0
2022-02-05 22:00:00+01:00,0.0
2022-02-05 23:00:00+01:00,0.0
2022-02-06 00:00:00+01:00,0.0
2022-02-06 01:00:00+01:00,0.0
2022-02-06 02:00:00+01:00,0.0
2022-02-06 03:00:00+01:00,0.0
2022-02-06 04:00:00+01:00,0.0
2022-02-06 05:00:00+01:00,0.0
2022-02-06 06:00:00+01:00,0.0
2022-02-06 07:00:00+01:00,0.0
2022-02-06 08:00:00+01:00,0.0
2022-02-06 09:00:00+01:00,0.0
2022-02-06 10:00:00+01:00,0.0
2022-02-06 11:00:00+01:00,0.0
2022-02-06 12:00:00+01:00,0.0
2022-02-06 13:00:00+01:00,0.0
2022-02-06 14:00:00+01:00,0.0
2022-02-06 15:00:00+01:00,0.0
2022-02-06 16:00:00+01:00,0.0
2022-02-06 17:00:00+01:00,0.0
2022-02-06 18:00:00+01:00,0.0
2022-02-06 19:00:00+01:00,0.0
2022-02-06 20:00:00+01:00,0.0
2022-02-06 21:00:00+01:00,0.0
2022-02-06 22:00:00+01:00,0.0
2022-02-06 23:00:00+01:00,0.0
2022-02-07 00:00:00+01:00,0.0
2022-02-07 01:00:00+01:00,0.0
2022-02-07 02:00:00+01:00,0.0
2022-02-07 03:00:00+01:00,0.0
2022-02-07 04:00:00+01:00,0.0
2022-02-07 05:00:00+01:00,0.0
2022-02-07 06:00:00+01:00,0.0
2022-02-07 07:00:00+01:00,623.0
2022-02-07 08:00:00+01:00,1286.0
2022-02-07 09:00:00+01:00,743.0
2022-02-07 10:00:00+01:00,0.0
2022-02-07 11:00:00+01:00,0.0
2022-02-07 12:00:00+01:00,0.0
2022-02-07 13:00:00+01:00,0.0
2022-02-07 14:00:00+01:00,0.0
2022-02-07 15:00:00+01:00,0.0
2022-02-07 16:00:00+01:00,0.0
2022-02-07 17:00:00+01:00,0.0
2022-02-07 18:00:00+01:00,523.0
2022-02-07 19:00:00+01:00,986.0
2022-02-07 20:00:00+01:00,41.0
2022-02-07 21:00:00+01:00,0.0
2022-02-07 22:00:00+01:00,0.0
2022-02-07 23:00:00+01:00,0.0
2022-02-08 00:00:00+01:00,0.0
2022-02-08 01:00:00+01:00,0.0
2022-02-08 02:00:00+01:00,0.0
2022-02-08 03:00:00+01:00,0.0
2022-02-08 04:00:00+01:00,0.0
2022-02-08 05:00:00+01:00,0.0
2022-02-08 06:00:00+01:00,0.0
2022-02-08 07:00:00+01:00,0.0
2022-02-08 08:00:00+01:00,0.0
2022-02-08 09:00:00+01:00,0.0
2022-02-08 10:00:00+01:00,0.0
2022-02-08 11:00:00+01:00,0.0
2022-02-08 12:00:00+01:00,0.0
2022-02-08 13:00:00+01:00,0.0
2022-02-08 14:00:00+01:00,0.0
2022-02-08 15:00:00+01:00,0.0
2022-02-08 16:00:00+01:00,0.0
2022-02-08 17:00:00+01:00,0.0
2022-02-08 18:00:00+01:00,958.0
2022-02-08 19:00:00+01:00,985.0
2022-02-08 20:00:00+01:00,342.0
2022-02-08 21:00:00+01:00,0.0
2022-02-08 22:00:00+01:00,0.0
2022-02-08 23:00:00+01:00,0.0
2022-02-09 00:00:00+01:00,0.0
2022-02-09 01:00:00+01:00,0.0
2022-02-09 02:00:00+01:00,0.0
2022-02-09 03:00:00+01:00,0.0
2022-02-09 04:00:00+01:00,0.0
2022-02-09 05:00:00+01:00,0.0
2022-02-09 06:00:00+01:00,0.0
2022-02-09 07:00:00+01:00,0.0
2022-02-09 08:00:00+01:00,97.0
2022-02-09 09:00:00+01:00,172.0
2022-02-09 10:00:00+01:00,0.0
2022-02-09 11:00:00+01:00,0.0
2022-02-09 12:00:00+01:00,0.0
2022-02-09 13:00:00+01:00,0.0
2022-02-09 14:00:00+01:00,0.0
2022-02-09 15:00:00+01:00,0.0
2022-02-09 16:00:00+01:00,0.0
2022-02-09 17:00:00+01:00,0.0
2022-02-09 18:00:00+01:00,79.0
2022-02-09 19:00:00+01:00,601.0
2022-02-09 20:00:00+01:00,496.0
2022-02-09 21:00:00+01:00,0.0
2022-02-09 22:00:00+01:00,0.0
2022-02-09 23:00:00+01:00,0.0
2022-02-10 00:00:00+01:00,0.0
2022-02-10 01:00:00+01:00,0.0
2022-02-10 02:00:00+01:00,0.0
2022-02-10 03:00:00+01:00,0.0
2022-02-10 04:00:00+01:00,0.0
2022-02-10 05:00:00+01:00,0.0
2022-02-10 06:00:00+01:00,0.0
2022-02-10 07:00:00+01:00,0.0
2022-02-10 08:00:00+01:00,0.0
2022-02-10 09:00:00+01:00,272.0
2022-02-10 10:00:00+01:00,0.0
2022-02-10 11:00:00+01:00,0.0
2022-02-10 12:00:00+01:00,0.0
2022-02-10 13:00:00+01:00,0.0
2022-02-10 14:00:00+01:00,0.0
2022-02-10 15:00:00+01:00,0.0
2022-02-10 16:00:00+01:00,0.0
2022-02-10 17:00:00+01:00,0.0
2022-02-10 18:00:00+01:00,0.0
2022-02-10 19:00:00+01:00,81.0
2022-02-10 20:00:00+01:00,251.0
2022-02-10 21:00:00+01:00,0.0
2022-02-10 22:00:00+01:00,0.0
2022-02-10 23:00:00+01:00,0.0
2022-02-11 00:00:00+01:00,0.0
2022-02-11 01:00:00+01:00,0.0
2022-02-11 02:00:00+01:00,0.0
2022-02-11 03:00:00+01:00,0.0
2022-02-11 04:00:00+01:00,0.0
2022-02-11 05:00:00+01:00,0.0
2022-02-11 06:00:00+01:00,0.0
2022-02-11 07:00:00+01:00,0.0
2022-02-11 08:00:00+01:00,0.0
2022-02-11 09:00:00+01:00,0.0
2022-02-11 10:00:00+01:00,0.0
2022-02-11 11:00:00+01:00,0.0
2022-02-11 12:00:00+01:00,0.0
2022-02-11 13:00:00+01:00,0.0
2022-02-11 14:00:00+01:00,0.0
2022-02-11 15:00:00+01:00,0.0
2022-02-11 16:00:00+01:00,0.0
2022-02-11 17:00:00+01:00,0.0
2022-02-11 18:00:00+01:00,0.0
2022-02-11 19:00:00+01:00,20.0
2022-02-11 20:00:00+01:00,408.0
2022-02-11 21:00:00+01:00,0.0
2022-02-11 22:00:00+01:00,0.0
2022-02-11 23:00:00+01:00,0.0
2022-02-12 00:00:00+01:00,0.0
2022-02-12 01:00:00+01:00,0.0
2022-02-12 02:00:00+01:00,0.0
2022-02-12 03:00:00+01:00,0.0
2022-02-12 04:00:00+01:00,0.0
2022-02-12 05:00:00+01:00,0.0
2022-02-12 06:00:00+01:00,0.0
2022-02-12 07:00:00+01:00,0.0
2022-02-12 08:00:00+01:00,0.0
2022-02-12 09:00:00+01:00,0.0
2022-02-12 10:00:00+01:00,51.0
2022-02-12 11:00:00+01:00,0.0
2022-02-12 12:00:00+01:00,0.0
2022-02-12 13:00:00+01:00,0.0
2022-02-12 14:00:00+01:00,0.0
2022-02-12 15:00:00+01:00,0.0
2022-02-12 16:00:00+01:00,0.0
2022-02-12 17:00:00+01:00,0.0
2022-02-12 18:00:00+01:00,0.0
2022-02-12 19:00:00+01:00,0.0
2022-02-12 20:00:00+01:00,0.0
2022-02-12 21:00:00+01:00,0.0
2022-02-12 22:00:00+01:00,0.0
2022-02-12 23:00:00+01:00,0.0
2022-02-13 00:00:00+01:00,0.0
2022-02-13 01:00:00+01:00,0.0
2022-02-13 02:00:00+01:00,0.0
2022-02-13 03:00:00+01:00,0.0
2022-02-13 04:00:00+01:00,0.0
2022-02-13 05:00:00+01:00,0.0
2022-02-13 06:00:00+01:00,0.0
2022-02-13 07:00:00+01:00,0.0
2022-02-13 08:00:00+01:00,0.0
2022-02-13 09:00:00+01:00,0.0
2022-02-13 10:00:00+01:00,0.0
2022-02-13 11:00:00+01:00,0.0
2022-02-13 12:00:00+01:00,0.0
2022-02-13 13:00:00+01:00,0.0
2022-02-13 14:00:00+01:00,0.0
2022-02-13 15:00:00+01:00,0.0
2022-02-13 16:00:00+01:00,0.0
2022-02-13 17:00:00+01:00,0.0
2022-02-13 18:00:00+01:00,0.0
2022-02-13 19:00:00+01:00,0.0
2022-02-13 20:00:00+01:00,0.0
2022-02-13 21:00:00+01:00,0.0
2022-02-13 22:00:00+01:00,0.0
2022-02-13 23:00:00+01:00,0.0
2022-02-14 00:00:00+01:00,0.0
2022-02-14 01:00:00+01:00,0.0
2022-02-14 02:00:00+01:00,0.0
2022-02-14 03:00:00+01:00,0.0
2022-02-14 04:00:00+01:00,0.0
2022-02-14 05:00:00+01:00,0.0
2022-02-14 06:00:00+01:00,0.0
2022-02-14 07:00:00+01:00,0.0
2022-02-14 08:00:00+01:00,0.0
2022-02-14 09:00:00+01:00,0.0
2022-02-14 10:00:00+01:00,0.0
2022-02-14 11:00:00+01:00,0.0
2022-02-14 12:00:00+01:00,0.0
2022-02-14 13:00:00+01:00,0.0
2022-02-14 14:00:00+01:00,0.0
2022-02-14 15:00:00+01:00,0.0
2022-02-14 16:00:00+01:00,0.0
2022-02-14 17:00:00+01:00,0.0
2022-02-14 18:00:00+01:00,0.0
2022-02-14 19:00:00+01:00,0.0
2022-02-14 20:00:00+01:00,0.0
2022-02-14 21:00:00+01:00,0.0
2022-02-14 22:00:00+01:00,0.0
2022-02-14 23:00:00+01:00,0.0
2022-02-15 00:00:00+01:00,0.0
2022-02-15 01:00:00+01:00,0.0
2022-02-15 02:00:00+01:00,0.0
2022-02-15 03:00:00+01:00,0.0
2022-02-15 04:00:00+01:00,0.0
2022-02-15 05:00:00+01:00,0.0
2022-02-15 06:00:00+01:00,0.0
2022-02-15 07:00:00+01:00,0.0
2022-02-15 08:00:00+01:00,0.0
2022-02-15 09:00:00+01:00,0.0
2022-02-15 10:00:00+01:00,0.0
2022-02-15 11:00:00+01:00,0.0
2022-02-15 12:00:00+01:00,0.0
2022-02-15 13:00:00+01:00,0.0
2022-02-15 14:00:00+01:00,0.0
2022-02-15 15:00:00+01:00,0.0
2022-02-15 16:00:00+01:00,0.0
2022-02-15 17:00:00+01:00,0.0
2022-02-15 18:00:00+01:00,0.0
2022-02-15 19:00:00+01:00,0.0
2022-02-15 20:00:00+01:00,0.0
2022-02-15 21:00:00+01:00,0.0
2022-02-15 22:00:00+01:00,0.0
2022-02-15 23:00:00+01:00,0.0
2022-02-16 00:00:00+01:00,0.0
2022-02-16 01:00:00+01:00,0.0
2022-02-16 02:00:00+01:00,0.0
2022-02-16 03:00:00+01:00,0.0
2022-02-16 04:00:00+01:00,0.0
2022-02-16 05:00:00+01:00,0.0
2022-02-16 06:00:00+01:00,0.0
2022-02-16 07:00:00+01:00,0.0
2022-02-16 08:00:00+01:00,0.0
2022-02-16 09:00:00+01:00,199.0
2022-02-16 10:00:00+01:00,0.0
2022-02-16 11:00:00+01:00,78.0
2022-02-16 12:00:00+01:00,0.0
2022-02-16 13:00:00+01:00,0.0
2022-02-16 14:00:00+01:00,0.0
2022-02-16 15:00:00+01:00,0.0
2022-02-16 16:00:00+01:00,0.0
2022-02-16 17:00:00+01:00,0.0
2022-02-16 18:00:00+01:00,0.0
2022-02-16 19:00:00+01:00,0.0
2022-02-16 20:00:00+01:00,0.0
2022-02-16 21:00:00+01:00,0.0
2022-02-16 22:00:00+01:00,0.0
2022-02-16 23:00:00+01:00,0.0
2022-02-17 00:00:00+01:00,0.0
2022-02-17 01:00:00+01:00,0.0
2022-02-17 02:00:00+01:00,0.0
2022-02-17 03:00:00+01:00,0.0
2022-02-17 04:00:00+01:00,0.0
2022-02-17 05:00:00+01:00,0.0
2022-02-17 06:00:00+01:00,0.0
2022-02-17 07:00:00+01:00,0.0
2022-02-17 08:00:00+01:00,0.0
2022-02-17 09:00:00+01:00,0.0
2022-02-17 10:00:00+01:00,0.0
2022-02-17 11:00:00+01:00,0.0
2022-02-17 12:00:00+01:00,0.0
2022-02-17 13:00:00+01:00,0.0
2022-02-17 14:00:00+01:00,0.0
2022-02-17 15:00:00+01:00,0.0
2022-02-17 16:00:00+01:00,0.0
2022-02-17 17:00:00+01:00,0.0
2022-02-17 18:00:00+01:00,0.0
2022-02-17 19:00:00+01:00,0.0
2022-02-17 20:00:00+01:00,0.0
2022-02-17 21:00:00+01:00,0.0
2022-02-17 22:00:00+01:00,0.0
2022-02-17 23:00:00+01:00,0.0
2022-02-18 00:00:00+01:00,0.0
2022-02-18 01:00:00+01:00,0.0
2022-02-18 02:00:00+01:00,0.0
2022-02-18 03:00:00+01:00,0.0
2022-02-18 04:00:00+01:00,0.0
2022-02-18 05:00:00+01:00,0.0
2022-02-18 06:00:00+01:00,0.0
2022-02-18 07:00:00+01:00,0.0
2022-02-18 08:00:00+01:00,0.0
2022-02-18 09:00:00+01:00,0.0
2022-02-18 10:00:00+01:00,0.0
2022-02-18 11:00:00+01:00,0.0
2022-02-18 12:00:00+01:00,0.0
2022-02-18 13:00:00+01:00,0.0
2022-02-18 14:00:00+01:00,0.0
2022-02-18 15:00:00+01:00,0.0
2022-02-18 16:00:00+01:00,0.0
2022-02-18 17:00:00+01:00,0.0
2022-02-18 18:00:00+01:00,0.0
2022-02-18 19:00:00+01:00,0.0
2022-02-18 20:00:00+01:00,0.0
2022-02-18 21:00:00+01:00,0.0
2022-02-18 22:00:00+01:00,0.0
2022-02-18 23:00:00+01:00,0.0
2022-02-19 00:00:00+01:00,0.0
2022-02-19 01:00:00+01:00,0.0
2022-02-19 02:00:00+01:00,0.0
2022-02-19 03:00:00+01:00,0.0
2022-02-19 04:00:00+01:00,0.0
2022-02-19 05:00:00+01:00,0.0
2022-02-19 06:00:00+01:00,0.0
2022-02-19 07:00:00+01:00,0.0
2022-02-19 08:00:00+01:00,0.0
2022-02-19 09:00:00+01:00,0.0
2022-02-19 10:00:00+01:00,0.0
2022-02-19 11:00:00+01:00,0.0
2022-02-19 12:00:00+01:00,0.0
2022-02-19 13:00:00+01:00,0.0
2022-02-19 14:00:00+01:00,0.0
2022-02-19 15:00:00+01:00,0.0
2022-02-19 16:00:00+01:00,0.0
2022-02-19 17:00:00+01:00,0.0
2022-02-19 18:00:00+01:00,0.0
2022-02-19 19:00:00+01:00,0.0
2022-02-19 20:00:00+01:00,0.0
2022-02-19 21:00:00+01:00,0.0
2022-02-19 22:00:00+01:00,0.0
2022-02-19 23:00:00+01:00,0.0
2022-02-20 00:00:00+01:00,0.0
2022-02-20 01:00:00+01:00,0.0
2022-02-20 02:00:00+01:00,0.0
2022-02-20 03:00:00+01:00,0.0
2022-02-20 04:00:00+01:00,0.0
2022-02-20 05:00:00+01:00,0.0
2022-02-20 06:00:00+01:00,0.0
2022-02-20 07:00:00+01:00,0.0
2022-02-20 08:00:00+01:00,0.0
2022-02-20 09:00:00+01:00,0.0
2022-02-20 10:00:00+01:00,0.0
2022-02-20 11:00:00+01:00,0.0
2022-02-20 12:00:00+01:00,0.0
2022-02-20 13:00:00+01:00,0.0
2022-02-20 14:00:00+01:00,0.0
2022-02-20 15:00:00+01:00,0.0
2022-02-20 16:00:00+01:00,0.0
2022-02-20 17:00:00+01:00,0.0
2022-02-20 18:00:00+01:00,0.0
2022-02-20 19:00:00+01:00,0.0
2022-02-20 20:00:00+01:00,0.0
2022-02-20 21:00:00+01:00,0.0
2022-02-20 22:00:00+01:00,0.0
2022-02-20 23:00:00+01:00,0.0
2022-02-21 00:00:00+01:00,0.0
2022-02-21 01:00:00+01:00,0.0
2022-02-21 02:00:00+01:00,0.0
2022-02-21 03:00:00+01:00,0.0
2022-02-21 04:00:00+01:00,0.0
2022-02-21 05:00:00+01:00,0.0
2022-02-21 06:00:00+01:00,0.0
2022-02-21 07:00:00+01:00,0.0
2022-02-21 08:00:00+01:00,0.0
2022-02-21 09:00:00+01:00,0.0
2022-02-21 10:00:00+01:00,0.0
2022-02-21 11:00:00+01:00,0.0
2022-02-21 12:00:00+01:00,0.0
2022-02-21 13:00:00+01:00,0.0
2022-02-21 14:00:00+01:00,0.0
2022-02-21 15:00:00+01:00,0.0
2022-02-21 16:00:00+01:00,0.0
2022-02-21 17:00:00+01:00,0.0
2022-02-21 18:00:00+01:00,0.0
2022-02-21 19:00:00+01:00,0.0
2022-02-21 20:00:00+01:00,0.0
2022-02-21 21:00:00+01:00,0.0
2022-02-21 22:00:00+01:00,0.0
2022-02-21 23:00:00+01:00,0.0
2022-02-22 00:00:00+01:00,0.0
2022-02-22 01:00:00+01:00,0.0
2022-02-22 02:00:00+01:00,0.0
2022-02-22 03:00:00+01:00,0.0
2022-02-22 04:00:00+01:00,0.0
2022-02-22 05:00:00+01:00,0.0
2022-02-22 06:00:00+01:00,0.0
2022-02-22 07:00:00+01:00,564.0
2022-02-22 08:00:00+01:00,740.0
2022-02-22 09:00:00+01:00,463.0
2022-02-22 10:00:00+01:00,396.0
2022-02-22 11:00:00+01:00,0.0
2022-02-22 12:00:00+01:00,0.0
2022-02-22 13:00:00+01:00,0.0
2022-02-22 14:00:00+01:00,0.0
2022-02-22 15:00:00+01:00,0.0
2022-02-22 16:00:00+01:00,0.0
2022-02-22 17:00:00+01:00,0.0
2022-02-22 18:00:00+01:00,0.0
2022-02-22 19:00:00+01:00,0.0
2022-02-22 20:00:00+01:00,0.0
2022-02-22 21:00:00+01:00,0.0
2022-02-22 22:00:00+01:00,0.0
2022-02-22 23:00:00+01:00,0.0
2022-02-23 00:00:00+01:00,0.0
2022-02-23 01:00:00+01:00,0.0
2022-02-23 02:00:00+01:00,0.0
2022-02-23 03:00:00+01:00,0.0
2022-02-23 04:00:00+01:00,0.0
2022-02-23 05:00:00+01:00,0.0
2022-02-23 06:00:00+01:00,101.0
2022-02-23 07:00:00+01:00,1093.0
2022-02-23 08:00:00+01:00,1174.0
2022-02-23 09:00:00+01:00,763.0
2022-02-23 10:00:00+01:00,638.0
2022-02-23 11:00:00+01:00,17.0
2022-02-23 12:00:00+01:00,36.0
2022-02-23 13:00:00+01:00,0.0
2022-02-23 14:00:00+01:00,0.0
2022-02-23 15:00:00+01:00,0.0
2022-02-23 16:00:00+01:00,0.0
2022-02-23 17:00:00+01:00,0.0
2022-02-23 18:00:00+01:00,0.0
2022-02-23 19:00:00+01:00,461.0
2022-02-23 20:00:00+01:00,96.0
2022-02-23 21:00:00+01:00,0.0
2022-02-23 22:00:00+01:00,0.0
2022-02-23 23:00:00+01:00,0.0
2022-02-24 00:00:00+01:00,0.0
2022-02-24 01:00:00+01:00,0.0
2022-02-24 02:00:00+01:00,0.0
2022-02-24 03:00:00+01:00,0.0
2022-02-24 04:00:00+01:00,0.0
2022-02-24 05:00:00+01:00,0.0
2022-02-24 06:00:00+01:00,0.0
2022-02-24 07:00:00+01:00,25.0
2022-02-24 08:00:00+01:00,198.0
2022-02-24 09:00:00+01:00,109.0
2022-02-24 10:00:00+01:00,0.0
2022-02-24 11:00:00+01:00,0.0
2022-02-24 12:00:00+01:00,0.0
2022-02-24 13:00:00+01:00,0.0
2022-02-24 14:00:00+01:00,0.0
2022-02-24 15:00:00+01:00,0.0
2022-02-24 16:00:00+01:00,0.0
2022-02-24 17:00:00+01:00,0.0
2022-02-24 18:00:00+01:00,0.0
2022-02-24 19:00:00+01:00,0.0
2022-02-24 20:00:00+01:00,0.0
2022-02-24 21:00:00+01:00,0.0
2022-02-24 22:00:00+01:00,0.0
2022-02-24 23:00:00+01:00,0.0
2022-02-25 00:00:00+01:00,0.0
2022-02-25 01:00:00+01:00,0.0
2022-02-25 02:00:00+01:00,0.0
2022-02-25 03:00:00+01:00,0.0
2022-02-25 04:00:00+01:00,0.0
2022-02-25 05:00:00+01:00,0.0
2022-02-25 06:00:00+01:00,0.0
2022-02-25 07:00:00+01:00,0.0
2022-02-25 08:00:00+01:00,0.0
2022-02-25 09:00:00+01:00,0.0
2022-02-25 10:00:00+01:00,0.0
2022-02-25 11:00:00+01:00,0.0
2022-02-25 12:00:00+01:00,0.0
2022-02-25 13:00:00+01:00,0.0
2022-02-25 14:00:00+01:00,0.0
2022-02-25 15:00:00+01:00,0.0
2022-02-25 16:00:00+01:00,0.0
2022-02-25 17:00:00+01:00,0.0
2022-02-25 18:00:00+01:00,0.0
2022-02-25 19:00:00+01:00,166.0
2022-02-25 20:00:00+01:00,0.0
2022-02-25 21:00:00+01:00,0.0
2022-02-25 22:00:00+01:00,0.0
2022-02-25 23:00:00+01:00,0.0
2022-02-26 00:00:00+01:00,0.0
2022-02-26 01:00:00+01:00,0.0
2022-02-26 02:00:00+01:00,0.0
2022-02-26 03:00:00+01:00,0.0
2022-02-26 04:00:00+01:00,15.0
2022-02-26 05:00:00+01:00,0.0
2022-02-26 06:00:00+01:00,0.0
2022-02-26 07:00:00+01:00,0.0
2022-02-26 08:00:00+01:00,0.0
2022-02-26 09:00:00+01:00,0.0
2022-02-26 10:00:00+01:00,0.0
2022-02-26 11:00:00+01:00,0.0
2022-02-26 12:00:00+01:00,0.0
2022-02-26 13:00:00+01:00,0.0
2022-02-26 14:00:00+01:00,0.0
2022-02-26 15:00:00+01:00,0.0
2022-02-26 16:00:00+01:00,0.0
2022-02-26 17:00:00+01:00,0.0
2022-02-26 18:00:00+01:00,0.0
2022-02-26 19:00:00+01:00,0.0
2022-02-26 20:00:00+01:00,0.0
2022-02-26 21:00:00+01:00,0.0
2022-02-26 22:00:00+01:00,0.0
2022-02-26 23:00:00+01:00,0.0
2022-02-27 00:00:00+01:00,0.0
2022-02-27 01:00:00+01:00,0.0
2022-02-27 02:00:00+01:00,0.0
2022-02-27 03:00:00+01:00,0.0
2022-02-27 04:00:00+01:00,0.0
2022-02-27 05:00:00+01:00,0.0
2022-02-27 06:00:00+01:00,0.0
2022-02-27 07:00:00+01:00,0.0
2022-02-27 08:00:00+01:00,209.0
2022-02-27 09:00:00+01:00,688.0
2022-02-27 10:00:00+01:00,542.0
2022-02-27 11:00:00+01:00,41.0
2022-02-27 12:00:00+01:00,648.0
2022-02-27 13:00:00+01:00,55.0
2022-02-27 14:00:00+01:00,0.0
2022-02-27 15:00:00+01:00,0.0
2022-02-27 16:00:00+01:00,0.0
2022-02-27 17:00:00+01:00,0.0
2022-02-27 18:00:00+01:00,592.0
2022-02-27 19:00:00+01:00,958.0
2022-02-27 20:00:00+01:00,451.0
2022-02-27 21:00:00+01:00,366.0
2022-02-27 22:00:00+01:00,635.0
2022-02-27 23:00:00+01:00,342.0
2022-02-28 00:00:00+01:00,0.0
2022-02-28 01:00:00+01:00,391.0
2022-02-28 02:00:00+01:00,593.0
2022-02-28 03:00:00+01:00,197.0
2022-02-28 04:00:00+01:00,293.0
2022-02-28 05:00:00+01:00,268.0
2022-02-28 06:00:00+01:00,745.0
2022-02-28 07:00:00+01:00,844.0
2022-02-28 08:00:00+01:00,670.0
2022-02-28 09:00:00+01:00,951.0
2022-02-28 10:00:00+01:00,520.0
2022-02-28 11:00:00+01:00,639.0
2022-02-28 12:00:00+01:00,696.0
2022-02-28 13:00:00+01:00,180.0
2022-02-28 14:00:00+01:00,0.0
2022-02-28 15:00:00+01:00,0.0
2022-02-28 16:00:00+01:00,0.0
2022-02-28 17:00:00+01:00,0.0
2022-02-28 18:00:00+01:00,0.0
2022-02-28 19:00:00+01:00,601.0
2022-02-28 20:00:00+01:00,229.0
2022-02-28 21:00:00+01:00,0.0
2022-02-28 22:00:00+01:00,0.0
2022-02-28 23:00:00+01:00,0.0
2022-03-01 00:00:00+01:00,0.0
2022-03-01 01:00:00+01:00,0.0
2022-03-01 02:00:00+01:00,0.0
2022-03-01 03:00:00+01:00,0.0
2022-03-01 04:00:00+01:00,0.0
2022-03-01 05:00:00+01:00,0.0
2022-03-01 06:00:00+01:00,0.0
2022-03-01 07:00:00+01:00,348.0
2022-03-01 08:00:00+01:00,628.0
2022-03-01 09:00:00+01:00,508.0
2022-03-01 10:00:00+01:00,249.0
2022-03-01 11:00:00+01:00,664.0
2022-03-01 12:00:00+01:00,750.0
2022-03-01 13:00:00+01:00,219.0
2022-03-01 14:00:00+01:00,0.0
2022-03-01 15:00:00+01:00,0.0
2022-03-01 16:00:00+01:00,0.0
2022-03-01 17:00:00+01:00,0.0
2022-03-01 18:00:00+01:00,49.0
2022-03-01 19:00:00+01:00,479.0
2022-03-01 20:00:00+01:00,0.0
2022-03-01 21:00:00+01:00,0.0
2022-03-01 22:00:00+01:00,0.0
2022-03-01 23:00:00+01:00,0.0
2022-03-02 00:00:00+01:00,0.0
2022-03-02 01:00:00+01:00,0.0
2022-03-02 02:00:00+01:00,0.0
2022-03-02 03:00:00+01:00,0.0
2022-03-02 04:00:00+01:00,0.0
2022-03-02 05:00:00+01:00,0.0
2022-03-02 06:00:00+01:00,0.0
2022-03-02 07:00:00+01:00,0.0
2022-03-02 08:00:00+01:00,0.0
2022-03-02 09:00:00+01:00,0.0
2022-03-02 10:00:00+01:00,0.0
2022-03-02 11:00:00+01:00,0.0
2022-03-02 12:00:00+01:00,288.0
2022-03-02 13:00:00+01:00,0.0
2022-03-02 14:00:00+01:00,0.0
2022-03-02 15:00:00+01:00,0.0
2022-03-02 16:00:00+01:00,0.0
2022-03-02 17:00:00+01:00,0.0
2022-03-02 18:00:00+01:00,0.0
2022-03-02 19:00:00+01:00,38.0
2022-03-02 20:00:00+01:00,0.0
2022-03-02 21:00:00+01:00,0.0
2022-03-02 22:00:00+01:00,0.0
2022-03-02 23:00:00+01:00,0.0
2022-03-03 00:00:00+01:00,0.0
2022-03-03 01:00:00+01:00,0.0
2022-03-03 02:00:00+01:00,0.0
2022-03-03 03:00:00+01:00,0.0
2022-03-03 04:00:00+01:00,0.0
2022-03-03 05:00:00+01:00,0.0
2022-03-03 06:00:00+01:00,0.0
2022-03-03 07:00:00+01:00,0.0
2022-03-03 08:00:00+01:00,0.0
2022-03-03 09:00:00+01:00,727.0
2022-03-03 10:00:00+01:00,1068.0
2022-03-03 11:00:00+01:00,881.0
2022-03-03 12:00:00+01:00,930.0
2022-03-03 13:00:00+01:00,335.0
2022-03-03 14:00:00+01:00,251.0
2022-03-03 15:00:00+01:00,0.0
2022-03-03 16:00:00+01:00,0.0
2022-03-03 17:00:00+01:00,0.0
2022-03-03 18:00:00+01:00,0.0
2022-03-03 19:00:00+01:00,6.0
2022-03-03 20:00:00+01:00,0.0
2022-03-03 21:00:00+01:00,0.0
2022-03-03 22:00:00+01:00,0.0
2022-03-03 23:00:00+01:00,0.0
2022-03-04 00:00:00+01:00,0.0
2022-03-04 01:00:00+01:00,0.0
2022-03-04 02:00:00+01:00,0.0
2022-03-04 03:00:00+01:00,0.0
2022-03-04 04:00:00+01:00,0.0
2022-03-04 05:00:00+01:00,0.0
2022-03-04 06:00:00+01:00,0.0
2022-03-04 07:00:00+01:00,0.0
2022-03-04 08:00:00+01:00,0.0
2022-03-04 09:00:00+01:00,0.0
2022-03-04 10:00:00+01:00,0.0
2022-03-04 11:00:00+01:00,0.0
2022-03-04 12:00:00+01:00,0.0
2022-03-04 13:00:00+01:00,0.0
2022-03-04 14:00:00+01:00,0.0
2022-03-04 15:00:00+01:00,0.0
2022-03-04 16:00:00+01:00,0.0
2022-03-04 17:00:00+01:00,0.0
2022-03-04 18:00:00+01:00,0.0
2022-03-04 19:00:00+01:00,0.0
2022-03-04 20:00:00+01:00,0.0
2022-03-04 21:00:00+01:00,0.0
2022-03-04 22:00:00+01:00,0.0
2022-03-04 23:00:00+01:00,0.0
2022-03-05 00:00:00+01:00,0.0
2022-03-05 01:00:00+01:00,0.0
2022-03-05 02:00:00+01:00,0.0
2022-03-05 03:00:00+01:00,0.0
2022-03-05 04:00:00+01:00,0.0
2022-03-05 05:00:00+01:00,0.0
2022-03-05 06:00:00+01:00,0.0
2022-03-05 07:00:00+01:00,0.0
2022-03-05 08:00:00+01:00,0.0
2022-03-05 09:00:00+01:00,115.0
2022-03-05 10:00:00+01:00,200.0
2022-03-05 11:00:00+01:00,257.0
2022-03-05 12:00:00+01:00,303.0
2022-03-05 13:00:00+01:00,0.0
2022-03-05 14:00:00+01:00,0.0
2022-03-05 15:00:00+01:00,0.0
2022-03-05 16:00:00+01:00,0.0
2022-03-05 17:00:00+01:00,0.0
2022-03-05 18:00:00+01:00,0.0
2022-03-05 19:00:00+01:00,0.0
2022-03-05 20:00:00+01:00,0.0
2022-03-05 21:00:00+01:00,0.0
2022-03-05 22:00:00+01:00,243.0
2022-03-05 23:00:00+01:00,268.0
2022-03-06 00:00:00+01:00,3.0
2022-03-06 01:00:00+01:00,0.0
2022-03-06 02:00:00+01:00,0.0
2022-03-06 03:00:00+01:00,0.0
2022-03-06 04:00:00+01:00,0.0
2022-03-06 05:00:00+01:00,0.0
2022-03-06 06:00:00+01:00,0.0
2022-03-06 07:00:00+01:00,0.0
2022-03-06 08:00:00+01:00,163.0
2022-03-06 09:00:00+01:00,0.0
2022-03-06 10:00:00+01:00,270.0
2022-03-06 11:00:00+01:00,0.0
2022-03-06 12:00:00+01:00,0.0
2022-03-06 13:00:00+01:00,0.0
2022-03-06 14:00:00+01:00,0.0
2022-03-06 15:00:00+01:00,0.0
2022-03-06 16:00:00+01:00,0.0
2022-03-06 17:00:00+01:00,0.0
2022-03-06 18:00:00+01:00,0.0
2022-03-06 19:00:00+01:00,311.0
2022-03-06 20:00:00+01:00,0.0
2022-03-06 21:00:00+01:00,0.0
2022-03-06 22:00:00+01:00,150.0
2022-03-06 23:00:00+01:00,221.0
2022-03-07 00:00:00+01:00,0.0
2022-03-07 01:00:00+01:00,0.0
2022-03-07 02:00:00+01:00,242.0
2022-03-07 03:00:00+01:00,160.0
2022-03-07 04:00:00+01:00,53.0
2022-03-07 05:00:00+01:00,201.0
2022-03-07 06:00:00+01:00,139.0
2022-03-07 07:00:00+01:00,379.0
2022-03-07 08:00:00+01:00,631.0
2022-03-07 09:00:00+01:00,168.0
2022-03-07 10:00:00+01:00,248.0
2022-03-07 11:00:00+01:00,0.0
2022-03-07 12:00:00+01:00,0.0
2022-03-07 13:00:00+01:00,0.0
2022-03-07 14:00:00+01:00,0.0
2022-03-07 15:00:00+01:00,0.0
2022-03-07 16:00:00+01:00,0.0
2022-03-07 17:00:00+01:00,0.0
2022-03-07 18:00:00+01:00,0.0
2022-03-07 19:00:00+01:00,312.0
2022-03-07 20:00:00+01:00,0.0
2022-03-07 21:00:00+01:00,0.0
2022-03-07 22:00:00+01:00,0.0
2022-03-07 23:00:00+01:00,0.0
2022-03-08 00:00:00+01:00,0.0
2022-03-08 01:00:00+01:00,0.0
2022-03-08 02:00:00+01:00,0.0
2022-03-08 03:00:00+01:00,0.0
2022-03-08 04:00:00+01:00,0.0
2022-03-08 05:00:00+01:00,0.0
2022-03-08 06:00:00+01:00,0.0
2022-03-08 07:00:00+01:00,0.0
2022-03-08 08:00:00+01:00,0.0
2022-03-08 09:00:00+01:00,287.0
2022-03-08 10:00:00+01:00,0.0
2022-03-08 11:00:00+01:00,70.0
2022-03-08 12:00:00+01:00,121.0
2022-03-08 13:00:00+01:00,111.0
2022-03-08 14:00:00+01:00,20.0
2022-03-08 15:00:00+01:00,0.0
2022-03-08 16:00:00+01:00,0.0
2022-03-08 17:00:00+01:00,0.0
2022-03-08 18:00:00+01:00,0.0
2022-03-08 19:00:00+01:00,0.0
2022-03-08 20:00:00+01:00,366.0
2022-03-08 21:00:00+01:00,0.0
2022-03-08 22:00:00+01:00,0.0
2022-03-08 23:00:00+01:00,301.0
2022-03-09 00:00:00+01:00,0.0
2022-03-09 01:00:00+01:00,0.0
2022-03-09 02:00:00+01:00,0.0
2022-03-09 03:00:00+01:00,0.0
2022-03-09 04:00:00+01:00,0.0
2022-03-09 05:00:00+01:00,0.0
2022-03-09 06:00:00+01:00,0.0
2022-03-09 07:00:00+01:00,0.0
2022-03-09 08:00:00+01:00,0.0
2022-03-09 09:00:00+01:00,202.0
2022-03-09 10:00:00+01:00,0.0
2022-03-09 11:00:00+01:00,0.0
2022-03-09 12:00:00+01:00,0.0
2022-03-09 13:00:00+01:00,0.0
2022-03-09 14:00:00+01:00,0.0
2022-03-09 15:00:00+01:00,0.0
2022-03-09 16:00:00+01:00,0.0
2022-03-09 17:00:00+01:00,0.0
2022-03-09 18:00:00+01:00,0.0
2022-03-09 19:00:00+01:00,0.0
2022-03-09 20:00:00+01:00,0.0
2022-03-09 21:00:00+01:00,0.0
2022-03-09 22:00:00+01:00,0.0
2022-03-09 23:00:00+01:00,0.0
2022-03-10 00:00:00+01:00,0.0
2022-03-10 01:00:00+01:00,0.0
2022-03-10 02:00:00+01:00,0.0
2022-03-10 03:00:00+01:00,0.0
2022-03-10 04:00:00+01:00,0.0
2022-03-10 05:00:00+01:00,0.0
2022-03-10 06:00:00+01:00,0.0
2022-03-10 07:00:00+01:00,0.0
2022-03-10 08:00:00+01:00,291.0
2022-03-10 09:00:00+01:00,728.0
2022-03-10 10:00:00+01:00,556.0
2022-03-10 11:00:00+01:00,231.0
2022-03-10 12:00:00+01:00,299.0
2022-03-10 13:00:00+01:00,0.0
2022-03-10 14:00:00+01:00,0.0
2022-03-10 15:00:00+01:00,0.0
2022-03-10 16:00:00+01:00,0.0
2022-03-10 17:00:00+01:00,0.0
2022-03-10 18:00:00+01:00,0.0
2022-03-10 19:00:00+01:00,0.0
2022-03-10 20:00:00+01:00,0.0
2022-03-10 21:00:00+01:00,0.0
2022-03-10 22:00:00+01:00,0.0
2022-03-10 23:00:00+01:00,0.0
2022-03-11 00:00:00+01:00,0.0
2022-03-11 01:00:00+01:00,0.0
2022-03-11 02:00:00+01:00,0.0
2022-03-11 03:00:00+01:00,0.0
2022-03-11 04:00:00+01:00,0.0
2022-03-11 05:00:00+01:00,0.0
2022-03-11 06:00:00+01:00,0.0
2022-03-11 07:00:00+01:00,0.0
2022-03-11 08:00:00+01:00,0.0
2022-03-11 09:00:00+01:00,0.0
2022-03-11 10:00:00+01:00,0.0
2022-03-11 11:00:00+01:00,103.0
2022-03-11 12:00:00+01:00,0.0
2022-03-11 13:00:00+01:00,34.0
2022-03-11 14:00:00+01:00,0.0
2022-03-11 15:00:00+01:00,0.0
2022-03-11 16:00:00+01:00,0.0
2022-03-11 17:00:00+01:00,0.0
2022-03-11 18:00:00+01:00,0.0
2022-03-11 19:00:00+01:00,0.0
2022-03-11 20:00:00+01:00,0.0
2022-03-11 21:00:00+01:00,0.0
2022-03-11 22:00:00+01:00,0.0
2022-03-11 23:00:00+01:00,0.0
2022-03-12 00:00:00+01:00,0.0
2022-03-12 01:00:00+01:00,0.0
2022-03-12 02:00:00+01:00,0.0
2022-03-12 03:00:00+01:00,0.0
2022-03-12 04:00:00+01:00,0.0
2022-03-12 05:00:00+01:00,0.0
2022-03-12 06:00:00+01:00,0.0
2022-03-12 07:00:00+01:00,0.0
2022-03-12 08:00:00+01:00,54.0
2022-03-12 09:00:00+01:00,481.0
2022-03-12 10:00:00+01:00,784.0
2022-03-12 11:00:00+01:00,498.0
2022-03-12 12:00:00+01:00,1025.0
2022-03-12 13:00:00+01:00,576.0
2022-03-12 14:00:00+01:00,456.0
2022-03-12 15:00:00+01:00,29.0
2022-03-12 16:00:00+01:00,0.0
2022-03-12 17:00:00+01:00,0.0
2022-03-12 18:00:00+01:00,0.0
2022-03-12 19:00:00+01:00,0.0
2022-03-12 20:00:00+01:00,0.0
2022-03-12 21:00:00+01:00,0.0
2022-03-12 22:00:00+01:00,0.0
2022-03-12 23:00:00+01:00,0.0
2022-03-13 00:00:00+01:00,0.0
2022-03-13 01:00:00+01:00,0.0
2022-03-13 02:00:00+01:00,0.0
2022-03-13 03:00:00+01:00,0.0
2022-03-13 04:00:00+01:00,0.0
2022-03-13 05:00:00+01:00,0.0
2022-03-13 06:00:00+01:00,0.0
2022-03-13 07:00:00+01:00,0.0
2022-03-13 08:00:00+01:00,0.0
2022-03-13 09:00:00+01:00,0.0
2022-03-13 10:00:00+01:00,0.0
2022-03-13 11:00:00+01:00,42.0
2022-03-13 12:00:00+01:00,566.0
2022-03-13 13:00:00+01:00,277.0
2022-03-13 14:00:00+01:00,420.0
2022-03-13 15:00:00+01:00,182.0
2022-03-13 16:00:00+01:00,0.0
2022-03-13 17:00:00+01:00,0.0
2022-03-13 18:00:00+01:00,29.0
2022-03-13 19:00:00+01:00,101.0
2022-03-13 20:00:00+01:00,0.0
2022-03-13 21:00:00+01:00,0.0
2022-03-13 22:00:00+01:00,0.0
2022-03-13 23:00:00+01:00,0.0
2022-03-14 00:00:00+01:00,0.0
2022-03-14 01:00:00+01:00,0.0
2022-03-14 02:00:00+01:00,0.0
2022-03-14 03:00:00+01:00,39.0
2022-03-14 04:00:00+01:00,0.0
2022-03-14 05:00:00+01:00,0.0
2022-03-14 06:00:00+01:00,0.0
2022-03-14 07:00:00+01:00,456.0
2022-03-14 08:00:00+01:00,957.0
2022-03-14 09:00:00+01:00,596.0
2022-03-14 10:00:00+01:00,352.0
2022-03-14 11:00:00+01:00,148.0
2022-03-14 12:00:00+01:00,698.0
2022-03-14 13:00:00+01:00,63.0
2022-03-14 14:00:00+01:00,0.0
2022-03-14 15:00:00+01:00,0.0
2022-03-14 16:00:00+01:00,0.0
2022-03-14 17:00:00+01:00,0.0
2022-03-14 18:00:00+01:00,0.0
2022-03-14 19:00:00+01:00,0.0
2022-03-14 20:00:00+01:00,0.0
2022-03-14 21:00:00+01:00,0.0
2022-03-14 22:00:00+01:00,0.0
2022-03-14 23:00:00+01:00,0.0
2022-03-15 00:00:00+01:00,0.0
2022-03-15 01:00:00+01:00,0.0
2022-03-15 02:00:00+01:00,0.0
2022-03-15 03:00:00+01:00,0.0
2022-03-15 04:00:00+01:00,0.0
2022-03-15 05:00:00+01:00,0.0
2022-03-15 06:00:00+01:00,0.0
2022-03-15 07:00:00+01:00,0.0
2022-03-15 08:00:00+01:00,0.0
2022-03-15 09:00:00+01:00,0.0
2022-03-15 10:00:00+01:00,0.0
2022-03-15 11:00:00+01:00,0.0
2022-03-15 12:00:00+01:00,0.0
2022-03-15 13:00:00+01:00,0.0
2022-03-15 14:00:00+01:00,0.0
2022-03-15 15:00:00+01:00,0.0
2022-03-15 16:00:00+01:00,0.0
2022-03-15 17:00:00+01:00,0.0
2022-03-15 18:00:00+01:00,0.0
2022-03-15 19:00:00+01:00,217.0
2022-03-15 20:00:00+01:00,0.0
2022-03-15 21:00:00+01:00,0.0
2022-03-15 22:00:00+01:00,0.0
2022-03-15 23:00:00+01:00,0.0
2022-03-16 00:00:00+01:00,0.0
2022-03-16 01:00:00+01:00,0.0
2022-03-16 02:00:00+01:00,0.0
2022-03-16 03:00:00+01:00,0.0
2022-03-16 04:00:00+01:00,0.0
2022-03-16 05:00:00+01:00,0.0
2022-03-16 06:00:00+01:00,0.0
2022-03-16 07:00:00+01:00,0.0
2022-03-16 08:00:00+01:00,0.0
2022-03-16 09:00:00+01:00,0.0
2022-03-16 10:00:00+01:00,0.0
2022-03-16 11:00:00+01:00,53.0
2022-03-16 12:00:00+01:00,1016.0
2022-03-16 13:00:00+01:00,697.0
2022-03-16 14:00:00+01:00,778.0
2022-03-16 15:00:00+01:00,374.0
2022-03-16 16:00:00+01:00,18.0
2022-03-16 17:00:00+01:00,9.0
2022-03-16 18:00:00+01:00,473.0
2022-03-16 19:00:00+01:00,304.0
2022-03-16 20:00:00+01:00,0.0
2022-03-16 21:00:00+01:00,0.0
2022-03-16 22:00:00+01:00,0.0
2022-03-16 23:00:00+01:00,0.0
2022-03-17 00:00:00+01:00,0.0
2022-03-17 01:00:00+01:00,0.0
2022-03-17 02:00:00+01:00,0.0
2022-03-17 03:00:00+01:00,0.0
2022-03-17 04:00:00+01:00,0.0
2022-03-17 05:00:00+01:00,0.0
2022-03-17 06:00:00+01:00,0.0
2022-03-17 07:00:00+01:00,19.0
2022-03-17 08:00:00+01:00,261.0
2022-03-17 09:00:00+01:00,300.0
2022-03-17 10:00:00+01:00,134.0
2022-03-17 11:00:00+01:00,396.0
2022-03-17 12:00:00+01:00,537.0
2022-03-17 13:00:00+01:00,425.0
2022-03-17 14:00:00+01:00,11.0
2022-03-17 15:00:00+01:00,0.0
2022-03-17 16:00:00+01:00,0.0
2022-03-17 17:00:00+01:00,138.0
2022-03-17 18:00:00+01:00,641.0
2022-03-17 19:00:00+01:00,582.0
2022-03-17 20:00:00+01:00,0.0
2022-03-17 21:00:00+01:00,0.0
2022-03-17 22:00:00+01:00,0.0
2022-03-17 23:00:00+01:00,0.0
2022-03-18 00:00:00+01:00,0.0
2022-03-18 01:00:00+01:00,0.0
2022-03-18 02:00:00+01:00,0.0
2022-03-18 03:00:00+01:00,0.0
2022-03-18 04:00:00+01:00,0.0
2022-03-18 05:00:00+01:00,0.0
2022-03-18 06:00:00+01:00,0.0
2022-03-18 07:00:00+01:00,18.0
2022-03-18 08:00:00+01:00,475.0
2022-03-18 09:00:00+01:00,333.0
2022-03-18 10:00:00+01:00,349.0
2022-03-18 11:00:00+01:00,288.0
2022-03-18 12:00:00+01:00,517.0
2022-03-18 13:00:00+01:00,752.0
2022-03-18 14:00:00+01:00,499.0
2022-03-18 15:00:00+01:00,299.0
2022-03-18 16:00:00+01:00,0.0
2022-03-18 17:00:00+01:00,0.0
2022-03-18 18:00:00+01:00,0.0
2022-03-18 19:00:00+01:00,0.0
2022-03-18 20:00:00+01:00,0.0
2022-03-18 21:00:00+01:00,0.0
2022-03-18 22:00:00+01:00,285.0
2022-03-18 23:00:00+01:00,75.0
2022-03-19 00:00:00+01:00,0.0
2022-03-19 01:00:00+01:00,0.0
2022-03-19 02:00:00+01:00,22.0
2022-03-19 03:00:00+01:00,0.0
2022-03-19 04:00:00+01:00,0.0
2022-03-19 05:00:00+01:00,0.0
2022-03-19 06:00:00+01:00,80.0
2022-03-19 07:00:00+01:00,488.0
2022-03-19 08:00:00+01:00,993.0
2022-03-19 09:00:00+01:00,685.0
2022-03-19 10:00:00+01:00,308.0
2022-03-19 11:00:00+01:00,426.0
2022-03-19 12:00:00+01:00,449.0
2022-03-19 13:00:00+01:00,451.0
2022-03-19 14:00:00+01:00,278.0
2022-03-19 15:00:00+01:00,0.0
2022-03-19 16:00:00+01:00,0.0
2022-03-19 17:00:00+01:00,0.0
2022-03-19 18:00:00+01:00,115.0
2022-03-19 19:00:00+01:00,165.0
2022-03-19 20:00:00+01:00,30.0
2022-03-19 21:00:00+01:00,0.0
2022-03-19 22:00:00+01:00,0.0
2022-03-19 23:00:00+01:00,180.0
2022-03-20 00:00:00+01:00,0.0
2022-03-20 01:00:00+01:00,0.0
2022-03-20 02:00:00+01:00,0.0
2022-03-20 03:00:00+01:00,0.0
2022-03-20 04:00:00+01:00,0.0
2022-03-20 05:00:00+01:00,0.0
2022-03-20 06:00:00+01:00,0.0
2022-03-20 07:00:00+01:00,0.0
2022-03-20 08:00:00+01:00,0.0
2022-03-20 09:00:00+01:00,0.0
2022-03-20 10:00:00+01:00,9.0
2022-03-20 11:00:00+01:00,571.0
2022-03-20 12:00:00+01:00,762.0
2022-03-20 13:00:00+01:00,325.0
2022-03-20 14:00:00+01:00,187.0
2022-03-20 15:00:00+01:00,0.0
2022-03-20 16:00:00+01:00,0.0
2022-03-20 17:00:00+01:00,0.0
2022-03-20 18:00:00+01:00,0.0
2022-03-20 19:00:00+01:00,414.0
2022-03-20 20:00:00+01:00,12.0
2022-03-20 21:00:00+01:00,0.0
2022-03-20 22:00:00+01:00,0.0
2022-03-20 23:00:00+01:00,0.0
2022-03-21 00:00:00+01:00,0.0
2022-03-21 01:00:00+01:00,0.0
2022-03-21 02:00:00+01:00,0.0
2022-03-21 03:00:00+01:00,0.0
2022-03-21 04:00:00+01:00,0.0
2022-03-21 05:00:00+01:00,0.0
2022-03-21 06:00:00+01:00,236.0
2022-03-21 07:00:00+01:00,1386.0
2022-03-21 08:00:00+01:00,1443.0
2022-03-21 09:00:00+01:00,1065.0
2022-03-21 10:00:00+01:00,723.0
2022-03-21 11:00:00+01:00,414.0
2022-03-21 12:00:00+01:00,168.0
2022-03-21 13:00:00+01:00,0.0
2022-03-21 14:00:00+01:00,0.0
2022-03-21 15:00:00+01:00,0.0
2022-03-21 16:00:00+01:00,0.0
2022-03-21 17:00:00+01:00,0.0
2022-03-21 18:00:00+01:00,164.0
2022-03-21 19:00:00+01:00,657.0
2022-03-21 20:00:00+01:00,301.0
2022-03-21 21:00:00+01:00,0.0
2022-03-21 22:00:00+01:00,0.0
2022-03-21 23:00:00+01:00,0.0
2022-03-22 00:00:00+01:00,0.0
2022-03-22 01:00:00+01:00,0.0
2022-03-22 02:00:00+01:00,0.0
2022-03-22 03:00:00+01:00,0.0
2022-03-22 04:00:00+01:00,0.0
2022-03-22 05:00:00+01:00,0.0
2022-03-22 06:00:00+01:00,0.0
2022-03-22 07:00:00+01:00,676.0
2022-03-22 08:00:00+01:00,943.0
2022-03-22 09:00:00+01:00,1123.0
2022-03-22 10:00:00+01:00,352.0
2022-03-22 11:00:00+01:00,0.0
2022-03-22 12:00:00+01:00,96.0
2022-03-22 13:00:00+01:00,0.0
2022-03-22 14:00:00+01:00,0.0
2022-03-22 15:00:00+01:00,0.0
2022-03-22 16:00:00+01:00,0.0
2022-03-22 17:00:00+01:00,0.0
2022-03-22 18:00:00+01:00,0.0
2022-03-22 19:00:00+01:00,458.0
2022-03-22 20:00:00+01:00,426.0
2022-03-22 21:00:00+01:00,0.0
2022-03-22 22:00:00+01:00,0.0
2022-03-22 23:00:00+01:00,24.0
2022-03-23 00:00:00+01:00,0.0
2022-03-23 01:00:00+01:00,0.0
2022-03-23 02:00:00+01:00,0.0
2022-03-23 03:00:00+01:00,0.0
2022-03-23 04:00:00+01:00,0.0
2022-03-23 05:00:00+01:00,0.0
2022-03-23 06:00:00+01:00,442.0
2022-03-23 07:00:00+01:00,1603.0
2022-03-23 08:00:00+01:00,1464.0
2022-03-23 09:00:00+01:00,1264.0
2022-03-23 10:00:00+01:00,804.0
2022-03-23 11:00:00+01:00,340.0
2022-03-23 12:00:00+01:00,391.0
2022-03-23 13:00:00+01:00,110.0
2022-03-23 14:00:00+01:00,0.0
2022-03-23 15:00:00+01:00,0.0
2022-03-23 16:00:00+01:00,0.0
2022-03-23 17:00:00+01:00,0.0
2022-03-23 18:00:00+01:00,0.0
2022-03-23 19:00:00+01:00,1208.0
2022-03-23 20:00:00+01:00,860.0
2022-03-23 21:00:00+01:00,609.0
2022-03-23 22:00:00+01:00,720.0
2022-03-23 23:00:00+01:00,1052.0
2022-03-24 00:00:00+01:00,612.0
2022-03-24 01:00:00+01:00,734.0
2022-03-24 02:00:00+01:00,973.0
2022-03-24 03:00:00+01:00,350.0
2022-03-24 04:00:00+01:00,156.0
2022-03-24 05:00:00+01:00,0.0
2022-03-24 06:00:00+01:00,1043.0
2022-03-24 07:00:00+01:00,1688.0
2022-03-24 08:00:00+01:00,1964.0
2022-03-24 09:00:00+01:00,1658.0
2022-03-24 10:00:00+01:00,1074.0
2022-03-24 11:00:00+01:00,892.0
2022-03-24 12:00:00+01:00,470.0
2022-03-24 13:00:00+01:00,238.0
2022-03-24 14:00:00+01:00,0.0
2022-03-24 15:00:00+01:00,0.0
2022-03-24 16:00:00+01:00,0.0
2022-03-24 17:00:00+01:00,0.0
2022-03-24 18:00:00+01:00,0.0
2022-03-24 19:00:00+01:00,507.0
2022-03-24 20:00:00+01:00,396.0
2022-03-24 21:00:00+01:00,0.0
2022-03-24 22:00:00+01:00,0.0
2022-03-24 23:00:00+01:00,303.0
2022-03-25 00:00:00+01:00,0.0
2022-03-25 01:00:00+01:00,0.0
2022-03-25 02:00:00+01:00,0.0
2022-03-25 03:00:00+01:00,0.0
2022-03-25 04:00:00+01:00,0.0
2022-03-25 05:00:00+01:00,0.0
2022-03-25 06:00:00+01:00,393.0
2022-03-25 07:00:00+01:00,1833.0
2022-03-25 08:00:00+01:00,1432.0
2022-03-25 09:00:00+01:00,1184.0
2022-03-25 10:00:00+01:00,935.0
2022-03-25 11:00:00+01:00,430.0
2022-03-25 12:00:00+01:00,360.0
2022-03-25 13:00:00+01:00,0.0
2022-03-25 14:00:00+01:00,0.0
2022-03-25 15:00:00+01:00,0.0
2022-03-25 16:00:00+01:00,0.0
2022-03-25 17:00:00+01:00,0.0
2022-03-25 18:00:00+01:00,0.0
2022-03-25 19:00:00+01:00,0.0
2022-03-25 20:00:00+01:00,0.0
2022-03-25 21:00:00+01:00,0.0
2022-03-25 22:00:00+01:00,0.0
2022-03-25 23:00:00+01:00,50.0
2022-03-26 00:00:00+01:00,145.0
2022-03-26 01:00:00+01:00,0.0
2022-03-26 02:00:00+01:00,0.0
2022-03-26 03:00:00+01:00,0.0
2022-03-26 04:00:00+01:00,0.0
2022-03-26 05:00:00+01:00,0.0
2022-03-26 06:00:00+01:00,320.0
2022-03-26 07:00:00+01:00,431.0
2022-03-26 08:00:00+01:00,823.0
2022-03-26 09:00:00+01:00,1245.0
2022-03-26 10:00:00+01:00,740.0
2022-03-26 11:00:00+01:00,818.0
2022-03-26 12:00:00+01:00,1121.0
2022-03-26 13:00:00+01:00,766.0
2022-03-26 14:00:00+01:00,242.0
2022-03-26 15:00:00+01:00,0.0
2022-03-26 16:00:00+01:00,0.0
2022-03-26 17:00:00+01:00,0.0
2022-03-26 18:00:00+01:00,0.0
2022-03-26 19:00:00+01:00,0.0
2022-03-26 20:00:00+01:00,0.0
2022-03-26 21:00:00+01:00,0.0
2022-03-26 22:00:00+01:00,0.0
2022-03-26 23:00:00+01:00,347.0
2022-03-27 00:00:00+01:00,108.0
2022-03-27 01:00:00+01:00,145.0
2022-03-27 03:00:00+02:00,0.0
2022-03-27 04:00:00+02:00,0.0
2022-03-27 05:00:00+02:00,0.0
2022-03-27 06:00:00+02:00,0.0
2022-03-27 07:00:00+02:00,0.0
2022-03-27 08:00:00+02:00,0.0
2022-03-27 09:00:00+02:00,260.0
2022-03-27 10:00:00+02:00,346.0
2022-03-27 11:00:00+02:00,504.0
2022-03-27 12:00:00+02:00,966.0
2022-03-27 13:00:00+02:00,1148.0
2022-03-27 14:00:00+02:00,708.0
2022-03-27 15:00:00+02:00,135.0
2022-03-27 16:00:00+02:00,0.0
2022-03-27 17:00:00+02:00,0.0
2022-03-27 18:00:00+02:00,0.0
2022-03-27 19:00:00+02:00,0.0
2022-03-27 20:00:00+02:00,137.0
2022-03-27 21:00:00+02:00,578.0
2022-03-27 22:00:00+02:00,306.0
2022-03-27 23:00:00+02:00,127.0
2022-03-28 00:00:00+02:00,0.0
2022-03-28 01:00:00+02:00,0.0
2022-03-28 02:00:00+02:00,0.0
2022-03-28 03:00:00+02:00,0.0
2022-03-28 04:00:00+02:00,0.0
2022-03-28 05:00:00+02:00,0.0
2022-03-28 06:00:00+02:00,0.0
2022-03-28 07:00:00+02:00,909.0
2022-03-28 08:00:00+02:00,1018.0
2022-03-28 09:00:00+02:00,1229.0
2022-03-28 10:00:00+02:00,546.0
2022-03-28 11:00:00+02:00,0.0
2022-03-28 12:00:00+02:00,52.0
2022-03-28 13:00:00+02:00,0.0
2022-03-28 14:00:00+02:00,0.0
2022-03-28 15:00:00+02:00,0.0
2022-03-28 16:00:00+02:00,0.0
2022-03-28 17:00:00+02:00,0.0
2022-03-28 18:00:00+02:00,0.0
2022-03-28 19:00:00+02:00,0.0
2022-03-28 20:00:00+02:00,176.0
2022-03-28 21:00:00+02:00,0.0
2022-03-28 22:00:00+02:00,0.0
2022-03-28 23:00:00+02:00,113.0
2022-03-29 00:00:00+02:00,353.0
2022-03-29 01:00:00+02:00,0.0
2022-03-29 02:00:00+02:00,0.0
2022-03-29 03:00:00+02:00,0.0
2022-03-29 04:00:00+02:00,0.0
2022-03-29 05:00:00+02:00,5.0
2022-03-29 06:00:00+02:00,0.0
2022-03-29 07:00:00+02:00,387.0
2022-03-29 08:00:00+02:00,727.0
2022-03-29 09:00:00+02:00,866.0
2022-03-29 10:00:00+02:00,716.0
2022-03-29 11:00:00+02:00,885.0
2022-03-29 12:00:00+02:00,918.0
2022-03-29 13:00:00+02:00,1212.0
2022-03-29 14:00:00+02:00,1105.0
2022-03-29 15:00:00+02:00,1146.0
2022-03-29 16:00:00+02:00,738.0
2022-03-29 17:00:00+02:00,623.0
2022-03-29 18:00:00+02:00,996.0
2022-03-29 19:00:00+02:00,1752.0
2022-03-29 20:00:00+02:00,1848.0
2022-03-29 21:00:00+02:00,1236.0
2022-03-29 22:00:00+02:00,720.0
2022-03-29 23:00:00+02:00,1201.0
2022-03-30 00:00:00+02:00,1109.0
2022-03-30 01:00:00+02:00,1334.0
2022-03-30 02:00:00+02:00,1048.0
2022-03-30 03:00:00+02:00,696.0
2022-03-30 04:00:00+02:00,404.0
2022-03-30 05:00:00+02:00,0.0
2022-03-30 06:00:00+02:00,354.0
2022-03-30 07:00:00+02:00,1109.0
2022-03-30 08:00:00+02:00,1344.0
2022-03-30 09:00:00+02:00,1321.0
2022-03-30 10:00:00+02:00,641.0
2022-03-30 11:00:00+02:00,899.0
2022-03-30 12:00:00+02:00,913.0
2022-03-30 13:00:00+02:00,814.0
2022-03-30 14:00:00+02:00,765.0
2022-03-30 15:00:00+02:00,195.0
2022-03-30 16:00:00+02:00,0.0
2022-03-30 17:00:00+02:00,139.0
2022-03-30 18:00:00+02:00,981.0
2022-03-30 19:00:00+02:00,1484.0
2022-03-30 20:00:00+02:00,1518.0
2022-03-30 21:00:00+02:00,595.0
2022-03-30 22:00:00+02:00,290.0
2022-03-30 23:00:00+02:00,445.0
2022-03-31 00:00:00+02:00,805.0
2022-03-31 01:00:00+02:00,901.0
2022-03-31 02:00:00+02:00,755.0
2022-03-31 03:00:00+02:00,212.0
2022-03-31 04:00:00+02:00,0.0
2022-03-31 05:00:00+02:00,0.0
2022-03-31 06:00:00+02:00,207.0
2022-03-31 07:00:00+02:00,818.0
2022-03-31 08:00:00+02:00,1456.0
2022-03-31 09:00:00+02:00,916.0
2022-03-31 10:00:00+02:00,507.0
2022-03-31 11:00:00+02:00,0.0
2022-03-31 12:00:00+02:00,0.0
2022-03-31 13:00:00+02:00,0.0
2022-03-31 14:00:00+02:00,0.0
2022-03-31 15:00:00+02:00,0.0
2022-03-31 16:00:00+02:00,0.0
2022-03-31 17:00:00+02:00,0.0
2022-03-31 18:00:00+02:00,0.0
2022-03-31 19:00:00+02:00,0.0
2022-03-31 20:00:00+02:00,582.0
2022-03-31 21:00:00+02:00,622.0
2022-03-31 22:00:00+02:00,264.0
2022-03-31 23:00:00+02:00,661.0
2022-04-01 00:00:00+02:00,0.0
2022-04-01 01:00:00+02:00,0.0
2022-04-01 02:00:00+02:00,0.0
2022-04-01 03:00:00+02:00,0.0
2022-04-01 04:00:00+02:00,0.0
2022-04-01 05:00:00+02:00,0.0
2022-04-01 06:00:00+02:00,1112.0
2022-04-01 07:00:00+02:00,1214.0
2022-04-01 08:00:00+02:00,1095.0
2022-04-01 09:00:00+02:00,993.0
2022-04-01 10:00:00+02:00,481.0
2022-04-01 11:00:00+02:00,553.0
2022-04-01 12:00:00+02:00,857.0
2022-04-01 13:00:00+02:00,427.0
2022-04-01 14:00:00+02:00,0.0
2022-04-01 15:00:00+02:00,0.0
2022-04-01 16:00:00+02:00,0.0
2022-04-01 17:00:00+02:00,0.0
2022-04-01 18:00:00+02:00,300.0
2022-04-01 19:00:00+02:00,1053.0
2022-04-01 20:00:00+02:00,1295.0
2022-04-01 21:00:00+02:00,1048.0
2022-04-01 22:00:00+02:00,436.0
2022-04-01 23:00:00+02:00,78.0
2022-04-02 00:00:00+02:00,85.0
2022-04-02 01:00:00+02:00,57.0
2022-04-02 02:00:00+02:00,241.0
2022-04-02 03:00:00+02:00,0.0
2022-04-02 04:00:00+02:00,16.0
2022-04-02 05:00:00+02:00,140.0
2022-04-02 06:00:00+02:00,0.0
2022-04-02 07:00:00+02:00,217.0
2022-04-02 08:00:00+02:00,1021.0
2022-04-02 09:00:00+02:00,1548.0
2022-04-02 10:00:00+02:00,1196.0
2022-04-02 11:00:00+02:00,676.0
2022-04-02 12:00:00+02:00,583.0
2022-04-02 13:00:00+02:00,153.0
2022-04-02 14:00:00+02:00,0.0
2022-04-02 15:00:00+02:00,0.0
2022-04-02 16:00:00+02:00,42.0
2022-04-02 17:00:00+02:00,1152.0
2022-04-02 18:00:00+02:00,2283.0
2022-04-02 19:00:00+02:00,2582.0
2022-04-02 20:00:00+02:00,2845.0
2022-04-02 21:00:00+02:00,2892.0
2022-04-02 22:00:00+02:00,2593.0
2022-04-02 23:00:00+02:00,3012.0
2022-04-03 00:00:00+02:00,3434.0
2022-04-03 01:00:00+02:00,3254.0
2022-04-03 02:00:00+02:00,3182.0
2022-04-03 03:00:00+02:00,2581.0
2022-04-03 04:00:00+02:00,2747.0
2022-04-03 05:00:00+02:00,2582.0
2022-04-03 06:00:00+02:00,2674.0
2022-04-03 07:00:00+02:00,2846.0
2022-04-03 08:00:00+02:00,3198.0
2022-04-03 09:00:00+02:00,2966.0
2022-04-03 10:00:00+02:00,1703.0
2022-04-03 11:00:00+02:00,1110.0
2022-04-03 12:00:00+02:00,1123.0
2022-04-03 13:00:00+02:00,904.0
2022-04-03 14:00:00+02:00,949.0
2022-04-03 15:00:00+02:00,518.0
2022-04-03 16:00:00+02:00,221.0
2022-04-03 17:00:00+02:00,480.0
2022-04-03 18:00:00+02:00,1464.0
2022-04-03 19:00:00+02:00,2472.0
2022-04-03 20:00:00+02:00,2758.0
2022-04-03 21:00:00+02:00,2709.0
2022-04-03 22:00:00+02:00,2590.0
2022-04-03 23:00:00+02:00,2017.0
2022-04-04 00:00:00+02:00,1394.0
2022-04-04 01:00:00+02:00,1172.0
2022-04-04 02:00:00+02:00,1252.0
2022-04-04 03:00:00+02:00,1086.0
2022-04-04 04:00:00+02:00,1067.0
2022-04-04 05:00:00+02:00,1387.0
2022-04-04 06:00:00+02:00,1828.0
2022-04-04 07:00:00+02:00,1853.0
2022-04-04 08:00:00+02:00,1600.0
2022-04-04 09:00:00+02:00,1312.0
2022-04-04 10:00:00+02:00,896.0
2022-04-04 11:00:00+02:00,293.0
2022-04-04 12:00:00+02:00,0.0
2022-04-04 13:00:00+02:00,0.0
2022-04-04 14:00:00+02:00,0.0
2022-04-04 15:00:00+02:00,0.0
2022-04-04 16:00:00+02:00,0.0
2022-04-04 17:00:00+02:00,0.0
2022-04-04 18:00:00+02:00,0.0
2022-04-04 19:00:00+02:00,277.0
2022-04-04 20:00:00+02:00,393.0
2022-04-04 21:00:00+02:00,92.0
2022-04-04 22:00:00+02:00,431.0
2022-04-04 23:00:00+02:00,451.0
2022-04-05 00:00:00+02:00,125.0
2022-04-05 01:00:00+02:00,0.0
2022-04-05 02:00:00+02:00,0.0
2022-04-05 03:00:00+02:00,0.0
2022-04-05 04:00:00+02:00,0.0
2022-04-05 05:00:00+02:00,0.0
2022-04-05 06:00:00+02:00,938.0
2022-04-05 07:00:00+02:00,1731.0
2022-04-05 08:00:00+02:00,2022.0
2022-04-05 09:00:00+02:00,1887.0
2022-04-05 10:00:00+02:00,1881.0
2022-04-05 11:00:00+02:00,1654.0
2022-04-05 12:00:00+02:00,1642.0
2022-04-05 13:00:00+02:00,1191.0
2022-04-05 14:00:00+02:00,646.0
2022-04-05 15:00:00+02:00,320.0
2022-04-05 16:00:00+02:00,286.0
2022-04-05 17:00:00+02:00,282.0
2022-04-05 18:00:00+02:00,329.0
2022-04-05 19:00:00+02:00,768.0
2022-04-05 20:00:00+02:00,859.0
2022-04-05 21:00:00+02:00,507.0
2022-04-05 22:00:00+02:00,232.0
2022-04-05 23:00:00+02:00,823.0
2022-04-06 00:00:00+02:00,572.0
2022-04-06 01:00:00+02:00,129.0
2022-04-06 02:00:00+02:00,158.0
2022-04-06 03:00:00+02:00,0.0
2022-04-06 04:00:00+02:00,0.0
2022-04-06 05:00:00+02:00,0.0
2022-04-06 06:00:00+02:00,244.0
2022-04-06 07:00:00+02:00,915.0
2022-04-06 08:00:00+02:00,1215.0
2022-04-06 09:00:00+02:00,1103.0
2022-04-06 10:00:00+02:00,793.0
2022-04-06 11:00:00+02:00,505.0
2022-04-06 12:00:00+02:00,214.0
2022-04-06 13:00:00+02:00,169.0
2022-04-06 14:00:00+02:00,0.0
2022-04-06 15:00:00+02:00,0.0
2022-04-06 16:00:00+02:00,0.0
2022-04-06 17:00:00+02:00,0.0
2022-04-06 18:00:00+02:00,0.0
2022-04-06 19:00:00+02:00,0.0
2022-04-06 20:00:00+02:00,0.0
2022-04-06 21:00:00+02:00,0.0
2022-04-06 22:00:00+02:00,0.0
2022-04-06 23:00:00+02:00,0.0
2022-04-07 00:00:00+02:00,0.0
2022-04-07 01:00:00+02:00,0.0
2022-04-07 02:00:00+02:00,0.0
2022-04-07 03:00:00+02:00,0.0
2022-04-07 04:00:00+02:00,0.0
2022-04-07 05:00:00+02:00,0.0
2022-04-07 06:00:00+02:00,0.0
2022-04-07 07:00:00+02:00,0.0
2022-04-07 08:00:00+02:00,0.0
2022-04-07 09:00:00+02:00,0.0
2022-04-07 10:00:00+02:00,0.0
2022-04-07 11:00:00+02:00,0.0
2022-04-07 12:00:00+02:00,0.0
2022-04-07 13:00:00+02:00,0.0
2022-04-07 14:00:00+02:00,0.0
2022-04-07 15:00:00+02:00,0.0
2022-04-07 16:00:00+02:00,0.0
2022-04-07 17:00:00+02:00,0.0
2022-04-07 18:00:00+02:00,0.0
2022-04-07 19:00:00+02:00,0.0
2022-04-07 20:00:00+02:00,0.0
2022-04-07 21:00:00+02:00,0.0
2022-04-07 22:00:00+02:00,0.0
2022-04-07 23:00:00+02:00,0.0
2022-04-08 00:00:00+02:00,0.0
2022-04-08 01:00:00+02:00,0.0
2022-04-08 02:00:00+02:00,0.0
2022-04-08 03:00:00+02:00,0.0
2022-04-08 04:00:00+02:00,0.0
2022-04-08 05:00:00+02:00,0.0
2022-04-08 06:00:00+02:00,0.0
2022-04-08 07:00:00+02:00,314.0
2022-04-08 08:00:00+02:00,1177.0
2022-04-08 09:00:00+02:00,1641.0
2022-04-08 10:00:00+02:00,1597.0
2022-04-08 11:00:00+02:00,1102.0
2022-04-08 12:00:00+02:00,1199.0
2022-04-08 13:00:00+02:00,993.0
2022-04-08 14:00:00+02:00,544.0
2022-04-08 15:00:00+02:00,422.0
2022-04-08 16:00:00+02:00,406.0
2022-04-08 17:00:00+02:00,0.0
2022-04-08 18:00:00+02:00,158.0
2022-04-08 19:00:00+02:00,217.0
2022-04-08 20:00:00+02:00,211.0
2022-04-08 21:00:00+02:00,0.0
2022-04-08 22:00:00+02:00,34.0
2022-04-08 23:00:00+02:00,507.0
2022-04-09 00:00:00+02:00,0.0
2022-04-09 01:00:00+02:00,0.0
2022-04-09 02:00:00+02:00,0.0
2022-04-09 03:00:00+02:00,0.0
2022-04-09 04:00:00+02:00,0.0
2022-04-09 05:00:00+02:00,0.0
2022-04-09 06:00:00+02:00,0.0
2022-04-09 07:00:00+02:00,85.0
2022-04-09 08:00:00+02:00,639.0
2022-04-09 09:00:00+02:00,548.0
2022-04-09 10:00:00+02:00,79.0
2022-04-09 11:00:00+02:00,83.0
2022-04-09 12:00:00+02:00,414.0
2022-04-09 13:00:00+02:00,553.0
2022-04-09 14:00:00+02:00,387.0
2022-04-09 15:00:00+02:00,116.0
2022-04-09 16:00:00+02:00,0.0
2022-04-09 17:00:00+02:00,0.0
2022-04-09 18:00:00+02:00,0.0
2022-04-09 19:00:00+02:00,180.0
2022-04-09 20:00:00+02:00,843.0
2022-04-09 21:00:00+02:00,1368.0
2022-04-09 22:00:00+02:00,1599.0
2022-04-09 23:00:00+02:00,1485.0
2022-04-10 00:00:00+02:00,1449.0
2022-04-10 01:00:00+02:00,1386.0
2022-04-10 02:00:00+02:00,1395.0
2022-04-10 03:00:00+02:00,1175.0
2022-04-10 04:00:00+02:00,1320.0
2022-04-10 05:00:00+02:00,1261.0
2022-04-10 06:00:00+02:00,1021.0
2022-04-10 07:00:00+02:00,1344.0
2022-04-10 08:00:00+02:00,1550.0
2022-04-10 09:00:00+02:00,1677.0
2022-04-10 10:00:00+02:00,1412.0
2022-04-10 11:00:00+02:00,980.0
2022-04-10 12:00:00+02:00,1138.0
2022-04-10 13:00:00+02:00,1152.0
2022-04-10 14:00:00+02:00,1023.0
2022-04-10 15:00:00+02:00,644.0
2022-04-10 16:00:00+02:00,221.0
2022-04-10 17:00:00+02:00,324.0
2022-04-10 18:00:00+02:00,200.0
2022-04-10 19:00:00+02:00,710.0
2022-04-10 20:00:00+02:00,1061.0
2022-04-10 21:00:00+02:00,251.0
2022-04-10 22:00:00+02:00,0.0
2022-04-10 23:00:00+02:00,14.0
2022-04-11 00:00:00+02:00,177.0
2022-04-11 01:00:00+02:00,0.0
2022-04-11 02:00:00+02:00,0.0
2022-04-11 03:00:00+02:00,0.0
2022-04-11 04:00:00+02:00,0.0
2022-04-11 05:00:00+02:00,0.0
2022-04-11 06:00:00+02:00,0.0
2022-04-11 07:00:00+02:00,453.0
2022-04-11 08:00:00+02:00,902.0
2022-04-11 09:00:00+02:00,461.0
2022-04-11 10:00:00+02:00,0.0
2022-04-11 11:00:00+02:00,0.0
2022-04-11 12:00:00+02:00,109.0
2022-04-11 13:00:00+02:00,0.0
2022-04-11 14:00:00+02:00,0.0
2022-04-11 15:00:00+02:00,0.0
2022-04-11 16:00:00+02:00,0.0
2022-04-11 17:00:00+02:00,0.0
2022-04-11 18:00:00+02:00,0.0
2022-04-11 19:00:00+02:00,0.0
2022-04-11 20:00:00+02:00,0.0
2022-04-11 21:00:00+02:00,0.0
2022-04-11 22:00:00+02:00,0.0
2022-04-11 23:00:00+02:00,0.0
2022-04-12 00:00:00+02:00,0.0
2022-04-12 01:00:00+02:00,0.0
2022-04-12 02:00:00+02:00,0.0
2022-04-12 03:00:00+02:00,0.0
2022-04-12 04:00:00+02:00,0.0
2022-04-12 05:00:00+02:00,0.0
2022-04-12 06:00:00+02:00,0.0
2022-04-12 07:00:00+02:00,0.0
2022-04-12 08:00:00+02:00,0.0
2022-04-12 09:00:00+02:00,0.0
2022-04-12 10:00:00+02:00,0.0
2022-04-12 11:00:00+02:00,0.0
2022-04-12 12:00:00+02:00,20.0
2022-04-12 13:00:00+02:00,0.0
2022-04-12 14:00:00+02:00,0.0
2022-04-12 15:00:00+02:00,0.0
2022-04-12 16:00:00+02:00,0.0
2022-04-12 17:00:00+02:00,0.0
2022-04-12 18:00:00+02:00,0.0
2022-04-12 19:00:00+02:00,338.0
2022-04-12 20:00:00+02:00,95.0
2022-04-12 21:00:00+02:00,194.0
2022-04-12 22:00:00+02:00,0.0
2022-04-12 23:00:00+02:00,0.0
2022-04-13 00:00:00+02:00,175.0
2022-04-13 01:00:00+02:00,0.0
2022-04-13 02:00:00+02:00,0.0
2022-04-13 03:00:00+02:00,0.0
2022-04-13 04:00:00+02:00,175.0
2022-04-13 05:00:00+02:00,0.0
2022-04-13 06:00:00+02:00,0.0
2022-04-13 07:00:00+02:00,781.0
2022-04-13 08:00:00+02:00,1997.0
2022-04-13 09:00:00+02:00,2026.0
2022-04-13 10:00:00+02:00,1409.0
2022-04-13 11:00:00+02:00,932.0
2022-04-13 12:00:00+02:00,1229.0
2022-04-13 13:00:00+02:00,950.0
2022-04-13 14:00:00+02:00,553.0
2022-04-13 15:00:00+02:00,118.0
2022-04-13 16:00:00+02:00,0.0
2022-04-13 17:00:00+02:00,0.0
2022-04-13 18:00:00+02:00,170.0
2022-04-13 19:00:00+02:00,1171.0
2022-04-13 20:00:00+02:00,861.0
2022-04-13 21:00:00+02:00,351.0
2022-04-13 22:00:00+02:00,38.0
2022-04-13 23:00:00+02:00,29.0
2022-04-14 00:00:00+02:00,0.0
2022-04-14 01:00:00+02:00,0.0
2022-04-14 02:00:00+02:00,0.0
2022-04-14 03:00:00+02:00,0.0
2022-04-14 04:00:00+02:00,0.0
2022-04-14 05:00:00+02:00,0.0
2022-04-14 06:00:00+02:00,0.0
2022-04-14 07:00:00+02:00,77.0
2022-04-14 08:00:00+02:00,1009.0
2022-04-14 09:00:00+02:00,902.0
2022-04-14 10:00:00+02:00,505.0
2022-04-14 11:00:00+02:00,134.0
2022-04-14 12:00:00+02:00,236.0
2022-04-14 13:00:00+02:00,0.0
2022-04-14 14:00:00+02:00,0.0
2022-04-14 15:00:00+02:00,0.0
2022-04-14 16:00:00+02:00,0.0
2022-04-14 17:00:00+02:00,0.0
2022-04-14 18:00:00+02:00,0.0
2022-04-14 19:00:00+02:00,0.0
2022-04-14 20:00:00+02:00,0.0
2022-04-14 21:00:00+02:00,0.0
2022-04-14 22:00:00+02:00,0.0
2022-04-14 23:00:00+02:00,0.0
2022-04-15 00:00:00+02:00,329.0
2022-04-15 01:00:00+02:00,189.0
2022-04-15 02:00:00+02:00,0.0
2022-04-15 03:00:00+02:00,0.0
2022-04-15 04:00:00+02:00,0.0
2022-04-15 05:00:00+02:00,0.0
2022-04-15 06:00:00+02:00,448.0
2022-04-15 07:00:00+02:00,994.0
2022-04-15 08:00:00+02:00,1096.0
2022-04-15 09:00:00+02:00,757.0
2022-04-15 10:00:00+02:00,584.0
2022-04-15 11:00:00+02:00,347.0
2022-04-15 12:00:00+02:00,338.0
2022-04-15 13:00:00+02:00,688.0
2022-04-15 14:00:00+02:00,472.0
2022-04-15 15:00:00+02:00,0.0
2022-04-15 16:00:00+02:00,0.0
2022-04-15 17:00:00+02:00,0.0
2022-04-15 18:00:00+02:00,0.0
2022-04-15 19:00:00+02:00,149.0
2022-04-15 20:00:00+02:00,814.0
2022-04-15 21:00:00+02:00,841.0
2022-04-15 22:00:00+02:00,570.0
2022-04-15 23:00:00+02:00,215.0
2022-04-16 00:00:00+02:00,304.0
2022-04-16 01:00:00+02:00,228.0
2022-04-16 02:00:00+02:00,0.0
2022-04-16 03:00:00+02:00,0.0
2022-04-16 04:00:00+02:00,0.0
2022-04-16 05:00:00+02:00,0.0
2022-04-16 06:00:00+02:00,34.0
2022-04-16 07:00:00+02:00,138.0
2022-04-16 08:00:00+02:00,451.0
2022-04-16 09:00:00+02:00,0.0
2022-04-16 10:00:00+02:00,0.0
2022-04-16 11:00:00+02:00,0.0
2022-04-16 12:00:00+02:00,0.0
2022-04-16 13:00:00+02:00,0.0
2022-04-16 14:00:00+02:00,0.0
2022-04-16 15:00:00+02:00,0.0
2022-04-16 16:00:00+02:00,0.0
2022-04-16 17:00:00+02:00,0.0
2022-04-16 18:00:00+02:00,0.0
2022-04-16 19:00:00+02:00,0.0
2022-04-16 20:00:00+02:00,0.0
2022-04-16 21:00:00+02:00,0.0
2022-04-16 22:00:00+02:00,0.0
2022-04-16 23:00:00+02:00,0.0
2022-04-17 00:00:00+02:00,0.0
2022-04-17 01:00:00+02:00,0.0
2022-04-17 02:00:00+02:00,0.0
2022-04-17 03:00:00+02:00,0.0
2022-04-17 04:00:00+02:00,0.0
2022-04-17 05:00:00+02:00,0.0
2022-04-17 06:00:00+02:00,0.0
2022-04-17 07:00:00+02:00,136.0
2022-04-17 08:00:00+02:00,904.0
2022-04-17 09:00:00+02:00,1421.0
2022-04-17 10:00:00+02:00,1245.0
2022-04-17 11:00:00+02:00,1397.0
2022-04-17 12:00:00+02:00,1454.0
2022-04-17 13:00:00+02:00,1474.0
2022-04-17 14:00:00+02:00,1056.0
2022-04-17 15:00:00+02:00,453.0
2022-04-17 16:00:00+02:00,3.0
2022-04-17 17:00:00+02:00,0.0
2022-04-17 18:00:00+02:00,0.0
2022-04-17 19:00:00+02:00,0.0
2022-04-17 20:00:00+02:00,0.0
2022-04-17 21:00:00+02:00,0.0
2022-04-17 22:00:00+02:00,0.0
2022-04-17 23:00:00+02:00,0.0
2022-04-18 00:00:00+02:00,0.0
2022-04-18 01:00:00+02:00,0.0
2022-04-18 02:00:00+02:00,0.0
2022-04-18 03:00:00+02:00,0.0
2022-04-18 04:00:00+02:00,0.0
2022-04-18 05:00:00+02:00,0.0
2022-04-18 06:00:00+02:00,0.0
2022-04-18 07:00:00+02:00,0.0
2022-04-18 08:00:00+02:00,763.0
2022-04-18 09:00:00+02:00,1228.0
2022-04-18 10:00:00+02:00,1539.0
2022-04-18 11:00:00+02:00,1836.0
2022-04-18 12:00:00+02:00,1824.0
2022-04-18 13:00:00+02:00,1810.0
2022-04-18 14:00:00+02:00,1504.0
2022-04-18 15:00:00+02:00,987.0
2022-04-18 16:00:00+02:00,164.0
2022-04-18 17:00:00+02:00,0.0
2022-04-18 18:00:00+02:00,0.0
2022-04-18 19:00:00+02:00,0.0
2022-04-18 20:00:00+02:00,0.0
2022-04-18 21:00:00+02:00,0.0
2022-04-18 22:00:00+02:00,0.0
2022-04-18 23:00:00+02:00,0.0
2022-04-19 00:00:00+02:00,0.0
2022-04-19 01:00:00+02:00,0.0
2022-04-19 02:00:00+02:00,0.0
2022-04-19 03:00:00+02:00,0.0
2022-04-19 04:00:00+02:00,0.0
2022-04-19 05:00:00+02:00,0.0
2022-04-19 06:00:00+02:00,0.0
2022-04-19 07:00:00+02:00,0.0
2022-04-19 08:00:00+02:00,465.0
2022-04-19 09:00:00+02:00,92.0
2022-04-19 10:00:00+02:00,0.0
2022-04-19 11:00:00+02:00,0.0
2022-04-19 12:00:00+02:00,0.0
2022-04-19 13:00:00+02:00,0.0
2022-04-19 14:00:00+02:00,0.0
2022-04-19 15:00:00+02:00,0.0
2022-04-19 16:00:00+02:00,0.0
2022-04-19 17:00:00+02:00,0.0
2022-04-19 18:00:00+02:00,0.0
2022-04-19 19:00:00+02:00,0.0
2022-04-19 20:00:00+02:00,0.0
2022-04-19 21:00:00+02:00,0.0
2022-04-19 22:00:00+02:00,0.0
2022-04-19 23:00:00+02:00,0.0
2022-04-20 00:00:00+02:00,0.0
2022-04-20 01:00:00+02:00,0.0
2022-04-20 02:00:00+02:00,0.0
2022-04-20 03:00:00+02:00,0.0
2022-04-20 04:00:00+02:00,0.0
2022-04-20 05:00:00+02:00,0.0
2022-04-20 06:00:00+02:00,0.0
2022-04-20 07:00:00+02:00,0.0
2022-04-20 08:00:00+02:00,0.0
2022-04-20 09:00:00+02:00,0.0
2022-04-20 10:00:00+02:00,0.0
2022-04-20 11:00:00+02:00,0.0
2022-04-20 12:00:00+02:00,103.0
2022-04-20 13:00:00+02:00,0.0
2022-04-20 14:00:00+02:00,0.0
2022-04-20 15:00:00+02:00,0.0
2022-04-20 16:00:00+02:00,0.0
2022-04-20 17:00:00+02:00,0.0
2022-04-20 18:00:00+02:00,0.0
2022-04-20 19:00:00+02:00,0.0
2022-04-20 20:00:00+02:00,0.0
2022-04-20 21:00:00+02:00,0.0
2022-04-20 22:00:00+02:00,0.0
2022-04-20 23:00:00+02:00,0.0
2022-04-21 00:00:00+02:00,0.0
2022-04-21 01:00:00+02:00,0.0
2022-04-21 02:00:00+02:00,0.0
2022-04-21 03:00:00+02:00,0.0
2022-04-21 04:00:00+02:00,0.0
2022-04-21 05:00:00+02:00,0.0
2022-04-21 06:00:00+02:00,0.0
2022-04-21 07:00:00+02:00,0.0
2022-04-21 08:00:00+02:00,5.0
2022-04-21 09:00:00+02:00,285.0
2022-04-21 10:00:00+02:00,0.0
2022-04-21 11:00:00+02:00,0.0
2022-04-21 12:00:00+02:00,0.0
2022-04-21 13:00:00+02:00,0.0
2022-04-21 14:00:00+02:00,0.0
2022-04-21 15:00:00+02:00,0.0
2022-04-21 16:00:00+02:00,0.0
2022-04-21 17:00:00+02:00,0.0
2022-04-21 18:00:00+02:00,0.0
2022-04-21 19:00:00+02:00,0.0
2022-04-21 20:00:00+02:00,0.0
2022-04-21 21:00:00+02:00,0.0
2022-04-21 22:00:00+02:00,0.0
2022-04-21 23:00:00+02:00,0.0
2022-04-22 00:00:00+02:00,0.0
2022-04-22 01:00:00+02:00,0.0
2022-04-22 02:00:00+02:00,0.0
2022-04-22 03:00:00+02:00,0.0
2022-04-22 04:00:00+02:00,0.0
2022-04-22 05:00:00+02:00,0.0
2022-04-22 06:00:00+02:00,0.0
2022-04-22 07:00:00+02:00,0.0
2022-04-22 08:00:00+02:00,9.0
2022-04-22 09:00:00+02:00,527.0
2022-04-22 10:00:00+02:00,119.0
2022-04-22 11:00:00+02:00,0.0
2022-04-22 12:00:00+02:00,112.0
2022-04-22 13:00:00+02:00,0.0
2022-04-22 14:00:00+02:00,0.0
2022-04-22 15:00:00+02:00,0.0
2022-04-22 16:00:00+02:00,0.0
2022-04-22 17:00:00+02:00,0.0
2022-04-22 18:00:00+02:00,0.0
2022-04-22 19:00:00+02:00,0.0
2022-04-22 20:00:00+02:00,89.0
2022-04-22 21:00:00+02:00,0.0
2022-04-22 22:00:00+02:00,0.0
2022-04-22 23:00:00+02:00,0.0
2022-04-23 00:00:00+02:00,0.0
2022-04-23 01:00:00+02:00,0.0
2022-04-23 02:00:00+02:00,0.0
2022-04-23 03:00:00+02:00,0.0
2022-04-23 04:00:00+02:00,0.0
2022-04-23 05:00:00+02:00,0.0
2022-04-23 06:00:00+02:00,0.0
2022-04-23 07:00:00+02:00,0.0
2022-04-23 08:00:00+02:00,0.0
2022-04-23 09:00:00+02:00,0.0
2022-04-23 10:00:00+02:00,0.0
2022-04-23 11:00:00+02:00,0.0
2022-04-23 12:00:00+02:00,0.0
2022-04-23 13:00:00+02:00,0.0
2022-04-23 14:00:00+02:00,0.0
2022-04-23 15:00:00+02:00,0.0
2022-04-23 16:00:00+02:00,0.0
2022-04-23 17:00:00+02:00,0.0
2022-04-23 18:00:00+02:00,0.0
2022-04-23 19:00:00+02:00,0.0
2022-04-23 20:00:00+02:00,50.0
2022-04-23 21:00:00+02:00,0.0
2022-04-23 22:00:00+02:00,0.0
2022-04-23 23:00:00+02:00,0.0
2022-04-24 00:00:00+02:00,0.0
2022-04-24 01:00:00+02:00,0.0
2022-04-24 02:00:00+02:00,0.0
2022-04-24 03:00:00+02:00,0.0
2022-04-24 04:00:00+02:00,0.0
2022-04-24 05:00:00+02:00,0.0
2022-04-24 06:00:00+02:00,0.0
2022-04-24 07:00:00+02:00,0.0
2022-04-24 08:00:00+02:00,0.0
2022-04-24 09:00:00+02:00,0.0
2022-04-24 10:00:00+02:00,0.0
2022-04-24 11:00:00+02:00,0.0
2022-04-24 12:00:00+02:00,0.0
2022-04-24 13:00:00+02:00,0.0
2022-04-24 14:00:00+02:00,0.0
2022-04-24 15:00:00+02:00,0.0
2022-04-24 16:00:00+02:00,0.0
2022-04-24 17:00:00+02:00,0.0
2022-04-24 18:00:00+02:00,0.0
2022-04-24 19:00:00+02:00,0.0
2022-04-24 20:00:00+02:00,517.0
2022-04-24 21:00:00+02:00,1015.0
2022-04-24 22:00:00+02:00,962.0
2022-04-24 23:00:00+02:00,832.0
2022-04-25 00:00:00+02:00,1068.0
2022-04-25 01:00:00+02:00,1383.0
2022-04-25 02:00:00+02:00,1381.0
2022-04-25 03:00:00+02:00,1179.0
2022-04-25 04:00:00+02:00,1124.0
2022-04-25 05:00:00+02:00,779.0
2022-04-25 06:00:00+02:00,537.0
2022-04-25 07:00:00+02:00,1236.0
2022-04-25 08:00:00+02:00,1699.0
2022-04-25 09:00:00+02:00,1292.0
2022-04-25 10:00:00+02:00,443.0
2022-04-25 11:00:00+02:00,0.0
2022-04-25 12:00:00+02:00,74.0
2022-04-25 13:00:00+02:00,0.0
2022-04-25 14:00:00+02:00,0.0
2022-04-25 15:00:00+02:00,0.0
2022-04-25 16:00:00+02:00,0.0
2022-04-25 17:00:00+02:00,0.0
2022-04-25 18:00:00+02:00,0.0
2022-04-25 19:00:00+02:00,1002.0
2022-04-25 20:00:00+02:00,760.0
2022-04-25 21:00:00+02:00,763.0
2022-04-25 22:00:00+02:00,516.0
2022-04-25 23:00:00+02:00,217.0
2022-04-26 00:00:00+02:00,0.0
2022-04-26 01:00:00+02:00,0.0
2022-04-26 02:00:00+02:00,0.0
2022-04-26 03:00:00+02:00,0.0
2022-04-26 04:00:00+02:00,0.0
2022-04-26 05:00:00+02:00,0.0
2022-04-26 06:00:00+02:00,0.0
2022-04-26 07:00:00+02:00,0.0
2022-04-26 08:00:00+02:00,0.0
2022-04-26 09:00:00+02:00,0.0
2022-04-26 10:00:00+02:00,0.0
2022-04-26 11:00:00+02:00,0.0
2022-04-26 12:00:00+02:00,0.0
2022-04-26 13:00:00+02:00,0.0
2022-04-26 14:00:00+02:00,0.0
2022-04-26 15:00:00+02:00,0.0
2022-04-26 16:00:00+02:00,0.0
2022-04-26 17:00:00+02:00,0.0
2022-04-26 18:00:00+02:00,0.0
2022-04-26 19:00:00+02:00,0.0
2022-04-26 20:00:00+02:00,0.0
2022-04-26 21:00:00+02:00,0.0
2022-04-26 22:00:00+02:00,0.0
2022-04-26 23:00:00+02:00,0.0
2022-04-27 00:00:00+02:00,0.0
2022-04-27 01:00:00+02:00,0.0
2022-04-27 02:00:00+02:00,0.0
2022-04-27 03:00:00+02:00,0.0
2022-04-27 04:00:00+02:00,0.0
2022-04-27 05:00:00+02:00,0.0
2022-04-27 06:00:00+02:00,0.0
2022-04-27 07:00:00+02:00,0.0
2022-04-27 08:00:00+02:00,0.0
2022-04-27 09:00:00+02:00,0.0
2022-04-27 10:00:00+02:00,0.0
2022-04-27 11:00:00+02:00,0.0
2022-04-27 12:00:00+02:00,0.0
2022-04-27 13:00:00+02:00,0.0
2022-04-27 14:00:00+02:00,0.0
2022-04-27 15:00:00+02:00,0.0
2022-04-27 16:00:00+02:00,0.0
2022-04-27 17:00:00+02:00,0.0
2022-04-27 18:00:00+02:00,0.0
2022-04-27 19:00:00+02:00,0.0
2022-04-27 20:00:00+02:00,0.0
2022-04-27 21:00:00+02:00,0.0
2022-04-27 22:00:00+02:00,0.0
2022-04-27 23:00:00+02:00,0.0
2022-04-28 00:00:00+02:00,0.0
2022-04-28 01:00:00+02:00,0.0
2022-04-28 02:00:00+02:00,0.0
2022-04-28 03:00:00+02:00,0.0
2022-04-28 04:00:00+02:00,0.0
2022-04-28 05:00:00+02:00,0.0
2022-04-28 06:00:00+02:00,0.0
2022-04-28 07:00:00+02:00,112.0
2022-04-28 08:00:00+02:00,42.0
2022-04-28 09:00:00+02:00,0.0
2022-04-28 10:00:00+02:00,0.0
2022-04-28 11:00:00+02:00,151.0
2022-04-28 12:00:00+02:00,114.0
2022-04-28 13:00:00+02:00,0.0
2022-04-28 14:00:00+02:00,0.0
2022-04-28 15:00:00+02:00,0.0
2022-04-28 16:00:00+02:00,0.0
2022-04-28 17:00:00+02:00,0.0
2022-04-28 18:00:00+02:00,0.0
2022-04-28 19:00:00+02:00,27.0
2022-04-28 20:00:00+02:00,0.0
2022-04-28 21:00:00+02:00,0.0
2022-04-28 22:00:00+02:00,0.0
2022-04-28 23:00:00+02:00,0.0
2022-04-29 00:00:00+02:00,0.0
2022-04-29 01:00:00+02:00,0.0
2022-04-29 02:00:00+02:00,0.0
2022-04-29 03:00:00+02:00,0.0
2022-04-29 04:00:00+02:00,0.0
2022-04-29 05:00:00+02:00,0.0
2022-04-29 06:00:00+02:00,0.0
2022-04-29 07:00:00+02:00,525.0
2022-04-29 08:00:00+02:00,739.0
2022-04-29 09:00:00+02:00,1001.0
2022-04-29 10:00:00+02:00,696.0
2022-04-29 11:00:00+02:00,611.0
2022-04-29 12:00:00+02:00,737.0
2022-04-29 13:00:00+02:00,264.0
2022-04-29 14:00:00+02:00,0.0
2022-04-29 15:00:00+02:00,0.0
2022-04-29 16:00:00+02:00,0.0
2022-04-29 17:00:00+02:00,0.0
2022-04-29 18:00:00+02:00,0.0
2022-04-29 19:00:00+02:00,0.0
2022-04-29 20:00:00+02:00,0.0
2022-04-29 21:00:00+02:00,0.0
2022-04-29 22:00:00+02:00,0.0
2022-04-29 23:00:00+02:00,0.0
2022-04-30 00:00:00+02:00,0.0
2022-04-30 01:00:00+02:00,0.0
2022-04-30 02:00:00+02:00,0.0
2022-04-30 03:00:00+02:00,0.0
2022-04-30 04:00:00+02:00,0.0
2022-04-30 05:00:00+02:00,0.0
2022-04-30 06:00:00+02:00,0.0
2022-04-30 07:00:00+02:00,0.0
2022-04-30 08:00:00+02:00,0.0
2022-04-30 09:00:00+02:00,0.0
2022-04-30 10:00:00+02:00,0.0
2022-04-30 11:00:00+02:00,0.0
2022-04-30 12:00:00+02:00,0.0
2022-04-30 13:00:00+02:00,0.0
2022-04-30 14:00:00+02:00,0.0
2022-04-30 15:00:00+02:00,0.0
2022-04-30 16:00:00+02:00,0.0
2022-04-30 17:00:00+02:00,0.0
2022-04-30 18:00:00+02:00,0.0
2022-04-30 19:00:00+02:00,0.0
2022-04-30 20:00:00+02:00,0.0
2022-04-30 21:00:00+02:00,0.0
2022-04-30 22:00:00+02:00,0.0
2022-04-30 23:00:00+02:00,0.0
2022-05-01 00:00:00+02:00,0.0
2022-05-01 01:00:00+02:00,0.0
2022-05-01 02:00:00+02:00,0.0
2022-05-01 03:00:00+02:00,0.0
2022-05-01 04:00:00+02:00,0.0
2022-05-01 05:00:00+02:00,0.0
2022-05-01 06:00:00+02:00,0.0
2022-05-01 07:00:00+02:00,0.0
2022-05-01 08:00:00+02:00,0.0
2022-05-01 09:00:00+02:00,0.0
2022-05-01 10:00:00+02:00,0.0
2022-05-01 11:00:00+02:00,0.0
2022-05-01 12:00:00+02:00,0.0
2022-05-01 13:00:00+02:00,0.0
2022-05-01 14:00:00+02:00,0.0
2022-05-01 15:00:00+02:00,0.0
2022-05-01 16:00:00+02:00,0.0
2022-05-01 17:00:00+02:00,0.0
2022-05-01 18:00:00+02:00,0.0
2022-05-01 19:00:00+02:00,0.0
2022-05-01 20:00:00+02:00,0.0
2022-05-01 21:00:00+02:00,0.0
2022-05-01 22:00:00+02:00,0.0
2022-05-01 23:00:00+02:00,0.0
2022-05-02 00:00:00+02:00,0.0
2022-05-02 01:00:00+02:00,0.0
2022-05-02 02:00:00+02:00,0.0
2022-05-02 03:00:00+02:00,0.0
2022-05-02 04:00:00+02:00,0.0
2022-05-02 05:00:00+02:00,0.0
2022-05-02 06:00:00+02:00,0.0
2022-05-02 07:00:00+02:00,67.0
2022-05-02 08:00:00+02:00,64.0
2022-05-02 09:00:00+02:00,0.0
2022-05-02 10:00:00+02:00,0.0
2022-05-02 11:00:00+02:00,0.0
2022-05-02 12:00:00+02:00,0.0
2022-05-02 13:00:00+02:00,0.0
2022-05-02 14:00:00+02:00,0.0
2022-05-02 15:00:00+02:00,0.0
2022-05-02 16:00:00+02:00,0.0
2022-05-02 17:00:00+02:00,0.0
2022-05-02 18:00:00+02:00,0.0
2022-05-02 19:00:00+02:00,0.0
2022-05-02 20:00:00+02:00,0.0
2022-05-02 21:00:00+02:00,0.0
2022-05-02 22:00:00+02:00,0.0
2022-05-02 23:00:00+02:00,0.0
2022-05-03 00:00:00+02:00,0.0
2022-05-03 01:00:00+02:00,0.0
2022-05-03 02:00:00+02:00,0.0
2022-05-03 03:00:00+02:00,0.0
2022-05-03 04:00:00+02:00,0.0
2022-05-03 05:00:00+02:00,0.0
2022-05-03 06:00:00+02:00,0.0
2022-05-03 07:00:00+02:00,0.0
2022-05-03 08:00:00+02:00,126.0
2022-05-03 09:00:00+02:00,146.0
2022-05-03 10:00:00+02:00,163.0
2022-05-03 11:00:00+02:00,135.0
2022-05-03 12:00:00+02:00,464.0
2022-05-03 13:00:00+02:00,95.0
2022-05-03 14:00:00+02:00,0.0
2022-05-03 15:00:00+02:00,0.0
2022-05-03 16:00:00+02:00,0.0
2022-05-03 17:00:00+02:00,0.0
2022-05-03 18:00:00+02:00,0.0
2022-05-03 19:00:00+02:00,0.0
2022-05-03 20:00:00+02:00,0.0
2022-05-03 21:00:00+02:00,0.0
2022-05-03 22:00:00+02:00,0.0
2022-05-03 23:00:00+02:00,0.0
2022-05-04 00:00:00+02:00,0.0
2022-05-04 01:00:00+02:00,0.0
2022-05-04 02:00:00+02:00,0.0
2022-05-04 03:00:00+02:00,0.0
2022-05-04 04:00:00+02:00,0.0
2022-05-04 05:00:00+02:00,0.0
2022-05-04 06:00:00+02:00,0.0
2022-05-04 07:00:00+02:00,0.0
2022-05-04 08:00:00+02:00,0.0
2022-05-04 09:00:00+02:00,0.0
2022-05-04 10:00:00+02:00,0.0
2022-05-04 11:00:00+02:00,0.0
2022-05-04 12:00:00+02:00,0.0
2022-05-04 13:00:00+02:00,0.0
2022-05-04 14:00:00+02:00,0.0
2022-05-04 15:00:00+02:00,0.0
2022-05-04 16:00:00+02:00,0.0
2022-05-04 17:00:00+02:00,0.0
2022-05-04 18:00:00+02:00,0.0
2022-05-04 19:00:00+02:00,0.0
2022-05-04 20:00:00+02:00,0.0
2022-05-04 21:00:00+02:00,0.0
2022-05-04 22:00:00+02:00,0.0
2022-05-04 23:00:00+02:00,0.0
2022-05-05 00:00:00+02:00,0.0
2022-05-05 01:00:00+02:00,0.0
2022-05-05 02:00:00+02:00,0.0
2022-05-05 03:00:00+02:00,0.0
2022-05-05 04:00:00+02:00,0.0
2022-05-05 05:00:00+02:00,0.0
2022-05-05 06:00:00+02:00,0.0
2022-05-05 07:00:00+02:00,0.0
2022-05-05 08:00:00+02:00,0.0
2022-05-05 09:00:00+02:00,0.0
2022-05-05 10:00:00+02:00,0.0
2022-05-05 11:00:00+02:00,0.0
2022-05-05 12:00:00+02:00,0.0
2022-05-05 13:00:00+02:00,0.0
2022-05-05 14:00:00+02:00,0.0
2022-05-05 15:00:00+02:00,0.0
2022-05-05 16:00:00+02:00,0.0
2022-05-05 17:00:00+02:00,0.0
2022-05-05 18:00:00+02:00,0.0
2022-05-05 19:00:00+02:00,0.0
2022-05-05 20:00:00+02:00,0.0
2022-05-05 21:00:00+02:00,0.0
2022-05-05 22:00:00+02:00,0.0
2022-05-05 23:00:00+02:00,0.0
2022-05-06 00:00:00+02:00,0.0
2022-05-06 01:00:00+02:00,0.0
2022-05-06 02:00:00+02:00,0.0
2022-05-06 03:00:00+02:00,0.0
2022-05-06 04:00:00+02:00,0.0
2022-05-06 05:00:00+02:00,0.0
2022-05-06 06:00:00+02:00,0.0
2022-05-06 07:00:00+02:00,0.0
2022-05-06 08:00:00+02:00,295.0
2022-05-06 09:00:00+02:00,0.0
2022-05-06 10:00:00+02:00,0.0
2022-05-06 11:00:00+02:00,0.0
2022-05-06 12:00:00+02:00,0.0
2022-05-06 13:00:00+02:00,0.0
2022-05-06 14:00:00+02:00,0.0
2022-05-06 15:00:00+02:00,0.0
2022-05-06 16:00:00+02:00,0.0
2022-05-06 17:00:00+02:00,0.0
2022-05-06 18:00:00+02:00,0.0
2022-05-06 19:00:00+02:00,0.0
2022-05-06 20:00:00+02:00,0.0
2022-05-06 21:00:00+02:00,0.0
2022-05-06 22:00:00+02:00,0.0
2022-05-06 23:00:00+02:00,0.0
2022-05-07 00:00:00+02:00,0.0
2022-05-07 01:00:00+02:00,0.0
2022-05-07 02:00:00+02:00,0.0
2022-05-07 03:00:00+02:00,0.0
2022-05-07 04:00:00+02:00,0.0
2022-05-07 05:00:00+02:00,0.0
2022-05-07 06:00:00+02:00,0.0
2022-05-07 07:00:00+02:00,0.0
2022-05-07 08:00:00+02:00,0.0
2022-05-07 09:00:00+02:00,0.0
2022-05-07 10:00:00+02:00,0.0
2022-05-07 11:00:00+02:00,0.0
2022-05-07 12:00:00+02:00,0.0
2022-05-07 13:00:00+02:00,0.0
2022-05-07 14:00:00+02:00,0.0
2022-05-07 15:00:00+02:00,0.0
2022-05-07 16:00:00+02:00,0.0
2022-05-07 17:00:00+02:00,0.0
2022-05-07 18:00:00+02:00,0.0
2022-05-07 19:00:00+02:00,0.0
2022-05-07 20:00:00+02:00,0.0
2022-05-07 21:00:00+02:00,0.0
2022-05-07 22:00:00+02:00,0.0
2022-05-07 23:00:00+02:00,0.0
2022-05-08 00:00:00+02:00,0.0
2022-05-08 01:00:00+02:00,0.0
2022-05-08 02:00:00+02:00,0.0
2022-05-08 03:00:00+02:00,0.0
2022-05-08 04:00:00+02:00,0.0
2022-05-08 05:00:00+02:00,0.0
2022-05-08 06:00:00+02:00,0.0
2022-05-08 07:00:00+02:00,0.0
2022-05-08 08:00:00+02:00,0.0
2022-05-08 09:00:00+02:00,0.0
2022-05-08 10:00:00+02:00,0.0
2022-05-08 11:00:00+02:00,0.0
2022-05-08 12:00:00+02:00,0.0
2022-05-08 13:00:00+02:00,0.0
2022-05-08 14:00:00+02:00,0.0
2022-05-08 15:00:00+02:00,0.0
2022-05-08 16:00:00+02:00,0.0
2022-05-08 17:00:00+02:00,0.0
2022-05-08 18:00:00+02:00,0.0
2022-05-08 19:00:00+02:00,0.0
2022-05-08 20:00:00+02:00,0.0
2022-05-08 21:00:00+02:00,0.0
2022-05-08 22:00:00+02:00,0.0
2022-05-08 23:00:00+02:00,0.0
2022-05-09 00:00:00+02:00,0.0
2022-05-09 01:00:00+02:00,0.0
2022-05-09 02:00:00+02:00,0.0
2022-05-09 03:00:00+02:00,0.0
2022-05-09 04:00:00+02:00,0.0
2022-05-09 05:00:00+02:00,0.0
2022-05-09 06:00:00+02:00,0.0
2022-05-09 07:00:00+02:00,148.0
2022-05-09 08:00:00+02:00,290.0
2022-05-09 09:00:00+02:00,0.0
2022-05-09 10:00:00+02:00,0.0
2022-05-09 11:00:00+02:00,0.0
2022-05-09 12:00:00+02:00,0.0
2022-05-09 13:00:00+02:00,0.0
2022-05-09 14:00:00+02:00,0.0
2022-05-09 15:00:00+02:00,0.0
2022-05-09 16:00:00+02:00,0.0
2022-05-09 17:00:00+02:00,0.0
2022-05-09 18:00:00+02:00,234.0
2022-05-09 19:00:00+02:00,1077.0
2022-05-09 20:00:00+02:00,726.0
2022-05-09 21:00:00+02:00,941.0
2022-05-09 22:00:00+02:00,221.0
2022-05-09 23:00:00+02:00,144.0
2022-05-10 00:00:00+02:00,0.0
2022-05-10 01:00:00+02:00,0.0
2022-05-10 02:00:00+02:00,0.0
2022-05-10 03:00:00+02:00,0.0
2022-05-10 04:00:00+02:00,0.0
2022-05-10 05:00:00+02:00,0.0
2022-05-10 06:00:00+02:00,0.0
2022-05-10 07:00:00+02:00,162.0
2022-05-10 08:00:00+02:00,305.0
2022-05-10 09:00:00+02:00,0.0
2022-05-10 10:00:00+02:00,0.0
2022-05-10 11:00:00+02:00,0.0
2022-05-10 12:00:00+02:00,0.0
2022-05-10 13:00:00+02:00,0.0
2022-05-10 14:00:00+02:00,0.0
2022-05-10 15:00:00+02:00,0.0
2022-05-10 16:00:00+02:00,0.0
2022-05-10 17:00:00+02:00,0.0
2022-05-10 18:00:00+02:00,0.0
2022-05-10 19:00:00+02:00,64.0
2022-05-10 20:00:00+02:00,290.0
2022-05-10 21:00:00+02:00,546.0
2022-05-10 22:00:00+02:00,99.0
2022-05-10 23:00:00+02:00,0.0
2022-05-11 00:00:00+02:00,0.0
2022-05-11 01:00:00+02:00,0.0
2022-05-11 02:00:00+02:00,0.0
2022-05-11 03:00:00+02:00,0.0
2022-05-11 04:00:00+02:00,0.0
2022-05-11 05:00:00+02:00,0.0
2022-05-11 06:00:00+02:00,0.0
2022-05-11 07:00:00+02:00,0.0
2022-05-11 08:00:00+02:00,0.0
2022-05-11 09:00:00+02:00,0.0
2022-05-11 10:00:00+02:00,0.0
2022-05-11 11:00:00+02:00,0.0
2022-05-11 12:00:00+02:00,0.0
2022-05-11 13:00:00+02:00,0.0
2022-05-11 14:00:00+02:00,0.0
2022-05-11 15:00:00+02:00,0.0
2022-05-11 16:00:00+02:00,0.0
2022-05-11 17:00:00+02:00,0.0
2022-05-11 18:00:00+02:00,0.0
2022-05-11 19:00:00+02:00,0.0
2022-05-11 20:00:00+02:00,0.0
2022-05-11 21:00:00+02:00,0.0
2022-05-11 22:00:00+02:00,0.0
2022-05-11 23:00:00+02:00,0.0
2022-05-12 00:00:00+02:00,0.0
2022-05-12 01:00:00+02:00,0.0
2022-05-12 02:00:00+02:00,0.0
2022-05-12 03:00:00+02:00,0.0
2022-05-12 04:00:00+02:00,0.0
2022-05-12 05:00:00+02:00,0.0
2022-05-12 06:00:00+02:00,0.0
2022-05-12 07:00:00+02:00,521.0
2022-05-12 08:00:00+02:00,805.0
2022-05-12 09:00:00+02:00,731.0
2022-05-12 10:00:00+02:00,111.0
2022-05-12 11:00:00+02:00,0.0
2022-05-12 12:00:00+02:00,0.0
2022-05-12 13:00:00+02:00,0.0
2022-05-12 14:00:00+02:00,0.0
2022-05-12 15:00:00+02:00,0.0
2022-05-12 16:00:00+02:00,0.0
2022-05-12 17:00:00+02:00,0.0
2022-05-12 18:00:00+02:00,0.0
2022-05-12 19:00:00+02:00,0.0
2022-05-12 20:00:00+02:00,0.0
2022-05-12 21:00:00+02:00,0.0
2022-05-12 22:00:00+02:00,0.0
2022-05-12 23:00:00+02:00,0.0
2022-05-13 00:00:00+02:00,0.0
2022-05-13 01:00:00+02:00,0.0
2022-05-13 02:00:00+02:00,0.0
2022-05-13 03:00:00+02:00,0.0
2022-05-13 04:00:00+02:00,0.0
2022-05-13 05:00:00+02:00,0.0
2022-05-13 06:00:00+02:00,0.0
2022-05-13 07:00:00+02:00,73.0
2022-05-13 08:00:00+02:00,366.0
2022-05-13 09:00:00+02:00,0.0
2022-05-13 10:00:00+02:00,0.0
2022-05-13 11:00:00+02:00,0.0
2022-05-13 12:00:00+02:00,0.0
2022-05-13 13:00:00+02:00,0.0
2022-05-13 14:00:00+02:00,0.0
2022-05-13 15:00:00+02:00,0.0
2022-05-13 16:00:00+02:00,0.0
2022-05-13 17:00:00+02:00,0.0
2022-05-13 18:00:00+02:00,0.0
2022-05-13 19:00:00+02:00,0.0
2022-05-13 20:00:00+02:00,228.0
2022-05-13 21:00:00+02:00,566.0
2022-05-13 22:00:00+02:00,899.0
2022-05-13 23:00:00+02:00,805.0
2022-05-14 00:00:00+02:00,546.0
2022-05-14 01:00:00+02:00,0.0
2022-05-14 02:00:00+02:00,0.0
2022-05-14 03:00:00+02:00,0.0
2022-05-14 04:00:00+02:00,0.0
2022-05-14 05:00:00+02:00,0.0
2022-05-14 06:00:00+02:00,0.0
2022-05-14 07:00:00+02:00,116.0
2022-05-14 08:00:00+02:00,435.0
2022-05-14 09:00:00+02:00,710.0
2022-05-14 10:00:00+02:00,572.0
2022-05-14 11:00:00+02:00,521.0
2022-05-14 12:00:00+02:00,718.0
2022-05-14 13:00:00+02:00,1021.0
2022-05-14 14:00:00+02:00,928.0
2022-05-14 15:00:00+02:00,740.0
2022-05-14 16:00:00+02:00,226.0
2022-05-14 17:00:00+02:00,0.0
2022-05-14 18:00:00+02:00,0.0
2022-05-14 19:00:00+02:00,475.0
2022-05-14 20:00:00+02:00,910.0
2022-05-14 21:00:00+02:00,1366.0
2022-05-14 22:00:00+02:00,1319.0
2022-05-14 23:00:00+02:00,1140.0
2022-05-15 00:00:00+02:00,313.0
2022-05-15 01:00:00+02:00,22.0
2022-05-15 02:00:00+02:00,0.0
2022-05-15 03:00:00+02:00,0.0
2022-05-15 04:00:00+02:00,0.0
2022-05-15 05:00:00+02:00,0.0
2022-05-15 06:00:00+02:00,0.0
2022-05-15 07:00:00+02:00,0.0
2022-05-15 08:00:00+02:00,0.0
2022-05-15 09:00:00+02:00,168.0
2022-05-15 10:00:00+02:00,615.0
2022-05-15 11:00:00+02:00,591.0
2022-05-15 12:00:00+02:00,972.0
2022-05-15 13:00:00+02:00,1276.0
2022-05-15 14:00:00+02:00,932.0
2022-05-15 15:00:00+02:00,526.0
2022-05-15 16:00:00+02:00,0.0
2022-05-15 17:00:00+02:00,0.0
2022-05-15 18:00:00+02:00,0.0
2022-05-15 19:00:00+02:00,0.0
2022-05-15 20:00:00+02:00,0.0
2022-05-15 21:00:00+02:00,0.0
2022-05-15 22:00:00+02:00,0.0
2022-05-15 23:00:00+02:00,43.0
2022-05-16 00:00:00+02:00,0.0
2022-05-16 01:00:00+02:00,0.0
2022-05-16 02:00:00+02:00,0.0
2022-05-16 03:00:00+02:00,0.0
2022-05-16 04:00:00+02:00,0.0
2022-05-16 05:00:00+02:00,0.0
2022-05-16 06:00:00+02:00,0.0
2022-05-16 07:00:00+02:00,0.0
2022-05-16 08:00:00+02:00,120.0
2022-05-16 09:00:00+02:00,0.0
2022-05-16 10:00:00+02:00,0.0
2022-05-16 11:00:00+02:00,0.0
2022-05-16 12:00:00+02:00,0.0
2022-05-16 13:00:00+02:00,0.0
2022-05-16 14:00:00+02:00,0.0
2022-05-16 15:00:00+02:00,0.0
2022-05-16 16:00:00+02:00,0.0
2022-05-16 17:00:00+02:00,0.0
2022-05-16 18:00:00+02:00,0.0
2022-05-16 19:00:00+02:00,694.0
2022-05-16 20:00:00+02:00,695.0
2022-05-16 21:00:00+02:00,670.0
2022-05-16 22:00:00+02:00,461.0
2022-05-16 23:00:00+02:00,128.0
2022-05-17 00:00:00+02:00,0.0
2022-05-17 01:00:00+02:00,0.0
2022-05-17 02:00:00+02:00,0.0
2022-05-17 03:00:00+02:00,0.0
2022-05-17 04:00:00+02:00,0.0
2022-05-17 05:00:00+02:00,0.0
2022-05-17 06:00:00+02:00,0.0
2022-05-17 07:00:00+02:00,617.0
2022-05-17 08:00:00+02:00,669.0
2022-05-17 09:00:00+02:00,736.0
2022-05-17 10:00:00+02:00,468.0
2022-05-17 11:00:00+02:00,123.0
2022-05-17 12:00:00+02:00,0.0
2022-05-17 13:00:00+02:00,0.0
2022-05-17 14:00:00+02:00,0.0
2022-05-17 15:00:00+02:00,0.0
2022-05-17 16:00:00+02:00,0.0
2022-05-17 17:00:00+02:00,0.0
2022-05-17 18:00:00+02:00,190.0
2022-05-17 19:00:00+02:00,1114.0
2022-05-17 20:00:00+02:00,754.0
2022-05-17 21:00:00+02:00,1107.0
2022-05-17 22:00:00+02:00,633.0
2022-05-17 23:00:00+02:00,379.0
2022-05-18 00:00:00+02:00,156.0
2022-05-18 01:00:00+02:00,0.0
2022-05-18 02:00:00+02:00,0.0
2022-05-18 03:00:00+02:00,0.0
2022-05-18 04:00:00+02:00,0.0
2022-05-18 05:00:00+02:00,0.0
2022-05-18 06:00:00+02:00,420.0
2022-05-18 07:00:00+02:00,1003.0
2022-05-18 08:00:00+02:00,1109.0
2022-05-18 09:00:00+02:00,665.0
2022-05-18 10:00:00+02:00,624.0
2022-05-18 11:00:00+02:00,536.0
2022-05-18 12:00:00+02:00,661.0
2022-05-18 13:00:00+02:00,561.0
2022-05-18 14:00:00+02:00,546.0
2022-05-18 15:00:00+02:00,514.0
2022-05-18 16:00:00+02:00,525.0
2022-05-18 17:00:00+02:00,1091.0
2022-05-18 18:00:00+02:00,1801.0
2022-05-18 19:00:00+02:00,2112.0
2022-05-18 20:00:00+02:00,1780.0
2022-05-18 21:00:00+02:00,1819.0
2022-05-18 22:00:00+02:00,1310.0
2022-05-18 23:00:00+02:00,866.0
2022-05-19 00:00:00+02:00,584.0
2022-05-19 01:00:00+02:00,258.0
2022-05-19 02:00:00+02:00,0.0
2022-05-19 03:00:00+02:00,0.0
2022-05-19 04:00:00+02:00,0.0
2022-05-19 05:00:00+02:00,0.0
2022-05-19 06:00:00+02:00,0.0
2022-05-19 07:00:00+02:00,865.0
2022-05-19 08:00:00+02:00,1188.0
2022-05-19 09:00:00+02:00,1493.0
2022-05-19 10:00:00+02:00,564.0
2022-05-19 11:00:00+02:00,121.0
2022-05-19 12:00:00+02:00,145.0
2022-05-19 13:00:00+02:00,0.0
2022-05-19 14:00:00+02:00,0.0
2022-05-19 15:00:00+02:00,0.0
2022-05-19 16:00:00+02:00,0.0
2022-05-19 17:00:00+02:00,0.0
2022-05-19 18:00:00+02:00,751.0
2022-05-19 19:00:00+02:00,1147.0
2022-05-19 20:00:00+02:00,787.0
2022-05-19 21:00:00+02:00,912.0
2022-05-19 22:00:00+02:00,694.0
2022-05-19 23:00:00+02:00,262.0
2022-05-20 00:00:00+02:00,137.0
2022-05-20 01:00:00+02:00,0.0
2022-05-20 02:00:00+02:00,0.0
2022-05-20 03:00:00+02:00,0.0
2022-05-20 04:00:00+02:00,0.0
2022-05-20 05:00:00+02:00,0.0
2022-05-20 06:00:00+02:00,0.0
2022-05-20 07:00:00+02:00,293.0
2022-05-20 08:00:00+02:00,313.0
2022-05-20 09:00:00+02:00,0.0
2022-05-20 10:00:00+02:00,0.0
2022-05-20 11:00:00+02:00,0.0
2022-05-20 12:00:00+02:00,210.0
2022-05-20 13:00:00+02:00,13.0
2022-05-20 14:00:00+02:00,0.0
2022-05-20 15:00:00+02:00,0.0
2022-05-20 16:00:00+02:00,0.0
2022-05-20 17:00:00+02:00,0.0
2022-05-20 18:00:00+02:00,0.0
2022-05-20 19:00:00+02:00,0.0
2022-05-20 20:00:00+02:00,0.0
2022-05-20 21:00:00+02:00,0.0
2022-05-20 22:00:00+02:00,353.0
2022-05-20 23:00:00+02:00,268.0
2022-05-21 00:00:00+02:00,172.0
2022-05-21 01:00:00+02:00,109.0
2022-05-21 02:00:00+02:00,0.0
2022-05-21 03:00:00+02:00,0.0
2022-05-21 04:00:00+02:00,0.0
2022-05-21 05:00:00+02:00,0.0
2022-05-21 06:00:00+02:00,0.0
2022-05-21 07:00:00+02:00,0.0
2022-05-21 08:00:00+02:00,106.0
2022-05-21 09:00:00+02:00,197.0
2022-05-21 10:00:00+02:00,181.0
2022-05-21 11:00:00+02:00,152.0
2022-05-21 12:00:00+02:00,316.0
2022-05-21 13:00:00+02:00,136.0
2022-05-21 14:00:00+02:00,156.0
2022-05-21 15:00:00+02:00,0.0
2022-05-21 16:00:00+02:00,0.0
2022-05-21 17:00:00+02:00,0.0
2022-05-21 18:00:00+02:00,284.0
2022-05-21 19:00:00+02:00,1043.0
2022-05-21 20:00:00+02:00,1318.0
2022-05-21 21:00:00+02:00,1234.0
2022-05-21 22:00:00+02:00,1304.0
2022-05-21 23:00:00+02:00,1485.0
2022-05-22 00:00:00+02:00,458.0
2022-05-22 01:00:00+02:00,0.0
2022-05-22 02:00:00+02:00,0.0
2022-05-22 03:00:00+02:00,0.0
2022-05-22 04:00:00+02:00,0.0
2022-05-22 05:00:00+02:00,0.0
2022-05-22 06:00:00+02:00,0.0
2022-05-22 07:00:00+02:00,0.0
2022-05-22 08:00:00+02:00,0.0
2022-05-22 09:00:00+02:00,0.0
2022-05-22 10:00:00+02:00,0.0
2022-05-22 11:00:00+02:00,0.0
2022-05-22 12:00:00+02:00,0.0
2022-05-22 13:00:00+02:00,306.0
2022-05-22 14:00:00+02:00,55.0
2022-05-22 15:00:00+02:00,0.0
2022-05-22 16:00:00+02:00,0.0
2022-05-22 17:00:00+02:00,0.0
2022-05-22 18:00:00+02:00,0.0
2022-05-22 19:00:00+02:00,0.0
2022-05-22 20:00:00+02:00,0.0
2022-05-22 21:00:00+02:00,333.0
2022-05-22 22:00:00+02:00,337.0
2022-05-22 23:00:00+02:00,16.0
2022-05-23 00:00:00+02:00,0.0
2022-05-23 01:00:00+02:00,0.0
2022-05-23 02:00:00+02:00,0.0
2022-05-23 03:00:00+02:00,0.0
2022-05-23 04:00:00+02:00,0.0
2022-05-23 05:00:00+02:00,0.0
2022-05-23 06:00:00+02:00,0.0
2022-05-23 07:00:00+02:00,44.0
2022-05-23 08:00:00+02:00,525.0
2022-05-23 09:00:00+02:00,684.0
2022-05-23 10:00:00+02:00,729.0
2022-05-23 11:00:00+02:00,110.0
2022-05-23 12:00:00+02:00,95.0
2022-05-23 13:00:00+02:00,0.0
2022-05-23 14:00:00+02:00,0.0
2022-05-23 15:00:00+02:00,0.0
2022-05-23 16:00:00+02:00,0.0
2022-05-23 17:00:00+02:00,0.0
2022-05-23 18:00:00+02:00,0.0
2022-05-23 19:00:00+02:00,0.0
2022-05-23 20:00:00+02:00,271.0
2022-05-23 21:00:00+02:00,355.0
2022-05-23 22:00:00+02:00,210.0
2022-05-23 23:00:00+02:00,149.0
2022-05-24 00:00:00+02:00,0.0
2022-05-24 01:00:00+02:00,0.0
2022-05-24 02:00:00+02:00,0.0
2022-05-24 03:00:00+02:00,0.0
2022-05-24 04:00:00+02:00,0.0
2022-05-24 05:00:00+02:00,0.0
2022-05-24 06:00:00+02:00,43.0
2022-05-24 07:00:00+02:00,202.0
2022-05-24 08:00:00+02:00,239.0
2022-05-24 09:00:00+02:00,0.0
2022-05-24 10:00:00+02:00,0.0
2022-05-24 11:00:00+02:00,0.0
2022-05-24 12:00:00+02:00,0.0
2022-05-24 13:00:00+02:00,0.0
2022-05-24 14:00:00+02:00,0.0
2022-05-24 15:00:00+02:00,0.0
2022-05-24 16:00:00+02:00,0.0
2022-05-24 17:00:00+02:00,0.0
2022-05-24 18:00:00+02:00,0.0
2022-05-24 19:00:00+02:00,416.0
2022-05-24 20:00:00+02:00,362.0
2022-05-24 21:00:00+02:00,828.0
2022-05-24 22:00:00+02:00,798.0
2022-05-24 23:00:00+02:00,728.0
2022-05-25 00:00:00+02:00,232.0
2022-05-25 01:00:00+02:00,0.0
2022-05-25 02:00:00+02:00,0.0
2022-05-25 03:00:00+02:00,0.0
2022-05-25 04:00:00+02:00,0.0
2022-05-25 05:00:00+02:00,0.0
2022-05-25 06:00:00+02:00,0.0
2022-05-25 07:00:00+02:00,0.0
2022-05-25 08:00:00+02:00,0.0
2022-05-25 09:00:00+02:00,0.0
2022-05-25 10:00:00+02:00,0.0
2022-05-25 11:00:00+02:00,0.0
2022-05-25 12:00:00+02:00,0.0
2022-05-25 13:00:00+02:00,0.0
2022-05-25 14:00:00+02:00,0.0
2022-05-25 15:00:00+02:00,0.0
2022-05-25 16:00:00+02:00,0.0
2022-05-25 17:00:00+02:00,0.0
2022-05-25 18:00:00+02:00,0.0
2022-05-25 19:00:00+02:00,0.0
2022-05-25 20:00:00+02:00,0.0
2022-05-25 21:00:00+02:00,0.0
2022-05-25 22:00:00+02:00,0.0
2022-05-25 23:00:00+02:00,157.0
2022-05-26 00:00:00+02:00,102.0
2022-05-26 01:00:00+02:00,6.0
2022-05-26 02:00:00+02:00,0.0
2022-05-26 03:00:00+02:00,0.0
2022-05-26 04:00:00+02:00,0.0
2022-05-26 05:00:00+02:00,0.0
2022-05-26 06:00:00+02:00,0.0
2022-05-26 07:00:00+02:00,0.0
2022-05-26 08:00:00+02:00,20.0
2022-05-26 09:00:00+02:00,212.0
2022-05-26 10:00:00+02:00,0.0
2022-05-26 11:00:00+02:00,0.0
2022-05-26 12:00:00+02:00,304.0
2022-05-26 13:00:00+02:00,0.0
2022-05-26 14:00:00+02:00,0.0
2022-05-26 15:00:00+02:00,0.0
2022-05-26 16:00:00+02:00,0.0
2022-05-26 17:00:00+02:00,0.0
2022-05-26 18:00:00+02:00,0.0
2022-05-26 19:00:00+02:00,0.0
2022-05-26 20:00:00+02:00,327.0
2022-05-26 21:00:00+02:00,439.0
2022-05-26 22:00:00+02:00,414.0
2022-05-26 23:00:00+02:00,349.0
2022-05-27 00:00:00+02:00,363.0
2022-05-27 01:00:00+02:00,48.0
2022-05-27 02:00:00+02:00,0.0
2022-05-27 03:00:00+02:00,0.0
2022-05-27 04:00:00+02:00,0.0
2022-05-27 05:00:00+02:00,0.0
2022-05-27 06:00:00+02:00,0.0
2022-05-27 07:00:00+02:00,383.0
2022-05-27 08:00:00+02:00,216.0
2022-05-27 09:00:00+02:00,0.0
2022-05-27 10:00:00+02:00,0.0
2022-05-27 11:00:00+02:00,0.0
2022-05-27 12:00:00+02:00,67.0
2022-05-27 13:00:00+02:00,0.0
2022-05-27 14:00:00+02:00,0.0
2022-05-27 15:00:00+02:00,0.0
2022-05-27 16:00:00+02:00,0.0
2022-05-27 17:00:00+02:00,0.0
2022-05-27 18:00:00+02:00,0.0
2022-05-27 19:00:00+02:00,73.0
2022-05-27 20:00:00+02:00,1168.0
2022-05-27 21:00:00+02:00,1214.0
2022-05-27 22:00:00+02:00,1149.0
2022-05-27 23:00:00+02:00,1370.0
2022-05-28 00:00:00+02:00,0.0
2022-05-28 01:00:00+02:00,0.0
2022-05-28 02:00:00+02:00,0.0
2022-05-28 03:00:00+02:00,0.0
2022-05-28 04:00:00+02:00,0.0
2022-05-28 05:00:00+02:00,0.0
2022-05-28 06:00:00+02:00,0.0
2022-05-28 07:00:00+02:00,0.0
2022-05-28 08:00:00+02:00,0.0
2022-05-28 09:00:00+02:00,0.0
2022-05-28 10:00:00+02:00,0.0
2022-05-28 11:00:00+02:00,0.0
2022-05-28 12:00:00+02:00,0.0
2022-05-28 13:00:00+02:00,0.0
2022-05-28 14:00:00+02:00,0.0
2022-05-28 15:00:00+02:00,0.0
2022-05-28 16:00:00+02:00,0.0
2022-05-28 17:00:00+02:00,0.0
2022-05-28 18:00:00+02:00,0.0
2022-05-28 19:00:00+02:00,0.0
2022-05-28 20:00:00+02:00,116.0
2022-05-28 21:00:00+02:00,286.0
2022-05-28 22:00:00+02:00,537.0
2022-05-28 23:00:00+02:00,672.0
2022-05-29 00:00:00+02:00,618.0
2022-05-29 01:00:00+02:00,17.0
2022-05-29 02:00:00+02:00,0.0
2022-05-29 03:00:00+02:00,0.0
2022-05-29 04:00:00+02:00,0.0
2022-05-29 05:00:00+02:00,0.0
2022-05-29 06:00:00+02:00,0.0
2022-05-29 07:00:00+02:00,0.0
2022-05-29 08:00:00+02:00,0.0
2022-05-29 09:00:00+02:00,0.0
2022-05-29 10:00:00+02:00,0.0
2022-05-29 11:00:00+02:00,0.0
2022-05-29 12:00:00+02:00,0.0
2022-05-29 13:00:00+02:00,0.0
2022-05-29 14:00:00+02:00,0.0
2022-05-29 15:00:00+02:00,0.0
2022-05-29 16:00:00+02:00,0.0
2022-05-29 17:00:00+02:00,0.0
2022-05-29 18:00:00+02:00,0.0
2022-05-29 19:00:00+02:00,0.0
2022-05-29 20:00:00+02:00,155.0
2022-05-29 21:00:00+02:00,1063.0
2022-05-29 22:00:00+02:00,1621.0
2022-05-29 23:00:00+02:00,905.0
2022-05-30 00:00:00+02:00,0.0
2022-05-30 01:00:00+02:00,0.0
2022-05-30 02:00:00+02:00,0.0
2022-05-30 03:00:00+02:00,0.0
2022-05-30 04:00:00+02:00,0.0
2022-05-30 05:00:00+02:00,0.0
2022-05-30 06:00:00+02:00,0.0
2022-05-30 07:00:00+02:00,1037.0
2022-05-30 08:00:00+02:00,1323.0
2022-05-30 09:00:00+02:00,1450.0
2022-05-30 10:00:00+02:00,915.0
2022-05-30 11:00:00+02:00,635.0
2022-05-30 12:00:00+02:00,1407.0
2022-05-30 13:00:00+02:00,1072.0
2022-05-30 14:00:00+02:00,141.0
2022-05-30 15:00:00+02:00,0.0
2022-05-30 16:00:00+02:00,0.0
2022-05-30 17:00:00+02:00,0.0
2022-05-30 18:00:00+02:00,1244.0
2022-05-30 19:00:00+02:00,1632.0
2022-05-30 20:00:00+02:00,1482.0
2022-05-30 21:00:00+02:00,1525.0
2022-05-30 22:00:00+02:00,1835.0
2022-05-30 23:00:00+02:00,1085.0
2022-05-31 00:00:00+02:00,0.0
2022-05-31 01:00:00+02:00,0.0
2022-05-31 02:00:00+02:00,0.0
2022-05-31 03:00:00+02:00,0.0
2022-05-31 04:00:00+02:00,0.0
2022-05-31 05:00:00+02:00,0.0
2022-05-31 06:00:00+02:00,343.0
2022-05-31 07:00:00+02:00,1446.0
2022-05-31 08:00:00+02:00,1513.0
2022-05-31 09:00:00+02:00,1327.0
2022-05-31 10:00:00+02:00,506.0
2022-05-31 11:00:00+02:00,0.0
2022-05-31 12:00:00+02:00,0.0
2022-05-31 13:00:00+02:00,0.0
2022-05-31 14:00:00+02:00,0.0
2022-05-31 15:00:00+02:00,0.0
2022-05-31 16:00:00+02:00,0.0
2022-05-31 17:00:00+02:00,0.0
2022-05-31 18:00:00+02:00,0.0
2022-05-31 19:00:00+02:00,0.0
2022-05-31 20:00:00+02:00,156.0
2022-05-31 21:00:00+02:00,944.0
2022-05-31 22:00:00+02:00,1447.0
2022-05-31 23:00:00+02:00,578.0
2022-06-01 00:00:00+02:00,0.0
2022-06-01 01:00:00+02:00,0.0
2022-06-01 02:00:00+02:00,0.0
2022-06-01 03:00:00+02:00,0.0
2022-06-01 04:00:00+02:00,0.0
2022-06-01 05:00:00+02:00,0.0
2022-06-01 06:00:00+02:00,0.0
2022-06-01 07:00:00+02:00,731.0
2022-06-01 08:00:00+02:00,1068.0
2022-06-01 09:00:00+02:00,543.0
2022-06-01 10:00:00+02:00,0.0
2022-06-01 11:00:00+02:00,0.0
2022-06-01 12:00:00+02:00,0.0
2022-06-01 13:00:00+02:00,0.0
2022-06-01 14:00:00+02:00,0.0
2022-06-01 15:00:00+02:00,0.0
2022-06-01 16:00:00+02:00,0.0
2022-06-01 17:00:00+02:00,0.0
2022-06-01 18:00:00+02:00,0.0
2022-06-01 19:00:00+02:00,163.0
2022-06-01 20:00:00+02:00,99.0
2022-06-01 21:00:00+02:00,327.0
2022-06-01 22:00:00+02:00,588.0
2022-06-01 23:00:00+02:00,0.0
2022-06-02 00:00:00+02:00,0.0
2022-06-02 01:00:00+02:00,0.0
2022-06-02 02:00:00+02:00,0.0
2022-06-02 03:00:00+02:00,0.0
2022-06-02 04:00:00+02:00,0.0
2022-06-02 05:00:00+02:00,0.0
2022-06-02 06:00:00+02:00,0.0
2022-06-02 07:00:00+02:00,0.0
2022-06-02 08:00:00+02:00,0.0
2022-06-02 09:00:00+02:00,0.0
2022-06-02 10:00:00+02:00,0.0
2022-06-02 11:00:00+02:00,0.0
2022-06-02 12:00:00+02:00,0.0
2022-06-02 13:00:00+02:00,0.0
2022-06-02 14:00:00+02:00,0.0
2022-06-02 15:00:00+02:00,0.0
2022-06-02 16:00:00+02:00,0.0
2022-06-02 17:00:00+02:00,0.0
2022-06-02 18:00:00+02:00,2.0
2022-06-02 19:00:00+02:00,1068.0
2022-06-02 20:00:00+02:00,1223.0
2022-06-02 21:00:00+02:00,726.0
2022-06-02 22:00:00+02:00,546.0
2022-06-02 23:00:00+02:00,0.0
2022-06-03 00:00:00+02:00,0.0
2022-06-03 01:00:00+02:00,0.0
2022-06-03 02:00:00+02:00,0.0
2022-06-03 03:00:00+02:00,0.0
2022-06-03 04:00:00+02:00,0.0
2022-06-03 05:00:00+02:00,0.0
2022-06-03 06:00:00+02:00,0.0
2022-06-03 07:00:00+02:00,260.0
2022-06-03 08:00:00+02:00,63.0
2022-06-03 09:00:00+02:00,124.0
2022-06-03 10:00:00+02:00,301.0
2022-06-03 11:00:00+02:00,60.0
2022-06-03 12:00:00+02:00,0.0
2022-06-03 13:00:00+02:00,0.0
2022-06-03 14:00:00+02:00,0.0
2022-06-03 15:00:00+02:00,0.0
2022-06-03 16:00:00+02:00,0.0
2022-06-03 17:00:00+02:00,0.0
2022-06-03 18:00:00+02:00,0.0
2022-06-03 19:00:00+02:00,50.0
2022-06-03 20:00:00+02:00,2.0
2022-06-03 21:00:00+02:00,25.0
2022-06-03 22:00:00+02:00,0.0
2022-06-03 23:00:00+02:00,0.0
2022-06-04 00:00:00+02:00,0.0
2022-06-04 01:00:00+02:00,0.0
2022-06-04 02:00:00+02:00,0.0
2022-06-04 03:00:00+02:00,0.0
2022-06-04 04:00:00+02:00,0.0
2022-06-04 05:00:00+02:00,0.0
2022-06-04 06:00:00+02:00,0.0
2022-06-04 07:00:00+02:00,0.0
2022-06-04 08:00:00+02:00,0.0
2022-06-04 09:00:00+02:00,0.0
2022-06-04 10:00:00+02:00,0.0
2022-06-04 11:00:00+02:00,0.0
2022-06-04 12:00:00+02:00,0.0
2022-06-04 13:00:00+02:00,0.0
2022-06-04 14:00:00+02:00,0.0
2022-06-04 15:00:00+02:00,0.0
2022-06-04 16:00:00+02:00,0.0
2022-06-04 17:00:00+02:00,0.0
2022-06-04 18:00:00+02:00,0.0
2022-06-04 19:00:00+02:00,0.0
2022-06-04 20:00:00+02:00,0.0
2022-06-04 21:00:00+02:00,0.0
2022-06-04 22:00:00+02:00,0.0
2022-06-04 23:00:00+02:00,0.0
2022-06-05 00:00:00+02:00,0.0
2022-06-05 01:00:00+02:00,0.0
2022-06-05 02:00:00+02:00,0.0
2022-06-05 03:00:00+02:00,0.0
2022-06-05 04:00:00+02:00,0.0
2022-06-05 05:00:00+02:00,0.0
2022-06-05 06:00:00+02:00,0.0
2022-06-05 07:00:00+02:00,0.0
2022-06-05 08:00:00+02:00,0.0
2022-06-05 09:00:00+02:00,0.0
2022-06-05 10:00:00+02:00,0.0
2022-06-05 11:00:00+02:00,0.0
2022-06-05 12:00:00+02:00,0.0
2022-06-05 13:00:00+02:00,0.0
2022-06-05 14:00:00+02:00,0.0
2022-06-05 15:00:00+02:00,0.0
2022-06-05 16:00:00+02:00,0.0
2022-06-05 17:00:00+02:00,0.0
2022-06-05 18:00:00+02:00,0.0
2022-06-05 19:00:00+02:00,0.0
2022-06-05 20:00:00+02:00,0.0
2022-06-05 21:00:00+02:00,0.0
2022-06-05 22:00:00+02:00,0.0
2022-06-05 23:00:00+02:00,0.0
2022-06-06 00:00:00+02:00,0.0
2022-06-06 01:00:00+02:00,0.0
2022-06-06 02:00:00+02:00,0.0
2022-06-06 03:00:00+02:00,0.0
2022-06-06 04:00:00+02:00,0.0
2022-06-06 05:00:00+02:00,0.0
2022-06-06 06:00:00+02:00,0.0
2022-06-06 07:00:00+02:00,0.0
2022-06-06 08:00:00+02:00,0.0
2022-06-06 09:00:00+02:00,0.0
2022-06-06 10:00:00+02:00,0.0
2022-06-06 11:00:00+02:00,0.0
2022-06-06 12:00:00+02:00,0.0
2022-06-06 13:00:00+02:00,0.0
2022-06-06 14:00:00+02:00,0.0
2022-06-06 15:00:00+02:00,0.0
2022-06-06 16:00:00+02:00,0.0
2022-06-06 17:00:00+02:00,0.0
2022-06-06 18:00:00+02:00,0.0
2022-06-06 19:00:00+02:00,0.0
2022-06-06 20:00:00+02:00,0.0
2022-06-06 21:00:00+02:00,0.0
2022-06-06 22:00:00+02:00,304.0
2022-06-06 23:00:00+02:00,0.0
2022-06-07 00:00:00+02:00,0.0
2022-06-07 01:00:00+02:00,0.0
2022-06-07 02:00:00+02:00,0.0
2022-06-07 03:00:00+02:00,0.0
2022-06-07 04:00:00+02:00,0.0
2022-06-07 05:00:00+02:00,0.0
2022-06-07 06:00:00+02:00,0.0
2022-06-07 07:00:00+02:00,0.0
2022-06-07 08:00:00+02:00,0.0
2022-06-07 09:00:00+02:00,0.0
2022-06-07 10:00:00+02:00,0.0
2022-06-07 11:00:00+02:00,0.0
2022-06-07 12:00:00+02:00,0.0
2022-06-07 13:00:00+02:00,0.0
2022-06-07 14:00:00+02:00,0.0
2022-06-07 15:00:00+02:00,0.0
2022-06-07 16:00:00+02:00,0.0
2022-06-07 17:00:00+02:00,0.0
2022-06-07 18:00:00+02:00,0.0
2022-06-07 19:00:00+02:00,0.0
2022-06-07 20:00:00+02:00,0.0
2022-06-07 21:00:00+02:00,17.0
2022-06-07 22:00:00+02:00,61.0
2022-06-07 23:00:00+02:00,0.0
2022-06-08 00:00:00+02:00,0.0
2022-06-08 01:00:00+02:00,0.0
2022-06-08 02:00:00+02:00,0.0
2022-06-08 03:00:00+02:00,0.0
2022-06-08 04:00:00+02:00,0.0
2022-06-08 05:00:00+02:00,0.0
2022-06-08 06:00:00+02:00,0.0
2022-06-08 07:00:00+02:00,0.0
2022-06-08 08:00:00+02:00,399.0
2022-06-08 09:00:00+02:00,108.0
2022-06-08 10:00:00+02:00,0.0
2022-06-08 11:00:00+02:00,0.0
2022-06-08 12:00:00+02:00,193.0
2022-06-08 13:00:00+02:00,0.0
2022-06-08 14:00:00+02:00,0.0
2022-06-08 15:00:00+02:00,0.0
2022-06-08 16:00:00+02:00,0.0
2022-06-08 17:00:00+02:00,0.0
2022-06-08 18:00:00+02:00,0.0
2022-06-08 19:00:00+02:00,0.0
2022-06-08 20:00:00+02:00,0.0
2022-06-08 21:00:00+02:00,0.0
2022-06-08 22:00:00+02:00,0.0
2022-06-08 23:00:00+02:00,0.0
2022-06-09 00:00:00+02:00,0.0
2022-06-09 01:00:00+02:00,0.0
2022-06-09 02:00:00+02:00,0.0
2022-06-09 03:00:00+02:00,0.0
2022-06-09 04:00:00+02:00,0.0
2022-06-09 05:00:00+02:00,0.0
2022-06-09 06:00:00+02:00,0.0
2022-06-09 07:00:00+02:00,0.0
2022-06-09 08:00:00+02:00,62.0
2022-06-09 09:00:00+02:00,0.0
2022-06-09 10:00:00+02:00,0.0
2022-06-09 11:00:00+02:00,0.0
2022-06-09 12:00:00+02:00,0.0
2022-06-09 13:00:00+02:00,0.0
2022-06-09 14:00:00+02:00,0.0
2022-06-09 15:00:00+02:00,0.0
2022-06-09 16:00:00+02:00,0.0
2022-06-09 17:00:00+02:00,0.0
2022-06-09 18:00:00+02:00,0.0
2022-06-09 19:00:00+02:00,374.0
2022-06-09 20:00:00+02:00,854.0
2022-06-09 21:00:00+02:00,790.0
2022-06-09 22:00:00+02:00,486.0
2022-06-09 23:00:00+02:00,22.0
2022-06-10 00:00:00+02:00,58.0
2022-06-10 01:00:00+02:00,0.0
2022-06-10 02:00:00+02:00,0.0
2022-06-10 03:00:00+02:00,0.0
2022-06-10 04:00:00+02:00,0.0
2022-06-10 05:00:00+02:00,0.0
2022-06-10 06:00:00+02:00,0.0
2022-06-10 07:00:00+02:00,604.0
2022-06-10 08:00:00+02:00,934.0
2022-06-10 09:00:00+02:00,0.0
2022-06-10 10:00:00+02:00,0.0
2022-06-10 11:00:00+02:00,0.0
2022-06-10 12:00:00+02:00,106.0
2022-06-10 13:00:00+02:00,0.0
2022-06-10 14:00:00+02:00,0.0
2022-06-10 15:00:00+02:00,0.0
2022-06-10 16:00:00+02:00,0.0
2022-06-10 17:00:00+02:00,0.0
2022-06-10 18:00:00+02:00,0.0
2022-06-10 19:00:00+02:00,551.0
2022-06-10 20:00:00+02:00,1109.0
2022-06-10 21:00:00+02:00,963.0
2022-06-10 22:00:00+02:00,648.0
2022-06-10 23:00:00+02:00,490.0
2022-06-11 00:00:00+02:00,270.0
2022-06-11 01:00:00+02:00,0.0
2022-06-11 02:00:00+02:00,0.0
2022-06-11 03:00:00+02:00,0.0
2022-06-11 04:00:00+02:00,0.0
2022-06-11 05:00:00+02:00,0.0
2022-06-11 06:00:00+02:00,0.0
2022-06-11 07:00:00+02:00,0.0
2022-06-11 08:00:00+02:00,0.0
2022-06-11 09:00:00+02:00,42.0
2022-06-11 10:00:00+02:00,196.0
2022-06-11 11:00:00+02:00,0.0
2022-06-11 12:00:00+02:00,435.0
2022-06-11 13:00:00+02:00,372.0
2022-06-11 14:00:00+02:00,0.0
2022-06-11 15:00:00+02:00,0.0
2022-06-11 16:00:00+02:00,0.0
2022-06-11 17:00:00+02:00,0.0
2022-06-11 18:00:00+02:00,0.0
2022-06-11 19:00:00+02:00,312.0
2022-06-11 20:00:00+02:00,838.0
2022-06-11 21:00:00+02:00,1056.0
2022-06-11 22:00:00+02:00,1223.0
2022-06-11 23:00:00+02:00,1352.0
2022-06-12 00:00:00+02:00,362.0
2022-06-12 01:00:00+02:00,0.0
2022-06-12 02:00:00+02:00,0.0
2022-06-12 03:00:00+02:00,0.0
2022-06-12 04:00:00+02:00,0.0
2022-06-12 05:00:00+02:00,0.0
2022-06-12 06:00:00+02:00,0.0
2022-06-12 07:00:00+02:00,0.0
2022-06-12 08:00:00+02:00,0.0
2022-06-12 09:00:00+02:00,0.0
2022-06-12 10:00:00+02:00,0.0
2022-06-12 11:00:00+02:00,222.0
2022-06-12 12:00:00+02:00,626.0
2022-06-12 13:00:00+02:00,670.0
2022-06-12 14:00:00+02:00,380.0
2022-06-12 15:00:00+02:00,74.0
2022-06-12 16:00:00+02:00,0.0
2022-06-12 17:00:00+02:00,0.0
2022-06-12 18:00:00+02:00,0.0
2022-06-12 19:00:00+02:00,0.0
2022-06-12 20:00:00+02:00,0.0
2022-06-12 21:00:00+02:00,266.0
2022-06-12 22:00:00+02:00,610.0
2022-06-12 23:00:00+02:00,154.0
2022-06-13 00:00:00+02:00,0.0
2022-06-13 01:00:00+02:00,0.0
2022-06-13 02:00:00+02:00,0.0
2022-06-13 03:00:00+02:00,0.0
2022-06-13 04:00:00+02:00,0.0
2022-06-13 05:00:00+02:00,0.0
2022-06-13 06:00:00+02:00,0.0
2022-06-13 07:00:00+02:00,376.0
2022-06-13 08:00:00+02:00,978.0
2022-06-13 09:00:00+02:00,188.0
2022-06-13 10:00:00+02:00,0.0
2022-06-13 11:00:00+02:00,0.0
2022-06-13 12:00:00+02:00,314.0
2022-06-13 13:00:00+02:00,4.0
2022-06-13 14:00:00+02:00,0.0
2022-06-13 15:00:00+02:00,0.0
2022-06-13 16:00:00+02:00,0.0
2022-06-13 17:00:00+02:00,0.0
2022-06-13 18:00:00+02:00,994.0
2022-06-13 19:00:00+02:00,1269.0
2022-06-13 20:00:00+02:00,1410.0
2022-06-13 21:00:00+02:00,1455.0
2022-06-13 22:00:00+02:00,1471.0
2022-06-13 23:00:00+02:00,937.0
2022-06-14 00:00:00+02:00,223.0
2022-06-14 01:00:00+02:00,0.0
2022-06-14 02:00:00+02:00,0.0
2022-06-14 03:00:00+02:00,0.0
2022-06-14 04:00:00+02:00,0.0
2022-06-14 05:00:00+02:00,0.0
2022-06-14 06:00:00+02:00,0.0
2022-06-14 07:00:00+02:00,1215.0
2022-06-14 08:00:00+02:00,1318.0
2022-06-14 09:00:00+02:00,1184.0
2022-06-14 10:00:00+02:00,1013.0
2022-06-14 11:00:00+02:00,862.0
2022-06-14 12:00:00+02:00,886.0
2022-06-14 13:00:00+02:00,112.0
2022-06-14 14:00:00+02:00,0.0
2022-06-14 15:00:00+02:00,0.0
2022-06-14 16:00:00+02:00,0.0
2022-06-14 17:00:00+02:00,509.0
2022-06-14 18:00:00+02:00,1590.0
2022-06-14 19:00:00+02:00,2136.0
2022-06-14 20:00:00+02:00,2029.0
2022-06-14 21:00:00+02:00,1658.0
2022-06-14 22:00:00+02:00,2045.0
2022-06-14 23:00:00+02:00,1046.0
2022-06-15 00:00:00+02:00,0.0
2022-06-15 01:00:00+02:00,0.0
2022-06-15 02:00:00+02:00,0.0
2022-06-15 03:00:00+02:00,0.0
2022-06-15 04:00:00+02:00,0.0
2022-06-15 05:00:00+02:00,0.0
2022-06-15 06:00:00+02:00,342.0
2022-06-15 07:00:00+02:00,1527.0
2022-06-15 08:00:00+02:00,1894.0
2022-06-15 09:00:00+02:00,1196.0
2022-06-15 10:00:00+02:00,1168.0
2022-06-15 11:00:00+02:00,1439.0
2022-06-15 12:00:00+02:00,1840.0
2022-06-15 13:00:00+02:00,1352.0
2022-06-15 14:00:00+02:00,919.0
2022-06-15 15:00:00+02:00,864.0
2022-06-15 16:00:00+02:00,554.0
2022-06-15 17:00:00+02:00,822.0
2022-06-15 18:00:00+02:00,1369.0
2022-06-15 19:00:00+02:00,1949.0
2022-06-15 20:00:00+02:00,1678.0
2022-06-15 21:00:00+02:00,1917.0
2022-06-15 22:00:00+02:00,1932.0
2022-06-15 23:00:00+02:00,1293.0
2022-06-16 00:00:00+02:00,432.0
2022-06-16 01:00:00+02:00,497.0
2022-06-16 02:00:00+02:00,299.0
2022-06-16 03:00:00+02:00,151.0
2022-06-16 04:00:00+02:00,0.0
2022-06-16 05:00:00+02:00,285.0
2022-06-16 06:00:00+02:00,1435.0
2022-06-16 07:00:00+02:00,2049.0
2022-06-16 08:00:00+02:00,1975.0
2022-06-16 09:00:00+02:00,1797.0
2022-06-16 10:00:00+02:00,1758.0
2022-06-16 11:00:00+02:00,1630.0
2022-06-16 12:00:00+02:00,1661.0
2022-06-16 13:00:00+02:00,1353.0
2022-06-16 14:00:00+02:00,1074.0
2022-06-16 15:00:00+02:00,916.0
2022-06-16 16:00:00+02:00,715.0
2022-06-16 17:00:00+02:00,1258.0
2022-06-16 18:00:00+02:00,1636.0
2022-06-16 19:00:00+02:00,1845.0
2022-06-16 20:00:00+02:00,2169.0
2022-06-16 21:00:00+02:00,1924.0
2022-06-16 22:00:00+02:00,2199.0
2022-06-16 23:00:00+02:00,1842.0
2022-06-17 00:00:00+02:00,457.0
2022-06-17 01:00:00+02:00,0.0
2022-06-17 02:00:00+02:00,0.0
2022-06-17 03:00:00+02:00,0.0
2022-06-17 04:00:00+02:00,0.0
2022-06-17 05:00:00+02:00,0.0
2022-06-17 06:00:00+02:00,0.0
2022-06-17 07:00:00+02:00,477.0
2022-06-17 08:00:00+02:00,861.0
2022-06-17 09:00:00+02:00,776.0
2022-06-17 10:00:00+02:00,1097.0
2022-06-17 11:00:00+02:00,972.0
2022-06-17 12:00:00+02:00,1271.0
2022-06-17 13:00:00+02:00,1273.0
2022-06-17 14:00:00+02:00,1524.0
2022-06-17 15:00:00+02:00,1542.0
2022-06-17 16:00:00+02:00,1683.0
2022-06-17 17:00:00+02:00,1537.0
2022-06-17 18:00:00+02:00,1548.0
2022-06-17 19:00:00+02:00,1684.0
2022-06-17 20:00:00+02:00,1953.0
2022-06-17 21:00:00+02:00,1676.0
2022-06-17 22:00:00+02:00,1728.0
2022-06-17 23:00:00+02:00,1594.0
2022-06-18 00:00:00+02:00,155.0
2022-06-18 01:00:00+02:00,0.0
2022-06-18 02:00:00+02:00,0.0
2022-06-18 03:00:00+02:00,0.0
2022-06-18 04:00:00+02:00,0.0
2022-06-18 05:00:00+02:00,0.0
2022-06-18 06:00:00+02:00,0.0
2022-06-18 07:00:00+02:00,0.0
2022-06-18 08:00:00+02:00,0.0
2022-06-18 09:00:00+02:00,0.0
2022-06-18 10:00:00+02:00,0.0
2022-06-18 11:00:00+02:00,0.0
2022-06-18 12:00:00+02:00,0.0
2022-06-18 13:00:00+02:00,0.0
2022-06-18 14:00:00+02:00,0.0
2022-06-18 15:00:00+02:00,0.0
2022-06-18 16:00:00+02:00,0.0
2022-06-18 17:00:00+02:00,0.0
2022-06-18 18:00:00+02:00,0.0
2022-06-18 19:00:00+02:00,350.0
2022-06-18 20:00:00+02:00,230.0
2022-06-18 21:00:00+02:00,0.0
2022-06-18 22:00:00+02:00,0.0
2022-06-18 23:00:00+02:00,0.0
2022-06-19 00:00:00+02:00,0.0
2022-06-19 01:00:00+02:00,0.0
2022-06-19 02:00:00+02:00,0.0
2022-06-19 03:00:00+02:00,0.0
2022-06-19 04:00:00+02:00,0.0
2022-06-19 05:00:00+02:00,0.0
2022-06-19 06:00:00+02:00,0.0
2022-06-19 07:00:00+02:00,0.0
2022-06-19 08:00:00+02:00,0.0
2022-06-19 09:00:00+02:00,0.0
2022-06-19 10:00:00+02:00,0.0
2022-06-19 11:00:00+02:00,0.0
2022-06-19 12:00:00+02:00,0.0
2022-06-19 13:00:00+02:00,0.0
2022-06-19 14:00:00+02:00,0.0
2022-06-19 15:00:00+02:00,0.0
2022-06-19 16:00:00+02:00,0.0
2022-06-19 17:00:00+02:00,0.0
2022-06-19 18:00:00+02:00,0.0
2022-06-19 19:00:00+02:00,0.0
2022-06-19 20:00:00+02:00,0.0
2022-06-19 21:00:00+02:00,0.0
2022-06-19 22:00:00+02:00,0.0
2022-06-19 23:00:00+02:00,0.0
2022-06-20 00:00:00+02:00,0.0
2022-06-20 01:00:00+02:00,0.0
2022-06-20 02:00:00+02:00,0.0
2022-06-20 03:00:00+02:00,0.0
2022-06-20 04:00:00+02:00,0.0
2022-06-20 05:00:00+02:00,0.0
2022-06-20 06:00:00+02:00,0.0
2022-06-20 07:00:00+02:00,1222.0
2022-06-20 08:00:00+02:00,1869.0
2022-06-20 09:00:00+02:00,1397.0
2022-06-20 10:00:00+02:00,1275.0
2022-06-20 11:00:00+02:00,1229.0
2022-06-20 12:00:00+02:00,933.0
2022-06-20 13:00:00+02:00,509.0
2022-06-20 14:00:00+02:00,216.0
2022-06-20 15:00:00+02:00,0.0
2022-06-20 16:00:00+02:00,0.0
2022-06-20 17:00:00+02:00,0.0
2022-06-20 18:00:00+02:00,409.0
2022-06-20 19:00:00+02:00,948.0
2022-06-20 20:00:00+02:00,1098.0
2022-06-20 21:00:00+02:00,1120.0
2022-06-20 22:00:00+02:00,1105.0
2022-06-20 23:00:00+02:00,523.0
2022-06-21 00:00:00+02:00,0.0
2022-06-21 01:00:00+02:00,0.0
2022-06-21 02:00:00+02:00,0.0
2022-06-21 03:00:00+02:00,0.0
2022-06-21 04:00:00+02:00,0.0
2022-06-21 05:00:00+02:00,0.0
2022-06-21 06:00:00+02:00,0.0
2022-06-21 07:00:00+02:00,634.0
2022-06-21 08:00:00+02:00,790.0
2022-06-21 09:00:00+02:00,1066.0
2022-06-21 10:00:00+02:00,1021.0
2022-06-21 11:00:00+02:00,1067.0
2022-06-21 12:00:00+02:00,1228.0
2022-06-21 13:00:00+02:00,1059.0
2022-06-21 14:00:00+02:00,1018.0
2022-06-21 15:00:00+02:00,981.0
2022-06-21 16:00:00+02:00,811.0
2022-06-21 17:00:00+02:00,957.0
2022-06-21 18:00:00+02:00,1282.0
2022-06-21 19:00:00+02:00,1713.0
2022-06-21 20:00:00+02:00,1611.0
2022-06-21 21:00:00+02:00,1427.0
2022-06-21 22:00:00+02:00,1670.0
2022-06-21 23:00:00+02:00,1489.0
2022-06-22 00:00:00+02:00,0.0
2022-06-22 01:00:00+02:00,0.0
2022-06-22 02:00:00+02:00,0.0
2022-06-22 03:00:00+02:00,0.0
2022-06-22 04:00:00+02:00,0.0
2022-06-22 05:00:00+02:00,0.0
2022-06-22 06:00:00+02:00,133.0
2022-06-22 07:00:00+02:00,807.0
2022-06-22 08:00:00+02:00,903.0
2022-06-22 09:00:00+02:00,718.0
2022-06-22 10:00:00+02:00,320.0
2022-06-22 11:00:00+02:00,407.0
2022-06-22 12:00:00+02:00,616.0
2022-06-22 13:00:00+02:00,434.0
2022-06-22 14:00:00+02:00,0.0
2022-06-22 15:00:00+02:00,0.0
2022-06-22 16:00:00+02:00,0.0
2022-06-22 17:00:00+02:00,253.0
2022-06-22 18:00:00+02:00,532.0
2022-06-22 19:00:00+02:00,1204.0
2022-06-22 20:00:00+02:00,1024.0
2022-06-22 21:00:00+02:00,727.0
2022-06-22 22:00:00+02:00,1008.0
2022-06-22 23:00:00+02:00,920.0
2022-06-23 00:00:00+02:00,0.0
2022-06-23 01:00:00+02:00,0.0
2022-06-23 02:00:00+02:00,0.0
2022-06-23 03:00:00+02:00,0.0
2022-06-23 04:00:00+02:00,0.0
2022-06-23 05:00:00+02:00,0.0
2022-06-23 06:00:00+02:00,0.0
2022-06-23 07:00:00+02:00,393.0
2022-06-23 08:00:00+02:00,567.0
2022-06-23 09:00:00+02:00,456.0
2022-06-23 10:00:00+02:00,378.0
2022-06-23 11:00:00+02:00,450.0
2022-06-23 12:00:00+02:00,726.0
2022-06-23 13:00:00+02:00,422.0
2022-06-23 14:00:00+02:00,384.0
2022-06-23 15:00:00+02:00,459.0
2022-06-23 16:00:00+02:00,139.0
2022-06-23 17:00:00+02:00,538.0
2022-06-23 18:00:00+02:00,979.0
2022-06-23 19:00:00+02:00,1690.0
2022-06-23 20:00:00+02:00,1535.0
2022-06-23 21:00:00+02:00,923.0
2022-06-23 22:00:00+02:00,855.0
2022-06-23 23:00:00+02:00,717.0
2022-06-24 00:00:00+02:00,0.0
2022-06-24 01:00:00+02:00,0.0
2022-06-24 02:00:00+02:00,0.0
2022-06-24 03:00:00+02:00,0.0
2022-06-24 04:00:00+02:00,0.0
2022-06-24 05:00:00+02:00,0.0
2022-06-24 06:00:00+02:00,0.0
2022-06-24 07:00:00+02:00,530.0
2022-06-24 08:00:00+02:00,915.0
2022-06-24 09:00:00+02:00,810.0
2022-06-24 10:00:00+02:00,610.0
2022-06-24 11:00:00+02:00,439.0
2022-06-24 12:00:00+02:00,118.0
2022-06-24 13:00:00+02:00,0.0
2022-06-24 14:00:00+02:00,0.0
2022-06-24 15:00:00+02:00,0.0
2022-06-24 16:00:00+02:00,0.0
2022-06-24 17:00:00+02:00,0.0
2022-06-24 18:00:00+02:00,0.0
2022-06-24 19:00:00+02:00,0.0
2022-06-24 20:00:00+02:00,0.0
2022-06-24 21:00:00+02:00,0.0
2022-06-24 22:00:00+02:00,0.0
2022-06-24 23:00:00+02:00,0.0
2022-06-25 00:00:00+02:00,0.0
2022-06-25 01:00:00+02:00,0.0
2022-06-25 02:00:00+02:00,0.0
2022-06-25 03:00:00+02:00,0.0
2022-06-25 04:00:00+02:00,0.0
2022-06-25 05:00:00+02:00,0.0
2022-06-25 06:00:00+02:00,0.0
2022-06-25 07:00:00+02:00,0.0
2022-06-25 08:00:00+02:00,0.0
2022-06-25 09:00:00+02:00,0.0
2022-06-25 10:00:00+02:00,0.0
2022-06-25 11:00:00+02:00,0.0
2022-06-25 12:00:00+02:00,0.0
2022-06-25 13:00:00+02:00,0.0
2022-06-25 14:00:00+02:00,0.0
2022-06-25 15:00:00+02:00,0.0
2022-06-25 16:00:00+02:00,0.0
2022-06-25 17:00:00+02:00,0.0
2022-06-25 18:00:00+02:00,0.0
2022-06-25 19:00:00+02:00,0.0
2022-06-25 20:00:00+02:00,0.0
2022-06-25 21:00:00+02:00,0.0
2022-06-25 22:00:00+02:00,0.0
2022-06-25 23:00:00+02:00,0.0
2022-06-26 00:00:00+02:00,0.0
2022-06-26 01:00:00+02:00,0.0
2022-06-26 02:00:00+02:00,0.0
2022-06-26 03:00:00+02:00,0.0
2022-06-26 04:00:00+02:00,0.0
2022-06-26 05:00:00+02:00,0.0
2022-06-26 06:00:00+02:00,0.0
2022-06-26 07:00:00+02:00,0.0
2022-06-26 08:00:00+02:00,0.0
2022-06-26 09:00:00+02:00,0.0
2022-06-26 10:00:00+02:00,0.0
2022-06-26 11:00:00+02:00,0.0
2022-06-26 12:00:00+02:00,0.0
2022-06-26 13:00:00+02:00,0.0
2022-06-26 14:00:00+02:00,0.0
2022-06-26 15:00:00+02:00,0.0
2022-06-26 16:00:00+02:00,0.0
2022-06-26 17:00:00+02:00,0.0
2022-06-26 18:00:00+02:00,0.0
2022-06-26 19:00:00+02:00,0.0
2022-06-26 20:00:00+02:00,0.0
2022-06-26 21:00:00+02:00,0.0
2022-06-26 22:00:00+02:00,0.0
2022-06-26 23:00:00+02:00,0.0
2022-06-27 00:00:00+02:00,0.0
2022-06-27 01:00:00+02:00,0.0
2022-06-27 02:00:00+02:00,0.0
2022-06-27 03:00:00+02:00,0.0
2022-06-27 04:00:00+02:00,0.0
2022-06-27 05:00:00+02:00,0.0
2022-06-27 06:00:00+02:00,0.0
2022-06-27 07:00:00+02:00,808.0
2022-06-27 08:00:00+02:00,1345.0
2022-06-27 09:00:00+02:00,1150.0
2022-06-27 10:00:00+02:00,710.0
2022-06-27 11:00:00+02:00,361.0
2022-06-27 12:00:00+02:00,519.0
2022-06-27 13:00:00+02:00,0.0
2022-06-27 14:00:00+02:00,0.0
2022-06-27 15:00:00+02:00,0.0
2022-06-27 16:00:00+02:00,0.0
2022-06-27 17:00:00+02:00,0.0
2022-06-27 18:00:00+02:00,0.0
2022-06-27 19:00:00+02:00,0.0
2022-06-27 20:00:00+02:00,0.0
2022-06-27 21:00:00+02:00,0.0
2022-06-27 22:00:00+02:00,0.0
2022-06-27 23:00:00+02:00,0.0
2022-06-28 00:00:00+02:00,0.0
2022-06-28 01:00:00+02:00,0.0
2022-06-28 02:00:00+02:00,0.0
2022-06-28 03:00:00+02:00,0.0
2022-06-28 04:00:00+02:00,0.0
2022-06-28 05:00:00+02:00,0.0
2022-06-28 06:00:00+02:00,0.0
2022-06-28 07:00:00+02:00,187.0
2022-06-28 08:00:00+02:00,0.0
2022-06-28 09:00:00+02:00,0.0
2022-06-28 10:00:00+02:00,0.0
2022-06-28 11:00:00+02:00,0.0
2022-06-28 12:00:00+02:00,0.0
2022-06-28 13:00:00+02:00,0.0
2022-06-28 14:00:00+02:00,0.0
2022-06-28 15:00:00+02:00,0.0
2022-06-28 16:00:00+02:00,0.0
2022-06-28 17:00:00+02:00,0.0
2022-06-28 18:00:00+02:00,667.0
2022-06-28 19:00:00+02:00,1271.0
2022-06-28 20:00:00+02:00,1316.0
2022-06-28 21:00:00+02:00,1012.0
2022-06-28 22:00:00+02:00,1252.0
2022-06-28 23:00:00+02:00,537.0
2022-06-29 00:00:00+02:00,0.0
2022-06-29 01:00:00+02:00,0.0
2022-06-29 02:00:00+02:00,0.0
2022-06-29 03:00:00+02:00,0.0
2022-06-29 04:00:00+02:00,0.0
2022-06-29 05:00:00+02:00,0.0
2022-06-29 06:00:00+02:00,0.0
2022-06-29 07:00:00+02:00,338.0
2022-06-29 08:00:00+02:00,755.0
2022-06-29 09:00:00+02:00,708.0
2022-06-29 10:00:00+02:00,0.0
2022-06-29 11:00:00+02:00,0.0
2022-06-29 12:00:00+02:00,0.0
2022-06-29 13:00:00+02:00,0.0
2022-06-29 14:00:00+02:00,0.0
2022-06-29 15:00:00+02:00,0.0
2022-06-29 16:00:00+02:00,0.0
2022-06-29 17:00:00+02:00,0.0
2022-06-29 18:00:00+02:00,868.0
2022-06-29 19:00:00+02:00,1631.0
2022-06-29 20:00:00+02:00,1560.0
2022-06-29 21:00:00+02:00,1085.0
2022-06-29 22:00:00+02:00,1199.0
2022-06-29 23:00:00+02:00,175.0
2022-06-30 00:00:00+02:00,0.0
2022-06-30 01:00:00+02:00,0.0
2022-06-30 02:00:00+02:00,0.0
2022-06-30 03:00:00+02:00,0.0
2022-06-30 04:00:00+02:00,0.0
2022-06-30 05:00:00+02:00,0.0
2022-06-30 06:00:00+02:00,0.0
2022-06-30 07:00:00+02:00,920.0
2022-06-30 08:00:00+02:00,1235.0
2022-06-30 09:00:00+02:00,1304.0
2022-06-30 10:00:00+02:00,1402.0
2022-06-30 11:00:00+02:00,1520.0
2022-06-30 12:00:00+02:00,1755.0
2022-06-30 13:00:00+02:00,1504.0
2022-06-30 14:00:00+02:00,720.0
2022-06-30 15:00:00+02:00,323.0
2022-06-30 16:00:00+02:00,0.0
2022-06-30 17:00:00+02:00,0.0
2022-06-30 18:00:00+02:00,617.0
2022-06-30 19:00:00+02:00,911.0
2022-06-30 20:00:00+02:00,562.0
2022-06-30 21:00:00+02:00,0.0
2022-06-30 22:00:00+02:00,84.0
2022-06-30 23:00:00+02:00,0.0
2022-07-01 00:00:00+02:00,0.0
2022-07-01 01:00:00+02:00,0.0
2022-07-01 02:00:00+02:00,0.0
2022-07-01 03:00:00+02:00,0.0
2022-07-01 04:00:00+02:00,0.0
2022-07-01 05:00:00+02:00,0.0
2022-07-01 06:00:00+02:00,0.0
2022-07-01 07:00:00+02:00,0.0
2022-07-01 08:00:00+02:00,0.0
2022-07-01 09:00:00+02:00,0.0
2022-07-01 10:00:00+02:00,0.0
2022-07-01 11:00:00+02:00,0.0
2022-07-01 12:00:00+02:00,0.0
2022-07-01 13:00:00+02:00,0.0
2022-07-01 14:00:00+02:00,0.0
2022-07-01 15:00:00+02:00,0.0
2022-07-01 16:00:00+02:00,0.0
2022-07-01 17:00:00+02:00,0.0
2022-07-01 18:00:00+02:00,0.0
2022-07-01 19:00:00+02:00,0.0
2022-07-01 20:00:00+02:00,0.0
2022-07-01 21:00:00+02:00,0.0
2022-07-01 22:00:00+02:00,0.0
2022-07-01 23:00:00+02:00,411.0
2022-07-02 00:00:00+02:00,0.0
2022-07-02 01:00:00+02:00,0.0
2022-07-02 02:00:00+02:00,0.0
2022-07-02 03:00:00+02:00,0.0
2022-07-02 04:00:00+02:00,0.0
2022-07-02 05:00:00+02:00,0.0
2022-07-02 06:00:00+02:00,0.0
2022-07-02 07:00:00+02:00,0.0
2022-07-02 08:00:00+02:00,0.0
2022-07-02 09:00:00+02:00,0.0
2022-07-02 10:00:00+02:00,0.0
2022-07-02 11:00:00+02:00,0.0
2022-07-02 12:00:00+02:00,0.0
2022-07-02 13:00:00+02:00,0.0
2022-07-02 14:00:00+02:00,0.0
2022-07-02 15:00:00+02:00,0.0
2022-07-02 16:00:00+02:00,0.0
2022-07-02 17:00:00+02:00,0.0
2022-07-02 18:00:00+02:00,0.0
2022-07-02 19:00:00+02:00,0.0
2022-07-02 20:00:00+02:00,0.0
2022-07-02 21:00:00+02:00,0.0
2022-07-02 22:00:00+02:00,0.0
2022-07-02 23:00:00+02:00,0.0
2022-07-03 00:00:00+02:00,0.0
2022-07-03 01:00:00+02:00,0.0
2022-07-03 02:00:00+02:00,0.0
2022-07-03 03:00:00+02:00,0.0
2022-07-03 04:00:00+02:00,0.0
2022-07-03 05:00:00+02:00,0.0
2022-07-03 06:00:00+02:00,0.0
2022-07-03 07:00:00+02:00,0.0
2022-07-03 08:00:00+02:00,0.0
2022-07-03 09:00:00+02:00,0.0
2022-07-03 10:00:00+02:00,0.0
2022-07-03 11:00:00+02:00,0.0
2022-07-03 12:00:00+02:00,0.0
2022-07-03 13:00:00+02:00,0.0
2022-07-03 14:00:00+02:00,0.0
2022-07-03 15:00:00+02:00,0.0
2022-07-03 16:00:00+02:00,0.0
2022-07-03 17:00:00+02:00,0.0
2022-07-03 18:00:00+02:00,0.0
2022-07-03 19:00:00+02:00,0.0
2022-07-03 20:00:00+02:00,0.0
2022-07-03 21:00:00+02:00,0.0
2022-07-03 22:00:00+02:00,0.0
2022-07-03 23:00:00+02:00,0.0
2022-07-04 00:00:00+02:00,0.0
2022-07-04 01:00:00+02:00,0.0
2022-07-04 02:00:00+02:00,0.0
2022-07-04 03:00:00+02:00,0.0
2022-07-04 04:00:00+02:00,0.0
2022-07-04 05:00:00+02:00,0.0
2022-07-04 06:00:00+02:00,0.0
2022-07-04 07:00:00+02:00,1234.0
2022-07-04 08:00:00+02:00,1664.0
2022-07-04 09:00:00+02:00,949.0
2022-07-04 10:00:00+02:00,960.0
2022-07-04 11:00:00+02:00,946.0
2022-07-04 12:00:00+02:00,919.0
2022-07-04 13:00:00+02:00,301.0
2022-07-04 14:00:00+02:00,94.0
2022-07-04 15:00:00+02:00,0.0
2022-07-04 16:00:00+02:00,0.0
2022-07-04 17:00:00+02:00,0.0
2022-07-04 18:00:00+02:00,598.0
2022-07-04 19:00:00+02:00,1182.0
2022-07-04 20:00:00+02:00,1489.0
2022-07-04 21:00:00+02:00,1329.0
2022-07-04 22:00:00+02:00,1442.0
2022-07-04 23:00:00+02:00,805.0
2022-07-05 00:00:00+02:00,0.0
2022-07-05 01:00:00+02:00,0.0
2022-07-05 02:00:00+02:00,0.0
2022-07-05 03:00:00+02:00,0.0
2022-07-05 04:00:00+02:00,0.0
2022-07-05 05:00:00+02:00,0.0
2022-07-05 06:00:00+02:00,0.0
2022-07-05 07:00:00+02:00,884.0
2022-07-05 08:00:00+02:00,1008.0
2022-07-05 09:00:00+02:00,589.0
2022-07-05 10:00:00+02:00,555.0
2022-07-05 11:00:00+02:00,171.0
2022-07-05 12:00:00+02:00,316.0
2022-07-05 13:00:00+02:00,0.0
2022-07-05 14:00:00+02:00,0.0
2022-07-05 15:00:00+02:00,0.0
2022-07-05 16:00:00+02:00,0.0
2022-07-05 17:00:00+02:00,136.0
2022-07-05 18:00:00+02:00,842.0
2022-07-05 19:00:00+02:00,1539.0
2022-07-05 20:00:00+02:00,1659.0
2022-07-05 21:00:00+02:00,1269.0
2022-07-05 22:00:00+02:00,1335.0
2022-07-05 23:00:00+02:00,1085.0
2022-07-06 00:00:00+02:00,0.0
2022-07-06 01:00:00+02:00,0.0
2022-07-06 02:00:00+02:00,0.0
2022-07-06 03:00:00+02:00,0.0
2022-07-06 04:00:00+02:00,0.0
2022-07-06 05:00:00+02:00,0.0
2022-07-06 06:00:00+02:00,0.0
2022-07-06 07:00:00+02:00,1271.0
2022-07-06 08:00:00+02:00,1346.0
2022-07-06 09:00:00+02:00,945.0
2022-07-06 10:00:00+02:00,946.0
2022-07-06 11:00:00+02:00,1228.0
2022-07-06 12:00:00+02:00,1123.0
2022-07-06 13:00:00+02:00,626.0
2022-07-06 14:00:00+02:00,607.0
2022-07-06 15:00:00+02:00,500.0
2022-07-06 16:00:00+02:00,0.0
2022-07-06 17:00:00+02:00,608.0
2022-07-06 18:00:00+02:00,939.0
2022-07-06 19:00:00+02:00,1296.0
2022-07-06 20:00:00+02:00,1139.0
2022-07-06 21:00:00+02:00,1140.0
2022-07-06 22:00:00+02:00,1676.0
2022-07-06 23:00:00+02:00,1079.0
2022-07-07 00:00:00+02:00,0.0
2022-07-07 01:00:00+02:00,0.0
2022-07-07 02:00:00+02:00,0.0
2022-07-07 03:00:00+02:00,0.0
2022-07-07 04:00:00+02:00,0.0
2022-07-07 05:00:00+02:00,0.0
2022-07-07 06:00:00+02:00,0.0
2022-07-07 07:00:00+02:00,927.0
2022-07-07 08:00:00+02:00,811.0
2022-07-07 09:00:00+02:00,703.0
2022-07-07 10:00:00+02:00,211.0
2022-07-07 11:00:00+02:00,394.0
2022-07-07 12:00:00+02:00,191.0
2022-07-07 13:00:00+02:00,0.0
2022-07-07 14:00:00+02:00,0.0
2022-07-07 15:00:00+02:00,0.0
2022-07-07 16:00:00+02:00,0.0
2022-07-07 17:00:00+02:00,0.0
2022-07-07 18:00:00+02:00,0.0
2022-07-07 19:00:00+02:00,678.0
2022-07-07 20:00:00+02:00,843.0
2022-07-07 21:00:00+02:00,308.0
2022-07-07 22:00:00+02:00,758.0
2022-07-07 23:00:00+02:00,333.0
2022-07-08 00:00:00+02:00,0.0
2022-07-08 01:00:00+02:00,0.0
2022-07-08 02:00:00+02:00,0.0
2022-07-08 03:00:00+02:00,0.0
2022-07-08 04:00:00+02:00,0.0
2022-07-08 05:00:00+02:00,0.0
2022-07-08 06:00:00+02:00,0.0
2022-07-08 07:00:00+02:00,0.0
2022-07-08 08:00:00+02:00,610.0
2022-07-08 09:00:00+02:00,616.0
2022-07-08 10:00:00+02:00,513.0
2022-07-08 11:00:00+02:00,0.0
2022-07-08 12:00:00+02:00,0.0
2022-07-08 13:00:00+02:00,0.0
2022-07-08 14:00:00+02:00,0.0
2022-07-08 15:00:00+02:00,0.0
2022-07-08 16:00:00+02:00,0.0
2022-07-08 17:00:00+02:00,0.0
2022-07-08 18:00:00+02:00,0.0
2022-07-08 19:00:00+02:00,244.0
2022-07-08 20:00:00+02:00,762.0
2022-07-08 21:00:00+02:00,592.0
2022-07-08 22:00:00+02:00,1051.0
2022-07-08 23:00:00+02:00,816.0
2022-07-09 00:00:00+02:00,0.0
2022-07-09 01:00:00+02:00,0.0
2022-07-09 02:00:00+02:00,0.0
2022-07-09 03:00:00+02:00,0.0
2022-07-09 04:00:00+02:00,0.0
2022-07-09 05:00:00+02:00,0.0
2022-07-09 06:00:00+02:00,0.0
2022-07-09 07:00:00+02:00,0.0
2022-07-09 08:00:00+02:00,0.0
2022-07-09 09:00:00+02:00,0.0
2022-07-09 10:00:00+02:00,0.0
2022-07-09 11:00:00+02:00,0.0
2022-07-09 12:00:00+02:00,0.0
2022-07-09 13:00:00+02:00,0.0
2022-07-09 14:00:00+02:00,0.0
2022-07-09 15:00:00+02:00,0.0
2022-07-09 16:00:00+02:00,0.0
2022-07-09 17:00:00+02:00,0.0
2022-07-09 18:00:00+02:00,0.0
2022-07-09 19:00:00+02:00,0.0
2022-07-09 20:00:00+02:00,0.0
2022-07-09 21:00:00+02:00,0.0
2022-07-09 22:00:00+02:00,0.0
2022-07-09 23:00:00+02:00,0.0
2022-07-10 00:00:00+02:00,0.0
2022-07-10 01:00:00+02:00,0.0
2022-07-10 02:00:00+02:00,0.0
2022-07-10 03:00:00+02:00,0.0
2022-07-10 04:00:00+02:00,0.0
2022-07-10 05:00:00+02:00,0.0
2022-07-10 06:00:00+02:00,0.0
2022-07-10 07:00:00+02:00,0.0
2022-07-10 08:00:00+02:00,0.0
2022-07-10 09:00:00+02:00,0.0
2022-07-10 10:00:00+02:00,0.0
2022-07-10 11:00:00+02:00,0.0
2022-07-10 12:00:00+02:00,0.0
2022-07-10 13:00:00+02:00,0.0
2022-07-10 14:00:00+02:00,0.0
2022-07-10 15:00:00+02:00,0.0
2022-07-10 16:00:00+02:00,0.0
2022-07-10 17:00:00+02:00,0.0
2022-07-10 18:00:00+02:00,0.0
2022-07-10 19:00:00+02:00,0.0
2022-07-10 20:00:00+02:00,0.0
2022-07-10 21:00:00+02:00,0.0
2022-07-10 22:00:00+02:00,259.0
2022-07-10 23:00:00+02:00,106.0
2022-07-11 00:00:00+02:00,0.0
2022-07-11 01:00:00+02:00,0.0
2022-07-11 02:00:00+02:00,0.0
2022-07-11 03:00:00+02:00,0.0
2022-07-11 04:00:00+02:00,0.0
2022-07-11 05:00:00+02:00,0.0
2022-07-11 06:00:00+02:00,0.0
2022-07-11 07:00:00+02:00,0.0
2022-07-11 08:00:00+02:00,511.0
2022-07-11 09:00:00+02:00,353.0
2022-07-11 10:00:00+02:00,0.0
2022-07-11 11:00:00+02:00,129.0
2022-07-11 12:00:00+02:00,0.0
2022-07-11 13:00:00+02:00,0.0
2022-07-11 14:00:00+02:00,0.0
2022-07-11 15:00:00+02:00,0.0
2022-07-11 16:00:00+02:00,0.0
2022-07-11 17:00:00+02:00,0.0
2022-07-11 18:00:00+02:00,319.0
2022-07-11 19:00:00+02:00,1903.0
2022-07-11 20:00:00+02:00,2140.0
2022-07-11 21:00:00+02:00,1543.0
2022-07-11 22:00:00+02:00,1328.0
2022-07-11 23:00:00+02:00,565.0
2022-07-12 00:00:00+02:00,0.0
2022-07-12 01:00:00+02:00,0.0
2022-07-12 02:00:00+02:00,0.0
2022-07-12 03:00:00+02:00,0.0
2022-07-12 04:00:00+02:00,0.0
2022-07-12 05:00:00+02:00,0.0
2022-07-12 06:00:00+02:00,122.0
2022-07-12 07:00:00+02:00,1800.0
2022-07-12 08:00:00+02:00,2016.0
2022-07-12 09:00:00+02:00,1416.0
2022-07-12 10:00:00+02:00,1083.0
2022-07-12 11:00:00+02:00,1255.0
2022-07-12 12:00:00+02:00,1162.0
2022-07-12 13:00:00+02:00,786.0
2022-07-12 14:00:00+02:00,510.0
2022-07-12 15:00:00+02:00,493.0
2022-07-12 16:00:00+02:00,466.0
2022-07-12 17:00:00+02:00,773.0
2022-07-12 18:00:00+02:00,1978.0
2022-07-12 19:00:00+02:00,2837.0
2022-07-12 20:00:00+02:00,2838.0
2022-07-12 21:00:00+02:00,2558.0
2022-07-12 22:00:00+02:00,2884.0
2022-07-12 23:00:00+02:00,2287.0
2022-07-13 00:00:00+02:00,523.0
2022-07-13 01:00:00+02:00,0.0
2022-07-13 02:00:00+02:00,0.0
2022-07-13 03:00:00+02:00,0.0
2022-07-13 04:00:00+02:00,0.0
2022-07-13 05:00:00+02:00,0.0
2022-07-13 06:00:00+02:00,170.0
2022-07-13 07:00:00+02:00,1671.0
2022-07-13 08:00:00+02:00,2369.0
2022-07-13 09:00:00+02:00,1981.0
2022-07-13 10:00:00+02:00,1705.0
2022-07-13 11:00:00+02:00,1930.0
2022-07-13 12:00:00+02:00,1949.0
2022-07-13 13:00:00+02:00,1479.0
2022-07-13 14:00:00+02:00,1199.0
2022-07-13 15:00:00+02:00,1076.0
2022-07-13 16:00:00+02:00,973.0
2022-07-13 17:00:00+02:00,1197.0
2022-07-13 18:00:00+02:00,1635.0
2022-07-13 19:00:00+02:00,2171.0
2022-07-13 20:00:00+02:00,2445.0
2022-07-13 21:00:00+02:00,2162.0
2022-07-13 22:00:00+02:00,2272.0
2022-07-13 23:00:00+02:00,1986.0
2022-07-14 00:00:00+02:00,703.0
2022-07-14 01:00:00+02:00,308.0
2022-07-14 02:00:00+02:00,0.0
2022-07-14 03:00:00+02:00,0.0
2022-07-14 04:00:00+02:00,0.0
2022-07-14 05:00:00+02:00,0.0
2022-07-14 06:00:00+02:00,0.0
2022-07-14 07:00:00+02:00,0.0
2022-07-14 08:00:00+02:00,0.0
2022-07-14 09:00:00+02:00,0.0
2022-07-14 10:00:00+02:00,0.0
2022-07-14 11:00:00+02:00,0.0
2022-07-14 12:00:00+02:00,66.0
2022-07-14 13:00:00+02:00,0.0
2022-07-14 14:00:00+02:00,0.0
2022-07-14 15:00:00+02:00,0.0
2022-07-14 16:00:00+02:00,0.0
2022-07-14 17:00:00+02:00,0.0
2022-07-14 18:00:00+02:00,0.0
2022-07-14 19:00:00+02:00,507.0
2022-07-14 20:00:00+02:00,667.0
2022-07-14 21:00:00+02:00,758.0
2022-07-14 22:00:00+02:00,706.0
2022-07-14 23:00:00+02:00,230.0
2022-07-15 00:00:00+02:00,0.0
2022-07-15 01:00:00+02:00,0.0
2022-07-15 02:00:00+02:00,0.0
2022-07-15 03:00:00+02:00,0.0
2022-07-15 04:00:00+02:00,0.0
2022-07-15 05:00:00+02:00,0.0
2022-07-15 06:00:00+02:00,0.0
2022-07-15 07:00:00+02:00,562.0
2022-07-15 08:00:00+02:00,703.0
2022-07-15 09:00:00+02:00,488.0
2022-07-15 10:00:00+02:00,378.0
2022-07-15 11:00:00+02:00,332.0
2022-07-15 12:00:00+02:00,830.0
2022-07-15 13:00:00+02:00,275.0
2022-07-15 14:00:00+02:00,0.0
2022-07-15 15:00:00+02:00,0.0
2022-07-15 16:00:00+02:00,0.0
2022-07-15 17:00:00+02:00,173.0
2022-07-15 18:00:00+02:00,634.0
2022-07-15 19:00:00+02:00,1361.0
2022-07-15 20:00:00+02:00,1816.0
2022-07-15 21:00:00+02:00,1482.0
2022-07-15 22:00:00+02:00,1503.0
2022-07-15 23:00:00+02:00,1118.0
2022-07-16 00:00:00+02:00,200.0
2022-07-16 01:00:00+02:00,0.0
2022-07-16 02:00:00+02:00,0.0
2022-07-16 03:00:00+02:00,0.0
2022-07-16 04:00:00+02:00,0.0
2022-07-16 05:00:00+02:00,0.0
2022-07-16 06:00:00+02:00,0.0
2022-07-16 07:00:00+02:00,0.0
2022-07-16 08:00:00+02:00,0.0
2022-07-16 09:00:00+02:00,164.0
2022-07-16 10:00:00+02:00,50.0
2022-07-16 11:00:00+02:00,132.0
2022-07-16 12:00:00+02:00,130.0
2022-07-16 13:00:00+02:00,0.0
2022-07-16 14:00:00+02:00,0.0
2022-07-16 15:00:00+02:00,0.0
2022-07-16 16:00:00+02:00,0.0
2022-07-16 17:00:00+02:00,0.0
2022-07-16 18:00:00+02:00,52.0
2022-07-16 19:00:00+02:00,921.0
2022-07-16 20:00:00+02:00,733.0
2022-07-16 21:00:00+02:00,551.0
2022-07-16 22:00:00+02:00,545.0
2022-07-16 23:00:00+02:00,575.0
2022-07-17 00:00:00+02:00,0.0
2022-07-17 01:00:00+02:00,0.0
2022-07-17 02:00:00+02:00,0.0
2022-07-17 03:00:00+02:00,0.0
2022-07-17 04:00:00+02:00,0.0
2022-07-17 05:00:00+02:00,0.0
2022-07-17 06:00:00+02:00,0.0
2022-07-17 07:00:00+02:00,0.0
2022-07-17 08:00:00+02:00,0.0
2022-07-17 09:00:00+02:00,0.0
2022-07-17 10:00:00+02:00,0.0
2022-07-17 11:00:00+02:00,78.0
2022-07-17 12:00:00+02:00,833.0
2022-07-17 13:00:00+02:00,907.0
2022-07-17 14:00:00+02:00,793.0
2022-07-17 15:00:00+02:00,680.0
2022-07-17 16:00:00+02:00,5.0
2022-07-17 17:00:00+02:00,0.0
2022-07-17 18:00:00+02:00,457.0
2022-07-17 19:00:00+02:00,1925.0
2022-07-17 20:00:00+02:00,2342.0
2022-07-17 21:00:00+02:00,2329.0
2022-07-17 22:00:00+02:00,2035.0
2022-07-17 23:00:00+02:00,1518.0
2022-07-18 00:00:00+02:00,392.0
2022-07-18 01:00:00+02:00,0.0
2022-07-18 02:00:00+02:00,0.0
2022-07-18 03:00:00+02:00,0.0
2022-07-18 04:00:00+02:00,0.0
2022-07-18 05:00:00+02:00,0.0
2022-07-18 06:00:00+02:00,179.0
2022-07-18 07:00:00+02:00,1407.0
2022-07-18 08:00:00+02:00,1956.0
2022-07-18 09:00:00+02:00,1874.0
2022-07-18 10:00:00+02:00,2102.0
2022-07-18 11:00:00+02:00,2437.0
2022-07-18 12:00:00+02:00,2513.0
2022-07-18 13:00:00+02:00,2228.0
2022-07-18 14:00:00+02:00,1811.0
2022-07-18 15:00:00+02:00,1768.0
2022-07-18 16:00:00+02:00,2026.0
2022-07-18 17:00:00+02:00,2897.0
2022-07-18 18:00:00+02:00,3743.0
2022-07-18 19:00:00+02:00,4428.0
2022-07-18 20:00:00+02:00,4451.0
2022-07-18 21:00:00+02:00,3885.0
2022-07-18 22:00:00+02:00,3478.0
2022-07-18 23:00:00+02:00,2809.0
2022-07-19 00:00:00+02:00,959.0
2022-07-19 01:00:00+02:00,0.0
2022-07-19 02:00:00+02:00,0.0
2022-07-19 03:00:00+02:00,0.0
2022-07-19 04:00:00+02:00,0.0
2022-07-19 05:00:00+02:00,0.0
2022-07-19 06:00:00+02:00,1248.0
2022-07-19 07:00:00+02:00,2141.0
2022-07-19 08:00:00+02:00,2324.0
2022-07-19 09:00:00+02:00,2279.0
2022-07-19 10:00:00+02:00,2258.0
2022-07-19 11:00:00+02:00,2646.0
2022-07-19 12:00:00+02:00,2832.0
2022-07-19 13:00:00+02:00,2388.0
2022-07-19 14:00:00+02:00,1956.0
2022-07-19 15:00:00+02:00,1935.0
2022-07-19 16:00:00+02:00,2185.0
2022-07-19 17:00:00+02:00,2511.0
2022-07-19 18:00:00+02:00,3330.0
2022-07-19 19:00:00+02:00,3818.0
2022-07-19 20:00:00+02:00,3728.0
2022-07-19 21:00:00+02:00,2844.0
2022-07-19 22:00:00+02:00,2767.0
2022-07-19 23:00:00+02:00,1872.0
2022-07-20 00:00:00+02:00,513.0
2022-07-20 01:00:00+02:00,466.0
2022-07-20 02:00:00+02:00,157.0
2022-07-20 03:00:00+02:00,0.0
2022-07-20 04:00:00+02:00,0.0
2022-07-20 05:00:00+02:00,201.0
2022-07-20 06:00:00+02:00,1368.0
2022-07-20 07:00:00+02:00,2585.0
2022-07-20 08:00:00+02:00,2865.0
2022-07-20 09:00:00+02:00,2692.0
2022-07-20 10:00:00+02:00,2334.0
2022-07-20 11:00:00+02:00,2318.0
2022-07-20 12:00:00+02:00,2397.0
2022-07-20 13:00:00+02:00,1722.0
2022-07-20 14:00:00+02:00,1571.0
2022-07-20 15:00:00+02:00,1555.0
2022-07-20 16:00:00+02:00,1271.0
2022-07-20 17:00:00+02:00,1273.0
2022-07-20 18:00:00+02:00,2276.0
2022-07-20 19:00:00+02:00,3399.0
2022-07-20 20:00:00+02:00,3323.0
2022-07-20 21:00:00+02:00,2792.0
2022-07-20 22:00:00+02:00,2535.0
2022-07-20 23:00:00+02:00,2076.0
2022-07-21 00:00:00+02:00,1453.0
2022-07-21 01:00:00+02:00,1184.0
2022-07-21 02:00:00+02:00,110.0
2022-07-21 03:00:00+02:00,0.0
2022-07-21 04:00:00+02:00,0.0
2022-07-21 05:00:00+02:00,0.0
2022-07-21 06:00:00+02:00,1252.0
2022-07-21 07:00:00+02:00,2053.0
2022-07-21 08:00:00+02:00,2316.0
2022-07-21 09:00:00+02:00,2726.0
2022-07-21 10:00:00+02:00,2562.0
2022-07-21 11:00:00+02:00,2211.0
2022-07-21 12:00:00+02:00,2169.0
2022-07-21 13:00:00+02:00,1789.0
2022-07-21 14:00:00+02:00,1824.0
2022-07-21 15:00:00+02:00,1915.0
2022-07-21 16:00:00+02:00,1497.0
2022-07-21 17:00:00+02:00,2085.0
2022-07-21 18:00:00+02:00,2670.0
2022-07-21 19:00:00+02:00,3396.0
2022-07-21 20:00:00+02:00,3188.0
2022-07-21 21:00:00+02:00,2663.0
2022-07-21 22:00:00+02:00,2985.0
2022-07-21 23:00:00+02:00,2280.0
2022-07-22 00:00:00+02:00,934.0
2022-07-22 01:00:00+02:00,411.0
2022-07-22 02:00:00+02:00,507.0
2022-07-22 03:00:00+02:00,0.0
2022-07-22 04:00:00+02:00,0.0
2022-07-22 05:00:00+02:00,392.0
2022-07-22 06:00:00+02:00,1236.0
2022-07-22 07:00:00+02:00,1760.0
2022-07-22 08:00:00+02:00,2173.0
2022-07-22 09:00:00+02:00,2281.0
2022-07-22 10:00:00+02:00,2488.0
2022-07-22 11:00:00+02:00,2652.0
2022-07-22 12:00:00+02:00,2804.0
2022-07-22 13:00:00+02:00,2515.0
2022-07-22 14:00:00+02:00,2390.0
2022-07-22 15:00:00+02:00,2310.0
2022-07-22 16:00:00+02:00,2085.0
2022-07-22 17:00:00+02:00,2203.0
2022-07-22 18:00:00+02:00,2041.0
2022-07-22 19:00:00+02:00,2295.0
2022-07-22 20:00:00+02:00,2262.0
2022-07-22 21:00:00+02:00,2159.0
2022-07-22 22:00:00+02:00,2122.0
2022-07-22 23:00:00+02:00,1926.0
2022-07-23 00:00:00+02:00,1060.0
2022-07-23 01:00:00+02:00,0.0
2022-07-23 02:00:00+02:00,0.0
2022-07-23 03:00:00+02:00,0.0
2022-07-23 04:00:00+02:00,0.0
2022-07-23 05:00:00+02:00,0.0
2022-07-23 06:00:00+02:00,0.0
2022-07-23 07:00:00+02:00,0.0
2022-07-23 08:00:00+02:00,105.0
2022-07-23 09:00:00+02:00,485.0
2022-07-23 10:00:00+02:00,254.0
2022-07-23 11:00:00+02:00,508.0
2022-07-23 12:00:00+02:00,747.0
2022-07-23 13:00:00+02:00,313.0
2022-07-23 14:00:00+02:00,23.0
2022-07-23 15:00:00+02:00,0.0
2022-07-23 16:00:00+02:00,0.0
2022-07-23 17:00:00+02:00,159.0
2022-07-23 18:00:00+02:00,1187.0
2022-07-23 19:00:00+02:00,2018.0
2022-07-23 20:00:00+02:00,2316.0
2022-07-23 21:00:00+02:00,2479.0
2022-07-23 22:00:00+02:00,2496.0
2022-07-23 23:00:00+02:00,2046.0
2022-07-24 00:00:00+02:00,859.0
2022-07-24 01:00:00+02:00,221.0
2022-07-24 02:00:00+02:00,0.0
2022-07-24 03:00:00+02:00,0.0
2022-07-24 04:00:00+02:00,0.0
2022-07-24 05:00:00+02:00,0.0
2022-07-24 06:00:00+02:00,0.0
2022-07-24 07:00:00+02:00,0.0
2022-07-24 08:00:00+02:00,0.0
2022-07-24 09:00:00+02:00,0.0
2022-07-24 10:00:00+02:00,0.0
2022-07-24 11:00:00+02:00,0.0
2022-07-24 12:00:00+02:00,382.0
2022-07-24 13:00:00+02:00,114.0
2022-07-24 14:00:00+02:00,40.0
2022-07-24 15:00:00+02:00,0.0
2022-07-24 16:00:00+02:00,0.0
2022-07-24 17:00:00+02:00,278.0
2022-07-24 18:00:00+02:00,1045.0
2022-07-24 19:00:00+02:00,1977.0
2022-07-24 20:00:00+02:00,2192.0
2022-07-24 21:00:00+02:00,2345.0
2022-07-24 22:00:00+02:00,2505.0
2022-07-24 23:00:00+02:00,2031.0
2022-07-25 00:00:00+02:00,755.0
2022-07-25 01:00:00+02:00,121.0
2022-07-25 02:00:00+02:00,33.0
2022-07-25 03:00:00+02:00,0.0
2022-07-25 04:00:00+02:00,0.0
2022-07-25 05:00:00+02:00,0.0
2022-07-25 06:00:00+02:00,113.0
2022-07-25 07:00:00+02:00,1062.0
2022-07-25 08:00:00+02:00,1368.0
2022-07-25 09:00:00+02:00,1370.0
2022-07-25 10:00:00+02:00,1832.0
2022-07-25 11:00:00+02:00,1602.0
2022-07-25 12:00:00+02:00,1539.0
2022-07-25 13:00:00+02:00,1509.0
2022-07-25 14:00:00+02:00,914.0
2022-07-25 15:00:00+02:00,163.0
2022-07-25 16:00:00+02:00,122.0
2022-07-25 17:00:00+02:00,203.0
2022-07-25 18:00:00+02:00,623.0
2022-07-25 19:00:00+02:00,874.0
2022-07-25 20:00:00+02:00,1005.0
2022-07-25 21:00:00+02:00,1013.0
2022-07-25 22:00:00+02:00,1396.0
2022-07-25 23:00:00+02:00,1300.0
2022-07-26 00:00:00+02:00,752.0
2022-07-26 01:00:00+02:00,572.0
2022-07-26 02:00:00+02:00,285.0
2022-07-26 03:00:00+02:00,0.0
2022-07-26 04:00:00+02:00,0.0
2022-07-26 05:00:00+02:00,595.0
2022-07-26 06:00:00+02:00,1763.0
2022-07-26 07:00:00+02:00,2285.0
2022-07-26 08:00:00+02:00,2329.0
2022-07-26 09:00:00+02:00,2310.0
2022-07-26 10:00:00+02:00,1860.0
2022-07-26 11:00:00+02:00,2052.0
2022-07-26 12:00:00+02:00,2469.0
2022-07-26 13:00:00+02:00,1946.0
2022-07-26 14:00:00+02:00,1924.0
2022-07-26 15:00:00+02:00,1848.0
2022-07-26 16:00:00+02:00,1465.0
2022-07-26 17:00:00+02:00,1773.0
2022-07-26 18:00:00+02:00,2503.0
2022-07-26 19:00:00+02:00,2926.0
2022-07-26 20:00:00+02:00,2805.0
2022-07-26 21:00:00+02:00,2629.0
2022-07-26 22:00:00+02:00,2578.0
2022-07-26 23:00:00+02:00,2731.0
2022-07-27 00:00:00+02:00,1346.0
2022-07-27 01:00:00+02:00,666.0
2022-07-27 02:00:00+02:00,161.0
2022-07-27 03:00:00+02:00,0.0
2022-07-27 04:00:00+02:00,0.0
2022-07-27 05:00:00+02:00,0.0
2022-07-27 06:00:00+02:00,574.0
2022-07-27 07:00:00+02:00,1494.0
2022-07-27 08:00:00+02:00,1790.0
2022-07-27 09:00:00+02:00,1869.0
2022-07-27 10:00:00+02:00,1740.0
2022-07-27 11:00:00+02:00,2004.0
2022-07-27 12:00:00+02:00,1914.0
2022-07-27 13:00:00+02:00,1434.0
2022-07-27 14:00:00+02:00,1618.0
2022-07-27 15:00:00+02:00,1250.0
2022-07-27 16:00:00+02:00,969.0
2022-07-27 17:00:00+02:00,1288.0
2022-07-27 18:00:00+02:00,2066.0
2022-07-27 19:00:00+02:00,2507.0
2022-07-27 20:00:00+02:00,2513.0
2022-07-27 21:00:00+02:00,2300.0
2022-07-27 22:00:00+02:00,2099.0
2022-07-27 23:00:00+02:00,1795.0
2022-07-28 00:00:00+02:00,0.0
2022-07-28 01:00:00+02:00,0.0
2022-07-28 02:00:00+02:00,0.0
2022-07-28 03:00:00+02:00,0.0
2022-07-28 04:00:00+02:00,0.0
2022-07-28 05:00:00+02:00,0.0
2022-07-28 06:00:00+02:00,400.0
2022-07-28 07:00:00+02:00,1386.0
2022-07-28 08:00:00+02:00,1614.0
2022-07-28 09:00:00+02:00,1768.0
2022-07-28 10:00:00+02:00,1985.0
2022-07-28 11:00:00+02:00,1977.0
2022-07-28 12:00:00+02:00,2133.0
2022-07-28 13:00:00+02:00,1702.0
2022-07-28 14:00:00+02:00,1828.0
2022-07-28 15:00:00+02:00,1659.0
2022-07-28 16:00:00+02:00,1439.0
2022-07-28 17:00:00+02:00,1733.0
2022-07-28 18:00:00+02:00,1934.0
2022-07-28 19:00:00+02:00,2307.0
2022-07-28 20:00:00+02:00,2095.0
2022-07-28 21:00:00+02:00,1836.0
2022-07-28 22:00:00+02:00,1882.0
2022-07-28 23:00:00+02:00,2101.0
2022-07-29 00:00:00+02:00,897.0
2022-07-29 01:00:00+02:00,244.0
2022-07-29 02:00:00+02:00,0.0
2022-07-29 03:00:00+02:00,0.0
2022-07-29 04:00:00+02:00,0.0
2022-07-29 05:00:00+02:00,0.0
2022-07-29 06:00:00+02:00,673.0
2022-07-29 07:00:00+02:00,1566.0
2022-07-29 08:00:00+02:00,1831.0
2022-07-29 09:00:00+02:00,1895.0
2022-07-29 10:00:00+02:00,2080.0
2022-07-29 11:00:00+02:00,2089.0
2022-07-29 12:00:00+02:00,1846.0
2022-07-29 13:00:00+02:00,1221.0
2022-07-29 14:00:00+02:00,1002.0
2022-07-29 15:00:00+02:00,433.0
2022-07-29 16:00:00+02:00,423.0
2022-07-29 17:00:00+02:00,908.0
2022-07-29 18:00:00+02:00,1305.0
2022-07-29 19:00:00+02:00,1732.0
2022-07-29 20:00:00+02:00,1959.0
2022-07-29 21:00:00+02:00,1611.0
2022-07-29 22:00:00+02:00,1876.0
2022-07-29 23:00:00+02:00,1533.0
2022-07-30 00:00:00+02:00,341.0
2022-07-30 01:00:00+02:00,0.0
2022-07-30 02:00:00+02:00,0.0
2022-07-30 03:00:00+02:00,0.0
2022-07-30 04:00:00+02:00,0.0
2022-07-30 05:00:00+02:00,0.0
2022-07-30 06:00:00+02:00,0.0
2022-07-30 07:00:00+02:00,0.0
2022-07-30 08:00:00+02:00,0.0
2022-07-30 09:00:00+02:00,0.0
2022-07-30 10:00:00+02:00,0.0
2022-07-30 11:00:00+02:00,0.0
2022-07-30 12:00:00+02:00,0.0
2022-07-30 13:00:00+02:00,0.0
2022-07-30 14:00:00+02:00,0.0
2022-07-30 15:00:00+02:00,0.0
2022-07-30 16:00:00+02:00,0.0
2022-07-30 17:00:00+02:00,0.0
2022-07-30 18:00:00+02:00,0.0
2022-07-30 19:00:00+02:00,861.0
2022-07-30 20:00:00+02:00,1111.0
2022-07-30 21:00:00+02:00,1275.0
2022-07-30 22:00:00+02:00,1878.0
2022-07-30 23:00:00+02:00,1556.0
2022-07-31 00:00:00+02:00,111.0
2022-07-31 01:00:00+02:00,0.0
2022-07-31 02:00:00+02:00,0.0
2022-07-31 03:00:00+02:00,0.0
2022-07-31 04:00:00+02:00,0.0
2022-07-31 05:00:00+02:00,0.0
2022-07-31 06:00:00+02:00,0.0
2022-07-31 07:00:00+02:00,0.0
2022-07-31 08:00:00+02:00,0.0
2022-07-31 09:00:00+02:00,0.0
2022-07-31 10:00:00+02:00,34.0
2022-07-31 11:00:00+02:00,226.0
2022-07-31 12:00:00+02:00,412.0
2022-07-31 13:00:00+02:00,440.0
2022-07-31 14:00:00+02:00,106.0
2022-07-31 15:00:00+02:00,0.0
2022-07-31 16:00:00+02:00,0.0
2022-07-31 17:00:00+02:00,0.0
2022-07-31 18:00:00+02:00,0.0
2022-07-31 19:00:00+02:00,198.0
2022-07-31 20:00:00+02:00,506.0
2022-07-31 21:00:00+02:00,819.0
2022-07-31 22:00:00+02:00,1254.0
2022-07-31 23:00:00+02:00,1095.0
2022-08-01 00:00:00+02:00,0.0
2022-08-01 01:00:00+02:00,0.0
2022-08-01 02:00:00+02:00,0.0
2022-08-01 03:00:00+02:00,0.0
2022-08-01 04:00:00+02:00,0.0
2022-08-01 05:00:00+02:00,0.0
2022-08-01 06:00:00+02:00,442.0
2022-08-01 07:00:00+02:00,1687.0
2022-08-01 08:00:00+02:00,2799.0
2022-08-01 09:00:00+02:00,2879.0
2022-08-01 10:00:00+02:00,2763.0
2022-08-01 11:00:00+02:00,2344.0
2022-08-01 12:00:00+02:00,2181.0
2022-08-01 13:00:00+02:00,1554.0
2022-08-01 14:00:00+02:00,1266.0
2022-08-01 15:00:00+02:00,1156.0
2022-08-01 16:00:00+02:00,938.0
2022-08-01 17:00:00+02:00,1462.0
2022-08-01 18:00:00+02:00,2361.0
2022-08-01 19:00:00+02:00,2954.0
2022-08-01 20:00:00+02:00,3020.0
2022-08-01 21:00:00+02:00,2874.0
2022-08-01 22:00:00+02:00,2900.0
2022-08-01 23:00:00+02:00,2364.0
2022-08-02 00:00:00+02:00,1078.0
2022-08-02 01:00:00+02:00,419.0
2022-08-02 02:00:00+02:00,196.0
2022-08-02 03:00:00+02:00,0.0
2022-08-02 04:00:00+02:00,0.0
2022-08-02 05:00:00+02:00,0.0
2022-08-02 06:00:00+02:00,345.0
2022-08-02 07:00:00+02:00,847.0
2022-08-02 08:00:00+02:00,1217.0
2022-08-02 09:00:00+02:00,991.0
2022-08-02 10:00:00+02:00,1069.0
2022-08-02 11:00:00+02:00,1091.0
2022-08-02 12:00:00+02:00,1004.0
2022-08-02 13:00:00+02:00,548.0
2022-08-02 14:00:00+02:00,620.0
2022-08-02 15:00:00+02:00,298.0
2022-08-02 16:00:00+02:00,43.0
2022-08-02 17:00:00+02:00,687.0
2022-08-02 18:00:00+02:00,1561.0
2022-08-02 19:00:00+02:00,2421.0
2022-08-02 20:00:00+02:00,2658.0
2022-08-02 21:00:00+02:00,2589.0
2022-08-02 22:00:00+02:00,2527.0
2022-08-02 23:00:00+02:00,1876.0
2022-08-03 00:00:00+02:00,913.0
2022-08-03 01:00:00+02:00,516.0
2022-08-03 02:00:00+02:00,57.0
2022-08-03 03:00:00+02:00,0.0
2022-08-03 04:00:00+02:00,0.0
2022-08-03 05:00:00+02:00,0.0
2022-08-03 06:00:00+02:00,33.0
2022-08-03 07:00:00+02:00,825.0
2022-08-03 08:00:00+02:00,1201.0
2022-08-03 09:00:00+02:00,1220.0
2022-08-03 10:00:00+02:00,1012.0
2022-08-03 11:00:00+02:00,1186.0
2022-08-03 12:00:00+02:00,1326.0
2022-08-03 13:00:00+02:00,1259.0
2022-08-03 14:00:00+02:00,1385.0
2022-08-03 15:00:00+02:00,1161.0
2022-08-03 16:00:00+02:00,868.0
2022-08-03 17:00:00+02:00,1482.0
2022-08-03 18:00:00+02:00,2474.0
2022-08-03 19:00:00+02:00,3271.0
2022-08-03 20:00:00+02:00,3138.0
2022-08-03 21:00:00+02:00,3140.0
2022-08-03 22:00:00+02:00,3277.0
2022-08-03 23:00:00+02:00,2940.0
2022-08-04 00:00:00+02:00,726.0
2022-08-04 01:00:00+02:00,219.0
2022-08-04 02:00:00+02:00,0.0
2022-08-04 03:00:00+02:00,0.0
2022-08-04 04:00:00+02:00,0.0
2022-08-04 05:00:00+02:00,0.0
2022-08-04 06:00:00+02:00,0.0
2022-08-04 07:00:00+02:00,500.0
2022-08-04 08:00:00+02:00,1163.0
2022-08-04 09:00:00+02:00,1137.0
2022-08-04 10:00:00+02:00,1071.0
2022-08-04 11:00:00+02:00,1315.0
2022-08-04 12:00:00+02:00,1288.0
2022-08-04 13:00:00+02:00,861.0
2022-08-04 14:00:00+02:00,784.0
2022-08-04 15:00:00+02:00,656.0
2022-08-04 16:00:00+02:00,602.0
2022-08-04 17:00:00+02:00,827.0
2022-08-04 18:00:00+02:00,1905.0
2022-08-04 19:00:00+02:00,2308.0
2022-08-04 20:00:00+02:00,1994.0
2022-08-04 21:00:00+02:00,1847.0
2022-08-04 22:00:00+02:00,1752.0
2022-08-04 23:00:00+02:00,996.0
2022-08-05 00:00:00+02:00,0.0
2022-08-05 01:00:00+02:00,0.0
2022-08-05 02:00:00+02:00,0.0
2022-08-05 03:00:00+02:00,0.0
2022-08-05 04:00:00+02:00,0.0
2022-08-05 05:00:00+02:00,0.0
2022-08-05 06:00:00+02:00,0.0
2022-08-05 07:00:00+02:00,336.0
2022-08-05 08:00:00+02:00,1248.0
2022-08-05 09:00:00+02:00,1173.0
2022-08-05 10:00:00+02:00,1492.0
2022-08-05 11:00:00+02:00,1397.0
2022-08-05 12:00:00+02:00,1060.0
2022-08-05 13:00:00+02:00,261.0
2022-08-05 14:00:00+02:00,0.0
2022-08-05 15:00:00+02:00,0.0
2022-08-05 16:00:00+02:00,0.0
2022-08-05 17:00:00+02:00,0.0
2022-08-05 18:00:00+02:00,0.0
2022-08-05 19:00:00+02:00,0.0
2022-08-05 20:00:00+02:00,0.0
2022-08-05 21:00:00+02:00,264.0
2022-08-05 22:00:00+02:00,30.0
2022-08-05 23:00:00+02:00,0.0
2022-08-06 00:00:00+02:00,0.0
2022-08-06 01:00:00+02:00,0.0
2022-08-06 02:00:00+02:00,0.0
2022-08-06 03:00:00+02:00,0.0
2022-08-06 04:00:00+02:00,0.0
2022-08-06 05:00:00+02:00,0.0
2022-08-06 06:00:00+02:00,0.0
2022-08-06 07:00:00+02:00,0.0
2022-08-06 08:00:00+02:00,0.0
2022-08-06 09:00:00+02:00,0.0
2022-08-06 10:00:00+02:00,0.0
2022-08-06 11:00:00+02:00,0.0
2022-08-06 12:00:00+02:00,0.0
2022-08-06 13:00:00+02:00,0.0
2022-08-06 14:00:00+02:00,0.0
2022-08-06 15:00:00+02:00,0.0
2022-08-06 16:00:00+02:00,0.0
2022-08-06 17:00:00+02:00,0.0
2022-08-06 18:00:00+02:00,0.0
2022-08-06 19:00:00+02:00,0.0
2022-08-06 20:00:00+02:00,0.0
2022-08-06 21:00:00+02:00,0.0
2022-08-06 22:00:00+02:00,0.0
2022-08-06 23:00:00+02:00,0.0
2022-08-07 00:00:00+02:00,0.0
2022-08-07 01:00:00+02:00,0.0
2022-08-07 02:00:00+02:00,0.0
2022-08-07 03:00:00+02:00,0.0
2022-08-07 04:00:00+02:00,0.0
2022-08-07 05:00:00+02:00,0.0
2022-08-07 06:00:00+02:00,0.0
2022-08-07 07:00:00+02:00,0.0
2022-08-07 08:00:00+02:00,0.0
2022-08-07 09:00:00+02:00,0.0
2022-08-07 10:00:00+02:00,0.0
2022-08-07 11:00:00+02:00,0.0
2022-08-07 12:00:00+02:00,0.0
2022-08-07 13:00:00+02:00,0.0
2022-08-07 14:00:00+02:00,0.0
2022-08-07 15:00:00+02:00,0.0
2022-08-07 16:00:00+02:00,0.0
2022-08-07 17:00:00+02:00,0.0
2022-08-07 18:00:00+02:00,0.0
2022-08-07 19:00:00+02:00,0.0
2022-08-07 20:00:00+02:00,0.0
2022-08-07 21:00:00+02:00,0.0
2022-08-07 22:00:00+02:00,0.0
2022-08-07 23:00:00+02:00,0.0
2022-08-08 00:00:00+02:00,0.0
2022-08-08 01:00:00+02:00,0.0
2022-08-08 02:00:00+02:00,0.0
2022-08-08 03:00:00+02:00,0.0
2022-08-08 04:00:00+02:00,0.0
2022-08-08 05:00:00+02:00,0.0
2022-08-08 06:00:00+02:00,0.0
2022-08-08 07:00:00+02:00,0.0
2022-08-08 08:00:00+02:00,0.0
2022-08-08 09:00:00+02:00,0.0
2022-08-08 10:00:00+02:00,0.0
2022-08-08 11:00:00+02:00,0.0
2022-08-08 12:00:00+02:00,0.0
2022-08-08 13:00:00+02:00,0.0
2022-08-08 14:00:00+02:00,0.0
2022-08-08 15:00:00+02:00,0.0
2022-08-08 16:00:00+02:00,0.0
2022-08-08 17:00:00+02:00,0.0
2022-08-08 18:00:00+02:00,0.0
2022-08-08 19:00:00+02:00,19.0
2022-08-08 20:00:00+02:00,0.0
2022-08-08 21:00:00+02:00,0.0
2022-08-08 22:00:00+02:00,0.0
2022-08-08 23:00:00+02:00,0.0
2022-08-09 00:00:00+02:00,0.0
2022-08-09 01:00:00+02:00,0.0
2022-08-09 02:00:00+02:00,0.0
2022-08-09 03:00:00+02:00,0.0
2022-08-09 04:00:00+02:00,0.0
2022-08-09 05:00:00+02:00,0.0
2022-08-09 06:00:00+02:00,0.0
2022-08-09 07:00:00+02:00,0.0
2022-08-09 08:00:00+02:00,0.0
2022-08-09 09:00:00+02:00,0.0
2022-08-09 10:00:00+02:00,0.0
2022-08-09 11:00:00+02:00,0.0
2022-08-09 12:00:00+02:00,0.0
2022-08-09 13:00:00+02:00,0.0
2022-08-09 14:00:00+02:00,0.0
2022-08-09 15:00:00+02:00,0.0
2022-08-09 16:00:00+02:00,0.0
2022-08-09 17:00:00+02:00,0.0
2022-08-09 18:00:00+02:00,0.0
2022-08-09 19:00:00+02:00,977.0
2022-08-09 20:00:00+02:00,916.0
2022-08-09 21:00:00+02:00,278.0
2022-08-09 22:00:00+02:00,0.0
2022-08-09 23:00:00+02:00,0.0
2022-08-10 00:00:00+02:00,0.0
2022-08-10 01:00:00+02:00,0.0
2022-08-10 02:00:00+02:00,0.0
2022-08-10 03:00:00+02:00,0.0
2022-08-10 04:00:00+02:00,0.0
2022-08-10 05:00:00+02:00,0.0
2022-08-10 06:00:00+02:00,0.0
2022-08-10 07:00:00+02:00,0.0
2022-08-10 08:00:00+02:00,0.0
2022-08-10 09:00:00+02:00,0.0
2022-08-10 10:00:00+02:00,0.0
2022-08-10 11:00:00+02:00,0.0
2022-08-10 12:00:00+02:00,0.0
2022-08-10 13:00:00+02:00,0.0
2022-08-10 14:00:00+02:00,0.0
2022-08-10 15:00:00+02:00,0.0
2022-08-10 16:00:00+02:00,0.0
2022-08-10 17:00:00+02:00,0.0
2022-08-10 18:00:00+02:00,734.0
2022-08-10 19:00:00+02:00,1459.0
2022-08-10 20:00:00+02:00,1744.0
2022-08-10 21:00:00+02:00,1238.0
2022-08-10 22:00:00+02:00,1159.0
2022-08-10 23:00:00+02:00,199.0
2022-08-11 00:00:00+02:00,0.0
2022-08-11 01:00:00+02:00,0.0
2022-08-11 02:00:00+02:00,0.0
2022-08-11 03:00:00+02:00,0.0
2022-08-11 04:00:00+02:00,0.0
2022-08-11 05:00:00+02:00,0.0
2022-08-11 06:00:00+02:00,0.0
2022-08-11 07:00:00+02:00,421.0
2022-08-11 08:00:00+02:00,1145.0
2022-08-11 09:00:00+02:00,1339.0
2022-08-11 10:00:00+02:00,1418.0
2022-08-11 11:00:00+02:00,1427.0
2022-08-11 12:00:00+02:00,1852.0
2022-08-11 13:00:00+02:00,647.0
2022-08-11 14:00:00+02:00,992.0
2022-08-11 15:00:00+02:00,885.0
2022-08-11 16:00:00+02:00,964.0
2022-08-11 17:00:00+02:00,1832.0
2022-08-11 18:00:00+02:00,1810.0
2022-08-11 19:00:00+02:00,2335.0
2022-08-11 20:00:00+02:00,2632.0
2022-08-11 21:00:00+02:00,2505.0
2022-08-11 22:00:00+02:00,1797.0
2022-08-11 23:00:00+02:00,1249.0
2022-08-12 00:00:00+02:00,477.0
2022-08-12 01:00:00+02:00,0.0
2022-08-12 02:00:00+02:00,0.0
2022-08-12 03:00:00+02:00,0.0
2022-08-12 04:00:00+02:00,0.0
2022-08-12 05:00:00+02:00,0.0
2022-08-12 06:00:00+02:00,281.0
2022-08-12 07:00:00+02:00,896.0
2022-08-12 08:00:00+02:00,1141.0
2022-08-12 09:00:00+02:00,1358.0
2022-08-12 10:00:00+02:00,1279.0
2022-08-12 11:00:00+02:00,542.0
2022-08-12 12:00:00+02:00,545.0
2022-08-12 13:00:00+02:00,0.0
2022-08-12 14:00:00+02:00,0.0
2022-08-12 15:00:00+02:00,56.0
2022-08-12 16:00:00+02:00,0.0
2022-08-12 17:00:00+02:00,751.0
2022-08-12 18:00:00+02:00,1769.0
2022-08-12 19:00:00+02:00,2482.0
2022-08-12 20:00:00+02:00,2278.0
2022-08-12 21:00:00+02:00,2101.0
2022-08-12 22:00:00+02:00,1873.0
2022-08-12 23:00:00+02:00,1008.0
2022-08-13 00:00:00+02:00,0.0
2022-08-13 01:00:00+02:00,0.0
2022-08-13 02:00:00+02:00,0.0
2022-08-13 03:00:00+02:00,0.0
2022-08-13 04:00:00+02:00,0.0
2022-08-13 05:00:00+02:00,0.0
2022-08-13 06:00:00+02:00,0.0
2022-08-13 07:00:00+02:00,0.0
2022-08-13 08:00:00+02:00,0.0
2022-08-13 09:00:00+02:00,0.0
2022-08-13 10:00:00+02:00,0.0
2022-08-13 11:00:00+02:00,0.0
2022-08-13 12:00:00+02:00,0.0
2022-08-13 13:00:00+02:00,0.0
2022-08-13 14:00:00+02:00,0.0
2022-08-13 15:00:00+02:00,0.0
2022-08-13 16:00:00+02:00,0.0
2022-08-13 17:00:00+02:00,209.0
2022-08-13 18:00:00+02:00,1260.0
2022-08-13 19:00:00+02:00,2250.0
2022-08-13 20:00:00+02:00,2118.0
2022-08-13 21:00:00+02:00,1742.0
2022-08-13 22:00:00+02:00,963.0
2022-08-13 23:00:00+02:00,112.0
2022-08-14 00:00:00+02:00,0.0
2022-08-14 01:00:00+02:00,0.0
2022-08-14 02:00:00+02:00,0.0
2022-08-14 03:00:00+02:00,0.0
2022-08-14 04:00:00+02:00,0.0
2022-08-14 05:00:00+02:00,0.0
2022-08-14 06:00:00+02:00,0.0
2022-08-14 07:00:00+02:00,0.0
2022-08-14 08:00:00+02:00,0.0
2022-08-14 09:00:00+02:00,59.0
2022-08-14 10:00:00+02:00,554.0
2022-08-14 11:00:00+02:00,1142.0
2022-08-14 12:00:00+02:00,1633.0
2022-08-14 13:00:00+02:00,1371.0
2022-08-14 14:00:00+02:00,753.0
2022-08-14 15:00:00+02:00,301.0
2022-08-14 16:00:00+02:00,0.0
2022-08-14 17:00:00+02:00,0.0
2022-08-14 18:00:00+02:00,0.0
2022-08-14 19:00:00+02:00,999.0
2022-08-14 20:00:00+02:00,858.0
2022-08-14 21:00:00+02:00,1110.0
2022-08-14 22:00:00+02:00,1044.0
2022-08-14 23:00:00+02:00,390.0
2022-08-15 00:00:00+02:00,0.0
2022-08-15 01:00:00+02:00,0.0
2022-08-15 02:00:00+02:00,0.0
2022-08-15 03:00:00+02:00,0.0
2022-08-15 04:00:00+02:00,0.0
2022-08-15 05:00:00+02:00,0.0
2022-08-15 06:00:00+02:00,0.0
2022-08-15 07:00:00+02:00,0.0
2022-08-15 08:00:00+02:00,0.0
2022-08-15 09:00:00+02:00,0.0
2022-08-15 10:00:00+02:00,0.0
2022-08-15 11:00:00+02:00,0.0
2022-08-15 12:00:00+02:00,8.0
2022-08-15 13:00:00+02:00,0.0
2022-08-15 14:00:00+02:00,0.0
2022-08-15 15:00:00+02:00,0.0
2022-08-15 16:00:00+02:00,0.0
2022-08-15 17:00:00+02:00,0.0
2022-08-15 18:00:00+02:00,9.0
2022-08-15 19:00:00+02:00,1014.0
2022-08-15 20:00:00+02:00,1356.0
2022-08-15 21:00:00+02:00,1673.0
2022-08-15 22:00:00+02:00,1177.0
2022-08-15 23:00:00+02:00,978.0
2022-08-16 00:00:00+02:00,0.0
2022-08-16 01:00:00+02:00,0.0
2022-08-16 02:00:00+02:00,0.0
2022-08-16 03:00:00+02:00,0.0
2022-08-16 04:00:00+02:00,0.0
2022-08-16 05:00:00+02:00,0.0
2022-08-16 06:00:00+02:00,0.0
2022-08-16 07:00:00+02:00,163.0
2022-08-16 08:00:00+02:00,741.0
2022-08-16 09:00:00+02:00,1110.0
2022-08-16 10:00:00+02:00,1055.0
2022-08-16 11:00:00+02:00,920.0
2022-08-16 12:00:00+02:00,1144.0
2022-08-16 13:00:00+02:00,819.0
2022-08-16 14:00:00+02:00,1003.0
2022-08-16 15:00:00+02:00,963.0
2022-08-16 16:00:00+02:00,1031.0
2022-08-16 17:00:00+02:00,1091.0
2022-08-16 18:00:00+02:00,2047.0
2022-08-16 19:00:00+02:00,2308.0
2022-08-16 20:00:00+02:00,2142.0
2022-08-16 21:00:00+02:00,2208.0
2022-08-16 22:00:00+02:00,2043.0
2022-08-16 23:00:00+02:00,1295.0
2022-08-17 00:00:00+02:00,0.0
2022-08-17 01:00:00+02:00,0.0
2022-08-17 02:00:00+02:00,0.0
2022-08-17 03:00:00+02:00,0.0
2022-08-17 04:00:00+02:00,0.0
2022-08-17 05:00:00+02:00,0.0
2022-08-17 06:00:00+02:00,0.0
2022-08-17 07:00:00+02:00,499.0
2022-08-17 08:00:00+02:00,1576.0
2022-08-17 09:00:00+02:00,2313.0
2022-08-17 10:00:00+02:00,2375.0
2022-08-17 11:00:00+02:00,2056.0
2022-08-17 12:00:00+02:00,2344.0
2022-08-17 13:00:00+02:00,2084.0
2022-08-17 14:00:00+02:00,1530.0
2022-08-17 15:00:00+02:00,1051.0
2022-08-17 16:00:00+02:00,700.0
2022-08-17 17:00:00+02:00,1225.0
2022-08-17 18:00:00+02:00,1695.0
2022-08-17 19:00:00+02:00,2351.0
2022-08-17 20:00:00+02:00,2058.0
2022-08-17 21:00:00+02:00,2169.0
2022-08-17 22:00:00+02:00,1767.0
2022-08-17 23:00:00+02:00,949.0
2022-08-18 00:00:00+02:00,31.0
2022-08-18 01:00:00+02:00,0.0
2022-08-18 02:00:00+02:00,0.0
2022-08-18 03:00:00+02:00,0.0
2022-08-18 04:00:00+02:00,0.0
2022-08-18 05:00:00+02:00,0.0
2022-08-18 06:00:00+02:00,0.0
2022-08-18 07:00:00+02:00,0.0
2022-08-18 08:00:00+02:00,758.0
2022-08-18 09:00:00+02:00,988.0
2022-08-18 10:00:00+02:00,1060.0
2022-08-18 11:00:00+02:00,187.0
2022-08-18 12:00:00+02:00,9.0
2022-08-18 13:00:00+02:00,0.0
2022-08-18 14:00:00+02:00,0.0
2022-08-18 15:00:00+02:00,0.0
2022-08-18 16:00:00+02:00,0.0
2022-08-18 17:00:00+02:00,109.0
2022-08-18 18:00:00+02:00,788.0
2022-08-18 19:00:00+02:00,1210.0
2022-08-18 20:00:00+02:00,850.0
2022-08-18 21:00:00+02:00,581.0
2022-08-18 22:00:00+02:00,63.0
2022-08-18 23:00:00+02:00,0.0
2022-08-19 00:00:00+02:00,0.0
2022-08-19 01:00:00+02:00,0.0
2022-08-19 02:00:00+02:00,0.0
2022-08-19 03:00:00+02:00,0.0
2022-08-19 04:00:00+02:00,0.0
2022-08-19 05:00:00+02:00,0.0
2022-08-19 06:00:00+02:00,0.0
2022-08-19 07:00:00+02:00,0.0
2022-08-19 08:00:00+02:00,337.0
2022-08-19 09:00:00+02:00,225.0
2022-08-19 10:00:00+02:00,109.0
2022-08-19 11:00:00+02:00,0.0
2022-08-19 12:00:00+02:00,5.0
2022-08-19 13:00:00+02:00,0.0
2022-08-19 14:00:00+02:00,0.0
2022-08-19 15:00:00+02:00,0.0
2022-08-19 16:00:00+02:00,0.0
2022-08-19 17:00:00+02:00,0.0
2022-08-19 18:00:00+02:00,0.0
2022-08-19 19:00:00+02:00,0.0
2022-08-19 20:00:00+02:00,0.0
2022-08-19 21:00:00+02:00,189.0
2022-08-19 22:00:00+02:00,644.0
2022-08-19 23:00:00+02:00,548.0
2022-08-20 00:00:00+02:00,188.0
2022-08-20 01:00:00+02:00,0.0
2022-08-20 02:00:00+02:00,0.0
2022-08-20 03:00:00+02:00,0.0
2022-08-20 04:00:00+02:00,0.0
2022-08-20 05:00:00+02:00,0.0
2022-08-20 06:00:00+02:00,0.0
2022-08-20 07:00:00+02:00,0.0
2022-08-20 08:00:00+02:00,0.0
2022-08-20 09:00:00+02:00,0.0
2022-08-20 10:00:00+02:00,0.0
2022-08-20 11:00:00+02:00,0.0
2022-08-20 12:00:00+02:00,0.0
2022-08-20 13:00:00+02:00,0.0
2022-08-20 14:00:00+02:00,0.0
2022-08-20 15:00:00+02:00,0.0
2022-08-20 16:00:00+02:00,0.0
2022-08-20 17:00:00+02:00,0.0
2022-08-20 18:00:00+02:00,0.0
2022-08-20 19:00:00+02:00,616.0
2022-08-20 20:00:00+02:00,652.0
2022-08-20 21:00:00+02:00,660.0
2022-08-20 22:00:00+02:00,643.0
2022-08-20 23:00:00+02:00,378.0
2022-08-21 00:00:00+02:00,0.0
2022-08-21 01:00:00+02:00,0.0
2022-08-21 02:00:00+02:00,0.0
2022-08-21 03:00:00+02:00,0.0
2022-08-21 04:00:00+02:00,0.0
2022-08-21 05:00:00+02:00,0.0
2022-08-21 06:00:00+02:00,0.0
2022-08-21 07:00:00+02:00,0.0
2022-08-21 08:00:00+02:00,0.0
2022-08-21 09:00:00+02:00,0.0
2022-08-21 10:00:00+02:00,0.0
2022-08-21 11:00:00+02:00,567.0
2022-08-21 12:00:00+02:00,1145.0
2022-08-21 13:00:00+02:00,1068.0
2022-08-21 14:00:00+02:00,1047.0
2022-08-21 15:00:00+02:00,949.0
2022-08-21 16:00:00+02:00,199.0
2022-08-21 17:00:00+02:00,473.0
2022-08-21 18:00:00+02:00,972.0
2022-08-21 19:00:00+02:00,1608.0
2022-08-21 20:00:00+02:00,1957.0
2022-08-21 21:00:00+02:00,2087.0
2022-08-21 22:00:00+02:00,1947.0
2022-08-21 23:00:00+02:00,1738.0
2022-08-22 00:00:00+02:00,825.0
2022-08-22 01:00:00+02:00,387.0
2022-08-22 02:00:00+02:00,406.0
2022-08-22 03:00:00+02:00,12.0
2022-08-22 04:00:00+02:00,0.0
2022-08-22 05:00:00+02:00,490.0
2022-08-22 06:00:00+02:00,1048.0
2022-08-22 07:00:00+02:00,1523.0
2022-08-22 08:00:00+02:00,2517.0
2022-08-22 09:00:00+02:00,2334.0
2022-08-22 10:00:00+02:00,2018.0
2022-08-22 11:00:00+02:00,1928.0
2022-08-22 12:00:00+02:00,1927.0
2022-08-22 13:00:00+02:00,2130.0
2022-08-22 14:00:00+02:00,2101.0
2022-08-22 15:00:00+02:00,2178.0
2022-08-22 16:00:00+02:00,1685.0
2022-08-22 17:00:00+02:00,2264.0
2022-08-22 18:00:00+02:00,2576.0
2022-08-22 19:00:00+02:00,3133.0
2022-08-22 20:00:00+02:00,3194.0
2022-08-22 21:00:00+02:00,2897.0
2022-08-22 22:00:00+02:00,2442.0
2022-08-22 23:00:00+02:00,1778.0
2022-08-23 00:00:00+02:00,928.0
2022-08-23 01:00:00+02:00,295.0
2022-08-23 02:00:00+02:00,245.0
2022-08-23 03:00:00+02:00,0.0
2022-08-23 04:00:00+02:00,0.0
2022-08-23 05:00:00+02:00,177.0
2022-08-23 06:00:00+02:00,955.0
2022-08-23 07:00:00+02:00,1542.0
2022-08-23 08:00:00+02:00,2363.0
2022-08-23 09:00:00+02:00,2384.0
2022-08-23 10:00:00+02:00,2136.0
2022-08-23 11:00:00+02:00,2081.0
2022-08-23 12:00:00+02:00,2410.0
2022-08-23 13:00:00+02:00,1993.0
2022-08-23 14:00:00+02:00,1805.0
2022-08-23 15:00:00+02:00,1817.0
2022-08-23 16:00:00+02:00,1706.0
2022-08-23 17:00:00+02:00,1892.0
2022-08-23 18:00:00+02:00,3301.0
2022-08-23 19:00:00+02:00,4098.0
2022-08-23 20:00:00+02:00,3936.0
2022-08-23 21:00:00+02:00,3539.0
2022-08-23 22:00:00+02:00,2142.0
2022-08-23 23:00:00+02:00,1518.0
2022-08-24 00:00:00+02:00,977.0
2022-08-24 01:00:00+02:00,226.0
2022-08-24 02:00:00+02:00,281.0
2022-08-24 03:00:00+02:00,0.0
2022-08-24 04:00:00+02:00,0.0
2022-08-24 05:00:00+02:00,346.0
2022-08-24 06:00:00+02:00,1431.0
2022-08-24 07:00:00+02:00,1854.0
2022-08-24 08:00:00+02:00,2093.0
2022-08-24 09:00:00+02:00,1980.0
2022-08-24 10:00:00+02:00,2201.0
2022-08-24 11:00:00+02:00,2071.0
2022-08-24 12:00:00+02:00,2259.0
2022-08-24 13:00:00+02:00,1812.0
2022-08-24 14:00:00+02:00,1938.0
2022-08-24 15:00:00+02:00,2016.0
2022-08-24 16:00:00+02:00,2158.0
2022-08-24 17:00:00+02:00,2140.0
2022-08-24 18:00:00+02:00,3271.0
2022-08-24 19:00:00+02:00,3360.0
2022-08-24 20:00:00+02:00,3560.0
2022-08-24 21:00:00+02:00,3252.0
2022-08-24 22:00:00+02:00,2411.0
2022-08-24 23:00:00+02:00,1991.0
2022-08-25 00:00:00+02:00,1041.0
2022-08-25 01:00:00+02:00,422.0
2022-08-25 02:00:00+02:00,273.0
2022-08-25 03:00:00+02:00,0.0
2022-08-25 04:00:00+02:00,0.0
2022-08-25 05:00:00+02:00,0.0
2022-08-25 06:00:00+02:00,1262.0
2022-08-25 07:00:00+02:00,2050.0
2022-08-25 08:00:00+02:00,2657.0
2022-08-25 09:00:00+02:00,2563.0
2022-08-25 10:00:00+02:00,2623.0
2022-08-25 11:00:00+02:00,2167.0
2022-08-25 12:00:00+02:00,2462.0
2022-08-25 13:00:00+02:00,2053.0
2022-08-25 14:00:00+02:00,2062.0
2022-08-25 15:00:00+02:00,1867.0
2022-08-25 16:00:00+02:00,2217.0
2022-08-25 17:00:00+02:00,2653.0
2022-08-25 18:00:00+02:00,2755.0
2022-08-25 19:00:00+02:00,3261.0
2022-08-25 20:00:00+02:00,3202.0
2022-08-25 21:00:00+02:00,2650.0
2022-08-25 22:00:00+02:00,2353.0
2022-08-25 23:00:00+02:00,2189.0
2022-08-26 00:00:00+02:00,917.0
2022-08-26 01:00:00+02:00,46.0
2022-08-26 02:00:00+02:00,0.0
2022-08-26 03:00:00+02:00,0.0
2022-08-26 04:00:00+02:00,0.0
2022-08-26 05:00:00+02:00,234.0
2022-08-26 06:00:00+02:00,1243.0
2022-08-26 07:00:00+02:00,1546.0
2022-08-26 08:00:00+02:00,2210.0
2022-08-26 09:00:00+02:00,2622.0
2022-08-26 10:00:00+02:00,2536.0
2022-08-26 11:00:00+02:00,2441.0
2022-08-26 12:00:00+02:00,2401.0
2022-08-26 13:00:00+02:00,2005.0
2022-08-26 14:00:00+02:00,1578.0
2022-08-26 15:00:00+02:00,1322.0
2022-08-26 16:00:00+02:00,937.0
2022-08-26 17:00:00+02:00,1395.0
2022-08-26 18:00:00+02:00,2310.0
2022-08-26 19:00:00+02:00,2823.0
2022-08-26 20:00:00+02:00,2850.0
2022-08-26 21:00:00+02:00,2596.0
2022-08-26 22:00:00+02:00,2203.0
2022-08-26 23:00:00+02:00,1766.0
2022-08-27 00:00:00+02:00,1486.0
2022-08-27 01:00:00+02:00,1280.0
2022-08-27 02:00:00+02:00,557.0
2022-08-27 03:00:00+02:00,0.0
2022-08-27 04:00:00+02:00,0.0
2022-08-27 05:00:00+02:00,0.0
2022-08-27 06:00:00+02:00,0.0
2022-08-27 07:00:00+02:00,318.0
2022-08-27 08:00:00+02:00,788.0
2022-08-27 09:00:00+02:00,1101.0
2022-08-27 10:00:00+02:00,1025.0
2022-08-27 11:00:00+02:00,633.0
2022-08-27 12:00:00+02:00,712.0
2022-08-27 13:00:00+02:00,273.0
2022-08-27 14:00:00+02:00,72.0
2022-08-27 15:00:00+02:00,74.0
2022-08-27 16:00:00+02:00,0.0
2022-08-27 17:00:00+02:00,621.0
2022-08-27 18:00:00+02:00,1453.0
2022-08-27 19:00:00+02:00,2202.0
2022-08-27 20:00:00+02:00,1888.0
2022-08-27 21:00:00+02:00,1682.0
2022-08-27 22:00:00+02:00,1319.0
2022-08-27 23:00:00+02:00,987.0
2022-08-28 00:00:00+02:00,0.0
2022-08-28 01:00:00+02:00,0.0
2022-08-28 02:00:00+02:00,0.0
2022-08-28 03:00:00+02:00,0.0
2022-08-28 04:00:00+02:00,0.0
2022-08-28 05:00:00+02:00,0.0
2022-08-28 06:00:00+02:00,0.0
2022-08-28 07:00:00+02:00,0.0
2022-08-28 08:00:00+02:00,0.0
2022-08-28 09:00:00+02:00,0.0
2022-08-28 10:00:00+02:00,0.0
2022-08-28 11:00:00+02:00,0.0
2022-08-28 12:00:00+02:00,0.0
2022-08-28 13:00:00+02:00,0.0
2022-08-28 14:00:00+02:00,0.0
2022-08-28 15:00:00+02:00,0.0
2022-08-28 16:00:00+02:00,0.0
2022-08-28 17:00:00+02:00,0.0
2022-08-28 18:00:00+02:00,1039.0
2022-08-28 19:00:00+02:00,970.0
2022-08-28 20:00:00+02:00,1019.0
2022-08-28 21:00:00+02:00,840.0
2022-08-28 22:00:00+02:00,445.0
2022-08-28 23:00:00+02:00,417.0
2022-08-29 00:00:00+02:00,0.0
2022-08-29 01:00:00+02:00,0.0
2022-08-29 02:00:00+02:00,0.0
2022-08-29 03:00:00+02:00,0.0
2022-08-29 04:00:00+02:00,0.0
2022-08-29 05:00:00+02:00,0.0
2022-08-29 06:00:00+02:00,0.0
2022-08-29 07:00:00+02:00,187.0
2022-08-29 08:00:00+02:00,953.0
2022-08-29 09:00:00+02:00,907.0
2022-08-29 10:00:00+02:00,400.0
2022-08-29 11:00:00+02:00,477.0
2022-08-29 12:00:00+02:00,712.0
2022-08-29 13:00:00+02:00,408.0
2022-08-29 14:00:00+02:00,669.0
2022-08-29 15:00:00+02:00,750.0
2022-08-29 16:00:00+02:00,864.0
2022-08-29 17:00:00+02:00,1294.0
2022-08-29 18:00:00+02:00,2144.0
2022-08-29 19:00:00+02:00,3099.0
2022-08-29 20:00:00+02:00,2393.0
2022-08-29 21:00:00+02:00,1747.0
2022-08-29 22:00:00+02:00,1430.0
2022-08-29 23:00:00+02:00,1078.0
2022-08-30 00:00:00+02:00,0.0
2022-08-30 01:00:00+02:00,0.0
2022-08-30 02:00:00+02:00,0.0
2022-08-30 03:00:00+02:00,0.0
2022-08-30 04:00:00+02:00,0.0
2022-08-30 05:00:00+02:00,0.0
2022-08-30 06:00:00+02:00,397.0
2022-08-30 07:00:00+02:00,809.0
2022-08-30 08:00:00+02:00,1564.0
2022-08-30 09:00:00+02:00,1691.0
2022-08-30 10:00:00+02:00,1687.0
2022-08-30 11:00:00+02:00,1745.0
2022-08-30 12:00:00+02:00,1957.0
2022-08-30 13:00:00+02:00,1563.0
2022-08-30 14:00:00+02:00,1401.0
2022-08-30 15:00:00+02:00,1391.0
2022-08-30 16:00:00+02:00,1195.0
2022-08-30 17:00:00+02:00,1431.0
2022-08-30 18:00:00+02:00,1788.0
2022-08-30 19:00:00+02:00,2165.0
2022-08-30 20:00:00+02:00,1894.0
2022-08-30 21:00:00+02:00,1608.0
2022-08-30 22:00:00+02:00,1138.0
2022-08-30 23:00:00+02:00,990.0
2022-08-31 00:00:00+02:00,0.0
2022-08-31 01:00:00+02:00,0.0
2022-08-31 02:00:00+02:00,0.0
2022-08-31 03:00:00+02:00,0.0
2022-08-31 04:00:00+02:00,0.0
2022-08-31 05:00:00+02:00,0.0
2022-08-31 06:00:00+02:00,0.0
2022-08-31 07:00:00+02:00,958.0
2022-08-31 08:00:00+02:00,1157.0
2022-08-31 09:00:00+02:00,1540.0
2022-08-31 10:00:00+02:00,1380.0
2022-08-31 11:00:00+02:00,1107.0
2022-08-31 12:00:00+02:00,1569.0
2022-08-31 13:00:00+02:00,1505.0
2022-08-31 14:00:00+02:00,1312.0
2022-08-31 15:00:00+02:00,916.0
2022-08-31 16:00:00+02:00,730.0
2022-08-31 17:00:00+02:00,1089.0
2022-08-31 18:00:00+02:00,1706.0
2022-08-31 19:00:00+02:00,2122.0
2022-08-31 20:00:00+02:00,1822.0
2022-08-31 21:00:00+02:00,1414.0
2022-08-31 22:00:00+02:00,1275.0
2022-08-31 23:00:00+02:00,704.0
2022-09-01 00:00:00+02:00,0.0
2022-09-01 01:00:00+02:00,0.0
2022-09-01 02:00:00+02:00,0.0
2022-09-01 03:00:00+02:00,0.0
2022-09-01 04:00:00+02:00,0.0
2022-09-01 05:00:00+02:00,0.0
2022-09-01 06:00:00+02:00,229.0
2022-09-01 07:00:00+02:00,500.0
2022-09-01 08:00:00+02:00,1168.0
2022-09-01 09:00:00+02:00,896.0
2022-09-01 10:00:00+02:00,822.0
2022-09-01 11:00:00+02:00,815.0
2022-09-01 12:00:00+02:00,1157.0
2022-09-01 13:00:00+02:00,834.0
2022-09-01 14:00:00+02:00,1143.0
2022-09-01 15:00:00+02:00,1170.0
2022-09-01 16:00:00+02:00,1000.0
2022-09-01 17:00:00+02:00,1128.0
2022-09-01 18:00:00+02:00,1694.0
2022-09-01 19:00:00+02:00,2160.0
2022-09-01 20:00:00+02:00,2025.0
2022-09-01 21:00:00+02:00,1313.0
2022-09-01 22:00:00+02:00,918.0
2022-09-01 23:00:00+02:00,1115.0
2022-09-02 00:00:00+02:00,0.0
2022-09-02 01:00:00+02:00,0.0
2022-09-02 02:00:00+02:00,0.0
2022-09-02 03:00:00+02:00,0.0
2022-09-02 04:00:00+02:00,0.0
2022-09-02 05:00:00+02:00,0.0
2022-09-02 06:00:00+02:00,948.0
2022-09-02 07:00:00+02:00,1445.0
2022-09-02 08:00:00+02:00,1896.0
2022-09-02 09:00:00+02:00,1959.0
2022-09-02 10:00:00+02:00,1975.0
2022-09-02 11:00:00+02:00,1614.0
2022-09-02 12:00:00+02:00,1726.0
2022-09-02 13:00:00+02:00,1859.0
2022-09-02 14:00:00+02:00,1698.0
2022-09-02 15:00:00+02:00,1157.0
2022-09-02 16:00:00+02:00,939.0
2022-09-02 17:00:00+02:00,1508.0
2022-09-02 18:00:00+02:00,1900.0
2022-09-02 19:00:00+02:00,1928.0
2022-09-02 20:00:00+02:00,1561.0
2022-09-02 21:00:00+02:00,1613.0
2022-09-02 22:00:00+02:00,1781.0
2022-09-02 23:00:00+02:00,1622.0
2022-09-03 00:00:00+02:00,600.0
2022-09-03 01:00:00+02:00,0.0
2022-09-03 02:00:00+02:00,0.0
2022-09-03 03:00:00+02:00,0.0
2022-09-03 04:00:00+02:00,0.0
2022-09-03 05:00:00+02:00,0.0
2022-09-03 06:00:00+02:00,0.0
2022-09-03 07:00:00+02:00,0.0
2022-09-03 08:00:00+02:00,0.0
2022-09-03 09:00:00+02:00,155.0
2022-09-03 10:00:00+02:00,0.0
2022-09-03 11:00:00+02:00,10.0
2022-09-03 12:00:00+02:00,727.0
2022-09-03 13:00:00+02:00,370.0
2022-09-03 14:00:00+02:00,291.0
2022-09-03 15:00:00+02:00,113.0
2022-09-03 16:00:00+02:00,0.0
2022-09-03 17:00:00+02:00,0.0
2022-09-03 18:00:00+02:00,725.0
2022-09-03 19:00:00+02:00,1543.0
2022-09-03 20:00:00+02:00,1803.0
2022-09-03 21:00:00+02:00,1416.0
2022-09-03 22:00:00+02:00,1375.0
2022-09-03 23:00:00+02:00,1160.0
2022-09-04 00:00:00+02:00,0.0
2022-09-04 01:00:00+02:00,0.0
2022-09-04 02:00:00+02:00,0.0
2022-09-04 03:00:00+02:00,0.0
2022-09-04 04:00:00+02:00,0.0
2022-09-04 05:00:00+02:00,0.0
2022-09-04 06:00:00+02:00,0.0
2022-09-04 07:00:00+02:00,0.0
2022-09-04 08:00:00+02:00,0.0
2022-09-04 09:00:00+02:00,0.0
2022-09-04 10:00:00+02:00,0.0
2022-09-04 11:00:00+02:00,0.0
2022-09-04 12:00:00+02:00,0.0
2022-09-04 13:00:00+02:00,0.0
2022-09-04 14:00:00+02:00,0.0
2022-09-04 15:00:00+02:00,0.0
2022-09-04 16:00:00+02:00,0.0
2022-09-04 17:00:00+02:00,0.0
2022-09-04 18:00:00+02:00,804.0
2022-09-04 19:00:00+02:00,1679.0
2022-09-04 20:00:00+02:00,1741.0
2022-09-04 21:00:00+02:00,1231.0
2022-09-04 22:00:00+02:00,268.0
2022-09-04 23:00:00+02:00,0.0
2022-09-05 00:00:00+02:00,0.0
2022-09-05 01:00:00+02:00,0.0
2022-09-05 02:00:00+02:00,0.0
2022-09-05 03:00:00+02:00,0.0
2022-09-05 04:00:00+02:00,0.0
2022-09-05 05:00:00+02:00,0.0
2022-09-05 06:00:00+02:00,378.0
2022-09-05 07:00:00+02:00,736.0
2022-09-05 08:00:00+02:00,1243.0
2022-09-05 09:00:00+02:00,1421.0
2022-09-05 10:00:00+02:00,1319.0
2022-09-05 11:00:00+02:00,1314.0
2022-09-05 12:00:00+02:00,1316.0
2022-09-05 13:00:00+02:00,1124.0
2022-09-05 14:00:00+02:00,1240.0
2022-09-05 15:00:00+02:00,1026.0
2022-09-05 16:00:00+02:00,824.0
2022-09-05 17:00:00+02:00,1301.0
2022-09-05 18:00:00+02:00,2101.0
2022-09-05 19:00:00+02:00,2460.0
2022-09-05 20:00:00+02:00,2123.0
2022-09-05 21:00:00+02:00,803.0
2022-09-05 22:00:00+02:00,562.0
2022-09-05 23:00:00+02:00,494.0
2022-09-06 00:00:00+02:00,0.0
2022-09-06 01:00:00+02:00,0.0
2022-09-06 02:00:00+02:00,0.0
2022-09-06 03:00:00+02:00,0.0
2022-09-06 04:00:00+02:00,0.0
2022-09-06 05:00:00+02:00,0.0
2022-09-06 06:00:00+02:00,771.0
2022-09-06 07:00:00+02:00,1097.0
2022-09-06 08:00:00+02:00,1752.0
2022-09-06 09:00:00+02:00,1656.0
2022-09-06 10:00:00+02:00,1426.0
2022-09-06 11:00:00+02:00,1323.0
2022-09-06 12:00:00+02:00,1218.0
2022-09-06 13:00:00+02:00,1178.0
2022-09-06 14:00:00+02:00,799.0
2022-09-06 15:00:00+02:00,547.0
2022-09-06 16:00:00+02:00,880.0
2022-09-06 17:00:00+02:00,894.0
2022-09-06 18:00:00+02:00,1364.0
2022-09-06 19:00:00+02:00,1823.0
2022-09-06 20:00:00+02:00,1825.0
2022-09-06 21:00:00+02:00,1248.0
2022-09-06 22:00:00+02:00,1237.0
2022-09-06 23:00:00+02:00,960.0
2022-09-07 00:00:00+02:00,0.0
2022-09-07 01:00:00+02:00,0.0
2022-09-07 02:00:00+02:00,0.0
2022-09-07 03:00:00+02:00,0.0
2022-09-07 04:00:00+02:00,0.0
2022-09-07 05:00:00+02:00,0.0
2022-09-07 06:00:00+02:00,0.0
2022-09-07 07:00:00+02:00,674.0
2022-09-07 08:00:00+02:00,917.0
2022-09-07 09:00:00+02:00,482.0
2022-09-07 10:00:00+02:00,765.0
2022-09-07 11:00:00+02:00,669.0
2022-09-07 12:00:00+02:00,1224.0
2022-09-07 13:00:00+02:00,740.0
2022-09-07 14:00:00+02:00,663.0
2022-09-07 15:00:00+02:00,473.0
2022-09-07 16:00:00+02:00,336.0
2022-09-07 17:00:00+02:00,816.0
2022-09-07 18:00:00+02:00,1322.0
2022-09-07 19:00:00+02:00,1780.0
2022-09-07 20:00:00+02:00,1818.0
2022-09-07 21:00:00+02:00,1118.0
2022-09-07 22:00:00+02:00,903.0
2022-09-07 23:00:00+02:00,214.0
2022-09-08 00:00:00+02:00,0.0
2022-09-08 01:00:00+02:00,0.0
2022-09-08 02:00:00+02:00,0.0
2022-09-08 03:00:00+02:00,0.0
2022-09-08 04:00:00+02:00,0.0
2022-09-08 05:00:00+02:00,0.0
2022-09-08 06:00:00+02:00,0.0
2022-09-08 07:00:00+02:00,432.0
2022-09-08 08:00:00+02:00,660.0
2022-09-08 09:00:00+02:00,697.0
2022-09-08 10:00:00+02:00,181.0
2022-09-08 11:00:00+02:00,0.0
2022-09-08 12:00:00+02:00,0.0
2022-09-08 13:00:00+02:00,0.0
2022-09-08 14:00:00+02:00,0.0
2022-09-08 15:00:00+02:00,0.0
2022-09-08 16:00:00+02:00,0.0
2022-09-08 17:00:00+02:00,0.0
2022-09-08 18:00:00+02:00,653.0
2022-09-08 19:00:00+02:00,1484.0
2022-09-08 20:00:00+02:00,1757.0
2022-09-08 21:00:00+02:00,946.0
2022-09-08 22:00:00+02:00,274.0
2022-09-08 23:00:00+02:00,0.0
2022-09-09 00:00:00+02:00,0.0
2022-09-09 01:00:00+02:00,0.0
2022-09-09 02:00:00+02:00,0.0
2022-09-09 03:00:00+02:00,0.0
2022-09-09 04:00:00+02:00,0.0
2022-09-09 05:00:00+02:00,0.0
2022-09-09 06:00:00+02:00,0.0
2022-09-09 07:00:00+02:00,55.0
2022-09-09 08:00:00+02:00,567.0
2022-09-09 09:00:00+02:00,435.0
2022-09-09 10:00:00+02:00,206.0
2022-09-09 11:00:00+02:00,65.0
2022-09-09 12:00:00+02:00,0.0
2022-09-09 13:00:00+02:00,0.0
2022-09-09 14:00:00+02:00,0.0
2022-09-09 15:00:00+02:00,0.0
2022-09-09 16:00:00+02:00,0.0
2022-09-09 17:00:00+02:00,0.0
2022-09-09 18:00:00+02:00,196.0
2022-09-09 19:00:00+02:00,1080.0
2022-09-09 20:00:00+02:00,1243.0
2022-09-09 21:00:00+02:00,765.0
2022-09-09 22:00:00+02:00,599.0
2022-09-09 23:00:00+02:00,278.0
2022-09-10 00:00:00+02:00,0.0
2022-09-10 01:00:00+02:00,0.0
2022-09-10 02:00:00+02:00,0.0
2022-09-10 03:00:00+02:00,0.0
2022-09-10 04:00:00+02:00,0.0
2022-09-10 05:00:00+02:00,0.0
2022-09-10 06:00:00+02:00,0.0
2022-09-10 07:00:00+02:00,0.0
2022-09-10 08:00:00+02:00,0.0
2022-09-10 09:00:00+02:00,286.0
2022-09-10 10:00:00+02:00,185.0
2022-09-10 11:00:00+02:00,303.0
2022-09-10 12:00:00+02:00,450.0
2022-09-10 13:00:00+02:00,0.0
2022-09-10 14:00:00+02:00,0.0
2022-09-10 15:00:00+02:00,0.0
2022-09-10 16:00:00+02:00,0.0
2022-09-10 17:00:00+02:00,213.0
2022-09-10 18:00:00+02:00,1086.0
2022-09-10 19:00:00+02:00,2214.0
2022-09-10 20:00:00+02:00,2506.0
2022-09-10 21:00:00+02:00,1772.0
2022-09-10 22:00:00+02:00,1304.0
2022-09-10 23:00:00+02:00,1145.0
2022-09-11 00:00:00+02:00,614.0
2022-09-11 01:00:00+02:00,69.0
2022-09-11 02:00:00+02:00,0.0
2022-09-11 03:00:00+02:00,0.0
2022-09-11 04:00:00+02:00,0.0
2022-09-11 05:00:00+02:00,0.0
2022-09-11 06:00:00+02:00,0.0
2022-09-11 07:00:00+02:00,0.0
2022-09-11 08:00:00+02:00,0.0
2022-09-11 09:00:00+02:00,197.0
2022-09-11 10:00:00+02:00,267.0
2022-09-11 11:00:00+02:00,0.0
2022-09-11 12:00:00+02:00,0.0
2022-09-11 13:00:00+02:00,0.0
2022-09-11 14:00:00+02:00,0.0
2022-09-11 15:00:00+02:00,0.0
2022-09-11 16:00:00+02:00,0.0
2022-09-11 17:00:00+02:00,0.0
2022-09-11 18:00:00+02:00,1064.0
2022-09-11 19:00:00+02:00,1299.0
2022-09-11 20:00:00+02:00,1522.0
2022-09-11 21:00:00+02:00,965.0
2022-09-11 22:00:00+02:00,665.0
2022-09-11 23:00:00+02:00,0.0
2022-09-12 00:00:00+02:00,0.0
2022-09-12 01:00:00+02:00,0.0
2022-09-12 02:00:00+02:00,0.0
2022-09-12 03:00:00+02:00,0.0
2022-09-12 04:00:00+02:00,0.0
2022-09-12 05:00:00+02:00,0.0
2022-09-12 06:00:00+02:00,379.0
2022-09-12 07:00:00+02:00,1435.0
2022-09-12 08:00:00+02:00,1728.0
2022-09-12 09:00:00+02:00,1238.0
2022-09-12 10:00:00+02:00,498.0
2022-09-12 11:00:00+02:00,283.0
2022-09-12 12:00:00+02:00,281.0
2022-09-12 13:00:00+02:00,78.0
2022-09-12 14:00:00+02:00,0.0
2022-09-12 15:00:00+02:00,0.0
2022-09-12 16:00:00+02:00,65.0
2022-09-12 17:00:00+02:00,1143.0
2022-09-12 18:00:00+02:00,2360.0
2022-09-12 19:00:00+02:00,2806.0
2022-09-12 20:00:00+02:00,2947.0
2022-09-12 21:00:00+02:00,1747.0
2022-09-12 22:00:00+02:00,867.0
2022-09-12 23:00:00+02:00,603.0
2022-09-13 00:00:00+02:00,0.0
2022-09-13 01:00:00+02:00,0.0
2022-09-13 02:00:00+02:00,0.0
2022-09-13 03:00:00+02:00,0.0
2022-09-13 04:00:00+02:00,0.0
2022-09-13 05:00:00+02:00,0.0
2022-09-13 06:00:00+02:00,659.0
2022-09-13 07:00:00+02:00,1807.0
2022-09-13 08:00:00+02:00,2252.0
2022-09-13 09:00:00+02:00,2233.0
2022-09-13 10:00:00+02:00,2232.0
2022-09-13 11:00:00+02:00,2159.0
2022-09-13 12:00:00+02:00,2235.0
2022-09-13 13:00:00+02:00,2051.0
2022-09-13 14:00:00+02:00,1977.0
2022-09-13 15:00:00+02:00,1504.0
2022-09-13 16:00:00+02:00,1451.0
2022-09-13 17:00:00+02:00,1705.0
2022-09-13 18:00:00+02:00,1998.0
2022-09-13 19:00:00+02:00,2254.0
2022-09-13 20:00:00+02:00,2355.0
2022-09-13 21:00:00+02:00,1741.0
2022-09-13 22:00:00+02:00,850.0
2022-09-13 23:00:00+02:00,382.0
2022-09-14 00:00:00+02:00,0.0
2022-09-14 01:00:00+02:00,0.0
2022-09-14 02:00:00+02:00,0.0
2022-09-14 03:00:00+02:00,0.0
2022-09-14 04:00:00+02:00,0.0
2022-09-14 05:00:00+02:00,0.0
2022-09-14 06:00:00+02:00,1149.0
2022-09-14 07:00:00+02:00,1874.0
2022-09-14 08:00:00+02:00,2323.0
2022-09-14 09:00:00+02:00,2603.0
2022-09-14 10:00:00+02:00,2392.0
2022-09-14 11:00:00+02:00,2549.0
2022-09-14 12:00:00+02:00,3040.0
2022-09-14 13:00:00+02:00,2055.0
2022-09-14 14:00:00+02:00,1505.0
2022-09-14 15:00:00+02:00,1054.0
2022-09-14 16:00:00+02:00,1289.0
2022-09-14 17:00:00+02:00,1464.0
2022-09-14 18:00:00+02:00,1820.0
2022-09-14 19:00:00+02:00,2390.0
2022-09-14 20:00:00+02:00,2557.0
2022-09-14 21:00:00+02:00,2013.0
2022-09-14 22:00:00+02:00,1504.0
2022-09-14 23:00:00+02:00,1015.0
2022-09-15 00:00:00+02:00,0.0
2022-09-15 01:00:00+02:00,0.0
2022-09-15 02:00:00+02:00,0.0
2022-09-15 03:00:00+02:00,0.0
2022-09-15 04:00:00+02:00,0.0
2022-09-15 05:00:00+02:00,0.0
2022-09-15 06:00:00+02:00,301.0
2022-09-15 07:00:00+02:00,1501.0
2022-09-15 08:00:00+02:00,2011.0
2022-09-15 09:00:00+02:00,1348.0
2022-09-15 10:00:00+02:00,1351.0
2022-09-15 11:00:00+02:00,865.0
2022-09-15 12:00:00+02:00,835.0
2022-09-15 13:00:00+02:00,0.0
2022-09-15 14:00:00+02:00,0.0
2022-09-15 15:00:00+02:00,0.0
2022-09-15 16:00:00+02:00,0.0
2022-09-15 17:00:00+02:00,255.0
2022-09-15 18:00:00+02:00,1157.0
2022-09-15 19:00:00+02:00,1714.0
2022-09-15 20:00:00+02:00,1745.0
2022-09-15 21:00:00+02:00,505.0
2022-09-15 22:00:00+02:00,167.0
2022-09-15 23:00:00+02:00,0.0
2022-09-16 00:00:00+02:00,0.0
2022-09-16 01:00:00+02:00,0.0
2022-09-16 02:00:00+02:00,0.0
2022-09-16 03:00:00+02:00,0.0
2022-09-16 04:00:00+02:00,0.0
2022-09-16 05:00:00+02:00,0.0
2022-09-16 06:00:00+02:00,0.0
2022-09-16 07:00:00+02:00,518.0
2022-09-16 08:00:00+02:00,1178.0
2022-09-16 09:00:00+02:00,898.0
2022-09-16 10:00:00+02:00,311.0
2022-09-16 11:00:00+02:00,0.0
2022-09-16 12:00:00+02:00,0.0
2022-09-16 13:00:00+02:00,0.0
2022-09-16 14:00:00+02:00,0.0
2022-09-16 15:00:00+02:00,0.0
2022-09-16 16:00:00+02:00,0.0
2022-09-16 17:00:00+02:00,0.0
2022-09-16 18:00:00+02:00,0.0
2022-09-16 19:00:00+02:00,0.0
2022-09-16 20:00:00+02:00,0.0
2022-09-16 21:00:00+02:00,0.0
2022-09-16 22:00:00+02:00,0.0
2022-09-16 23:00:00+02:00,0.0
2022-09-17 00:00:00+02:00,0.0
2022-09-17 01:00:00+02:00,0.0
2022-09-17 02:00:00+02:00,0.0
2022-09-17 03:00:00+02:00,0.0
2022-09-17 04:00:00+02:00,0.0
2022-09-17 05:00:00+02:00,0.0
2022-09-17 06:00:00+02:00,0.0
2022-09-17 07:00:00+02:00,0.0
2022-09-17 08:00:00+02:00,0.0
2022-09-17 09:00:00+02:00,0.0
2022-09-17 10:00:00+02:00,0.0
2022-09-17 11:00:00+02:00,0.0
2022-09-17 12:00:00+02:00,0.0
2022-09-17 13:00:00+02:00,0.0
2022-09-17 14:00:00+02:00,0.0
2022-09-17 15:00:00+02:00,0.0
2022-09-17 16:00:00+02:00,0.0
2022-09-17 17:00:00+02:00,0.0
2022-09-17 18:00:00+02:00,0.0
2022-09-17 19:00:00+02:00,0.0
2022-09-17 20:00:00+02:00,0.0
2022-09-17 21:00:00+02:00,0.0
2022-09-17 22:00:00+02:00,0.0
2022-09-17 23:00:00+02:00,0.0
2022-09-18 00:00:00+02:00,0.0
2022-09-18 01:00:00+02:00,0.0
2022-09-18 02:00:00+02:00,0.0
2022-09-18 03:00:00+02:00,0.0
2022-09-18 04:00:00+02:00,0.0
2022-09-18 05:00:00+02:00,0.0
2022-09-18 06:00:00+02:00,0.0
2022-09-18 07:00:00+02:00,0.0
2022-09-18 08:00:00+02:00,0.0
2022-09-18 09:00:00+02:00,0.0
2022-09-18 10:00:00+02:00,0.0
2022-09-18 11:00:00+02:00,0.0
2022-09-18 12:00:00+02:00,0.0
2022-09-18 13:00:00+02:00,0.0
2022-09-18 14:00:00+02:00,0.0
2022-09-18 15:00:00+02:00,0.0
2022-09-18 16:00:00+02:00,0.0
2022-09-18 17:00:00+02:00,0.0
2022-09-18 18:00:00+02:00,0.0
2022-09-18 19:00:00+02:00,0.0
2022-09-18 20:00:00+02:00,0.0
2022-09-18 21:00:00+02:00,0.0
2022-09-18 22:00:00+02:00,0.0
2022-09-18 23:00:00+02:00,0.0
2022-09-19 00:00:00+02:00,0.0
2022-09-19 01:00:00+02:00,0.0
2022-09-19 02:00:00+02:00,0.0
2022-09-19 03:00:00+02:00,0.0
2022-09-19 04:00:00+02:00,0.0
2022-09-19 05:00:00+02:00,0.0
2022-09-19 06:00:00+02:00,0.0
2022-09-19 07:00:00+02:00,221.0
2022-09-19 08:00:00+02:00,461.0
2022-09-19 09:00:00+02:00,82.0
2022-09-19 10:00:00+02:00,0.0
2022-09-19 11:00:00+02:00,0.0
2022-09-19 12:00:00+02:00,0.0
2022-09-19 13:00:00+02:00,0.0
2022-09-19 14:00:00+02:00,0.0
2022-09-19 15:00:00+02:00,0.0
2022-09-19 16:00:00+02:00,0.0
2022-09-19 17:00:00+02:00,0.0
2022-09-19 18:00:00+02:00,651.0
2022-09-19 19:00:00+02:00,1482.0
2022-09-19 20:00:00+02:00,1400.0
2022-09-19 21:00:00+02:00,525.0
2022-09-19 22:00:00+02:00,0.0
2022-09-19 23:00:00+02:00,0.0
2022-09-20 00:00:00+02:00,0.0
2022-09-20 01:00:00+02:00,0.0
2022-09-20 02:00:00+02:00,0.0
2022-09-20 03:00:00+02:00,0.0
2022-09-20 04:00:00+02:00,0.0
2022-09-20 05:00:00+02:00,0.0
2022-09-20 06:00:00+02:00,0.0
2022-09-20 07:00:00+02:00,649.0
2022-09-20 08:00:00+02:00,1074.0
2022-09-20 09:00:00+02:00,801.0
2022-09-20 10:00:00+02:00,252.0
2022-09-20 11:00:00+02:00,0.0
2022-09-20 12:00:00+02:00,50.0
2022-09-20 13:00:00+02:00,0.0
2022-09-20 14:00:00+02:00,0.0
2022-09-20 15:00:00+02:00,0.0
2022-09-20 16:00:00+02:00,0.0
2022-09-20 17:00:00+02:00,0.0
2022-09-20 18:00:00+02:00,672.0
2022-09-20 19:00:00+02:00,1139.0
2022-09-20 20:00:00+02:00,1494.0
2022-09-20 21:00:00+02:00,762.0
2022-09-20 22:00:00+02:00,233.0
2022-09-20 23:00:00+02:00,0.0
2022-09-21 00:00:00+02:00,0.0
2022-09-21 01:00:00+02:00,0.0
2022-09-21 02:00:00+02:00,0.0
2022-09-21 03:00:00+02:00,0.0
2022-09-21 04:00:00+02:00,0.0
2022-09-21 05:00:00+02:00,0.0
2022-09-21 06:00:00+02:00,0.0
2022-09-21 07:00:00+02:00,667.0
2022-09-21 08:00:00+02:00,744.0
2022-09-21 09:00:00+02:00,857.0
2022-09-21 10:00:00+02:00,0.0
2022-09-21 11:00:00+02:00,0.0
2022-09-21 12:00:00+02:00,0.0
2022-09-21 13:00:00+02:00,0.0
2022-09-21 14:00:00+02:00,0.0
2022-09-21 15:00:00+02:00,0.0
2022-09-21 16:00:00+02:00,0.0
2022-09-21 17:00:00+02:00,0.0
2022-09-21 18:00:00+02:00,954.0
2022-09-21 19:00:00+02:00,1618.0
2022-09-21 20:00:00+02:00,1728.0
2022-09-21 21:00:00+02:00,898.0
2022-09-21 22:00:00+02:00,457.0
2022-09-21 23:00:00+02:00,0.0
2022-09-22 00:00:00+02:00,0.0
2022-09-22 01:00:00+02:00,0.0
2022-09-22 02:00:00+02:00,0.0
2022-09-22 03:00:00+02:00,0.0
2022-09-22 04:00:00+02:00,0.0
2022-09-22 05:00:00+02:00,0.0
2022-09-22 06:00:00+02:00,756.0
2022-09-22 07:00:00+02:00,1641.0
2022-09-22 08:00:00+02:00,1369.0
2022-09-22 09:00:00+02:00,721.0
2022-09-22 10:00:00+02:00,546.0
2022-09-22 11:00:00+02:00,351.0
2022-09-22 12:00:00+02:00,443.0
2022-09-22 13:00:00+02:00,416.0
2022-09-22 14:00:00+02:00,263.0
2022-09-22 15:00:00+02:00,0.0
2022-09-22 16:00:00+02:00,18.0
2022-09-22 17:00:00+02:00,884.0
2022-09-22 18:00:00+02:00,1795.0
2022-09-22 19:00:00+02:00,2122.0
2022-09-22 20:00:00+02:00,2145.0
2022-09-22 21:00:00+02:00,1167.0
2022-09-22 22:00:00+02:00,697.0
2022-09-22 23:00:00+02:00,992.0
2022-09-23 00:00:00+02:00,0.0
2022-09-23 01:00:00+02:00,0.0
2022-09-23 02:00:00+02:00,0.0
2022-09-23 03:00:00+02:00,0.0
2022-09-23 04:00:00+02:00,0.0
2022-09-23 05:00:00+02:00,0.0
2022-09-23 06:00:00+02:00,697.0
2022-09-23 07:00:00+02:00,1853.0
2022-09-23 08:00:00+02:00,2312.0
2022-09-23 09:00:00+02:00,1581.0
2022-09-23 10:00:00+02:00,1660.0
2022-09-23 11:00:00+02:00,1996.0
2022-09-23 12:00:00+02:00,2303.0
2022-09-23 13:00:00+02:00,1993.0
2022-09-23 14:00:00+02:00,1326.0
2022-09-23 15:00:00+02:00,1185.0
2022-09-23 16:00:00+02:00,1131.0
2022-09-23 17:00:00+02:00,2008.0
2022-09-23 18:00:00+02:00,2854.0
2022-09-23 19:00:00+02:00,2607.0
2022-09-23 20:00:00+02:00,2602.0
2022-09-23 21:00:00+02:00,1982.0
2022-09-23 22:00:00+02:00,1293.0
2022-09-23 23:00:00+02:00,872.0
2022-09-24 00:00:00+02:00,0.0
2022-09-24 01:00:00+02:00,0.0
2022-09-24 02:00:00+02:00,0.0
2022-09-24 03:00:00+02:00,0.0
2022-09-24 04:00:00+02:00,0.0
2022-09-24 05:00:00+02:00,0.0
2022-09-24 06:00:00+02:00,0.0
2022-09-24 07:00:00+02:00,0.0
2022-09-24 08:00:00+02:00,0.0
2022-09-24 09:00:00+02:00,0.0
2022-09-24 10:00:00+02:00,0.0
2022-09-24 11:00:00+02:00,0.0
2022-09-24 12:00:00+02:00,0.0
2022-09-24 13:00:00+02:00,0.0
2022-09-24 14:00:00+02:00,0.0
2022-09-24 15:00:00+02:00,0.0
2022-09-24 16:00:00+02:00,0.0
2022-09-24 17:00:00+02:00,0.0
2022-09-24 18:00:00+02:00,0.0
2022-09-24 19:00:00+02:00,283.0
2022-09-24 20:00:00+02:00,79.0
2022-09-24 21:00:00+02:00,0.0
2022-09-24 22:00:00+02:00,0.0
2022-09-24 23:00:00+02:00,0.0
2022-09-25 00:00:00+02:00,0.0
2022-09-25 01:00:00+02:00,0.0
2022-09-25 02:00:00+02:00,0.0
2022-09-25 03:00:00+02:00,0.0
2022-09-25 04:00:00+02:00,0.0
2022-09-25 05:00:00+02:00,0.0
2022-09-25 06:00:00+02:00,0.0
2022-09-25 07:00:00+02:00,0.0
2022-09-25 08:00:00+02:00,0.0
2022-09-25 09:00:00+02:00,0.0
2022-09-25 10:00:00+02:00,0.0
2022-09-25 11:00:00+02:00,0.0
2022-09-25 12:00:00+02:00,0.0
2022-09-25 13:00:00+02:00,0.0
2022-09-25 14:00:00+02:00,0.0
2022-09-25 15:00:00+02:00,0.0
2022-09-25 16:00:00+02:00,0.0
2022-09-25 17:00:00+02:00,0.0
2022-09-25 18:00:00+02:00,0.0
2022-09-25 19:00:00+02:00,579.0
2022-09-25 20:00:00+02:00,379.0
2022-09-25 21:00:00+02:00,0.0
2022-09-25 22:00:00+02:00,0.0
2022-09-25 23:00:00+02:00,0.0
2022-09-26 00:00:00+02:00,0.0
2022-09-26 01:00:00+02:00,0.0
2022-09-26 02:00:00+02:00,0.0
2022-09-26 03:00:00+02:00,0.0
2022-09-26 04:00:00+02:00,0.0
2022-09-26 05:00:00+02:00,0.0
2022-09-26 06:00:00+02:00,0.0
2022-09-26 07:00:00+02:00,0.0
2022-09-26 08:00:00+02:00,0.0
2022-09-26 09:00:00+02:00,0.0
2022-09-26 10:00:00+02:00,0.0
2022-09-26 11:00:00+02:00,0.0
2022-09-26 12:00:00+02:00,0.0
2022-09-26 13:00:00+02:00,0.0
2022-09-26 14:00:00+02:00,0.0
2022-09-26 15:00:00+02:00,0.0
2022-09-26 16:00:00+02:00,0.0
2022-09-26 17:00:00+02:00,0.0
2022-09-26 18:00:00+02:00,0.0
2022-09-26 19:00:00+02:00,0.0
2022-09-26 20:00:00+02:00,0.0
2022-09-26 21:00:00+02:00,0.0
2022-09-26 22:00:00+02:00,0.0
2022-09-26 23:00:00+02:00,0.0
2022-09-27 00:00:00+02:00,0.0
2022-09-27 01:00:00+02:00,0.0
2022-09-27 02:00:00+02:00,0.0
2022-09-27 03:00:00+02:00,0.0
2022-09-27 04:00:00+02:00,0.0
2022-09-27 05:00:00+02:00,0.0
2022-09-27 06:00:00+02:00,0.0
2022-09-27 07:00:00+02:00,0.0
2022-09-27 08:00:00+02:00,121.0
2022-09-27 09:00:00+02:00,0.0
2022-09-27 10:00:00+02:00,0.0
2022-09-27 11:00:00+02:00,0.0
2022-09-27 12:00:00+02:00,0.0
2022-09-27 13:00:00+02:00,0.0
2022-09-27 14:00:00+02:00,0.0
2022-09-27 15:00:00+02:00,0.0
2022-09-27 16:00:00+02:00,0.0
2022-09-27 17:00:00+02:00,0.0
2022-09-27 18:00:00+02:00,0.0
2022-09-27 19:00:00+02:00,251.0
2022-09-27 20:00:00+02:00,307.0
2022-09-27 21:00:00+02:00,0.0
2022-09-27 22:00:00+02:00,0.0
2022-09-27 23:00:00+02:00,0.0
2022-09-28 00:00:00+02:00,0.0
2022-09-28 01:00:00+02:00,0.0
2022-09-28 02:00:00+02:00,0.0
2022-09-28 03:00:00+02:00,0.0
2022-09-28 04:00:00+02:00,0.0
2022-09-28 05:00:00+02:00,0.0
2022-09-28 06:00:00+02:00,0.0
2022-09-28 07:00:00+02:00,279.0
2022-09-28 08:00:00+02:00,763.0
2022-09-28 09:00:00+02:00,357.0
2022-09-28 10:00:00+02:00,14.0
2022-09-28 11:00:00+02:00,112.0
2022-09-28 12:00:00+02:00,0.0
2022-09-28 13:00:00+02:00,0.0
2022-09-28 14:00:00+02:00,0.0
2022-09-28 15:00:00+02:00,0.0
2022-09-28 16:00:00+02:00,0.0
2022-09-28 17:00:00+02:00,0.0
2022-09-28 18:00:00+02:00,1360.0
2022-09-28 19:00:00+02:00,2515.0
2022-09-28 20:00:00+02:00,1927.0
2022-09-28 21:00:00+02:00,552.0
2022-09-28 22:00:00+02:00,409.0
2022-09-28 23:00:00+02:00,190.0
2022-09-29 00:00:00+02:00,0.0
2022-09-29 01:00:00+02:00,0.0
2022-09-29 02:00:00+02:00,0.0
2022-09-29 03:00:00+02:00,0.0
2022-09-29 04:00:00+02:00,0.0
2022-09-29 05:00:00+02:00,0.0
2022-09-29 06:00:00+02:00,129.0
2022-09-29 07:00:00+02:00,1494.0
2022-09-29 08:00:00+02:00,1561.0
2022-09-29 09:00:00+02:00,1128.0
2022-09-29 10:00:00+02:00,771.0
2022-09-29 11:00:00+02:00,396.0
2022-09-29 12:00:00+02:00,618.0
2022-09-29 13:00:00+02:00,230.0
2022-09-29 14:00:00+02:00,0.0
2022-09-29 15:00:00+02:00,0.0
2022-09-29 16:00:00+02:00,0.0
2022-09-29 17:00:00+02:00,93.0
2022-09-29 18:00:00+02:00,1691.0
2022-09-29 19:00:00+02:00,2298.0
2022-09-29 20:00:00+02:00,2267.0
2022-09-29 21:00:00+02:00,1246.0
2022-09-29 22:00:00+02:00,914.0
2022-09-29 23:00:00+02:00,502.0
2022-09-30 00:00:00+02:00,0.0
2022-09-30 01:00:00+02:00,0.0
2022-09-30 02:00:00+02:00,0.0
2022-09-30 03:00:00+02:00,0.0
2022-09-30 04:00:00+02:00,0.0
2022-09-30 05:00:00+02:00,0.0
2022-09-30 06:00:00+02:00,9.0
2022-09-30 07:00:00+02:00,1874.0
2022-09-30 08:00:00+02:00,1685.0
2022-09-30 09:00:00+02:00,1224.0
2022-09-30 10:00:00+02:00,526.0
2022-09-30 11:00:00+02:00,175.0
2022-09-30 12:00:00+02:00,423.0
2022-09-30 13:00:00+02:00,0.0
2022-09-30 14:00:00+02:00,0.0
2022-09-30 15:00:00+02:00,0.0
2022-09-30 16:00:00+02:00,0.0
2022-09-30 17:00:00+02:00,0.0
2022-09-30 18:00:00+02:00,0.0
2022-09-30 19:00:00+02:00,0.0
2022-09-30 20:00:00+02:00,0.0
2022-09-30 21:00:00+02:00,0.0
2022-09-30 22:00:00+02:00,0.0
2022-09-30 23:00:00+02:00,0.0
2022-10-01 00:00:00+02:00,0.0
2022-10-01 01:00:00+02:00,0.0
2022-10-01 02:00:00+02:00,0.0
2022-10-01 03:00:00+02:00,0.0
2022-10-01 04:00:00+02:00,0.0
2022-10-01 05:00:00+02:00,0.0
2022-10-01 06:00:00+02:00,0.0
2022-10-01 07:00:00+02:00,0.0
2022-10-01 08:00:00+02:00,0.0
2022-10-01 09:00:00+02:00,0.0
2022-10-01 10:00:00+02:00,0.0
2022-10-01 11:00:00+02:00,0.0
2022-10-01 12:00:00+02:00,0.0
2022-10-01 13:00:00+02:00,0.0
2022-10-01 14:00:00+02:00,0.0
2022-10-01 15:00:00+02:00,0.0
2022-10-01 16:00:00+02:00,0.0
2022-10-01 17:00:00+02:00,0.0
2022-10-01 18:00:00+02:00,0.0
2022-10-01 19:00:00+02:00,0.0
2022-10-01 20:00:00+02:00,0.0
2022-10-01 21:00:00+02:00,0.0
2022-10-01 22:00:00+02:00,0.0
2022-10-01 23:00:00+02:00,0.0
2022-10-02 00:00:00+02:00,0.0
2022-10-02 01:00:00+02:00,0.0
2022-10-02 02:00:00+02:00,0.0
2022-10-02 03:00:00+02:00,0.0
2022-10-02 04:00:00+02:00,0.0
2022-10-02 05:00:00+02:00,0.0
2022-10-02 06:00:00+02:00,0.0
2022-10-02 07:00:00+02:00,0.0
2022-10-02 08:00:00+02:00,0.0
2022-10-02 09:00:00+02:00,0.0
2022-10-02 10:00:00+02:00,0.0
2022-10-02 11:00:00+02:00,0.0
2022-10-02 12:00:00+02:00,0.0
2022-10-02 13:00:00+02:00,0.0
2022-10-02 14:00:00+02:00,0.0
2022-10-02 15:00:00+02:00,0.0
2022-10-02 16:00:00+02:00,0.0
2022-10-02 17:00:00+02:00,0.0
2022-10-02 18:00:00+02:00,0.0
2022-10-02 19:00:00+02:00,129.0
2022-10-02 20:00:00+02:00,479.0
2022-10-02 21:00:00+02:00,0.0
2022-10-02 22:00:00+02:00,0.0
2022-10-02 23:00:00+02:00,0.0
2022-10-03 00:00:00+02:00,0.0
2022-10-03 01:00:00+02:00,0.0
2022-10-03 02:00:00+02:00,0.0
2022-10-03 03:00:00+02:00,0.0
2022-10-03 04:00:00+02:00,0.0
2022-10-03 05:00:00+02:00,0.0
2022-10-03 06:00:00+02:00,389.0
2022-10-03 07:00:00+02:00,1004.0
2022-10-03 08:00:00+02:00,1624.0
2022-10-03 09:00:00+02:00,1658.0
2022-10-03 10:00:00+02:00,1403.0
2022-10-03 11:00:00+02:00,583.0
2022-10-03 12:00:00+02:00,889.0
2022-10-03 13:00:00+02:00,529.0
2022-10-03 14:00:00+02:00,362.0
2022-10-03 15:00:00+02:00,0.0
2022-10-03 16:00:00+02:00,0.0
2022-10-03 17:00:00+02:00,541.0
2022-10-03 18:00:00+02:00,2052.0
2022-10-03 19:00:00+02:00,3482.0
2022-10-03 20:00:00+02:00,2266.0
2022-10-03 21:00:00+02:00,1279.0
2022-10-03 22:00:00+02:00,559.0
2022-10-03 23:00:00+02:00,326.0
2022-10-04 00:00:00+02:00,0.0
2022-10-04 01:00:00+02:00,0.0
2022-10-04 02:00:00+02:00,0.0
2022-10-04 03:00:00+02:00,0.0
2022-10-04 04:00:00+02:00,0.0
2022-10-04 05:00:00+02:00,0.0
2022-10-04 06:00:00+02:00,213.0
2022-10-04 07:00:00+02:00,2148.0
2022-10-04 08:00:00+02:00,2062.0
2022-10-04 09:00:00+02:00,1019.0
2022-10-04 10:00:00+02:00,0.0
2022-10-04 11:00:00+02:00,0.0
2022-10-04 12:00:00+02:00,0.0
2022-10-04 13:00:00+02:00,0.0
2022-10-04 14:00:00+02:00,0.0
2022-10-04 15:00:00+02:00,0.0
2022-10-04 16:00:00+02:00,0.0
2022-10-04 17:00:00+02:00,97.0
2022-10-04 18:00:00+02:00,1071.0
2022-10-04 19:00:00+02:00,2296.0
2022-10-04 20:00:00+02:00,1122.0
2022-10-04 21:00:00+02:00,335.0
2022-10-04 22:00:00+02:00,0.0
2022-10-04 23:00:00+02:00,0.0
2022-10-05 00:00:00+02:00,0.0
2022-10-05 01:00:00+02:00,0.0
2022-10-05 02:00:00+02:00,0.0
2022-10-05 03:00:00+02:00,0.0
2022-10-05 04:00:00+02:00,0.0
2022-10-05 05:00:00+02:00,0.0
2022-10-05 06:00:00+02:00,0.0
2022-10-05 07:00:00+02:00,0.0
2022-10-05 08:00:00+02:00,0.0
2022-10-05 09:00:00+02:00,0.0
2022-10-05 10:00:00+02:00,0.0
2022-10-05 11:00:00+02:00,0.0
2022-10-05 12:00:00+02:00,0.0
2022-10-05 13:00:00+02:00,0.0
2022-10-05 14:00:00+02:00,0.0
2022-10-05 15:00:00+02:00,0.0
2022-10-05 16:00:00+02:00,0.0
2022-10-05 17:00:00+02:00,0.0
2022-10-05 18:00:00+02:00,0.0
2022-10-05 19:00:00+02:00,878.0
2022-10-05 20:00:00+02:00,33.0
2022-10-05 21:00:00+02:00,0.0
2022-10-05 22:00:00+02:00,0.0
2022-10-05 23:00:00+02:00,0.0
2022-10-06 00:00:00+02:00,0.0
2022-10-06 01:00:00+02:00,0.0
2022-10-06 02:00:00+02:00,0.0
2022-10-06 03:00:00+02:00,0.0
2022-10-06 04:00:00+02:00,0.0
2022-10-06 05:00:00+02:00,0.0
2022-10-06 06:00:00+02:00,392.0
2022-10-06 07:00:00+02:00,1882.0
2022-10-06 08:00:00+02:00,2644.0
2022-10-06 09:00:00+02:00,2713.0
2022-10-06 10:00:00+02:00,2014.0
2022-10-06 11:00:00+02:00,1718.0
2022-10-06 12:00:00+02:00,1948.0
2022-10-06 13:00:00+02:00,1204.0
2022-10-06 14:00:00+02:00,775.0
2022-10-06 15:00:00+02:00,513.0
2022-10-06 16:00:00+02:00,583.0
2022-10-06 17:00:00+02:00,1345.0
2022-10-06 18:00:00+02:00,2247.0
2022-10-06 19:00:00+02:00,3248.0
2022-10-06 20:00:00+02:00,2324.0
2022-10-06 21:00:00+02:00,1032.0
2022-10-06 22:00:00+02:00,844.0
2022-10-06 23:00:00+02:00,1120.0
2022-10-07 00:00:00+02:00,349.0
2022-10-07 01:00:00+02:00,112.0
2022-10-07 02:00:00+02:00,0.0
2022-10-07 03:00:00+02:00,0.0
2022-10-07 04:00:00+02:00,0.0
2022-10-07 05:00:00+02:00,0.0
2022-10-07 06:00:00+02:00,11.0
2022-10-07 07:00:00+02:00,1574.0
2022-10-07 08:00:00+02:00,1819.0
2022-10-07 09:00:00+02:00,1768.0
2022-10-07 10:00:00+02:00,1573.0
2022-10-07 11:00:00+02:00,950.0
2022-10-07 12:00:00+02:00,748.0
2022-10-07 13:00:00+02:00,415.0
2022-10-07 14:00:00+02:00,158.0
2022-10-07 15:00:00+02:00,0.0
2022-10-07 16:00:00+02:00,0.0
2022-10-07 17:00:00+02:00,58.0
2022-10-07 18:00:00+02:00,945.0
2022-10-07 19:00:00+02:00,1847.0
2022-10-07 20:00:00+02:00,919.0
2022-10-07 21:00:00+02:00,0.0
2022-10-07 22:00:00+02:00,35.0
2022-10-07 23:00:00+02:00,0.0
2022-10-08 00:00:00+02:00,0.0
2022-10-08 01:00:00+02:00,0.0
2022-10-08 02:00:00+02:00,0.0
2022-10-08 03:00:00+02:00,0.0
2022-10-08 04:00:00+02:00,0.0
2022-10-08 05:00:00+02:00,0.0
2022-10-08 06:00:00+02:00,0.0
2022-10-08 07:00:00+02:00,0.0
2022-10-08 08:00:00+02:00,0.0
2022-10-08 09:00:00+02:00,0.0
2022-10-08 10:00:00+02:00,0.0
2022-10-08 11:00:00+02:00,60.0
2022-10-08 12:00:00+02:00,437.0
2022-10-08 13:00:00+02:00,0.0
2022-10-08 14:00:00+02:00,0.0
2022-10-08 15:00:00+02:00,0.0
2022-10-08 16:00:00+02:00,0.0
2022-10-08 17:00:00+02:00,0.0
2022-10-08 18:00:00+02:00,0.0
2022-10-08 19:00:00+02:00,604.0
2022-10-08 20:00:00+02:00,0.0
2022-10-08 21:00:00+02:00,0.0
2022-10-08 22:00:00+02:00,0.0
2022-10-08 23:00:00+02:00,0.0
2022-10-09 00:00:00+02:00,0.0
2022-10-09 01:00:00+02:00,0.0
2022-10-09 02:00:00+02:00,0.0
2022-10-09 03:00:00+02:00,0.0
2022-10-09 04:00:00+02:00,0.0
2022-10-09 05:00:00+02:00,0.0
2022-10-09 06:00:00+02:00,0.0
2022-10-09 07:00:00+02:00,0.0
2022-10-09 08:00:00+02:00,0.0
2022-10-09 09:00:00+02:00,0.0
2022-10-09 10:00:00+02:00,0.0
2022-10-09 11:00:00+02:00,0.0
2022-10-09 12:00:00+02:00,0.0
2022-10-09 13:00:00+02:00,0.0
2022-10-09 14:00:00+02:00,0.0
2022-10-09 15:00:00+02:00,0.0
2022-10-09 16:00:00+02:00,0.0
2022-10-09 17:00:00+02:00,0.0
2022-10-09 18:00:00+02:00,0.0
2022-10-09 19:00:00+02:00,0.0
2022-10-09 20:00:00+02:00,0.0
2022-10-09 21:00:00+02:00,0.0
2022-10-09 22:00:00+02:00,0.0
2022-10-09 23:00:00+02:00,0.0
2022-10-10 00:00:00+02:00,0.0
2022-10-10 01:00:00+02:00,0.0
2022-10-10 02:00:00+02:00,0.0
2022-10-10 03:00:00+02:00,0.0
2022-10-10 04:00:00+02:00,0.0
2022-10-10 05:00:00+02:00,0.0
2022-10-10 06:00:00+02:00,0.0
2022-10-10 07:00:00+02:00,0.0
2022-10-10 08:00:00+02:00,101.0
2022-10-10 09:00:00+02:00,0.0
2022-10-10 10:00:00+02:00,0.0
2022-10-10 11:00:00+02:00,0.0
2022-10-10 12:00:00+02:00,0.0
2022-10-10 13:00:00+02:00,0.0
2022-10-10 14:00:00+02:00,0.0
2022-10-10 15:00:00+02:00,0.0
2022-10-10 16:00:00+02:00,0.0
2022-10-10 17:00:00+02:00,0.0
2022-10-10 18:00:00+02:00,287.0
2022-10-10 19:00:00+02:00,1749.0
2022-10-10 20:00:00+02:00,1129.0
2022-10-10 21:00:00+02:00,74.0
2022-10-10 22:00:00+02:00,0.0
2022-10-10 23:00:00+02:00,0.0
2022-10-11 00:00:00+02:00,0.0
2022-10-11 01:00:00+02:00,0.0
2022-10-11 02:00:00+02:00,0.0
2022-10-11 03:00:00+02:00,0.0
2022-10-11 04:00:00+02:00,0.0
2022-10-11 05:00:00+02:00,0.0
2022-10-11 06:00:00+02:00,0.0
2022-10-11 07:00:00+02:00,13.0
2022-10-11 08:00:00+02:00,868.0
2022-10-11 09:00:00+02:00,827.0
2022-10-11 10:00:00+02:00,9.0
2022-10-11 11:00:00+02:00,0.0
2022-10-11 12:00:00+02:00,0.0
2022-10-11 13:00:00+02:00,0.0
2022-10-11 14:00:00+02:00,0.0
2022-10-11 15:00:00+02:00,0.0
2022-10-11 16:00:00+02:00,0.0
2022-10-11 17:00:00+02:00,0.0
2022-10-11 18:00:00+02:00,1730.0
2022-10-11 19:00:00+02:00,2830.0
2022-10-11 20:00:00+02:00,1766.0
2022-10-11 21:00:00+02:00,241.0
2022-10-11 22:00:00+02:00,0.0
2022-10-11 23:00:00+02:00,0.0
2022-10-12 00:00:00+02:00,0.0
2022-10-12 01:00:00+02:00,0.0
2022-10-12 02:00:00+02:00,0.0
2022-10-12 03:00:00+02:00,0.0
2022-10-12 04:00:00+02:00,0.0
2022-10-12 05:00:00+02:00,0.0
2022-10-12 06:00:00+02:00,223.0
2022-10-12 07:00:00+02:00,1621.0
2022-10-12 08:00:00+02:00,1797.0
2022-10-12 09:00:00+02:00,1607.0
2022-10-12 10:00:00+02:00,1153.0
2022-10-12 11:00:00+02:00,649.0
2022-10-12 12:00:00+02:00,413.0
2022-10-12 13:00:00+02:00,0.0
2022-10-12 14:00:00+02:00,0.0
2022-10-12 15:00:00+02:00,0.0
2022-10-12 16:00:00+02:00,0.0
2022-10-12 17:00:00+02:00,0.0
2022-10-12 18:00:00+02:00,1392.0
2022-10-12 19:00:00+02:00,2728.0
2022-10-12 20:00:00+02:00,1418.0
2022-10-12 21:00:00+02:00,0.0
2022-10-12 22:00:00+02:00,0.0
2022-10-12 23:00:00+02:00,0.0
2022-10-13 00:00:00+02:00,0.0
2022-10-13 01:00:00+02:00,0.0
2022-10-13 02:00:00+02:00,0.0
2022-10-13 03:00:00+02:00,0.0
2022-10-13 04:00:00+02:00,0.0
2022-10-13 05:00:00+02:00,0.0
2022-10-13 06:00:00+02:00,0.0
2022-10-13 07:00:00+02:00,377.0
2022-10-13 08:00:00+02:00,1041.0
2022-10-13 09:00:00+02:00,589.0
2022-10-13 10:00:00+02:00,466.0
2022-10-13 11:00:00+02:00,391.0
2022-10-13 12:00:00+02:00,520.0
2022-10-13 13:00:00+02:00,0.0
2022-10-13 14:00:00+02:00,0.0
2022-10-13 15:00:00+02:00,0.0
2022-10-13 16:00:00+02:00,0.0
2022-10-13 17:00:00+02:00,672.0
2022-10-13 18:00:00+02:00,1360.0
2022-10-13 19:00:00+02:00,1558.0
2022-10-13 20:00:00+02:00,869.0
2022-10-13 21:00:00+02:00,0.0
2022-10-13 22:00:00+02:00,0.0
2022-10-13 23:00:00+02:00,0.0
2022-10-14 00:00:00+02:00,0.0
2022-10-14 01:00:00+02:00,0.0
2022-10-14 02:00:00+02:00,0.0
2022-10-14 03:00:00+02:00,0.0
2022-10-14 04:00:00+02:00,0.0
2022-10-14 05:00:00+02:00,0.0
2022-10-14 06:00:00+02:00,0.0
2022-10-14 07:00:00+02:00,96.0
2022-10-14 08:00:00+02:00,783.0
2022-10-14 09:00:00+02:00,361.0
2022-10-14 10:00:00+02:00,0.0
2022-10-14 11:00:00+02:00,0.0
2022-10-14 12:00:00+02:00,0.0
2022-10-14 13:00:00+02:00,0.0
2022-10-14 14:00:00+02:00,0.0
2022-10-14 15:00:00+02:00,0.0
2022-10-14 16:00:00+02:00,0.0
2022-10-14 17:00:00+02:00,0.0
2022-10-14 18:00:00+02:00,0.0
2022-10-14 19:00:00+02:00,55.0
2022-10-14 20:00:00+02:00,0.0
2022-10-14 21:00:00+02:00,0.0
2022-10-14 22:00:00+02:00,0.0
2022-10-14 23:00:00+02:00,0.0
2022-10-15 00:00:00+02:00,0.0
2022-10-15 01:00:00+02:00,0.0
2022-10-15 02:00:00+02:00,0.0
2022-10-15 03:00:00+02:00,0.0
2022-10-15 04:00:00+02:00,0.0
2022-10-15 05:00:00+02:00,0.0
2022-10-15 06:00:00+02:00,0.0
2022-10-15 07:00:00+02:00,0.0
2022-10-15 08:00:00+02:00,0.0
2022-10-15 09:00:00+02:00,0.0
2022-10-15 10:00:00+02:00,0.0
2022-10-15 11:00:00+02:00,0.0
2022-10-15 12:00:00+02:00,0.0
2022-10-15 13:00:00+02:00,0.0
2022-10-15 14:00:00+02:00,0.0
2022-10-15 15:00:00+02:00,0.0
2022-10-15 16:00:00+02:00,0.0
2022-10-15 17:00:00+02:00,0.0
2022-10-15 18:00:00+02:00,0.0
2022-10-15 19:00:00+02:00,0.0
2022-10-15 20:00:00+02:00,0.0
2022-10-15 21:00:00+02:00,0.0
2022-10-15 22:00:00+02:00,0.0
2022-10-15 23:00:00+02:00,0.0
2022-10-16 00:00:00+02:00,0.0
2022-10-16 01:00:00+02:00,0.0
2022-10-16 02:00:00+02:00,0.0
2022-10-16 03:00:00+02:00,0.0
2022-10-16 04:00:00+02:00,0.0
2022-10-16 05:00:00+02:00,0.0
2022-10-16 06:00:00+02:00,0.0
2022-10-16 07:00:00+02:00,0.0
2022-10-16 08:00:00+02:00,0.0
2022-10-16 09:00:00+02:00,0.0
2022-10-16 10:00:00+02:00,0.0
2022-10-16 11:00:00+02:00,0.0
2022-10-16 12:00:00+02:00,0.0
2022-10-16 13:00:00+02:00,0.0
2022-10-16 14:00:00+02:00,0.0
2022-10-16 15:00:00+02:00,0.0
2022-10-16 16:00:00+02:00,0.0
2022-10-16 17:00:00+02:00,0.0
2022-10-16 18:00:00+02:00,0.0
2022-10-16 19:00:00+02:00,0.0
2022-10-16 20:00:00+02:00,0.0
2022-10-16 21:00:00+02:00,0.0
2022-10-16 22:00:00+02:00,0.0
2022-10-16 23:00:00+02:00,0.0
2022-10-17 00:00:00+02:00,0.0
2022-10-17 01:00:00+02:00,0.0
2022-10-17 02:00:00+02:00,0.0
2022-10-17 03:00:00+02:00,0.0
2022-10-17 04:00:00+02:00,0.0
2022-10-17 05:00:00+02:00,0.0
2022-10-17 06:00:00+02:00,0.0
2022-10-17 07:00:00+02:00,0.0
2022-10-17 08:00:00+02:00,0.0
2022-10-17 09:00:00+02:00,0.0
2022-10-17 10:00:00+02:00,0.0
2022-10-17 11:00:00+02:00,0.0
2022-10-17 12:00:00+02:00,19.0
2022-10-17 13:00:00+02:00,0.0
2022-10-17 14:00:00+02:00,0.0
2022-10-17 15:00:00+02:00,0.0
2022-10-17 16:00:00+02:00,0.0
2022-10-17 17:00:00+02:00,0.0
2022-10-17 18:00:00+02:00,722.0
2022-10-17 19:00:00+02:00,1626.0
2022-10-17 20:00:00+02:00,581.0
2022-10-17 21:00:00+02:00,0.0
2022-10-17 22:00:00+02:00,0.0
2022-10-17 23:00:00+02:00,0.0
2022-10-18 00:00:00+02:00,0.0
2022-10-18 01:00:00+02:00,0.0
2022-10-18 02:00:00+02:00,0.0
2022-10-18 03:00:00+02:00,0.0
2022-10-18 04:00:00+02:00,0.0
2022-10-18 05:00:00+02:00,0.0
2022-10-18 06:00:00+02:00,0.0
2022-10-18 07:00:00+02:00,985.0
2022-10-18 08:00:00+02:00,1398.0
2022-10-18 09:00:00+02:00,1128.0
2022-10-18 10:00:00+02:00,285.0
2022-10-18 11:00:00+02:00,0.0
2022-10-18 12:00:00+02:00,0.0
2022-10-18 13:00:00+02:00,0.0
2022-10-18 14:00:00+02:00,0.0
2022-10-18 15:00:00+02:00,0.0
2022-10-18 16:00:00+02:00,0.0
2022-10-18 17:00:00+02:00,0.0
2022-10-18 18:00:00+02:00,64.0
2022-10-18 19:00:00+02:00,913.0
2022-10-18 20:00:00+02:00,0.0
2022-10-18 21:00:00+02:00,0.0
2022-10-18 22:00:00+02:00,0.0
2022-10-18 23:00:00+02:00,0.0
2022-10-19 00:00:00+02:00,0.0
2022-10-19 01:00:00+02:00,0.0
2022-10-19 02:00:00+02:00,0.0
2022-10-19 03:00:00+02:00,0.0
2022-10-19 04:00:00+02:00,0.0
2022-10-19 05:00:00+02:00,0.0
2022-10-19 06:00:00+02:00,0.0
2022-10-19 07:00:00+02:00,0.0
2022-10-19 08:00:00+02:00,0.0
2022-10-19 09:00:00+02:00,0.0
2022-10-19 10:00:00+02:00,0.0
2022-10-19 11:00:00+02:00,0.0
2022-10-19 12:00:00+02:00,0.0
2022-10-19 13:00:00+02:00,0.0
2022-10-19 14:00:00+02:00,0.0
2022-10-19 15:00:00+02:00,0.0
2022-10-19 16:00:00+02:00,0.0
2022-10-19 17:00:00+02:00,0.0
2022-10-19 18:00:00+02:00,0.0
2022-10-19 19:00:00+02:00,187.0
2022-10-19 20:00:00+02:00,0.0
2022-10-19 21:00:00+02:00,0.0
2022-10-19 22:00:00+02:00,0.0
2022-10-19 23:00:00+02:00,0.0
2022-10-20 00:00:00+02:00,0.0
2022-10-20 01:00:00+02:00,0.0
2022-10-20 02:00:00+02:00,0.0
2022-10-20 03:00:00+02:00,0.0
2022-10-20 04:00:00+02:00,0.0
2022-10-20 05:00:00+02:00,0.0
2022-10-20 06:00:00+02:00,0.0
2022-10-20 07:00:00+02:00,0.0
2022-10-20 08:00:00+02:00,0.0
2022-10-20 09:00:00+02:00,0.0
2022-10-20 10:00:00+02:00,0.0
2022-10-20 11:00:00+02:00,0.0
2022-10-20 12:00:00+02:00,0.0
2022-10-20 13:00:00+02:00,0.0
2022-10-20 14:00:00+02:00,0.0
2022-10-20 15:00:00+02:00,0.0
2022-10-20 16:00:00+02:00,0.0
2022-10-20 17:00:00+02:00,0.0
2022-10-20 18:00:00+02:00,284.0
2022-10-20 19:00:00+02:00,584.0
2022-10-20 20:00:00+02:00,0.0
2022-10-20 21:00:00+02:00,0.0
2022-10-20 22:00:00+02:00,0.0
2022-10-20 23:00:00+02:00,0.0
2022-10-21 00:00:00+02:00,0.0
2022-10-21 01:00:00+02:00,0.0
2022-10-21 02:00:00+02:00,0.0
2022-10-21 03:00:00+02:00,0.0
2022-10-21 04:00:00+02:00,0.0
2022-10-21 05:00:00+02:00,0.0
2022-10-21 06:00:00+02:00,0.0
2022-10-21 07:00:00+02:00,0.0
2022-10-21 08:00:00+02:00,0.0
2022-10-21 09:00:00+02:00,0.0
2022-10-21 10:00:00+02:00,0.0
2022-10-21 11:00:00+02:00,0.0
2022-10-21 12:00:00+02:00,0.0
2022-10-21 13:00:00+02:00,0.0
2022-10-21 14:00:00+02:00,0.0
2022-10-21 15:00:00+02:00,0.0
2022-10-21 16:00:00+02:00,0.0
2022-10-21 17:00:00+02:00,0.0
2022-10-21 18:00:00+02:00,0.0
2022-10-21 19:00:00+02:00,0.0
2022-10-21 20:00:00+02:00,0.0
2022-10-21 21:00:00+02:00,0.0
2022-10-21 22:00:00+02:00,0.0
2022-10-21 23:00:00+02:00,0.0
2022-10-22 00:00:00+02:00,0.0
2022-10-22 01:00:00+02:00,0.0
2022-10-22 02:00:00+02:00,0.0
2022-10-22 03:00:00+02:00,0.0
2022-10-22 04:00:00+02:00,0.0
2022-10-22 05:00:00+02:00,0.0
2022-10-22 06:00:00+02:00,0.0
2022-10-22 07:00:00+02:00,0.0
2022-10-22 08:00:00+02:00,0.0
2022-10-22 09:00:00+02:00,0.0
2022-10-22 10:00:00+02:00,0.0
2022-10-22 11:00:00+02:00,0.0
2022-10-22 12:00:00+02:00,0.0
2022-10-22 13:00:00+02:00,0.0
2022-10-22 14:00:00+02:00,0.0
2022-10-22 15:00:00+02:00,0.0
2022-10-22 16:00:00+02:00,0.0
2022-10-22 17:00:00+02:00,0.0
2022-10-22 18:00:00+02:00,0.0
2022-10-22 19:00:00+02:00,0.0
2022-10-22 20:00:00+02:00,0.0
2022-10-22 21:00:00+02:00,0.0
2022-10-22 22:00:00+02:00,0.0
2022-10-22 23:00:00+02:00,0.0
2022-10-23 00:00:00+02:00,0.0
2022-10-23 01:00:00+02:00,0.0
2022-10-23 02:00:00+02:00,0.0
2022-10-23 03:00:00+02:00,0.0
2022-10-23 04:00:00+02:00,0.0
2022-10-23 05:00:00+02:00,0.0
2022-10-23 06:00:00+02:00,0.0
2022-10-23 07:00:00+02:00,0.0
2022-10-23 08:00:00+02:00,0.0
2022-10-23 09:00:00+02:00,0.0
2022-10-23 10:00:00+02:00,0.0
2022-10-23 11:00:00+02:00,0.0
2022-10-23 12:00:00+02:00,0.0
2022-10-23 13:00:00+02:00,0.0
2022-10-23 14:00:00+02:00,0.0
2022-10-23 15:00:00+02:00,0.0
2022-10-23 16:00:00+02:00,0.0
2022-10-23 17:00:00+02:00,0.0
2022-10-23 18:00:00+02:00,0.0
2022-10-23 19:00:00+02:00,0.0
2022-10-23 20:00:00+02:00,0.0
2022-10-23 21:00:00+02:00,0.0
2022-10-23 22:00:00+02:00,0.0
2022-10-23 23:00:00+02:00,0.0
2022-10-24 00:00:00+02:00,0.0
2022-10-24 01:00:00+02:00,0.0
2022-10-24 02:00:00+02:00,0.0
2022-10-24 03:00:00+02:00,0.0
2022-10-24 04:00:00+02:00,0.0
2022-10-24 05:00:00+02:00,0.0
2022-10-24 06:00:00+02:00,0.0
2022-10-24 07:00:00+02:00,0.0
2022-10-24 08:00:00+02:00,0.0
2022-10-24 09:00:00+02:00,0.0
2022-10-24 10:00:00+02:00,0.0
2022-10-24 11:00:00+02:00,0.0
2022-10-24 12:00:00+02:00,0.0
2022-10-24 13:00:00+02:00,0.0
2022-10-24 14:00:00+02:00,0.0
2022-10-24 15:00:00+02:00,0.0
2022-10-24 16:00:00+02:00,0.0
2022-10-24 17:00:00+02:00,0.0
2022-10-24 18:00:00+02:00,0.0
2022-10-24 19:00:00+02:00,185.0
2022-10-24 20:00:00+02:00,0.0
2022-10-24 21:00:00+02:00,0.0
2022-10-24 22:00:00+02:00,0.0
2022-10-24 23:00:00+02:00,0.0
2022-10-25 00:00:00+02:00,0.0
2022-10-25 01:00:00+02:00,0.0
2022-10-25 02:00:00+02:00,0.0
2022-10-25 03:00:00+02:00,0.0
2022-10-25 04:00:00+02:00,0.0
2022-10-25 05:00:00+02:00,0.0
2022-10-25 06:00:00+02:00,0.0
2022-10-25 07:00:00+02:00,0.0
2022-10-25 08:00:00+02:00,0.0
2022-10-25 09:00:00+02:00,0.0
2022-10-25 10:00:00+02:00,0.0
2022-10-25 11:00:00+02:00,0.0
2022-10-25 12:00:00+02:00,0.0
2022-10-25 13:00:00+02:00,0.0
2022-10-25 14:00:00+02:00,0.0
2022-10-25 15:00:00+02:00,0.0
2022-10-25 16:00:00+02:00,0.0
2022-10-25 17:00:00+02:00,0.0
2022-10-25 18:00:00+02:00,0.0
2022-10-25 19:00:00+02:00,0.0
2022-10-25 20:00:00+02:00,0.0
2022-10-25 21:00:00+02:00,0.0
2022-10-25 22:00:00+02:00,0.0
2022-10-25 23:00:00+02:00,0.0
2022-10-26 00:00:00+02:00,0.0
2022-10-26 01:00:00+02:00,0.0
2022-10-26 02:00:00+02:00,0.0
2022-10-26 03:00:00+02:00,0.0
2022-10-26 04:00:00+02:00,0.0
2022-10-26 05:00:00+02:00,0.0
2022-10-26 06:00:00+02:00,0.0
2022-10-26 07:00:00+02:00,0.0
2022-10-26 08:00:00+02:00,0.0
2022-10-26 09:00:00+02:00,0.0
2022-10-26 10:00:00+02:00,0.0
2022-10-26 11:00:00+02:00,0.0
2022-10-26 12:00:00+02:00,0.0
2022-10-26 13:00:00+02:00,0.0
2022-10-26 14:00:00+02:00,0.0
2022-10-26 15:00:00+02:00,0.0
2022-10-26 16:00:00+02:00,0.0
2022-10-26 17:00:00+02:00,0.0
2022-10-26 18:00:00+02:00,24.0
2022-10-26 19:00:00+02:00,635.0
2022-10-26 20:00:00+02:00,0.0
2022-10-26 21:00:00+02:00,0.0
2022-10-26 22:00:00+02:00,0.0
2022-10-26 23:00:00+02:00,0.0
2022-10-27 00:00:00+02:00,0.0
2022-10-27 01:00:00+02:00,0.0
2022-10-27 02:00:00+02:00,0.0
2022-10-27 03:00:00+02:00,0.0
2022-10-27 04:00:00+02:00,0.0
2022-10-27 05:00:00+02:00,0.0
2022-10-27 06:00:00+02:00,0.0
2022-10-27 07:00:00+02:00,0.0
2022-10-27 08:00:00+02:00,0.0
2022-10-27 09:00:00+02:00,0.0
2022-10-27 10:00:00+02:00,0.0
2022-10-27 11:00:00+02:00,0.0
2022-10-27 12:00:00+02:00,0.0
2022-10-27 13:00:00+02:00,0.0
2022-10-27 14:00:00+02:00,0.0
2022-10-27 15:00:00+02:00,0.0
2022-10-27 16:00:00+02:00,0.0
2022-10-27 17:00:00+02:00,0.0
2022-10-27 18:00:00+02:00,0.0
2022-10-27 19:00:00+02:00,465.0
2022-10-27 20:00:00+02:00,0.0
2022-10-27 21:00:00+02:00,0.0
2022-10-27 22:00:00+02:00,0.0
2022-10-27 23:00:00+02:00,0.0
2022-10-28 00:00:00+02:00,0.0
2022-10-28 01:00:00+02:00,0.0
2022-10-28 02:00:00+02:00,0.0
2022-10-28 03:00:00+02:00,0.0
2022-10-28 04:00:00+02:00,0.0
2022-10-28 05:00:00+02:00,0.0
2022-10-28 06:00:00+02:00,0.0
2022-10-28 07:00:00+02:00,0.0
2022-10-28 08:00:00+02:00,0.0
2022-10-28 09:00:00+02:00,0.0
2022-10-28 10:00:00+02:00,0.0
2022-10-28 11:00:00+02:00,0.0
2022-10-28 12:00:00+02:00,0.0
2022-10-28 13:00:00+02:00,0.0
2022-10-28 14:00:00+02:00,0.0
2022-10-28 15:00:00+02:00,0.0
2022-10-28 16:00:00+02:00,0.0
2022-10-28 17:00:00+02:00,0.0
2022-10-28 18:00:00+02:00,111.0
2022-10-28 19:00:00+02:00,1215.0
2022-10-28 20:00:00+02:00,549.0
2022-10-28 21:00:00+02:00,0.0
2022-10-28 22:00:00+02:00,0.0
2022-10-28 23:00:00+02:00,0.0
2022-10-29 00:00:00+02:00,0.0
2022-10-29 01:00:00+02:00,0.0
2022-10-29 02:00:00+02:00,0.0
2022-10-29 03:00:00+02:00,0.0
2022-10-29 04:00:00+02:00,0.0
2022-10-29 05:00:00+02:00,0.0
2022-10-29 06:00:00+02:00,0.0
2022-10-29 07:00:00+02:00,0.0
2022-10-29 08:00:00+02:00,0.0
2022-10-29 09:00:00+02:00,0.0
2022-10-29 10:00:00+02:00,0.0
2022-10-29 11:00:00+02:00,0.0
2022-10-29 12:00:00+02:00,0.0
2022-10-29 13:00:00+02:00,0.0
2022-10-29 14:00:00+02:00,0.0
2022-10-29 15:00:00+02:00,0.0
2022-10-29 16:00:00+02:00,0.0
2022-10-29 17:00:00+02:00,0.0
2022-10-29 18:00:00+02:00,0.0
2022-10-29 19:00:00+02:00,578.0
2022-10-29 20:00:00+02:00,379.0
2022-10-29 21:00:00+02:00,0.0
2022-10-29 22:00:00+02:00,0.0
2022-10-29 23:00:00+02:00,321.0
2022-10-30 00:00:00+02:00,183.0
2022-10-30 01:00:00+02:00,0.0
2022-10-30 02:00:00+02:00,0.0
2022-10-30 02:00:00+01:00,0.0
2022-10-30 03:00:00+01:00,0.0
2022-10-30 04:00:00+01:00,0.0
2022-10-30 05:00:00+01:00,0.0
2022-10-30 06:00:00+01:00,0.0
2022-10-30 07:00:00+01:00,276.0
2022-10-30 08:00:00+01:00,499.0
2022-10-30 09:00:00+01:00,616.0
2022-10-30 10:00:00+01:00,715.0
2022-10-30 11:00:00+01:00,943.0
2022-10-30 12:00:00+01:00,988.0
2022-10-30 13:00:00+01:00,694.0
2022-10-30 14:00:00+01:00,1099.0
2022-10-30 15:00:00+01:00,1160.0
2022-10-30 16:00:00+01:00,855.0
2022-10-30 17:00:00+01:00,1141.0
2022-10-30 18:00:00+01:00,2024.0
2022-10-30 19:00:00+01:00,2164.0
2022-10-30 20:00:00+01:00,1834.0
2022-10-30 21:00:00+01:00,1226.0
2022-10-30 22:00:00+01:00,1160.0
2022-10-30 23:00:00+01:00,821.0
2022-10-31 00:00:00+01:00,442.0
2022-10-31 01:00:00+01:00,389.0
2022-10-31 02:00:00+01:00,197.0
2022-10-31 03:00:00+01:00,0.0
2022-10-31 04:00:00+01:00,0.0
2022-10-31 05:00:00+01:00,0.0
2022-10-31 06:00:00+01:00,0.0
2022-10-31 07:00:00+01:00,0.0
2022-10-31 08:00:00+01:00,0.0
2022-10-31 09:00:00+01:00,0.0
2022-10-31 10:00:00+01:00,0.0
2022-10-31 11:00:00+01:00,0.0
2022-10-31 12:00:00+01:00,0.0
2022-10-31 13:00:00+01:00,0.0
2022-10-31 14:00:00+01:00,0.0
2022-10-31 15:00:00+01:00,0.0
2022-10-31 16:00:00+01:00,0.0
2022-10-31 17:00:00+01:00,0.0
2022-10-31 18:00:00+01:00,0.0
2022-10-31 19:00:00+01:00,0.0
2022-10-31 20:00:00+01:00,0.0
2022-10-31 21:00:00+01:00,0.0
2022-10-31 22:00:00+01:00,0.0
2022-10-31 23:00:00+01:00,0.0
2022-11-01 00:00:00+01:00,0.0
2022-11-01 01:00:00+01:00,0.0
2022-11-01 02:00:00+01:00,0.0
2022-11-01 03:00:00+01:00,0.0
2022-11-01 04:00:00+01:00,0.0
2022-11-01 05:00:00+01:00,0.0
2022-11-01 06:00:00+01:00,0.0
2022-11-01 07:00:00+01:00,0.0
2022-11-01 08:00:00+01:00,0.0
2022-11-01 09:00:00+01:00,0.0
2022-11-01 10:00:00+01:00,0.0
2022-11-01 11:00:00+01:00,0.0
2022-11-01 12:00:00+01:00,0.0
2022-11-01 13:00:00+01:00,0.0
2022-11-01 14:00:00+01:00,0.0
2022-11-01 15:00:00+01:00,0.0
2022-11-01 16:00:00+01:00,0.0
2022-11-01 17:00:00+01:00,0.0
2022-11-01 18:00:00+01:00,0.0
2022-11-01 19:00:00+01:00,0.0
2022-11-01 20:00:00+01:00,0.0
2022-11-01 21:00:00+01:00,0.0
2022-11-01 22:00:00+01:00,0.0
2022-11-01 23:00:00+01:00,0.0
2022-11-02 00:00:00+01:00,0.0
2022-11-02 01:00:00+01:00,0.0
2022-11-02 02:00:00+01:00,0.0
2022-11-02 03:00:00+01:00,0.0
2022-11-02 04:00:00+01:00,0.0
2022-11-02 05:00:00+01:00,0.0
2022-11-02 06:00:00+01:00,0.0
2022-11-02 07:00:00+01:00,0.0
2022-11-02 08:00:00+01:00,0.0
2022-11-02 09:00:00+01:00,0.0
2022-11-02 10:00:00+01:00,0.0
2022-11-02 11:00:00+01:00,0.0
2022-11-02 12:00:00+01:00,0.0
2022-11-02 13:00:00+01:00,0.0
2022-11-02 14:00:00+01:00,0.0
2022-11-02 15:00:00+01:00,0.0
2022-11-02 16:00:00+01:00,0.0
2022-11-02 17:00:00+01:00,0.0
2022-11-02 18:00:00+01:00,30.0
2022-11-02 19:00:00+01:00,0.0
2022-11-02 20:00:00+01:00,0.0
2022-11-02 21:00:00+01:00,0.0
2022-11-02 22:00:00+01:00,0.0
2022-11-02 23:00:00+01:00,0.0
2022-11-03 00:00:00+01:00,0.0
2022-11-03 01:00:00+01:00,0.0
2022-11-03 02:00:00+01:00,0.0
2022-11-03 03:00:00+01:00,0.0
2022-11-03 04:00:00+01:00,0.0
2022-11-03 05:00:00+01:00,0.0
2022-11-03 06:00:00+01:00,0.0
2022-11-03 07:00:00+01:00,0.0
2022-11-03 08:00:00+01:00,0.0
2022-11-03 09:00:00+01:00,0.0
2022-11-03 10:00:00+01:00,0.0
2022-11-03 11:00:00+01:00,0.0
2022-11-03 12:00:00+01:00,0.0
2022-11-03 13:00:00+01:00,0.0
2022-11-03 14:00:00+01:00,0.0
2022-11-03 15:00:00+01:00,0.0
2022-11-03 16:00:00+01:00,0.0
2022-11-03 17:00:00+01:00,33.0
2022-11-03 18:00:00+01:00,764.0
2022-11-03 19:00:00+01:00,606.0
2022-11-03 20:00:00+01:00,0.0
2022-11-03 21:00:00+01:00,0.0
2022-11-03 22:00:00+01:00,0.0
2022-11-03 23:00:00+01:00,0.0
2022-11-04 00:00:00+01:00,0.0
2022-11-04 01:00:00+01:00,0.0
2022-11-04 02:00:00+01:00,0.0
2022-11-04 03:00:00+01:00,0.0
2022-11-04 04:00:00+01:00,0.0
2022-11-04 05:00:00+01:00,0.0
2022-11-04 06:00:00+01:00,0.0
2022-11-04 07:00:00+01:00,0.0
2022-11-04 08:00:00+01:00,0.0
2022-11-04 09:00:00+01:00,0.0
2022-11-04 10:00:00+01:00,0.0
2022-11-04 11:00:00+01:00,0.0
2022-11-04 12:00:00+01:00,0.0
2022-11-04 13:00:00+01:00,0.0
2022-11-04 14:00:00+01:00,0.0
2022-11-04 15:00:00+01:00,0.0
2022-11-04 16:00:00+01:00,0.0
2022-11-04 17:00:00+01:00,0.0
2022-11-04 18:00:00+01:00,47.0
2022-11-04 19:00:00+01:00,0.0
2022-11-04 20:00:00+01:00,0.0
2022-11-04 21:00:00+01:00,0.0
2022-11-04 22:00:00+01:00,0.0
2022-11-04 23:00:00+01:00,0.0
2022-11-05 00:00:00+01:00,0.0
2022-11-05 01:00:00+01:00,0.0
2022-11-05 02:00:00+01:00,0.0
2022-11-05 03:00:00+01:00,0.0
2022-11-05 04:00:00+01:00,0.0
2022-11-05 05:00:00+01:00,0.0
2022-11-05 06:00:00+01:00,0.0
2022-11-05 07:00:00+01:00,0.0
2022-11-05 08:00:00+01:00,0.0
2022-11-05 09:00:00+01:00,0.0
2022-11-05 10:00:00+01:00,0.0
2022-11-05 11:00:00+01:00,0.0
2022-11-05 12:00:00+01:00,0.0
2022-11-05 13:00:00+01:00,0.0
2022-11-05 14:00:00+01:00,0.0
2022-11-05 15:00:00+01:00,0.0
2022-11-05 16:00:00+01:00,0.0
2022-11-05 17:00:00+01:00,0.0
2022-11-05 18:00:00+01:00,0.0
2022-11-05 19:00:00+01:00,0.0
2022-11-05 20:00:00+01:00,0.0
2022-11-05 21:00:00+01:00,0.0
2022-11-05 22:00:00+01:00,0.0
2022-11-05 23:00:00+01:00,0.0
2022-11-06 00:00:00+01:00,0.0
2022-11-06 01:00:00+01:00,0.0
2022-11-06 02:00:00+01:00,0.0
2022-11-06 03:00:00+01:00,0.0
2022-11-06 04:00:00+01:00,0.0
2022-11-06 05:00:00+01:00,0.0
2022-11-06 06:00:00+01:00,0.0
2022-11-06 07:00:00+01:00,0.0
2022-11-06 08:00:00+01:00,0.0
2022-11-06 09:00:00+01:00,0.0
2022-11-06 10:00:00+01:00,0.0
2022-11-06 11:00:00+01:00,0.0
2022-11-06 12:00:00+01:00,0.0
2022-11-06 13:00:00+01:00,0.0
2022-11-06 14:00:00+01:00,0.0
2022-11-06 15:00:00+01:00,0.0
2022-11-06 16:00:00+01:00,0.0
2022-11-06 17:00:00+01:00,0.0
2022-11-06 18:00:00+01:00,0.0
2022-11-06 19:00:00+01:00,0.0
2022-11-06 20:00:00+01:00,0.0
2022-11-06 21:00:00+01:00,0.0
2022-11-06 22:00:00+01:00,0.0
2022-11-06 23:00:00+01:00,0.0
2022-11-07 00:00:00+01:00,0.0
2022-11-07 01:00:00+01:00,0.0
2022-11-07 02:00:00+01:00,0.0
2022-11-07 03:00:00+01:00,0.0
2022-11-07 04:00:00+01:00,0.0
2022-11-07 05:00:00+01:00,0.0
2022-11-07 06:00:00+01:00,0.0
2022-11-07 07:00:00+01:00,0.0
2022-11-07 08:00:00+01:00,0.0
2022-11-07 09:00:00+01:00,0.0
2022-11-07 10:00:00+01:00,0.0
2022-11-07 11:00:00+01:00,0.0
2022-11-07 12:00:00+01:00,0.0
2022-11-07 13:00:00+01:00,0.0
2022-11-07 14:00:00+01:00,0.0
2022-11-07 15:00:00+01:00,0.0
2022-11-07 16:00:00+01:00,0.0
2022-11-07 17:00:00+01:00,0.0
2022-11-07 18:00:00+01:00,0.0
2022-11-07 19:00:00+01:00,0.0
2022-11-07 20:00:00+01:00,0.0
2022-11-07 21:00:00+01:00,0.0
2022-11-07 22:00:00+01:00,0.0
2022-11-07 23:00:00+01:00,0.0
2022-11-08 00:00:00+01:00,0.0
2022-11-08 01:00:00+01:00,0.0
2022-11-08 02:00:00+01:00,0.0
2022-11-08 03:00:00+01:00,0.0
2022-11-08 04:00:00+01:00,0.0
2022-11-08 05:00:00+01:00,0.0
2022-11-08 06:00:00+01:00,0.0
2022-11-08 07:00:00+01:00,0.0
2022-11-08 08:00:00+01:00,0.0
2022-11-08 09:00:00+01:00,0.0
2022-11-08 10:00:00+01:00,0.0
2022-11-08 11:00:00+01:00,0.0
2022-11-08 12:00:00+01:00,0.0
2022-11-08 13:00:00+01:00,0.0
2022-11-08 14:00:00+01:00,0.0
2022-11-08 15:00:00+01:00,0.0
2022-11-08 16:00:00+01:00,0.0
2022-11-08 17:00:00+01:00,0.0
2022-11-08 18:00:00+01:00,0.0
2022-11-08 19:00:00+01:00,0.0
2022-11-08 20:00:00+01:00,0.0
2022-11-08 21:00:00+01:00,0.0
2022-11-08 22:00:00+01:00,0.0
2022-11-08 23:00:00+01:00,0.0
2022-11-09 00:00:00+01:00,0.0
2022-11-09 01:00:00+01:00,0.0
2022-11-09 02:00:00+01:00,0.0
2022-11-09 03:00:00+01:00,0.0
2022-11-09 04:00:00+01:00,0.0
2022-11-09 05:00:00+01:00,0.0
2022-11-09 06:00:00+01:00,0.0
2022-11-09 07:00:00+01:00,0.0
2022-11-09 08:00:00+01:00,0.0
2022-11-09 09:00:00+01:00,0.0
2022-11-09 10:00:00+01:00,0.0
2022-11-09 11:00:00+01:00,0.0
2022-11-09 12:00:00+01:00,0.0
2022-11-09 13:00:00+01:00,0.0
2022-11-09 14:00:00+01:00,0.0
2022-11-09 15:00:00+01:00,0.0
2022-11-09 16:00:00+01:00,0.0
2022-11-09 17:00:00+01:00,0.0
2022-11-09 18:00:00+01:00,0.0
2022-11-09 19:00:00+01:00,0.0
2022-11-09 20:00:00+01:00,0.0
2022-11-09 21:00:00+01:00,0.0
2022-11-09 22:00:00+01:00,0.0
2022-11-09 23:00:00+01:00,0.0
2022-11-10 00:00:00+01:00,0.0
2022-11-10 01:00:00+01:00,0.0
2022-11-10 02:00:00+01:00,0.0
2022-11-10 03:00:00+01:00,0.0
2022-11-10 04:00:00+01:00,0.0
2022-11-10 05:00:00+01:00,0.0
2022-11-10 06:00:00+01:00,0.0
2022-11-10 07:00:00+01:00,0.0
2022-11-10 08:00:00+01:00,0.0
2022-11-10 09:00:00+01:00,0.0
2022-11-10 10:00:00+01:00,0.0
2022-11-10 11:00:00+01:00,0.0
2022-11-10 12:00:00+01:00,0.0
2022-11-10 13:00:00+01:00,0.0
2022-11-10 14:00:00+01:00,0.0
2022-11-10 15:00:00+01:00,0.0
2022-11-10 16:00:00+01:00,0.0
2022-11-10 17:00:00+01:00,0.0
2022-11-10 18:00:00+01:00,0.0
2022-11-10 19:00:00+01:00,0.0
2022-11-10 20:00:00+01:00,0.0
2022-11-10 21:00:00+01:00,0.0
2022-11-10 22:00:00+01:00,0.0
2022-11-10 23:00:00+01:00,0.0
2022-11-11 00:00:00+01:00,0.0
2022-11-11 01:00:00+01:00,0.0
2022-11-11 02:00:00+01:00,0.0
2022-11-11 03:00:00+01:00,0.0
2022-11-11 04:00:00+01:00,0.0
2022-11-11 05:00:00+01:00,0.0
2022-11-11 06:00:00+01:00,0.0
2022-11-11 07:00:00+01:00,0.0
2022-11-11 08:00:00+01:00,0.0
2022-11-11 09:00:00+01:00,0.0
2022-11-11 10:00:00+01:00,0.0
2022-11-11 11:00:00+01:00,0.0
2022-11-11 12:00:00+01:00,0.0
2022-11-11 13:00:00+01:00,0.0
2022-11-11 14:00:00+01:00,0.0
2022-11-11 15:00:00+01:00,0.0
2022-11-11 16:00:00+01:00,0.0
2022-11-11 17:00:00+01:00,0.0
2022-11-11 18:00:00+01:00,0.0
2022-11-11 19:00:00+01:00,0.0
2022-11-11 20:00:00+01:00,0.0
2022-11-11 21:00:00+01:00,0.0
2022-11-11 22:00:00+01:00,0.0
2022-11-11 23:00:00+01:00,0.0
2022-11-12 00:00:00+01:00,0.0
2022-11-12 01:00:00+01:00,0.0
2022-11-12 02:00:00+01:00,0.0
2022-11-12 03:00:00+01:00,0.0
2022-11-12 04:00:00+01:00,0.0
2022-11-12 05:00:00+01:00,0.0
2022-11-12 06:00:00+01:00,0.0
2022-11-12 07:00:00+01:00,0.0
2022-11-12 08:00:00+01:00,0.0
2022-11-12 09:00:00+01:00,0.0
2022-11-12 10:00:00+01:00,0.0
2022-11-12 11:00:00+01:00,0.0
2022-11-12 12:00:00+01:00,0.0
2022-11-12 13:00:00+01:00,0.0
2022-11-12 14:00:00+01:00,0.0
2022-11-12 15:00:00+01:00,0.0
2022-11-12 16:00:00+01:00,0.0
2022-11-12 17:00:00+01:00,0.0
2022-11-12 18:00:00+01:00,0.0
2022-11-12 19:00:00+01:00,0.0
2022-11-12 20:00:00+01:00,0.0
2022-11-12 21:00:00+01:00,0.0
2022-11-12 22:00:00+01:00,0.0
2022-11-12 23:00:00+01:00,0.0
2022-11-13 00:00:00+01:00,0.0
2022-11-13 01:00:00+01:00,0.0
2022-11-13 02:00:00+01:00,0.0
2022-11-13 03:00:00+01:00,0.0
2022-11-13 04:00:00+01:00,0.0
2022-11-13 05:00:00+01:00,0.0
2022-11-13 06:00:00+01:00,0.0
2022-11-13 07:00:00+01:00,0.0
2022-11-13 08:00:00+01:00,0.0
2022-11-13 09:00:00+01:00,0.0
2022-11-13 10:00:00+01:00,0.0
2022-11-13 11:00:00+01:00,0.0
2022-11-13 12:00:00+01:00,0.0
2022-11-13 13:00:00+01:00,0.0
2022-11-13 14:00:00+01:00,0.0
2022-11-13 15:00:00+01:00,0.0
2022-11-13 16:00:00+01:00,0.0
2022-11-13 17:00:00+01:00,0.0
2022-11-13 18:00:00+01:00,0.0
2022-11-13 19:00:00+01:00,0.0
2022-11-13 20:00:00+01:00,0.0
2022-11-13 21:00:00+01:00,0.0
2022-11-13 22:00:00+01:00,0.0
2022-11-13 23:00:00+01:00,0.0
2022-11-14 00:00:00+01:00,0.0
2022-11-14 01:00:00+01:00,0.0
2022-11-14 02:00:00+01:00,0.0
2022-11-14 03:00:00+01:00,0.0
2022-11-14 04:00:00+01:00,0.0
2022-11-14 05:00:00+01:00,0.0
2022-11-14 06:00:00+01:00,0.0
2022-11-14 07:00:00+01:00,0.0
2022-11-14 08:00:00+01:00,0.0
2022-11-14 09:00:00+01:00,0.0
2022-11-14 10:00:00+01:00,0.0
2022-11-14 11:00:00+01:00,0.0
2022-11-14 12:00:00+01:00,0.0
2022-11-14 13:00:00+01:00,0.0
2022-11-14 14:00:00+01:00,0.0
2022-11-14 15:00:00+01:00,0.0
2022-11-14 16:00:00+01:00,0.0
2022-11-14 17:00:00+01:00,0.0
2022-11-14 18:00:00+01:00,318.0
2022-11-14 19:00:00+01:00,0.0
2022-11-14 20:00:00+01:00,0.0
2022-11-14 21:00:00+01:00,0.0
2022-11-14 22:00:00+01:00,0.0
2022-11-14 23:00:00+01:00,0.0
2022-11-15 00:00:00+01:00,0.0
2022-11-15 01:00:00+01:00,0.0
2022-11-15 02:00:00+01:00,0.0
2022-11-15 03:00:00+01:00,0.0
2022-11-15 04:00:00+01:00,0.0
2022-11-15 05:00:00+01:00,0.0
2022-11-15 06:00:00+01:00,0.0
2022-11-15 07:00:00+01:00,0.0
2022-11-15 08:00:00+01:00,0.0
2022-11-15 09:00:00+01:00,0.0
2022-11-15 10:00:00+01:00,0.0
2022-11-15 11:00:00+01:00,0.0
2022-11-15 12:00:00+01:00,0.0
2022-11-15 13:00:00+01:00,0.0
2022-11-15 14:00:00+01:00,0.0
2022-11-15 15:00:00+01:00,0.0
2022-11-15 16:00:00+01:00,0.0
2022-11-15 17:00:00+01:00,0.0
2022-11-15 18:00:00+01:00,0.0
2022-11-15 19:00:00+01:00,0.0
2022-11-15 20:00:00+01:00,0.0
2022-11-15 21:00:00+01:00,0.0
2022-11-15 22:00:00+01:00,0.0
2022-11-15 23:00:00+01:00,0.0
2022-11-16 00:00:00+01:00,0.0
2022-11-16 01:00:00+01:00,0.0
2022-11-16 02:00:00+01:00,0.0
2022-11-16 03:00:00+01:00,0.0
2022-11-16 04:00:00+01:00,0.0
2022-11-16 05:00:00+01:00,0.0
2022-11-16 06:00:00+01:00,0.0
2022-11-16 07:00:00+01:00,0.0
2022-11-16 08:00:00+01:00,0.0
2022-11-16 09:00:00+01:00,0.0
2022-11-16 10:00:00+01:00,0.0
2022-11-16 11:00:00+01:00,0.0
2022-11-16 12:00:00+01:00,0.0
2022-11-16 13:00:00+01:00,0.0
2022-11-16 14:00:00+01:00,0.0
2022-11-16 15:00:00+01:00,0.0
2022-11-16 16:00:00+01:00,0.0
2022-11-16 17:00:00+01:00,0.0
2022-11-16 18:00:00+01:00,0.0
2022-11-16 19:00:00+01:00,0.0
2022-11-16 20:00:00+01:00,0.0
2022-11-16 21:00:00+01:00,0.0
2022-11-16 22:00:00+01:00,0.0
2022-11-16 23:00:00+01:00,0.0
2022-11-17 00:00:00+01:00,0.0
2022-11-17 01:00:00+01:00,0.0
2022-11-17 02:00:00+01:00,0.0
2022-11-17 03:00:00+01:00,0.0
2022-11-17 04:00:00+01:00,0.0
2022-11-17 05:00:00+01:00,0.0
2022-11-17 06:00:00+01:00,0.0
2022-11-17 07:00:00+01:00,0.0
2022-11-17 08:00:00+01:00,0.0
2022-11-17 09:00:00+01:00,0.0
2022-11-17 10:00:00+01:00,0.0
2022-11-17 11:00:00+01:00,0.0
2022-11-17 12:00:00+01:00,0.0
2022-11-17 13:00:00+01:00,0.0
2022-11-17 14:00:00+01:00,0.0
2022-11-17 15:00:00+01:00,0.0
2022-11-17 16:00:00+01:00,0.0
2022-11-17 17:00:00+01:00,0.0
2022-11-17 18:00:00+01:00,0.0
2022-11-17 19:00:00+01:00,0.0
2022-11-17 20:00:00+01:00,0.0
2022-11-17 21:00:00+01:00,0.0
2022-11-17 22:00:00+01:00,0.0
2022-11-17 23:00:00+01:00,0.0
2022-11-18 00:00:00+01:00,0.0
2022-11-18 01:00:00+01:00,0.0
2022-11-18 02:00:00+01:00,0.0
2022-11-18 03:00:00+01:00,0.0
2022-11-18 04:00:00+01:00,0.0
2022-11-18 05:00:00+01:00,0.0
2022-11-18 06:00:00+01:00,0.0
2022-11-18 07:00:00+01:00,0.0
2022-11-18 08:00:00+01:00,0.0
2022-11-18 09:00:00+01:00,0.0
2022-11-18 10:00:00+01:00,0.0
2022-11-18 11:00:00+01:00,0.0
2022-11-18 12:00:00+01:00,0.0
2022-11-18 13:00:00+01:00,0.0
2022-11-18 14:00:00+01:00,0.0
2022-11-18 15:00:00+01:00,0.0
2022-11-18 16:00:00+01:00,0.0
2022-11-18 17:00:00+01:00,82.0
2022-11-18 18:00:00+01:00,413.0
2022-11-18 19:00:00+01:00,0.0
2022-11-18 20:00:00+01:00,0.0
2022-11-18 21:00:00+01:00,0.0
2022-11-18 22:00:00+01:00,0.0
2022-11-18 23:00:00+01:00,0.0
2022-11-19 00:00:00+01:00,0.0
2022-11-19 01:00:00+01:00,0.0
2022-11-19 02:00:00+01:00,0.0
2022-11-19 03:00:00+01:00,0.0
2022-11-19 04:00:00+01:00,0.0
2022-11-19 05:00:00+01:00,0.0
2022-11-19 06:00:00+01:00,0.0
2022-11-19 07:00:00+01:00,0.0
2022-11-19 08:00:00+01:00,0.0
2022-11-19 09:00:00+01:00,0.0
2022-11-19 10:00:00+01:00,0.0
2022-11-19 11:00:00+01:00,0.0
2022-11-19 12:00:00+01:00,0.0
2022-11-19 13:00:00+01:00,0.0
2022-11-19 14:00:00+01:00,0.0
2022-11-19 15:00:00+01:00,0.0
2022-11-19 16:00:00+01:00,0.0
2022-11-19 17:00:00+01:00,0.0
2022-11-19 18:00:00+01:00,0.0
2022-11-19 19:00:00+01:00,0.0
2022-11-19 20:00:00+01:00,0.0
2022-11-19 21:00:00+01:00,0.0
2022-11-19 22:00:00+01:00,0.0
2022-11-19 23:00:00+01:00,0.0
2022-11-20 00:00:00+01:00,0.0
2022-11-20 01:00:00+01:00,0.0
2022-11-20 02:00:00+01:00,0.0
2022-11-20 03:00:00+01:00,0.0
2022-11-20 04:00:00+01:00,0.0
2022-11-20 05:00:00+01:00,0.0
2022-11-20 06:00:00+01:00,0.0
2022-11-20 07:00:00+01:00,0.0
2022-11-20 08:00:00+01:00,0.0
2022-11-20 09:00:00+01:00,0.0
2022-11-20 10:00:00+01:00,0.0
2022-11-20 11:00:00+01:00,0.0
2022-11-20 12:00:00+01:00,0.0
2022-11-20 13:00:00+01:00,0.0
2022-11-20 14:00:00+01:00,0.0
2022-11-20 15:00:00+01:00,0.0
2022-11-20 16:00:00+01:00,0.0
2022-11-20 17:00:00+01:00,0.0
2022-11-20 18:00:00+01:00,0.0
2022-11-20 19:00:00+01:00,0.0
2022-11-20 20:00:00+01:00,0.0
2022-11-20 21:00:00+01:00,0.0
2022-11-20 22:00:00+01:00,0.0
2022-11-20 23:00:00+01:00,0.0
2022-11-21 00:00:00+01:00,0.0
2022-11-21 01:00:00+01:00,0.0
2022-11-21 02:00:00+01:00,0.0
2022-11-21 03:00:00+01:00,0.0
2022-11-21 04:00:00+01:00,0.0
2022-11-21 05:00:00+01:00,0.0
2022-11-21 06:00:00+01:00,0.0
2022-11-21 07:00:00+01:00,0.0
2022-11-21 08:00:00+01:00,432.0
2022-11-21 09:00:00+01:00,274.0
2022-11-21 10:00:00+01:00,0.0
2022-11-21 11:00:00+01:00,0.0
2022-11-21 12:00:00+01:00,0.0
2022-11-21 13:00:00+01:00,0.0
2022-11-21 14:00:00+01:00,0.0
2022-11-21 15:00:00+01:00,0.0
2022-11-21 16:00:00+01:00,0.0
2022-11-21 17:00:00+01:00,0.0
2022-11-21 18:00:00+01:00,0.0
2022-11-21 19:00:00+01:00,0.0
2022-11-21 20:00:00+01:00,0.0
2022-11-21 21:00:00+01:00,0.0
2022-11-21 22:00:00+01:00,0.0
2022-11-21 23:00:00+01:00,0.0
2022-11-22 00:00:00+01:00,0.0
2022-11-22 01:00:00+01:00,0.0
2022-11-22 02:00:00+01:00,0.0
2022-11-22 03:00:00+01:00,0.0
2022-11-22 04:00:00+01:00,0.0
2022-11-22 05:00:00+01:00,0.0
2022-11-22 06:00:00+01:00,0.0
2022-11-22 07:00:00+01:00,0.0
2022-11-22 08:00:00+01:00,0.0
2022-11-22 09:00:00+01:00,0.0
2022-11-22 10:00:00+01:00,0.0
2022-11-22 11:00:00+01:00,0.0
2022-11-22 12:00:00+01:00,0.0
2022-11-22 13:00:00+01:00,0.0
2022-11-22 14:00:00+01:00,0.0
2022-11-22 15:00:00+01:00,0.0
2022-11-22 16:00:00+01:00,0.0
2022-11-22 17:00:00+01:00,0.0
2022-11-22 18:00:00+01:00,249.0
2022-11-22 19:00:00+01:00,0.0
2022-11-22 20:00:00+01:00,0.0
2022-11-22 21:00:00+01:00,0.0
2022-11-22 22:00:00+01:00,0.0
2022-11-22 23:00:00+01:00,0.0
2022-11-23 00:00:00+01:00,0.0
2022-11-23 01:00:00+01:00,0.0
2022-11-23 02:00:00+01:00,0.0
2022-11-23 03:00:00+01:00,0.0
2022-11-23 04:00:00+01:00,0.0
2022-11-23 05:00:00+01:00,0.0
2022-11-23 06:00:00+01:00,0.0
2022-11-23 07:00:00+01:00,0.0
2022-11-23 08:00:00+01:00,0.0
2022-11-23 09:00:00+01:00,0.0
2022-11-23 10:00:00+01:00,0.0
2022-11-23 11:00:00+01:00,0.0
2022-11-23 12:00:00+01:00,0.0
2022-11-23 13:00:00+01:00,0.0
2022-11-23 14:00:00+01:00,0.0
2022-11-23 15:00:00+01:00,0.0
2022-11-23 16:00:00+01:00,0.0
2022-11-23 17:00:00+01:00,0.0
2022-11-23 18:00:00+01:00,0.0
2022-11-23 19:00:00+01:00,0.0
2022-11-23 20:00:00+01:00,0.0
2022-11-23 21:00:00+01:00,0.0
2022-11-23 22:00:00+01:00,0.0
2022-11-23 23:00:00+01:00,0.0
2022-11-24 00:00:00+01:00,0.0
2022-11-24 01:00:00+01:00,0.0
2022-11-24 02:00:00+01:00,0.0
2022-11-24 03:00:00+01:00,0.0
2022-11-24 04:00:00+01:00,0.0
2022-11-24 05:00:00+01:00,0.0
2022-11-24 06:00:00+01:00,0.0
2022-11-24 07:00:00+01:00,0.0
2022-11-24 08:00:00+01:00,0.0
2022-11-24 09:00:00+01:00,0.0
2022-11-24 10:00:00+01:00,0.0
2022-11-24 11:00:00+01:00,0.0
2022-11-24 12:00:00+01:00,0.0
2022-11-24 13:00:00+01:00,0.0
2022-11-24 14:00:00+01:00,0.0
2022-11-24 15:00:00+01:00,0.0
2022-11-24 16:00:00+01:00,0.0
2022-11-24 17:00:00+01:00,0.0
2022-11-24 18:00:00+01:00,0.0
2022-11-24 19:00:00+01:00,0.0
2022-11-24 20:00:00+01:00,0.0
2022-11-24 21:00:00+01:00,0.0
2022-11-24 22:00:00+01:00,0.0
2022-11-24 23:00:00+01:00,0.0
2022-11-25 00:00:00+01:00,0.0
2022-11-25 01:00:00+01:00,0.0
2022-11-25 02:00:00+01:00,0.0
2022-11-25 03:00:00+01:00,0.0
2022-11-25 04:00:00+01:00,0.0
2022-11-25 05:00:00+01:00,0.0
2022-11-25 06:00:00+01:00,0.0
2022-11-25 07:00:00+01:00,0.0
2022-11-25 08:00:00+01:00,0.0
2022-11-25 09:00:00+01:00,0.0
2022-11-25 10:00:00+01:00,0.0
2022-11-25 11:00:00+01:00,0.0
2022-11-25 12:00:00+01:00,0.0
2022-11-25 13:00:00+01:00,0.0
2022-11-25 14:00:00+01:00,0.0
2022-11-25 15:00:00+01:00,0.0
2022-11-25 16:00:00+01:00,0.0
2022-11-25 17:00:00+01:00,0.0
2022-11-25 18:00:00+01:00,0.0
2022-11-25 19:00:00+01:00,0.0
2022-11-25 20:00:00+01:00,0.0
2022-11-25 21:00:00+01:00,0.0
2022-11-25 22:00:00+01:00,0.0
2022-11-25 23:00:00+01:00,0.0
2022-11-26 00:00:00+01:00,0.0
2022-11-26 01:00:00+01:00,0.0
2022-11-26 02:00:00+01:00,0.0
2022-11-26 03:00:00+01:00,0.0
2022-11-26 04:00:00+01:00,0.0
2022-11-26 05:00:00+01:00,0.0
2022-11-26 06:00:00+01:00,0.0
2022-11-26 07:00:00+01:00,0.0
2022-11-26 08:00:00+01:00,0.0
2022-11-26 09:00:00+01:00,0.0
2022-11-26 10:00:00+01:00,0.0
2022-11-26 11:00:00+01:00,0.0
2022-11-26 12:00:00+01:00,0.0
2022-11-26 13:00:00+01:00,0.0
2022-11-26 14:00:00+01:00,0.0
2022-11-26 15:00:00+01:00,0.0
2022-11-26 16:00:00+01:00,0.0
2022-11-26 17:00:00+01:00,0.0
2022-11-26 18:00:00+01:00,0.0
2022-11-26 19:00:00+01:00,0.0
2022-11-26 20:00:00+01:00,0.0
2022-11-26 21:00:00+01:00,0.0
2022-11-26 22:00:00+01:00,0.0
2022-11-26 23:00:00+01:00,0.0
2022-11-27 00:00:00+01:00,0.0
2022-11-27 01:00:00+01:00,0.0
2022-11-27 02:00:00+01:00,0.0
2022-11-27 03:00:00+01:00,0.0
2022-11-27 04:00:00+01:00,0.0
2022-11-27 05:00:00+01:00,0.0
2022-11-27 06:00:00+01:00,0.0
2022-11-27 07:00:00+01:00,0.0
2022-11-27 08:00:00+01:00,0.0
2022-11-27 09:00:00+01:00,0.0
2022-11-27 10:00:00+01:00,0.0
2022-11-27 11:00:00+01:00,0.0
2022-11-27 12:00:00+01:00,0.0
2022-11-27 13:00:00+01:00,0.0
2022-11-27 14:00:00+01:00,0.0
2022-11-27 15:00:00+01:00,0.0
2022-11-27 16:00:00+01:00,0.0
2022-11-27 17:00:00+01:00,0.0
2022-11-27 18:00:00+01:00,0.0
2022-11-27 19:00:00+01:00,0.0
2022-11-27 20:00:00+01:00,0.0
2022-11-27 21:00:00+01:00,0.0
2022-11-27 22:00:00+01:00,0.0
2022-11-27 23:00:00+01:00,0.0
2022-11-28 00:00:00+01:00,0.0
2022-11-28 01:00:00+01:00,0.0
2022-11-28 02:00:00+01:00,0.0
2022-11-28 03:00:00+01:00,0.0
2022-11-28 04:00:00+01:00,0.0
2022-11-28 05:00:00+01:00,0.0
2022-11-28 06:00:00+01:00,0.0
2022-11-28 07:00:00+01:00,0.0
2022-11-28 08:00:00+01:00,64.0
2022-11-28 09:00:00+01:00,123.0
2022-11-28 10:00:00+01:00,0.0
2022-11-28 11:00:00+01:00,0.0
2022-11-28 12:00:00+01:00,0.0
2022-11-28 13:00:00+01:00,0.0
2022-11-28 14:00:00+01:00,0.0
2022-11-28 15:00:00+01:00,0.0
2022-11-28 16:00:00+01:00,256.0
2022-11-28 17:00:00+01:00,1816.0
2022-11-28 18:00:00+01:00,2432.0
2022-11-28 19:00:00+01:00,2206.0
2022-11-28 20:00:00+01:00,858.0
2022-11-28 21:00:00+01:00,0.0
2022-11-28 22:00:00+01:00,0.0
2022-11-28 23:00:00+01:00,0.0
2022-11-29 00:00:00+01:00,0.0
2022-11-29 01:00:00+01:00,0.0
2022-11-29 02:00:00+01:00,0.0
2022-11-29 03:00:00+01:00,0.0
2022-11-29 04:00:00+01:00,0.0
2022-11-29 05:00:00+01:00,0.0
2022-11-29 06:00:00+01:00,0.0
2022-11-29 07:00:00+01:00,1063.0
2022-11-29 08:00:00+01:00,1803.0
2022-11-29 09:00:00+01:00,1732.0
2022-11-29 10:00:00+01:00,1663.0
2022-11-29 11:00:00+01:00,1443.0
2022-11-29 12:00:00+01:00,1468.0
2022-11-29 13:00:00+01:00,1220.0
2022-11-29 14:00:00+01:00,1583.0
2022-11-29 15:00:00+01:00,1368.0
2022-11-29 16:00:00+01:00,1522.0
2022-11-29 17:00:00+01:00,2229.0
2022-11-29 18:00:00+01:00,2948.0
2022-11-29 19:00:00+01:00,2600.0
2022-11-29 20:00:00+01:00,1635.0
2022-11-29 21:00:00+01:00,535.0
2022-11-29 22:00:00+01:00,0.0
2022-11-29 23:00:00+01:00,0.0
2022-11-30 00:00:00+01:00,0.0
2022-11-30 01:00:00+01:00,0.0
2022-11-30 02:00:00+01:00,0.0
2022-11-30 03:00:00+01:00,0.0
2022-11-30 04:00:00+01:00,0.0
2022-11-30 05:00:00+01:00,0.0
2022-11-30 06:00:00+01:00,0.0
2022-11-30 07:00:00+01:00,666.0
2022-11-30 08:00:00+01:00,1132.0
2022-11-30 09:00:00+01:00,1226.0
2022-11-30 10:00:00+01:00,611.0
2022-11-30 11:00:00+01:00,633.0
2022-11-30 12:00:00+01:00,619.0
2022-11-30 13:00:00+01:00,334.0
2022-11-30 14:00:00+01:00,719.0
2022-11-30 15:00:00+01:00,798.0
2022-11-30 16:00:00+01:00,517.0
2022-11-30 17:00:00+01:00,1030.0
2022-11-30 18:00:00+01:00,1991.0
2022-11-30 19:00:00+01:00,2225.0
2022-11-30 20:00:00+01:00,1372.0
2022-11-30 21:00:00+01:00,0.0
2022-11-30 22:00:00+01:00,0.0
2022-11-30 23:00:00+01:00,0.0
2022-12-01 00:00:00+01:00,0.0
2022-12-01 01:00:00+01:00,0.0
2022-12-01 02:00:00+01:00,0.0
2022-12-01 03:00:00+01:00,0.0
2022-12-01 04:00:00+01:00,0.0
2022-12-01 05:00:00+01:00,0.0
2022-12-01 06:00:00+01:00,0.0
2022-12-01 07:00:00+01:00,904.0
2022-12-01 08:00:00+01:00,758.0
2022-12-01 09:00:00+01:00,1387.0
2022-12-01 10:00:00+01:00,1021.0
2022-12-01 11:00:00+01:00,491.0
2022-12-01 12:00:00+01:00,710.0
2022-12-01 13:00:00+01:00,780.0
2022-12-01 14:00:00+01:00,787.0
2022-12-01 15:00:00+01:00,1048.0
2022-12-01 16:00:00+01:00,855.0
2022-12-01 17:00:00+01:00,2011.0
2022-12-01 18:00:00+01:00,2302.0
2022-12-01 19:00:00+01:00,2161.0
2022-12-01 20:00:00+01:00,1046.0
2022-12-01 21:00:00+01:00,623.0
2022-12-01 22:00:00+01:00,361.0
2022-12-01 23:00:00+01:00,255.0
2022-12-02 00:00:00+01:00,0.0
2022-12-02 01:00:00+01:00,0.0
2022-12-02 02:00:00+01:00,0.0
2022-12-02 03:00:00+01:00,0.0
2022-12-02 04:00:00+01:00,0.0
2022-12-02 05:00:00+01:00,0.0
2022-12-02 06:00:00+01:00,0.0
2022-12-02 07:00:00+01:00,777.0
2022-12-02 08:00:00+01:00,1512.0
2022-12-02 09:00:00+01:00,1544.0
2022-12-02 10:00:00+01:00,1215.0
2022-12-02 11:00:00+01:00,951.0
2022-12-02 12:00:00+01:00,696.0
2022-12-02 13:00:00+01:00,0.0
2022-12-02 14:00:00+01:00,50.0
2022-12-02 15:00:00+01:00,0.0
2022-12-02 16:00:00+01:00,0.0
2022-12-02 17:00:00+01:00,683.0
2022-12-02 18:00:00+01:00,878.0
2022-12-02 19:00:00+01:00,224.0
2022-12-02 20:00:00+01:00,0.0
2022-12-02 21:00:00+01:00,0.0
2022-12-02 22:00:00+01:00,0.0
2022-12-02 23:00:00+01:00,0.0
2022-12-03 00:00:00+01:00,0.0
2022-12-03 01:00:00+01:00,0.0
2022-12-03 02:00:00+01:00,0.0
2022-12-03 03:00:00+01:00,0.0
2022-12-03 04:00:00+01:00,0.0
2022-12-03 05:00:00+01:00,0.0
2022-12-03 06:00:00+01:00,0.0
2022-12-03 07:00:00+01:00,0.0
2022-12-03 08:00:00+01:00,0.0
2022-12-03 09:00:00+01:00,0.0
2022-12-03 10:00:00+01:00,0.0
2022-12-03 11:00:00+01:00,0.0
2022-12-03 12:00:00+01:00,0.0
2022-12-03 13:00:00+01:00,0.0
2022-12-03 14:00:00+01:00,0.0
2022-12-03 15:00:00+01:00,0.0
2022-12-03 16:00:00+01:00,0.0
2022-12-03 17:00:00+01:00,0.0
2022-12-03 18:00:00+01:00,329.0
2022-12-03 19:00:00+01:00,0.0
2022-12-03 20:00:00+01:00,0.0
2022-12-03 21:00:00+01:00,0.0
2022-12-03 22:00:00+01:00,0.0
2022-12-03 23:00:00+01:00,0.0
2022-12-04 00:00:00+01:00,0.0
2022-12-04 01:00:00+01:00,0.0
2022-12-04 02:00:00+01:00,167.0
2022-12-04 03:00:00+01:00,0.0
2022-12-04 04:00:00+01:00,0.0
2022-12-04 05:00:00+01:00,0.0
2022-12-04 06:00:00+01:00,0.0
2022-12-04 07:00:00+01:00,0.0
2022-12-04 08:00:00+01:00,0.0
2022-12-04 09:00:00+01:00,0.0
2022-12-04 10:00:00+01:00,0.0
2022-12-04 11:00:00+01:00,354.0
2022-12-04 12:00:00+01:00,532.0
2022-12-04 13:00:00+01:00,74.0
2022-12-04 14:00:00+01:00,269.0
2022-12-04 15:00:00+01:00,0.0
2022-12-04 16:00:00+01:00,18.0
2022-12-04 17:00:00+01:00,239.0
2022-12-04 18:00:00+01:00,911.0
2022-12-04 19:00:00+01:00,933.0
2022-12-04 20:00:00+01:00,292.0
2022-12-04 21:00:00+01:00,0.0
2022-12-04 22:00:00+01:00,0.0
2022-12-04 23:00:00+01:00,0.0
2022-12-05 00:00:00+01:00,0.0
2022-12-05 01:00:00+01:00,0.0
2022-12-05 02:00:00+01:00,0.0
2022-12-05 03:00:00+01:00,0.0
2022-12-05 04:00:00+01:00,0.0
2022-12-05 05:00:00+01:00,0.0
2022-12-05 06:00:00+01:00,291.0
2022-12-05 07:00:00+01:00,1111.0
2022-12-05 08:00:00+01:00,1830.0
2022-12-05 09:00:00+01:00,1726.0
2022-12-05 10:00:00+01:00,1322.0
2022-12-05 11:00:00+01:00,1203.0
2022-12-05 12:00:00+01:00,810.0
2022-12-05 13:00:00+01:00,730.0
2022-12-05 14:00:00+01:00,1139.0
2022-12-05 15:00:00+01:00,1225.0
2022-12-05 16:00:00+01:00,1013.0
2022-12-05 17:00:00+01:00,2186.0
2022-12-05 18:00:00+01:00,2573.0
2022-12-05 19:00:00+01:00,2439.0
2022-12-05 20:00:00+01:00,1526.0
2022-12-05 21:00:00+01:00,638.0
2022-12-05 22:00:00+01:00,341.0
2022-12-05 23:00:00+01:00,422.0
2022-12-06 00:00:00+01:00,94.0
2022-12-06 01:00:00+01:00,12.0
2022-12-06 02:00:00+01:00,0.0
2022-12-06 03:00:00+01:00,0.0
2022-12-06 04:00:00+01:00,0.0
2022-12-06 05:00:00+01:00,0.0
2022-12-06 06:00:00+01:00,861.0
2022-12-06 07:00:00+01:00,1927.0
2022-12-06 08:00:00+01:00,1889.0
2022-12-06 09:00:00+01:00,1856.0
2022-12-06 10:00:00+01:00,1982.0
2022-12-06 11:00:00+01:00,1808.0
2022-12-06 12:00:00+01:00,1577.0
2022-12-06 13:00:00+01:00,1149.0
2022-12-06 14:00:00+01:00,1343.0
2022-12-06 15:00:00+01:00,1352.0
2022-12-06 16:00:00+01:00,1363.0
2022-12-06 17:00:00+01:00,1935.0
2022-12-06 18:00:00+01:00,2369.0
2022-12-06 19:00:00+01:00,1965.0
2022-12-06 20:00:00+01:00,1011.0
2022-12-06 21:00:00+01:00,96.0
2022-12-06 22:00:00+01:00,431.0
2022-12-06 23:00:00+01:00,592.0
2022-12-07 00:00:00+01:00,217.0
2022-12-07 01:00:00+01:00,0.0
2022-12-07 02:00:00+01:00,6.0
2022-12-07 03:00:00+01:00,0.0
2022-12-07 04:00:00+01:00,0.0
2022-12-07 05:00:00+01:00,0.0
2022-12-07 06:00:00+01:00,1131.0
2022-12-07 07:00:00+01:00,1631.0
2022-12-07 08:00:00+01:00,2068.0
2022-12-07 09:00:00+01:00,1935.0
2022-12-07 10:00:00+01:00,1668.0
2022-12-07 11:00:00+01:00,899.0
2022-12-07 12:00:00+01:00,306.0
2022-12-07 13:00:00+01:00,0.0
2022-12-07 14:00:00+01:00,424.0
2022-12-07 15:00:00+01:00,580.0
2022-12-07 16:00:00+01:00,1349.0
2022-12-07 17:00:00+01:00,2061.0
2022-12-07 18:00:00+01:00,2394.0
2022-12-07 19:00:00+01:00,1759.0
2022-12-07 20:00:00+01:00,1295.0
2022-12-07 21:00:00+01:00,1106.0
2022-12-07 22:00:00+01:00,773.0
2022-12-07 23:00:00+01:00,597.0
2022-12-08 00:00:00+01:00,555.0
2022-12-08 01:00:00+01:00,334.0
2022-12-08 02:00:00+01:00,374.0
2022-12-08 03:00:00+01:00,0.0
2022-12-08 04:00:00+01:00,0.0
2022-12-08 05:00:00+01:00,0.0
2022-12-08 06:00:00+01:00,1007.0
2022-12-08 07:00:00+01:00,1645.0
2022-12-08 08:00:00+01:00,2647.0
2022-12-08 09:00:00+01:00,2663.0
2022-12-08 10:00:00+01:00,2551.0
2022-12-08 11:00:00+01:00,2189.0
2022-12-08 12:00:00+01:00,2004.0
2022-12-08 13:00:00+01:00,1832.0
2022-12-08 14:00:00+01:00,2337.0
2022-12-08 15:00:00+01:00,2442.0
2022-12-08 16:00:00+01:00,2742.0
2022-12-08 17:00:00+01:00,3525.0
2022-12-08 18:00:00+01:00,3592.0
2022-12-08 19:00:00+01:00,3450.0
2022-12-08 20:00:00+01:00,2484.0
2022-12-08 21:00:00+01:00,1736.0
2022-12-08 22:00:00+01:00,1030.0
2022-12-08 23:00:00+01:00,617.0
2022-12-09 00:00:00+01:00,0.0
2022-12-09 01:00:00+01:00,0.0
2022-12-09 02:00:00+01:00,0.0
2022-12-09 03:00:00+01:00,0.0
2022-12-09 04:00:00+01:00,0.0
2022-12-09 05:00:00+01:00,0.0
2022-12-09 06:00:00+01:00,536.0
2022-12-09 07:00:00+01:00,2037.0
2022-12-09 08:00:00+01:00,2307.0
2022-12-09 09:00:00+01:00,2471.0
2022-12-09 10:00:00+01:00,2274.0
2022-12-09 11:00:00+01:00,2353.0
2022-12-09 12:00:00+01:00,2249.0
2022-12-09 13:00:00+01:00,1033.0
2022-12-09 14:00:00+01:00,1769.0
2022-12-09 15:00:00+01:00,1629.0
2022-12-09 16:00:00+01:00,1575.0
2022-12-09 17:00:00+01:00,3125.0
2022-12-09 18:00:00+01:00,3324.0
2022-12-09 19:00:00+01:00,2832.0
2022-12-09 20:00:00+01:00,2248.0
2022-12-09 21:00:00+01:00,1592.0
2022-12-09 22:00:00+01:00,892.0
2022-12-09 23:00:00+01:00,654.0
2022-12-10 00:00:00+01:00,437.0
2022-12-10 01:00:00+01:00,214.0
2022-12-10 02:00:00+01:00,0.0
2022-12-10 03:00:00+01:00,0.0
2022-12-10 04:00:00+01:00,0.0
2022-12-10 05:00:00+01:00,0.0
2022-12-10 06:00:00+01:00,0.0
2022-12-10 07:00:00+01:00,0.0
2022-12-10 08:00:00+01:00,642.0
2022-12-10 09:00:00+01:00,988.0
2022-12-10 10:00:00+01:00,1287.0
2022-12-10 11:00:00+01:00,802.0
2022-12-10 12:00:00+01:00,719.0
2022-12-10 13:00:00+01:00,188.0
2022-12-10 14:00:00+01:00,146.0
2022-12-10 15:00:00+01:00,12.0
2022-12-10 16:00:00+01:00,391.0
2022-12-10 17:00:00+01:00,1765.0
2022-12-10 18:00:00+01:00,2010.0
2022-12-10 19:00:00+01:00,1828.0
2022-12-10 20:00:00+01:00,1257.0
2022-12-10 21:00:00+01:00,765.0
2022-12-10 22:00:00+01:00,754.0
2022-12-10 23:00:00+01:00,774.0
2022-12-11 00:00:00+01:00,920.0
2022-12-11 01:00:00+01:00,1075.0
2022-12-11 02:00:00+01:00,726.0
2022-12-11 03:00:00+01:00,499.0
2022-12-11 04:00:00+01:00,231.0
2022-12-11 05:00:00+01:00,114.0
2022-12-11 06:00:00+01:00,341.0
2022-12-11 07:00:00+01:00,416.0
2022-12-11 08:00:00+01:00,304.0
2022-12-11 09:00:00+01:00,499.0
2022-12-11 10:00:00+01:00,1214.0
2022-12-11 11:00:00+01:00,1583.0
2022-12-11 12:00:00+01:00,1693.0
2022-12-11 13:00:00+01:00,845.0
2022-12-11 14:00:00+01:00,912.0
2022-12-11 15:00:00+01:00,930.0
2022-12-11 16:00:00+01:00,1456.0
2022-12-11 17:00:00+01:00,2223.0
2022-12-11 18:00:00+01:00,2386.0
2022-12-11 19:00:00+01:00,2447.0
2022-12-11 20:00:00+01:00,2098.0
2022-12-11 21:00:00+01:00,1829.0
2022-12-11 22:00:00+01:00,1358.0
2022-12-11 23:00:00+01:00,812.0
2022-12-12 00:00:00+01:00,219.0
2022-12-12 01:00:00+01:00,27.0
2022-12-12 02:00:00+01:00,198.0
2022-12-12 03:00:00+01:00,0.0
2022-12-12 04:00:00+01:00,0.0
2022-12-12 05:00:00+01:00,161.0
2022-12-12 06:00:00+01:00,1172.0
2022-12-12 07:00:00+01:00,2492.0
2022-12-12 08:00:00+01:00,2412.0
2022-12-12 09:00:00+01:00,2075.0
2022-12-12 10:00:00+01:00,2679.0
2022-12-12 11:00:00+01:00,2754.0
2022-12-12 12:00:00+01:00,2367.0
2022-12-12 13:00:00+01:00,1938.0
2022-12-12 14:00:00+01:00,2249.0
2022-12-12 15:00:00+01:00,2202.0
2022-12-12 16:00:00+01:00,2119.0
2022-12-12 17:00:00+01:00,2701.0
2022-12-12 18:00:00+01:00,2588.0
2022-12-12 19:00:00+01:00,2311.0
2022-12-12 20:00:00+01:00,2073.0
2022-12-12 21:00:00+01:00,1516.0
2022-12-12 22:00:00+01:00,939.0
2022-12-12 23:00:00+01:00,32.0
2022-12-13 00:00:00+01:00,0.0
2022-12-13 01:00:00+01:00,0.0
2022-12-13 02:00:00+01:00,0.0
2022-12-13 03:00:00+01:00,0.0
2022-12-13 04:00:00+01:00,0.0
2022-12-13 05:00:00+01:00,0.0
2022-12-13 06:00:00+01:00,315.0
2022-12-13 07:00:00+01:00,1990.0
2022-12-13 08:00:00+01:00,1919.0
2022-12-13 09:00:00+01:00,1824.0
2022-12-13 10:00:00+01:00,1311.0
2022-12-13 11:00:00+01:00,1233.0
2022-12-13 12:00:00+01:00,1310.0
2022-12-13 13:00:00+01:00,1064.0
2022-12-13 14:00:00+01:00,1310.0
2022-12-13 15:00:00+01:00,1339.0
2022-12-13 16:00:00+01:00,1361.0
2022-12-13 17:00:00+01:00,1789.0
2022-12-13 18:00:00+01:00,2486.0
2022-12-13 19:00:00+01:00,2238.0
2022-12-13 20:00:00+01:00,1608.0
2022-12-13 21:00:00+01:00,235.0
2022-12-13 22:00:00+01:00,0.0
2022-12-13 23:00:00+01:00,0.0
2022-12-14 00:00:00+01:00,0.0
2022-12-14 01:00:00+01:00,0.0
2022-12-14 02:00:00+01:00,0.0
2022-12-14 03:00:00+01:00,0.0
2022-12-14 04:00:00+01:00,0.0
2022-12-14 05:00:00+01:00,0.0
2022-12-14 06:00:00+01:00,0.0
2022-12-14 07:00:00+01:00,554.0
2022-12-14 08:00:00+01:00,1199.0
2022-12-14 09:00:00+01:00,1393.0
2022-12-14 10:00:00+01:00,956.0
2022-12-14 11:00:00+01:00,1125.0
2022-12-14 12:00:00+01:00,946.0
2022-12-14 13:00:00+01:00,772.0
2022-12-14 14:00:00+01:00,560.0
2022-12-14 15:00:00+01:00,794.0
2022-12-14 16:00:00+01:00,961.0
2022-12-14 17:00:00+01:00,1433.0
2022-12-14 18:00:00+01:00,1754.0
2022-12-14 19:00:00+01:00,1424.0
2022-12-14 20:00:00+01:00,1043.0
2022-12-14 21:00:00+01:00,405.0
2022-12-14 22:00:00+01:00,0.0
2022-12-14 23:00:00+01:00,0.0
2022-12-15 00:00:00+01:00,0.0
2022-12-15 01:00:00+01:00,0.0
2022-12-15 02:00:00+01:00,0.0
2022-12-15 03:00:00+01:00,0.0
2022-12-15 04:00:00+01:00,0.0
2022-12-15 05:00:00+01:00,0.0
2022-12-15 06:00:00+01:00,0.0
2022-12-15 07:00:00+01:00,564.0
2022-12-15 08:00:00+01:00,860.0
2022-12-15 09:00:00+01:00,877.0
2022-12-15 10:00:00+01:00,1046.0
2022-12-15 11:00:00+01:00,1514.0
2022-12-15 12:00:00+01:00,1381.0
2022-12-15 13:00:00+01:00,1193.0
2022-12-15 14:00:00+01:00,1263.0
2022-12-15 15:00:00+01:00,1551.0
2022-12-15 16:00:00+01:00,987.0
2022-12-15 17:00:00+01:00,1305.0
2022-12-15 18:00:00+01:00,1849.0
2022-12-15 19:00:00+01:00,1424.0
2022-12-15 20:00:00+01:00,1114.0
2022-12-15 21:00:00+01:00,0.0
2022-12-15 22:00:00+01:00,0.0
2022-12-15 23:00:00+01:00,0.0
2022-12-16 00:00:00+01:00,0.0
2022-12-16 01:00:00+01:00,0.0
2022-12-16 02:00:00+01:00,0.0
2022-12-16 03:00:00+01:00,0.0
2022-12-16 04:00:00+01:00,0.0
2022-12-16 05:00:00+01:00,0.0
2022-12-16 06:00:00+01:00,0.0
2022-12-16 07:00:00+01:00,822.0
2022-12-16 08:00:00+01:00,1648.0
2022-12-16 09:00:00+01:00,1948.0
2022-12-16 10:00:00+01:00,1781.0
2022-12-16 11:00:00+01:00,1378.0
2022-12-16 12:00:00+01:00,668.0
2022-12-16 13:00:00+01:00,0.0
2022-12-16 14:00:00+01:00,295.0
2022-12-16 15:00:00+01:00,581.0
2022-12-16 16:00:00+01:00,1063.0
2022-12-16 17:00:00+01:00,2006.0
2022-12-16 18:00:00+01:00,2137.0
2022-12-16 19:00:00+01:00,2296.0
2022-12-16 20:00:00+01:00,2113.0
2022-12-16 21:00:00+01:00,1014.0
2022-12-16 22:00:00+01:00,502.0
2022-12-16 23:00:00+01:00,341.0
2022-12-17 00:00:00+01:00,0.0
2022-12-17 01:00:00+01:00,0.0
2022-12-17 02:00:00+01:00,0.0
2022-12-17 03:00:00+01:00,0.0
2022-12-17 04:00:00+01:00,0.0
2022-12-17 05:00:00+01:00,0.0
2022-12-17 06:00:00+01:00,0.0
2022-12-17 07:00:00+01:00,0.0
2022-12-17 08:00:00+01:00,0.0
2022-12-17 09:00:00+01:00,0.0
2022-12-17 10:00:00+01:00,372.0
2022-12-17 11:00:00+01:00,0.0
2022-12-17 12:00:00+01:00,0.0
2022-12-17 13:00:00+01:00,0.0
2022-12-17 14:00:00+01:00,0.0
2022-12-17 15:00:00+01:00,0.0
2022-12-17 16:00:00+01:00,191.0
2022-12-17 17:00:00+01:00,1420.0
2022-12-17 18:00:00+01:00,1745.0
2022-12-17 19:00:00+01:00,1341.0
2022-12-17 20:00:00+01:00,1262.0
2022-12-17 21:00:00+01:00,610.0
2022-12-17 22:00:00+01:00,647.0
2022-12-17 23:00:00+01:00,1347.0
2022-12-18 00:00:00+01:00,842.0
2022-12-18 01:00:00+01:00,895.0
2022-12-18 02:00:00+01:00,1004.0
2022-12-18 03:00:00+01:00,27.0
2022-12-18 04:00:00+01:00,0.0
2022-12-18 05:00:00+01:00,0.0
2022-12-18 06:00:00+01:00,0.0
2022-12-18 07:00:00+01:00,0.0
2022-12-18 08:00:00+01:00,0.0
2022-12-18 09:00:00+01:00,0.0
2022-12-18 10:00:00+01:00,0.0
2022-12-18 11:00:00+01:00,0.0
2022-12-18 12:00:00+01:00,89.0
2022-12-18 13:00:00+01:00,0.0
2022-12-18 14:00:00+01:00,0.0
2022-12-18 15:00:00+01:00,0.0
2022-12-18 16:00:00+01:00,0.0
2022-12-18 17:00:00+01:00,0.0
2022-12-18 18:00:00+01:00,0.0
2022-12-18 19:00:00+01:00,0.0
2022-12-18 20:00:00+01:00,0.0
2022-12-18 21:00:00+01:00,0.0
2022-12-18 22:00:00+01:00,0.0
2022-12-18 23:00:00+01:00,0.0
2022-12-19 00:00:00+01:00,0.0
2022-12-19 01:00:00+01:00,0.0
2022-12-19 02:00:00+01:00,0.0
2022-12-19 03:00:00+01:00,0.0
2022-12-19 04:00:00+01:00,0.0
2022-12-19 05:00:00+01:00,0.0
2022-12-19 06:00:00+01:00,0.0
2022-12-19 07:00:00+01:00,0.0
2022-12-19 08:00:00+01:00,0.0
2022-12-19 09:00:00+01:00,0.0
2022-12-19 10:00:00+01:00,0.0
2022-12-19 11:00:00+01:00,0.0
2022-12-19 12:00:00+01:00,0.0
2022-12-19 13:00:00+01:00,0.0
2022-12-19 14:00:00+01:00,0.0
2022-12-19 15:00:00+01:00,0.0
2022-12-19 16:00:00+01:00,0.0
2022-12-19 17:00:00+01:00,0.0
2022-12-19 18:00:00+01:00,0.0
2022-12-19 19:00:00+01:00,0.0
2022-12-19 20:00:00+01:00,0.0
2022-12-19 21:00:00+01:00,0.0
2022-12-19 22:00:00+01:00,0.0
2022-12-19 23:00:00+01:00,0.0
2022-12-20 00:00:00+01:00,0.0
2022-12-20 01:00:00+01:00,0.0
2022-12-20 02:00:00+01:00,0.0
2022-12-20 03:00:00+01:00,0.0
2022-12-20 04:00:00+01:00,0.0
2022-12-20 05:00:00+01:00,0.0
2022-12-20 06:00:00+01:00,0.0
2022-12-20 07:00:00+01:00,0.0
2022-12-20 08:00:00+01:00,0.0
2022-12-20 09:00:00+01:00,0.0
2022-12-20 10:00:00+01:00,0.0
2022-12-20 11:00:00+01:00,0.0
2022-12-20 12:00:00+01:00,0.0
2022-12-20 13:00:00+01:00,0.0
2022-12-20 14:00:00+01:00,0.0
2022-12-20 15:00:00+01:00,0.0
2022-12-20 16:00:00+01:00,0.0
2022-12-20 17:00:00+01:00,0.0
2022-12-20 18:00:00+01:00,0.0
2022-12-20 19:00:00+01:00,0.0
2022-12-20 20:00:00+01:00,0.0
2022-12-20 21:00:00+01:00,0.0
2022-12-20 22:00:00+01:00,0.0
2022-12-20 23:00:00+01:00,0.0
2022-12-21 00:00:00+01:00,0.0
2022-12-21 01:00:00+01:00,0.0
2022-12-21 02:00:00+01:00,0.0
2022-12-21 03:00:00+01:00,0.0
2022-12-21 04:00:00+01:00,0.0
2022-12-21 05:00:00+01:00,0.0
2022-12-21 06:00:00+01:00,0.0
2022-12-21 07:00:00+01:00,0.0
2022-12-21 08:00:00+01:00,0.0
2022-12-21 09:00:00+01:00,0.0
2022-12-21 10:00:00+01:00,0.0
2022-12-21 11:00:00+01:00,0.0
2022-12-21 12:00:00+01:00,0.0
2022-12-21 13:00:00+01:00,0.0
2022-12-21 14:00:00+01:00,0.0
2022-12-21 15:00:00+01:00,0.0
2022-12-21 16:00:00+01:00,0.0
2022-12-21 17:00:00+01:00,0.0
2022-12-21 18:00:00+01:00,0.0
2022-12-21 19:00:00+01:00,0.0
2022-12-21 20:00:00+01:00,0.0
2022-12-21 21:00:00+01:00,0.0
2022-12-21 22:00:00+01:00,0.0
2022-12-21 23:00:00+01:00,0.0
2022-12-22 00:00:00+01:00,0.0
2022-12-22 01:00:00+01:00,0.0
2022-12-22 02:00:00+01:00,0.0
2022-12-22 03:00:00+01:00,0.0
2022-12-22 04:00:00+01:00,0.0
2022-12-22 05:00:00+01:00,0.0
2022-12-22 06:00:00+01:00,0.0
2022-12-22 07:00:00+01:00,0.0
2022-12-22 08:00:00+01:00,0.0
2022-12-22 09:00:00+01:00,0.0
2022-12-22 10:00:00+01:00,0.0
2022-12-22 11:00:00+01:00,0.0
2022-12-22 12:00:00+01:00,0.0
2022-12-22 13:00:00+01:00,0.0
2022-12-22 14:00:00+01:00,0.0
2022-12-22 15:00:00+01:00,0.0
2022-12-22 16:00:00+01:00,0.0
2022-12-22 17:00:00+01:00,0.0
2022-12-22 18:00:00+01:00,0.0
2022-12-22 19:00:00+01:00,0.0
2022-12-22 20:00:00+01:00,0.0
2022-12-22 21:00:00+01:00,0.0
2022-12-22 22:00:00+01:00,0.0
2022-12-22 23:00:00+01:00,0.0
2022-12-23 00:00:00+01:00,0.0
2022-12-23 01:00:00+01:00,0.0
2022-12-23 02:00:00+01:00,0.0
2022-12-23 03:00:00+01:00,0.0
2022-12-23 04:00:00+01:00,0.0
2022-12-23 05:00:00+01:00,0.0
2022-12-23 06:00:00+01:00,0.0
2022-12-23 07:00:00+01:00,0.0
2022-12-23 08:00:00+01:00,0.0
2022-12-23 09:00:00+01:00,0.0
2022-12-23 10:00:00+01:00,0.0
2022-12-23 11:00:00+01:00,0.0
2022-12-23 12:00:00+01:00,0.0
2022-12-23 13:00:00+01:00,0.0
2022-12-23 14:00:00+01:00,0.0
2022-12-23 15:00:00+01:00,0.0
2022-12-23 16:00:00+01:00,0.0
2022-12-23 17:00:00+01:00,0.0
2022-12-23 18:00:00+01:00,0.0
2022-12-23 19:00:00+01:00,0.0
2022-12-23 20:00:00+01:00,0.0
2022-12-23 21:00:00+01:00,0.0
2022-12-23 22:00:00+01:00,0.0
2022-12-23 23:00:00+01:00,0.0
2022-12-24 00:00:00+01:00,0.0
2022-12-24 01:00:00+01:00,0.0
2022-12-24 02:00:00+01:00,0.0
2022-12-24 03:00:00+01:00,0.0
2022-12-24 04:00:00+01:00,0.0
2022-12-24 05:00:00+01:00,0.0
2022-12-24 06:00:00+01:00,0.0
2022-12-24 07:00:00+01:00,0.0
2022-12-24 08:00:00+01:00,0.0
2022-12-24 09:00:00+01:00,0.0
2022-12-24 10:00:00+01:00,0.0
2022-12-24 11:00:00+01:00,0.0
2022-12-24 12:00:00+01:00,0.0
2022-12-24 13:00:00+01:00,0.0
2022-12-24 14:00:00+01:00,0.0
2022-12-24 15:00:00+01:00,0.0
2022-12-24 16:00:00+01:00,0.0
2022-12-24 17:00:00+01:00,0.0
2022-12-24 18:00:00+01:00,0.0
2022-12-24 19:00:00+01:00,0.0
2022-12-24 20:00:00+01:00,0.0
2022-12-24 21:00:00+01:00,0.0
2022-12-24 22:00:00+01:00,0.0
2022-12-24 23:00:00+01:00,0.0
2022-12-25 00:00:00+01:00,0.0
2022-12-25 01:00:00+01:00,0.0
2022-12-25 02:00:00+01:00,0.0
2022-12-25 03:00:00+01:00,0.0
2022-12-25 04:00:00+01:00,0.0
2022-12-25 05:00:00+01:00,0.0
2022-12-25 06:00:00+01:00,0.0
2022-12-25 07:00:00+01:00,0.0
2022-12-25 08:00:00+01:00,0.0
2022-12-25 09:00:00+01:00,0.0
2022-12-25 10:00:00+01:00,0.0
2022-12-25 11:00:00+01:00,0.0
2022-12-25 12:00:00+01:00,0.0
2022-12-25 13:00:00+01:00,0.0
2022-12-25 14:00:00+01:00,0.0
2022-12-25 15:00:00+01:00,0.0
2022-12-25 16:00:00+01:00,0.0
2022-12-25 17:00:00+01:00,0.0
2022-12-25 18:00:00+01:00,0.0
2022-12-25 19:00:00+01:00,0.0
2022-12-25 20:00:00+01:00,0.0
2022-12-25 21:00:00+01:00,0.0
2022-12-25 22:00:00+01:00,0.0
2022-12-25 23:00:00+01:00,0.0
2022-12-26 00:00:00+01:00,0.0
2022-12-26 01:00:00+01:00,0.0
2022-12-26 02:00:00+01:00,0.0
2022-12-26 03:00:00+01:00,0.0
2022-12-26 04:00:00+01:00,0.0
2022-12-26 05:00:00+01:00,0.0
2022-12-26 06:00:00+01:00,0.0
2022-12-26 07:00:00+01:00,0.0
2022-12-26 08:00:00+01:00,0.0
2022-12-26 09:00:00+01:00,0.0
2022-12-26 10:00:00+01:00,0.0
2022-12-26 11:00:00+01:00,0.0
2022-12-26 12:00:00+01:00,0.0
2022-12-26 13:00:00+01:00,0.0
2022-12-26 14:00:00+01:00,0.0
2022-12-26 15:00:00+01:00,0.0
2022-12-26 16:00:00+01:00,0.0
2022-12-26 17:00:00+01:00,0.0
2022-12-26 18:00:00+01:00,6.0
2022-12-26 19:00:00+01:00,315.0
2022-12-26 20:00:00+01:00,0.0
2022-12-26 21:00:00+01:00,0.0
2022-12-26 22:00:00+01:00,0.0
2022-12-26 23:00:00+01:00,0.0
2022-12-27 00:00:00+01:00,0.0
2022-12-27 01:00:00+01:00,0.0
2022-12-27 02:00:00+01:00,0.0
2022-12-27 03:00:00+01:00,0.0
2022-12-27 04:00:00+01:00,0.0
2022-12-27 05:00:00+01:00,0.0
2022-12-27 06:00:00+01:00,0.0
2022-12-27 07:00:00+01:00,10.0
2022-12-27 08:00:00+01:00,393.0
2022-12-27 09:00:00+01:00,591.0
2022-12-27 10:00:00+01:00,434.0
2022-12-27 11:00:00+01:00,498.0
2022-12-27 12:00:00+01:00,0.0
2022-12-27 13:00:00+01:00,0.0
2022-12-27 14:00:00+01:00,0.0
2022-12-27 15:00:00+01:00,0.0
2022-12-27 16:00:00+01:00,0.0
2022-12-27 17:00:00+01:00,0.0
2022-12-27 18:00:00+01:00,0.0
2022-12-27 19:00:00+01:00,230.0
2022-12-27 20:00:00+01:00,0.0
2022-12-27 21:00:00+01:00,0.0
2022-12-27 22:00:00+01:00,0.0
2022-12-27 23:00:00+01:00,0.0
2022-12-28 00:00:00+01:00,0.0
2022-12-28 01:00:00+01:00,0.0
2022-12-28 02:00:00+01:00,0.0
2022-12-28 03:00:00+01:00,0.0
2022-12-28 04:00:00+01:00,0.0
2022-12-28 05:00:00+01:00,0.0
2022-12-28 06:00:00+01:00,0.0
2022-12-28 07:00:00+01:00,0.0
2022-12-28 08:00:00+01:00,0.0
2022-12-28 09:00:00+01:00,0.0
2022-12-28 10:00:00+01:00,0.0
2022-12-28 11:00:00+01:00,0.0
2022-12-28 12:00:00+01:00,0.0
2022-12-28 13:00:00+01:00,0.0
2022-12-28 14:00:00+01:00,0.0
2022-12-28 15:00:00+01:00,0.0
2022-12-28 16:00:00+01:00,0.0
2022-12-28 17:00:00+01:00,0.0
2022-12-28 18:00:00+01:00,0.0
2022-12-28 19:00:00+01:00,0.0
2022-12-28 20:00:00+01:00,0.0
2022-12-28 21:00:00+01:00,0.0
2022-12-28 22:00:00+01:00,0.0
2022-12-28 23:00:00+01:00,0.0
2022-12-29 00:00:00+01:00,0.0
2022-12-29 01:00:00+01:00,0.0
2022-12-29 02:00:00+01:00,0.0
2022-12-29 03:00:00+01:00,0.0
2022-12-29 04:00:00+01:00,0.0
2022-12-29 05:00:00+01:00,0.0
2022-12-29 06:00:00+01:00,0.0
2022-12-29 07:00:00+01:00,0.0
2022-12-29 08:00:00+01:00,0.0
2022-12-29 09:00:00+01:00,0.0
2022-12-29 10:00:00+01:00,0.0
2022-12-29 11:00:00+01:00,0.0
2022-12-29 12:00:00+01:00,0.0
2022-12-29 13:00:00+01:00,0.0
2022-12-29 14:00:00+01:00,0.0
2022-12-29 15:00:00+01:00,0.0
2022-12-29 16:00:00+01:00,0.0
2022-12-29 17:00:00+01:00,0.0
2022-12-29 18:00:00+01:00,72.0
2022-12-29 19:00:00+01:00,0.0
2022-12-29 20:00:00+01:00,0.0
2022-12-29 21:00:00+01:00,0.0
2022-12-29 22:00:00+01:00,0.0
2022-12-29 23:00:00+01:00,0.0
2022-12-30 00:00:00+01:00,0.0
2022-12-30 01:00:00+01:00,0.0
2022-12-30 02:00:00+01:00,0.0
2022-12-30 03:00:00+01:00,0.0
2022-12-30 04:00:00+01:00,0.0
2022-12-30 05:00:00+01:00,0.0
2022-12-30 06:00:00+01:00,0.0
2022-12-30 07:00:00+01:00,0.0
2022-12-30 08:00:00+01:00,0.0
2022-12-30 09:00:00+01:00,0.0
2022-12-30 10:00:00+01:00,0.0
2022-12-30 11:00:00+01:00,0.0
2022-12-30 12:00:00+01:00,0.0
2022-12-30 13:00:00+01:00,0.0
2022-12-30 14:00:00+01:00,0.0
2022-12-30 15:00:00+01:00,0.0
2022-12-30 16:00:00+01:00,0.0
2022-12-30 17:00:00+01:00,0.0
2022-12-30 18:00:00+01:00,0.0
2022-12-30 19:00:00+01:00,0.0
2022-12-30 20:00:00+01:00,0.0
2022-12-30 21:00:00+01:00,0.0
2022-12-30 22:00:00+01:00,0.0
2022-12-30 23:00:00+01:00,0.0
2022-12-31 00:00:00+01:00,0.0
2022-12-31 01:00:00+01:00,0.0
2022-12-31 02:00:00+01:00,0.0
2022-12-31 03:00:00+01:00,0.0
2022-12-31 04:00:00+01:00,0.0
2022-12-31 05:00:00+01:00,0.0
2022-12-31 06:00:00+01:00,0.0
2022-12-31 07:00:00+01:00,0.0
2022-12-31 08:00:00+01:00,0.0
2022-12-31 09:00:00+01:00,0.0
2022-12-31 10:00:00+01:00,0.0
2022-12-31 11:00:00+01:00,0.0
2022-12-31 12:00:00+01:00,0.0
2022-12-31 13:00:00+01:00,0.0
2022-12-31 14:00:00+01:00,0.0
2022-12-31 15:00:00+01:00,0.0
2022-12-31 16:00:00+01:00,0.0
2022-12-31 17:00:00+01:00,0.0
2022-12-31 18:00:00+01:00,0.0
2022-12-31 19:00:00+01:00,0.0
2022-12-31 20:00:00+01:00,0.0
2022-12-31 21:00:00+01:00,0.0
2022-12-31 22:00:00+01:00,0.0
2022-12-31 23:00:00+01:00,0.0
