avail_qty,biddingzone_domain,businesstype,curvetype,docstatus,end,mrid,nominal_power,plant_type,production_resource_id,production_resource_location,production_resource_name,production_resource_psr_name,pstn,qty_uom,resolution,revision,start
0,HU,Unplanned outage,A03,,2018-01-03 17:30:00+01:00,VXBSujquRCZTI25EZcrzng,207.0,Fossil Brown coal/Lignite,15WMATRA-----PPK,Visonta,Mátrai Erőmű,MÁ2_gép5,1,MAW,PT30M,3,2018-01-03 17:00:00+01:00
0,HU,Unplanned outage,A03,,2018-01-03 17:39:00+01:00,VXBSujquRCZTI25EZcrzng,207.0,Fossil Brown coal/Lignite,15WMATRA-----PPK,Visonta,Mátrai Erőmű,MÁ2_gép5,1,MAW,PT1M,3,2018-01-03 17:30:00+01:00
0,HU,Unplanned outage,A03,,2018-01-03 17:00:00+01:00,VXBSujquRCZTI25EZcrzng,207.0,Fossil Brown coal/Lignite,15WMATRA-----PPK,Visonta,Mátrai Erőmű,MÁ2_gép5,1,MAW,PT60M,3,2017-12-31 11:00:00+01:00
0,HU,Unplanned outage,A03,,2018-01-06 13:41:00+01:00,7DhYUybAM8mLDpIj8sCBIg,57.0,Fossil Gas,15WBAKONY----PP6,Ajka,Bakonyi Gázturbinás Erőmű,Ajka_GT2,1,MAW,PT1M,2,2018-01-06 13:30:00+01:00
0,HU,Unplanned outage,A03,,2018-01-08 04:15:00+01:00,SlONmX4sFlH3vcGGzNHDnw,44.0,Biomass,15WPANNON----PPS,Pécs,Pannongreen,Pécs_gép6,1,MAW,PT1M,2,2018-01-08 04:12:00+01:00
0,HU,Unplanned outage,A03,,2018-01-08 04:45:00+01:00,SlONmX4sFlH3vcGGzNHDnw,44.0,Biomass,15WPANNON----PPS,Pécs,Pannongreen,Pécs_gép6,1,MAW,PT15M,2,2018-01-08 04:15:00+01:00
0,HU,Unplanned outage,A03,,2018-01-08 04:46:00+01:00,SlONmX4sFlH3vcGGzNHDnw,44.0,Biomass,15WPANNON----PPS,Pécs,Pannongreen,Pécs_gép6,1,MAW,PT1M,2,2018-01-08 04:45:00+01:00
38.6,HU,Unplanned outage,A03,,2018-01-07 01:00:00+01:00,DVz-xchSWXA_4I4xY-mACg,48.5,Fossil Gas,15WMVMSZK----PPY,Budapest,MVM szabályozási központ,ÉB_GT123,1,MAW,PT30M,1,2018-01-07 00:30:00+01:00
38.6,HU,Unplanned outage,A03,,2018-01-07 00:15:00+01:00,DVz-xchSWXA_4I4xY-mACg,48.5,Fossil Gas,15WMVMSZK----PPY,Budapest,MVM szabályozási központ,ÉB_GT123,1,MAW,PT1M,1,2018-01-07 00:05:00+01:00
38.6,HU,Unplanned outage,A03,,2018-01-07 00:30:00+01:00,DVz-xchSWXA_4I4xY-mACg,48.5,Fossil Gas,15WMVMSZK----PPY,Budapest,MVM szabályozási központ,ÉB_GT123,1,MAW,PT15M,1,2018-01-07 00:15:00+01:00
38.6,HU,Unplanned outage,A03,,2018-01-08 06:30:00+01:00,DVz-xchSWXA_4I4xY-mACg,48.5,Fossil Gas,15WMVMSZK----PPY,Budapest,MVM szabályozási központ,ÉB_GT123,1,MAW,PT30M,1,2018-01-08 06:00:00+01:00
38.6,HU,Unplanned outage,A03,,2018-01-08 06:44:00+01:00,DVz-xchSWXA_4I4xY-mACg,48.5,Fossil Gas,15WMVMSZK----PPY,Budapest,MVM szabályozási központ,ÉB_GT123,1,MAW,PT1M,1,2018-01-08 06:30:00+01:00
38.6,HU,Unplanned outage,A03,,2018-01-08 06:00:00+01:00,DVz-xchSWXA_4I4xY-mACg,48.5,Fossil Gas,15WMVMSZK----PPY,Budapest,MVM szabályozási központ,ÉB_GT123,1,MAW,PT60M,1,2018-01-07 01:00:00+01:00
38.6,HU,Unplanned outage,A03,,2018-01-08 08:30:00+01:00,7RYsh0P2pW6cuZIIx2Xy0w,48.5,Fossil Gas,15WMVMSZK----PPY,Budapest,MVM szabályozási központ,ÉB_GT123,1,MAW,PT1M,1,2018-01-08 08:26:00+01:00
38.6,HU,Unplanned outage,A03,,2018-01-08 09:00:00+01:00,7RYsh0P2pW6cuZIIx2Xy0w,48.5,Fossil Gas,15WMVMSZK----PPY,Budapest,MVM szabályozási központ,ÉB_GT123,1,MAW,PT30M,1,2018-01-08 08:30:00+01:00
38.6,HU,Unplanned outage,A03,,2018-01-08 11:00:00+01:00,7RYsh0P2pW6cuZIIx2Xy0w,48.5,Fossil Gas,15WMVMSZK----PPY,Budapest,MVM szabályozási központ,ÉB_GT123,1,MAW,PT60M,1,2018-01-08 09:00:00+01:00
38.6,HU,Unplanned outage,A03,,2018-01-08 11:30:00+01:00,7RYsh0P2pW6cuZIIx2Xy0w,48.5,Fossil Gas,15WMVMSZK----PPY,Budapest,MVM szabályozási központ,ÉB_GT123,1,MAW,PT30M,1,2018-01-08 11:00:00+01:00
38.6,HU,Unplanned outage,A03,,2018-01-08 11:38:00+01:00,7RYsh0P2pW6cuZIIx2Xy0w,48.5,Fossil Gas,15WMVMSZK----PPY,Budapest,MVM szabályozási központ,ÉB_GT123,1,MAW,PT1M,1,2018-01-08 11:30:00+01:00
0,HU,Unplanned outage,A03,,2018-01-08 11:30:00+01:00,9UCaQC0PAsWFrlkS8G8OAw,143.0,Fossil Gas,15WDUME------PPI,Százhalombatta,Dunamenti Erőmű,DG2_gép14,1,MAW,PT1M,2,2018-01-08 11:29:00+01:00
0,HU,Unplanned outage,A03,,2018-01-08 13:00:00+01:00,9UCaQC0PAsWFrlkS8G8OAw,143.0,Fossil Gas,15WDUME------PPI,Százhalombatta,Dunamenti Erőmű,DG2_gép14,1,MAW,PT60M,2,2018-01-08 12:00:00+01:00
0,HU,Unplanned outage,A03,,2018-01-08 13:15:00+01:00,9UCaQC0PAsWFrlkS8G8OAw,143.0,Fossil Gas,15WDUME------PPI,Százhalombatta,Dunamenti Erőmű,DG2_gép14,1,MAW,PT15M,2,2018-01-08 13:00:00+01:00
0,HU,Unplanned outage,A03,,2018-01-08 12:00:00+01:00,9UCaQC0PAsWFrlkS8G8OAw,143.0,Fossil Gas,15WDUME------PPI,Százhalombatta,Dunamenti Erőmű,DG2_gép14,1,MAW,PT30M,2,2018-01-08 11:30:00+01:00
0,HU,Unplanned outage,A03,,2018-01-09 06:04:00+01:00,UC_OJXPZzn3KjoYS8gVtKA,62.0,Biomass,15WPECS------PPO,Pécs,Pécsi Erőmű,Pécs_gép2,1,MAW,PT1M,1,2018-01-09 05:55:00+01:00
38.6,HU,Unplanned outage,A03,,2018-01-09 02:00:00+01:00,YtX_ZUVSxE5S9AkdiCg6Kg,48.5,Fossil Gas,15WMVMSZK----PPY,Budapest,MVM szabályozási központ,ÉB_GT123,1,MAW,PT15M,2,2018-01-09 01:45:00+01:00
38.6,HU,Unplanned outage,A03,,2018-01-09 07:00:00+01:00,YtX_ZUVSxE5S9AkdiCg6Kg,48.5,Fossil Gas,15WMVMSZK----PPY,Budapest,MVM szabályozási központ,ÉB_GT123,1,MAW,PT60M,2,2018-01-09 02:00:00+01:00
38.6,HU,Unplanned outage,A03,,2018-01-09 07:15:00+01:00,YtX_ZUVSxE5S9AkdiCg6Kg,48.5,Fossil Gas,15WMVMSZK----PPY,Budapest,MVM szabályozási központ,ÉB_GT123,1,MAW,PT15M,2,2018-01-09 07:00:00+01:00
38.6,HU,Unplanned outage,A03,,2018-01-09 07:22:00+01:00,YtX_ZUVSxE5S9AkdiCg6Kg,48.5,Fossil Gas,15WMVMSZK----PPY,Budapest,MVM szabályozási központ,ÉB_GT123,1,MAW,PT1M,2,2018-01-09 07:15:00+01:00
0,HU,Unplanned outage,A03,,2018-01-15 07:40:00+01:00,Kam5WJafsyHeV5jGKXHZbQ,206.0,Fossil Brown coal/Lignite,15WMATRA-----PPK,Visonta,Mátrai Erőmű,MÁ2_gép4,1,MAW,PT1M,7,2018-01-15 07:30:00+01:00
0,HU,Unplanned outage,A03,,2018-01-12 02:30:00+01:00,Kam5WJafsyHeV5jGKXHZbQ,206.0,Fossil Brown coal/Lignite,15WMATRA-----PPK,Visonta,Mátrai Erőmű,MÁ2_gép4,1,MAW,PT15M,7,2018-01-12 02:15:00+01:00
0,HU,Unplanned outage,A03,,2018-01-12 03:00:00+01:00,Kam5WJafsyHeV5jGKXHZbQ,206.0,Fossil Brown coal/Lignite,15WMATRA-----PPK,Visonta,Mátrai Erőmű,MÁ2_gép4,1,MAW,PT30M,7,2018-01-12 02:30:00+01:00
0,HU,Unplanned outage,A03,,2018-01-15 07:00:00+01:00,Kam5WJafsyHeV5jGKXHZbQ,206.0,Fossil Brown coal/Lignite,15WMATRA-----PPK,Visonta,Mátrai Erőmű,MÁ2_gép4,1,MAW,PT60M,7,2018-01-12 03:00:00+01:00
0,HU,Unplanned outage,A03,,2018-01-15 07:30:00+01:00,Kam5WJafsyHeV5jGKXHZbQ,206.0,Fossil Brown coal/Lignite,15WMATRA-----PPK,Visonta,Mátrai Erőmű,MÁ2_gép4,1,MAW,PT30M,7,2018-01-15 07:00:00+01:00
0,HU,Unplanned outage,A03,,2018-01-12 02:15:00+01:00,Kam5WJafsyHeV5jGKXHZbQ,206.0,Fossil Brown coal/Lignite,15WMATRA-----PPK,Visonta,Mátrai Erőmű,MÁ2_gép4,1,MAW,PT1M,7,2018-01-12 02:14:00+01:00
0,HU,Unplanned outage,A03,,2018-01-16 05:00:00+01:00,IUq3S4ZfvZ4zfCgJotEX4A,206.0,Fossil Brown coal/Lignite,15WMATRA-----PPK,Visonta,Mátrai Erőmű,MÁ2_gép4,1,MAW,PT60M,3,2018-01-15 09:00:00+01:00
0,HU,Unplanned outage,A03,,2018-01-15 08:30:00+01:00,IUq3S4ZfvZ4zfCgJotEX4A,206.0,Fossil Brown coal/Lignite,15WMATRA-----PPK,Visonta,Mátrai Erőmű,MÁ2_gép4,1,MAW,PT1M,3,2018-01-15 08:22:00+01:00
0,HU,Unplanned outage,A03,,2018-01-15 09:00:00+01:00,IUq3S4ZfvZ4zfCgJotEX4A,206.0,Fossil Brown coal/Lignite,15WMATRA-----PPK,Visonta,Mátrai Erőmű,MÁ2_gép4,1,MAW,PT30M,3,2018-01-15 08:30:00+01:00
0,HU,Unplanned outage,A03,,2018-01-21 14:00:00+01:00,j6x4A23woVbDYsKIxOfBLA,87.0,Fossil Brown coal/Lignite,15WMATRA-----PPK,Visonta,Mátrai Erőmű,MÁ1_gép2,1,MAW,PT60M,2,2018-01-20 19:00:00+01:00
0,HU,Unplanned outage,A03,,2018-01-21 14:30:00+01:00,j6x4A23woVbDYsKIxOfBLA,87.0,Fossil Brown coal/Lignite,15WMATRA-----PPK,Visonta,Mátrai Erőmű,MÁ1_gép2,1,MAW,PT30M,2,2018-01-21 14:00:00+01:00
0,HU,Unplanned outage,A03,,2018-01-21 14:45:00+01:00,j6x4A23woVbDYsKIxOfBLA,87.0,Fossil Brown coal/Lignite,15WMATRA-----PPK,Visonta,Mátrai Erőmű,MÁ1_gép2,1,MAW,PT15M,2,2018-01-21 14:30:00+01:00
0,HU,Unplanned outage,A03,,2018-01-21 14:57:00+01:00,j6x4A23woVbDYsKIxOfBLA,87.0,Fossil Brown coal/Lignite,15WMATRA-----PPK,Visonta,Mátrai Erőmű,MÁ1_gép2,1,MAW,PT1M,2,2018-01-21 14:45:00+01:00
0,HU,Unplanned outage,A03,,2018-01-25 00:00:00+01:00,doEAXAnlBP-GXBLvSXLrww,25.0,Fossil Gas,15WDUME------PPI,Százhalombatta,Dunamenti Erőmű,DG2_gép16,1,MAW,PT60M,1,2016-07-19 12:00:00+02:00
0,HU,Unplanned outage,A03,,2018-01-25 14:53:00+01:00,JGzsy5eAb9kFCc00lrEUJg,87.0,Fossil Brown coal/Lignite,15WMATRA-----PPK,Visonta,Mátrai Erőmű,MÁ1_gép2,1,MAW,PT1M,2,2018-01-25 14:45:00+01:00
0,HU,Unplanned outage,A03,,2018-01-25 14:45:00+01:00,JGzsy5eAb9kFCc00lrEUJg,87.0,Fossil Brown coal/Lignite,15WMATRA-----PPK,Visonta,Mátrai Erőmű,MÁ1_gép2,1,MAW,PT15M,2,2018-01-25 14:30:00+01:00
0,HU,Unplanned outage,A03,,2018-01-25 14:00:00+01:00,JGzsy5eAb9kFCc00lrEUJg,87.0,Fossil Brown coal/Lignite,15WMATRA-----PPK,Visonta,Mátrai Erőmű,MÁ1_gép2,1,MAW,PT60M,2,2018-01-23 22:00:00+01:00
0,HU,Unplanned outage,A03,,2018-01-25 14:30:00+01:00,JGzsy5eAb9kFCc00lrEUJg,87.0,Fossil Brown coal/Lignite,15WMATRA-----PPK,Visonta,Mátrai Erőmű,MÁ1_gép2,1,MAW,PT30M,2,2018-01-25 14:00:00+01:00
0,HU,Unplanned outage,A03,,2018-01-31 13:59:00+01:00,sCKm0rmYX76kWP6lSc2zXA,236.0,Nuclear,15WPAKS------PPL,Paks,Paksi Atomerőmű,PA_gép6,1,MAW,PT1M,2,2018-01-31 13:45:00+01:00
0,HU,Unplanned outage,A03,,2018-01-31 13:30:00+01:00,sCKm0rmYX76kWP6lSc2zXA,236.0,Nuclear,15WPAKS------PPL,Paks,Paksi Atomerőmű,PA_gép6,1,MAW,PT30M,2,2018-01-31 13:00:00+01:00
0,HU,Unplanned outage,A03,,2018-01-31 13:45:00+01:00,sCKm0rmYX76kWP6lSc2zXA,236.0,Nuclear,15WPAKS------PPL,Paks,Paksi Atomerőmű,PA_gép6,1,MAW,PT15M,2,2018-01-31 13:30:00+01:00
0,HU,Unplanned outage,A03,,2018-01-31 13:00:00+01:00,sCKm0rmYX76kWP6lSc2zXA,236.0,Nuclear,15WPAKS------PPL,Paks,Paksi Atomerőmű,PA_gép6,1,MAW,PT60M,2,2018-01-22 09:00:00+01:00
0,HU,Unplanned outage,A03,,2018-01-22 09:00:00+01:00,sCKm0rmYX76kWP6lSc2zXA,236.0,Nuclear,15WPAKS------PPL,Paks,Paksi Atomerőmű,PA_gép6,1,MAW,PT15M,2,2018-01-22 08:45:00+01:00
0,HU,Unplanned outage,A03,,2018-01-22 08:45:00+01:00,sCKm0rmYX76kWP6lSc2zXA,236.0,Nuclear,15WPAKS------PPL,Paks,Paksi Atomerőmű,PA_gép6,1,MAW,PT1M,2,2018-01-22 08:44:00+01:00
0,HU,Unplanned outage,A03,,2018-01-22 08:45:00+01:00,xqfD6Z1oE9ReJ5CYa8ftdQ,236.0,Nuclear,15WPAKS------PPL,Paks,Paksi Atomerőmű,PA_gép5,1,MAW,PT1M,3,2018-01-22 08:44:00+01:00
0,HU,Unplanned outage,A03,,2018-01-22 09:00:00+01:00,xqfD6Z1oE9ReJ5CYa8ftdQ,236.0,Nuclear,15WPAKS------PPL,Paks,Paksi Atomerőmű,PA_gép5,1,MAW,PT15M,3,2018-01-22 08:45:00+01:00
0,HU,Unplanned outage,A03,,2018-01-31 15:00:00+01:00,xqfD6Z1oE9ReJ5CYa8ftdQ,236.0,Nuclear,15WPAKS------PPL,Paks,Paksi Atomerőmű,PA_gép5,1,MAW,PT60M,3,2018-01-22 09:00:00+01:00
0,HU,Unplanned outage,A03,,2018-01-31 15:30:00+01:00,xqfD6Z1oE9ReJ5CYa8ftdQ,236.0,Nuclear,15WPAKS------PPL,Paks,Paksi Atomerőmű,PA_gép5,1,MAW,PT30M,3,2018-01-31 15:00:00+01:00
0,HU,Unplanned outage,A03,,2018-01-31 15:45:00+01:00,xqfD6Z1oE9ReJ5CYa8ftdQ,236.0,Nuclear,15WPAKS------PPL,Paks,Paksi Atomerőmű,PA_gép5,1,MAW,PT15M,3,2018-01-31 15:30:00+01:00
0,HU,Unplanned outage,A03,,2018-01-31 15:58:00+01:00,xqfD6Z1oE9ReJ5CYa8ftdQ,236.0,Nuclear,15WPAKS------PPL,Paks,Paksi Atomerőmű,PA_gép5,1,MAW,PT1M,3,2018-01-31 15:45:00+01:00
0,HU,Unplanned outage,A03,,2018-02-01 09:58:00+01:00,oPVARTwC6-f26Z1OO8DTKg,87.0,Fossil Brown coal/Lignite,15WMATRA-----PPK,Visonta,Mátrai Erőmű,MÁ1_gép1,1,MAW,PT1M,2,2018-02-01 09:45:00+01:00
0,HU,Unplanned outage,A03,,2018-02-01 09:00:00+01:00,oPVARTwC6-f26Z1OO8DTKg,87.0,Fossil Brown coal/Lignite,15WMATRA-----PPK,Visonta,Mátrai Erőmű,MÁ1_gép1,1,MAW,PT60M,2,2018-02-01 05:00:00+01:00
0,HU,Unplanned outage,A03,,2018-02-01 09:30:00+01:00,oPVARTwC6-f26Z1OO8DTKg,87.0,Fossil Brown coal/Lignite,15WMATRA-----PPK,Visonta,Mátrai Erőmű,MÁ1_gép1,1,MAW,PT30M,2,2018-02-01 09:00:00+01:00
0,HU,Unplanned outage,A03,,2018-02-01 09:45:00+01:00,oPVARTwC6-f26Z1OO8DTKg,87.0,Fossil Brown coal/Lignite,15WMATRA-----PPK,Visonta,Mátrai Erőmű,MÁ1_gép1,1,MAW,PT15M,2,2018-02-01 09:30:00+01:00
0,HU,Unplanned outage,A03,,2018-02-02 05:00:00+01:00,fJquIH2mLALuDoQYhDsEjA,62.0,Biomass,15WPECS------PPO,Pécs,Pécsi Erőmű,Pécs_gép2,1,MAW,PT60M,3,2018-02-01 11:00:00+01:00
0,HU,Unplanned outage,A03,,2018-02-02 05:30:00+01:00,fJquIH2mLALuDoQYhDsEjA,62.0,Biomass,15WPECS------PPO,Pécs,Pécsi Erőmű,Pécs_gép2,1,MAW,PT30M,3,2018-02-02 05:00:00+01:00
0,HU,Unplanned outage,A03,,2018-02-02 05:38:00+01:00,fJquIH2mLALuDoQYhDsEjA,62.0,Biomass,15WPECS------PPO,Pécs,Pécsi Erőmű,Pécs_gép2,1,MAW,PT1M,3,2018-02-02 05:30:00+01:00
19.8,HU,Unplanned outage,A03,,2018-02-02 11:45:00+01:00,9j-8vcb1DZJ62uknLldIRg,48.5,Fossil Gas,15WMVMSZK----PPY,Budapest,MVM szabályozási központ,ÉB_GT123,1,MAW,PT1M,2,2018-02-02 11:34:00+01:00
19.8,HU,Unplanned outage,A03,,2018-02-02 12:00:00+01:00,9j-8vcb1DZJ62uknLldIRg,48.5,Fossil Gas,15WMVMSZK----PPY,Budapest,MVM szabályozási központ,ÉB_GT123,1,MAW,PT15M,2,2018-02-02 11:45:00+01:00
19.8,HU,Unplanned outage,A03,,2018-02-03 00:00:00+01:00,9j-8vcb1DZJ62uknLldIRg,48.5,Fossil Gas,15WMVMSZK----PPY,Budapest,MVM szabályozási központ,ÉB_GT123,1,MAW,PT60M,2,2018-02-02 12:00:00+01:00
0,HU,Unplanned outage,A03,,2018-02-09 17:26:00+01:00,b9BTNOQ-c1NVbpSvkdBKbw,62.0,Biomass,15WPECS------PPO,Pécs,Pécsi Erőmű,Pécs_gép2,1,MAW,PT1M,4,2018-02-09 17:15:00+01:00
0,HU,Unplanned outage,A03,,2018-02-09 17:00:00+01:00,b9BTNOQ-c1NVbpSvkdBKbw,62.0,Biomass,15WPECS------PPO,Pécs,Pécsi Erőmű,Pécs_gép2,1,MAW,PT60M,4,2018-02-09 14:00:00+01:00
0,HU,Unplanned outage,A03,,2018-02-09 17:15:00+01:00,b9BTNOQ-c1NVbpSvkdBKbw,62.0,Biomass,15WPECS------PPO,Pécs,Pécsi Erőmű,Pécs_gép2,1,MAW,PT15M,4,2018-02-09 17:00:00+01:00
0,HU,Unplanned outage,A03,,2018-02-09 13:30:00+01:00,b9BTNOQ-c1NVbpSvkdBKbw,62.0,Biomass,15WPECS------PPO,Pécs,Pécsi Erőmű,Pécs_gép2,1,MAW,PT15M,4,2018-02-09 13:15:00+01:00
0,HU,Unplanned outage,A03,,2018-02-09 13:15:00+01:00,b9BTNOQ-c1NVbpSvkdBKbw,62.0,Biomass,15WPECS------PPO,Pécs,Pécsi Erőmű,Pécs_gép2,1,MAW,PT1M,4,2018-02-09 13:07:00+01:00
0,HU,Unplanned outage,A03,,2018-02-09 14:00:00+01:00,b9BTNOQ-c1NVbpSvkdBKbw,62.0,Biomass,15WPECS------PPO,Pécs,Pécsi Erőmű,Pécs_gép2,1,MAW,PT30M,4,2018-02-09 13:30:00+01:00
0,HU,Unplanned outage,A03,,2018-02-10 20:30:00+01:00,9Wa3MfJMElIp45nPS6Qi7A,206.0,Fossil Brown coal/Lignite,15WMATRA-----PPK,Visonta,Mátrai Erőmű,MÁ2_gép4,1,MAW,PT30M,2,2018-02-10 20:00:00+01:00
0,HU,Unplanned outage,A03,,2018-02-10 20:45:00+01:00,9Wa3MfJMElIp45nPS6Qi7A,206.0,Fossil Brown coal/Lignite,15WMATRA-----PPK,Visonta,Mátrai Erőmű,MÁ2_gép4,1,MAW,PT15M,2,2018-02-10 20:30:00+01:00
0,HU,Unplanned outage,A03,,2018-02-10 20:00:00+01:00,9Wa3MfJMElIp45nPS6Qi7A,206.0,Fossil Brown coal/Lignite,15WMATRA-----PPK,Visonta,Mátrai Erőmű,MÁ2_gép4,1,MAW,PT60M,2,2018-02-10 19:00:00+01:00
0,HU,Unplanned outage,A03,,2018-02-10 19:00:00+01:00,9Wa3MfJMElIp45nPS6Qi7A,206.0,Fossil Brown coal/Lignite,15WMATRA-----PPK,Visonta,Mátrai Erőmű,MÁ2_gép4,1,MAW,PT15M,2,2018-02-10 18:45:00+01:00
-1,HU,Unplanned outage,A03,,2018-02-11 02:15:00+01:00,tv8AOtvjFAQ4dBzMxVuvsw,33.0,Fossil Gas,15WUJPEST----PPO,Budapest,Újpesti Erőmű,ÚJ_ST,1,MAW,PT1M,2,2018-02-11 02:10:00+01:00
-1,HU,Unplanned outage,A03,,2018-02-11 02:30:00+01:00,tv8AOtvjFAQ4dBzMxVuvsw,33.0,Fossil Gas,15WUJPEST----PPO,Budapest,Újpesti Erőmű,ÚJ_ST,1,MAW,PT15M,2,2018-02-11 02:15:00+01:00
-1,HU,Unplanned outage,A03,,2018-02-11 02:44:00+01:00,tv8AOtvjFAQ4dBzMxVuvsw,33.0,Fossil Gas,15WUJPEST----PPO,Budapest,Újpesti Erőmű,ÚJ_ST,1,MAW,PT1M,2,2018-02-11 02:30:00+01:00
0,HU,Unplanned outage,A03,,2018-02-11 23:04:00+01:00,d8R_jor5AvECqDMxbY4Jsg,62.0,Biomass,15WPECS------PPO,Pécs,Pécsi Erőmű,Pécs_gép2,1,MAW,PT1M,2,2018-02-11 22:52:00+01:00
38.6,HU,Unplanned outage,A03,,2018-02-10 22:15:00+01:00,o7PpKiWyFWjcrVa42g_OHw,48.5,Fossil Gas,15WMVMSZK----PPY,Budapest,MVM szabályozási központ,ÉB_GT123,1,MAW,PT1M,2,2018-02-10 22:07:00+01:00
38.6,HU,Unplanned outage,A03,,2018-02-10 22:30:00+01:00,o7PpKiWyFWjcrVa42g_OHw,48.5,Fossil Gas,15WMVMSZK----PPY,Budapest,MVM szabályozási központ,ÉB_GT123,1,MAW,PT15M,2,2018-02-10 22:15:00+01:00
38.6,HU,Unplanned outage,A03,,2018-02-10 23:00:00+01:00,o7PpKiWyFWjcrVa42g_OHw,48.5,Fossil Gas,15WMVMSZK----PPY,Budapest,MVM szabályozási központ,ÉB_GT123,1,MAW,PT30M,2,2018-02-10 22:30:00+01:00
38.6,HU,Unplanned outage,A03,,2018-02-11 23:00:00+01:00,o7PpKiWyFWjcrVa42g_OHw,48.5,Fossil Gas,15WMVMSZK----PPY,Budapest,MVM szabályozási központ,ÉB_GT123,1,MAW,PT60M,2,2018-02-10 23:00:00+01:00
38.6,HU,Unplanned outage,A03,,2018-02-11 23:09:00+01:00,o7PpKiWyFWjcrVa42g_OHw,48.5,Fossil Gas,15WMVMSZK----PPY,Budapest,MVM szabályozási központ,ÉB_GT123,1,MAW,PT1M,2,2018-02-11 23:00:00+01:00
0,HU,Unplanned outage,A03,,2018-02-17 06:15:00+01:00,fQF9quxpmNsJUouEFep6Sg,19.5,Fossil Gas,15WMVMSZK----PPY,Budapest,MVM szabályozási központ,MISKOLC_gép2,1,MAW,PT15M,2,2018-02-17 06:00:00+01:00
0,HU,Unplanned outage,A03,,2018-02-18 08:51:00+01:00,Z0Ha_fwlFHoXDkRaZAIopA,207.0,Fossil Brown coal/Lignite,15WMATRA-----PPK,Visonta,Mátrai Erőmű,MÁ2_gép5,1,MAW,PT1M,4,2018-02-18 08:45:00+01:00
0,HU,Unplanned outage,A03,,2018-02-18 08:45:00+01:00,Z0Ha_fwlFHoXDkRaZAIopA,207.0,Fossil Brown coal/Lignite,15WMATRA-----PPK,Visonta,Mátrai Erőmű,MÁ2_gép5,1,MAW,PT15M,4,2018-02-18 08:30:00+01:00
0,HU,Unplanned outage,A03,,2018-02-18 08:30:00+01:00,Z0Ha_fwlFHoXDkRaZAIopA,207.0,Fossil Brown coal/Lignite,15WMATRA-----PPK,Visonta,Mátrai Erőmű,MÁ2_gép5,1,MAW,PT30M,4,2018-02-18 08:00:00+01:00
0,HU,Unplanned outage,A03,,2018-02-17 02:00:00+01:00,Z0Ha_fwlFHoXDkRaZAIopA,207.0,Fossil Brown coal/Lignite,15WMATRA-----PPK,Visonta,Mátrai Erőmű,MÁ2_gép5,1,MAW,PT30M,4,2018-02-17 01:30:00+01:00
0,HU,Unplanned outage,A03,,2018-02-17 01:30:00+01:00,Z0Ha_fwlFHoXDkRaZAIopA,207.0,Fossil Brown coal/Lignite,15WMATRA-----PPK,Visonta,Mátrai Erőmű,MÁ2_gép5,1,MAW,PT1M,4,2018-02-17 01:16:00+01:00
0,HU,Unplanned outage,A03,,2018-02-18 08:00:00+01:00,Z0Ha_fwlFHoXDkRaZAIopA,207.0,Fossil Brown coal/Lignite,15WMATRA-----PPK,Visonta,Mátrai Erőmű,MÁ2_gép5,1,MAW,PT60M,4,2018-02-17 02:00:00+01:00
0,HU,Unplanned outage,A03,,2018-02-19 06:00:00+01:00,qIGRjIZWwV_q29UMcFBGSQ,236.0,Nuclear,15WPAKS------PPL,Paks,Paksi Atomerőmű,PA_gép7,1,MAW,PT1M,3,2018-02-19 05:57:00+01:00
0,HU,Unplanned outage,A03,,2018-02-20 19:00:00+01:00,qIGRjIZWwV_q29UMcFBGSQ,236.0,Nuclear,15WPAKS------PPL,Paks,Paksi Atomerőmű,PA_gép7,1,MAW,PT60M,3,2018-02-19 06:00:00+01:00
0,HU,Unplanned outage,A03,,2018-02-20 19:30:00+01:00,qIGRjIZWwV_q29UMcFBGSQ,236.0,Nuclear,15WPAKS------PPL,Paks,Paksi Atomerőmű,PA_gép7,1,MAW,PT30M,3,2018-02-20 19:00:00+01:00
0,HU,Unplanned outage,A03,,2018-02-20 19:45:00+01:00,qIGRjIZWwV_q29UMcFBGSQ,236.0,Nuclear,15WPAKS------PPL,Paks,Paksi Atomerőmű,PA_gép7,1,MAW,PT15M,3,2018-02-20 19:30:00+01:00
0,HU,Unplanned outage,A03,,2018-02-20 19:53:00+01:00,qIGRjIZWwV_q29UMcFBGSQ,236.0,Nuclear,15WPAKS------PPL,Paks,Paksi Atomerőmű,PA_gép7,1,MAW,PT1M,3,2018-02-20 19:45:00+01:00
0,HU,Unplanned outage,A03,,2018-02-20 20:34:00+01:00,RjjPg0cMLrADcw21D4au1w,236.0,Nuclear,15WPAKS------PPL,Paks,Paksi Atomerőmű,PA_gép8,1,MAW,PT1M,3,2018-02-20 20:30:00+01:00
0,HU,Unplanned outage,A03,,2018-02-20 20:00:00+01:00,RjjPg0cMLrADcw21D4au1w,236.0,Nuclear,15WPAKS------PPL,Paks,Paksi Atomerőmű,PA_gép8,1,MAW,PT60M,3,2018-02-19 06:00:00+01:00
0,HU,Unplanned outage,A03,,2018-02-19 06:00:00+01:00,RjjPg0cMLrADcw21D4au1w,236.0,Nuclear,15WPAKS------PPL,Paks,Paksi Atomerőmű,PA_gép8,1,MAW,PT1M,3,2018-02-19 05:57:00+01:00
0,HU,Unplanned outage,A03,,2018-02-20 20:30:00+01:00,RjjPg0cMLrADcw21D4au1w,236.0,Nuclear,15WPAKS------PPL,Paks,Paksi Atomerőmű,PA_gép8,1,MAW,PT30M,3,2018-02-20 20:00:00+01:00
0,HU,Unplanned outage,A03,,2018-02-21 16:30:00+01:00,VWavr7Z-yRNO0CmtmRNctg,87.0,Fossil Brown coal/Lignite,15WMATRA-----PPK,Visonta,Mátrai Erőmű,MÁ1_gép2,1,MAW,PT1M,3,2018-02-21 16:26:00+01:00
0,HU,Unplanned outage,A03,,2018-02-21 17:00:00+01:00,VWavr7Z-yRNO0CmtmRNctg,87.0,Fossil Brown coal/Lignite,15WMATRA-----PPK,Visonta,Mátrai Erőmű,MÁ1_gép2,1,MAW,PT30M,3,2018-02-21 16:30:00+01:00
0,HU,Unplanned outage,A03,,2018-02-22 12:00:00+01:00,VWavr7Z-yRNO0CmtmRNctg,87.0,Fossil Brown coal/Lignite,15WMATRA-----PPK,Visonta,Mátrai Erőmű,MÁ1_gép2,1,MAW,PT60M,3,2018-02-21 17:00:00+01:00
0,HU,Unplanned outage,A03,,2018-02-26 06:00:00+01:00,Ukyl5CV2DaPlfCNvb17j4A,57.0,Fossil Gas,15WBAKONY----PP6,Ajka,Bakonyi Gázturbinás Erőmű,Ajka_GT2,1,MAW,PT1M,2,2018-02-26 05:56:00+01:00
0,HU,Unplanned outage,A03,,2018-02-26 06:15:00+01:00,Ukyl5CV2DaPlfCNvb17j4A,57.0,Fossil Gas,15WBAKONY----PP6,Ajka,Bakonyi Gázturbinás Erőmű,Ajka_GT2,1,MAW,PT15M,2,2018-02-26 06:00:00+01:00
0,HU,Unplanned outage,A03,,2018-02-26 06:22:00+01:00,Ukyl5CV2DaPlfCNvb17j4A,57.0,Fossil Gas,15WBAKONY----PP6,Ajka,Bakonyi Gázturbinás Erőmű,Ajka_GT2,1,MAW,PT1M,2,2018-02-26 06:15:00+01:00
0,HU,Unplanned outage,A03,,2018-02-26 08:00:00+01:00,3pVs1TQYxsVUuFfdasqrEQ,132.0,Fossil Gas,15WDUME------PPI,Százhalombatta,Dunamenti Erőmű,DG3_gép8,1,MAW,PT1M,2,2018-02-26 07:50:00+01:00
0,HU,Unplanned outage,A03,,2018-02-26 08:15:00+01:00,3pVs1TQYxsVUuFfdasqrEQ,132.0,Fossil Gas,15WDUME------PPI,Százhalombatta,Dunamenti Erőmű,DG3_gép8,1,MAW,PT15M,2,2018-02-26 08:00:00+01:00
0,HU,Unplanned outage,A03,,2018-02-26 08:25:00+01:00,3pVs1TQYxsVUuFfdasqrEQ,132.0,Fossil Gas,15WDUME------PPI,Százhalombatta,Dunamenti Erőmű,DG3_gép8,1,MAW,PT1M,2,2018-02-26 08:15:00+01:00
0,HU,Unplanned outage,A03,,2018-02-26 11:00:00+01:00,uMPPB0OlUKku4Nzt7n-cRQ,87.0,Fossil Brown coal/Lignite,15WMATRA-----PPK,Visonta,Mátrai Erőmű,MÁ1_gép1,1,MAW,PT60M,3,2018-02-19 05:00:00+01:00
70,HU,Unplanned outage,A03,,2018-02-26 03:00:00+01:00,-zUrXklLqJTuXuST_pXQiw,207.0,Fossil Brown coal/Lignite,15WMATRA-----PPK,Visonta,Mátrai Erőmű,MÁ2_gép5,1,MAW,PT30M,2,2018-02-26 02:30:00+01:00
70,HU,Unplanned outage,A03,,2018-02-26 02:30:00+01:00,-zUrXklLqJTuXuST_pXQiw,207.0,Fossil Brown coal/Lignite,15WMATRA-----PPK,Visonta,Mátrai Erőmű,MÁ2_gép5,1,MAW,PT1M,2,2018-02-26 02:26:00+01:00
70,HU,Unplanned outage,A03,,2018-02-26 11:00:00+01:00,-zUrXklLqJTuXuST_pXQiw,207.0,Fossil Brown coal/Lignite,15WMATRA-----PPK,Visonta,Mátrai Erőmű,MÁ2_gép5,1,MAW,PT60M,2,2018-02-26 03:00:00+01:00
30,HU,Unplanned outage,A03,,2018-02-26 02:30:00+01:00,EKwQstDAmB3c30OuJb2r0g,200.0,Fossil Brown coal/Lignite,15WMATRA-----PPK,Visonta,Mátrai Erőmű,MÁ2_gép3,1,MAW,PT1M,2,2018-02-26 02:26:00+01:00
30,HU,Unplanned outage,A03,,2018-02-26 11:00:00+01:00,EKwQstDAmB3c30OuJb2r0g,200.0,Fossil Brown coal/Lignite,15WMATRA-----PPK,Visonta,Mátrai Erőmű,MÁ2_gép3,1,MAW,PT60M,2,2018-02-26 03:00:00+01:00
30,HU,Unplanned outage,A03,,2018-02-26 03:00:00+01:00,EKwQstDAmB3c30OuJb2r0g,200.0,Fossil Brown coal/Lignite,15WMATRA-----PPK,Visonta,Mátrai Erőmű,MÁ2_gép3,1,MAW,PT30M,2,2018-02-26 02:30:00+01:00
102,HU,Unplanned outage,A03,,2018-02-26 11:00:00+01:00,S2yM1xpXSiwRjKdS5qTn8Q,206.0,Fossil Brown coal/Lignite,15WMATRA-----PPK,Visonta,Mátrai Erőmű,MÁ2_gép4,1,MAW,PT60M,3,2018-02-26 03:00:00+01:00
102,HU,Unplanned outage,A03,,2018-02-26 03:00:00+01:00,S2yM1xpXSiwRjKdS5qTn8Q,206.0,Fossil Brown coal/Lignite,15WMATRA-----PPK,Visonta,Mátrai Erőmű,MÁ2_gép4,1,MAW,PT30M,3,2018-02-26 02:30:00+01:00
102,HU,Unplanned outage,A03,,2018-02-26 02:30:00+01:00,S2yM1xpXSiwRjKdS5qTn8Q,206.0,Fossil Brown coal/Lignite,15WMATRA-----PPK,Visonta,Mátrai Erőmű,MÁ2_gép4,1,MAW,PT1M,3,2018-02-26 02:26:00+01:00
0,HU,Unplanned outage,A03,,2018-02-26 09:30:00+01:00,9w6TXjJa1K_K4L7xAdcYOA,57.0,Fossil Gas,15WBAKONY----PP6,Ajka,Bakonyi Gázturbinás Erőmű,Ajka_GT2,1,MAW,PT15M,2,2018-02-26 09:15:00+01:00
0,HU,Unplanned outage,A03,,2018-02-26 10:00:00+01:00,9w6TXjJa1K_K4L7xAdcYOA,57.0,Fossil Gas,15WBAKONY----PP6,Ajka,Bakonyi Gázturbinás Erőmű,Ajka_GT2,1,MAW,PT30M,2,2018-02-26 09:30:00+01:00
0,HU,Unplanned outage,A03,,2018-02-26 11:00:00+01:00,9w6TXjJa1K_K4L7xAdcYOA,57.0,Fossil Gas,15WBAKONY----PP6,Ajka,Bakonyi Gázturbinás Erőmű,Ajka_GT2,1,MAW,PT60M,2,2018-02-26 10:00:00+01:00
0,HU,Unplanned outage,A03,,2018-02-26 11:10:00+01:00,9w6TXjJa1K_K4L7xAdcYOA,57.0,Fossil Gas,15WBAKONY----PP6,Ajka,Bakonyi Gázturbinás Erőmű,Ajka_GT2,1,MAW,PT1M,2,2018-02-26 11:00:00+01:00
0,HU,Unplanned outage,A03,,2018-02-26 09:15:00+01:00,9w6TXjJa1K_K4L7xAdcYOA,57.0,Fossil Gas,15WBAKONY----PP6,Ajka,Bakonyi Gázturbinás Erőmű,Ajka_GT2,1,MAW,PT1M,2,2018-02-26 09:03:00+01:00
0,HU,Unplanned outage,A03,,2018-02-26 14:00:00+01:00,gWQNkYW8YUeeoIhO3U-yOQ,57.0,Fossil Gas,15WBAKONY----PP6,Ajka,Bakonyi Gázturbinás Erőmű,Ajka_GT2,1,MAW,PT60M,2,2018-02-26 12:00:00+01:00
0,HU,Unplanned outage,A03,,2018-02-26 12:00:00+01:00,gWQNkYW8YUeeoIhO3U-yOQ,57.0,Fossil Gas,15WBAKONY----PP6,Ajka,Bakonyi Gázturbinás Erőmű,Ajka_GT2,1,MAW,PT30M,2,2018-02-26 11:30:00+01:00
0,HU,Unplanned outage,A03,,2018-02-26 14:05:00+01:00,gWQNkYW8YUeeoIhO3U-yOQ,57.0,Fossil Gas,15WBAKONY----PP6,Ajka,Bakonyi Gázturbinás Erőmű,Ajka_GT2,1,MAW,PT1M,2,2018-02-26 14:00:00+01:00
4.1,HU,Unplanned outage,A03,,2018-02-26 18:00:00+01:00,e3zRtqviEyBft10O2mP7ug,239.9,Nuclear,15WPAKS------PPL,Paks,Paksi Atomerőmű,PA_gép2,1,MAW,PT60M,4,2018-02-26 12:00:00+01:00
4.1,HU,Unplanned outage,A03,,2018-02-26 18:15:00+01:00,e3zRtqviEyBft10O2mP7ug,239.9,Nuclear,15WPAKS------PPL,Paks,Paksi Atomerőmű,PA_gép2,1,MAW,PT15M,4,2018-02-26 18:00:00+01:00
4.1,HU,Unplanned outage,A03,,2018-02-26 18:24:00+01:00,e3zRtqviEyBft10O2mP7ug,239.9,Nuclear,15WPAKS------PPL,Paks,Paksi Atomerőmű,PA_gép2,1,MAW,PT1M,4,2018-02-26 18:15:00+01:00
4.1,HU,Unplanned outage,A03,,2018-02-26 12:00:00+01:00,e3zRtqviEyBft10O2mP7ug,239.9,Nuclear,15WPAKS------PPL,Paks,Paksi Atomerőmű,PA_gép2,1,MAW,PT30M,4,2018-02-26 11:30:00+01:00
0,HU,Unplanned outage,A03,,2018-02-27 06:52:00+01:00,hclzQSUSORLXBxUYrM7x1A,57.0,Fossil Gas,15WBAKONY----PP6,Ajka,Bakonyi Gázturbinás Erőmű,Ajka_GT1,1,MAW,PT1M,2,2018-02-27 06:36:00+01:00
0,HU,Unplanned outage,A03,,2018-02-28 05:53:00+01:00,bzsYJDtoqt8Ghlsn4rshYA,118.0,Fossil Gas,15WCSEPEL----PPI,Budapest,Alpiq Csepel Erőmű,CSP_ST,1,MAW,PT1M,2,2018-02-28 05:45:00+01:00
0,HU,Unplanned outage,A03,,2018-02-28 05:45:00+01:00,bzsYJDtoqt8Ghlsn4rshYA,118.0,Fossil Gas,15WCSEPEL----PPI,Budapest,Alpiq Csepel Erőmű,CSP_ST,1,MAW,PT15M,2,2018-02-28 05:30:00+01:00
0,HU,Unplanned outage,A03,,2018-02-28 05:30:00+01:00,bzsYJDtoqt8Ghlsn4rshYA,118.0,Fossil Gas,15WCSEPEL----PPI,Budapest,Alpiq Csepel Erőmű,CSP_ST,1,MAW,PT30M,2,2018-02-28 05:00:00+01:00
0,HU,Unplanned outage,A03,,2018-02-28 05:00:00+01:00,bzsYJDtoqt8Ghlsn4rshYA,118.0,Fossil Gas,15WCSEPEL----PPI,Budapest,Alpiq Csepel Erőmű,CSP_ST,1,MAW,PT60M,2,2018-02-28 03:00:00+01:00
0,HU,Unplanned outage,A03,,2018-02-28 03:00:00+01:00,bzsYJDtoqt8Ghlsn4rshYA,118.0,Fossil Gas,15WCSEPEL----PPI,Budapest,Alpiq Csepel Erőmű,CSP_ST,1,MAW,PT15M,2,2018-02-28 02:45:00+01:00
0,HU,Unplanned outage,A03,,2018-02-28 02:45:00+01:00,bzsYJDtoqt8Ghlsn4rshYA,118.0,Fossil Gas,15WCSEPEL----PPI,Budapest,Alpiq Csepel Erőmű,CSP_ST,1,MAW,PT1M,2,2018-02-28 02:43:00+01:00
0,HU,Unplanned outage,A03,,2018-02-28 02:45:00+01:00,R_h5yxYzW2ICI6k5s4oLwQ,142.0,Fossil Gas,15WCSEPEL----PPI,Budapest,Alpiq Csepel Erőmű,CSP_GT1,1,MAW,PT1M,4,2018-02-28 02:39:00+01:00
0,HU,Unplanned outage,A03,,2018-02-28 03:00:00+01:00,R_h5yxYzW2ICI6k5s4oLwQ,142.0,Fossil Gas,15WCSEPEL----PPI,Budapest,Alpiq Csepel Erőmű,CSP_GT1,1,MAW,PT15M,4,2018-02-28 02:45:00+01:00
0,HU,Unplanned outage,A03,,2018-03-02 05:34:00+01:00,R_h5yxYzW2ICI6k5s4oLwQ,142.0,Fossil Gas,15WCSEPEL----PPI,Budapest,Alpiq Csepel Erőmű,CSP_GT1,1,MAW,PT1M,4,2018-03-02 05:30:00+01:00
0,HU,Unplanned outage,A03,,2018-03-02 05:30:00+01:00,R_h5yxYzW2ICI6k5s4oLwQ,142.0,Fossil Gas,15WCSEPEL----PPI,Budapest,Alpiq Csepel Erőmű,CSP_GT1,1,MAW,PT30M,4,2018-03-02 05:00:00+01:00
0,HU,Unplanned outage,A03,,2018-03-02 05:00:00+01:00,R_h5yxYzW2ICI6k5s4oLwQ,142.0,Fossil Gas,15WCSEPEL----PPI,Budapest,Alpiq Csepel Erőmű,CSP_GT1,1,MAW,PT60M,4,2018-02-28 03:00:00+01:00
0,HU,Unplanned outage,A03,,2018-03-06 08:15:00+01:00,RRmvTVuKrwUO17KXz3cgfA,87.0,Fossil Brown coal/Lignite,15WMATRA-----PPK,Visonta,Mátrai Erőmű,MÁ1_gép1,1,MAW,PT1M,3,2018-03-06 08:05:00+01:00
0,HU,Unplanned outage,A03,,2018-03-06 08:30:00+01:00,RRmvTVuKrwUO17KXz3cgfA,87.0,Fossil Brown coal/Lignite,15WMATRA-----PPK,Visonta,Mátrai Erőmű,MÁ1_gép1,1,MAW,PT15M,3,2018-03-06 08:15:00+01:00
0,HU,Unplanned outage,A03,,2018-03-06 09:00:00+01:00,RRmvTVuKrwUO17KXz3cgfA,87.0,Fossil Brown coal/Lignite,15WMATRA-----PPK,Visonta,Mátrai Erőmű,MÁ1_gép1,1,MAW,PT30M,3,2018-03-06 08:30:00+01:00
0,HU,Unplanned outage,A03,,2018-03-08 00:00:00+01:00,RRmvTVuKrwUO17KXz3cgfA,87.0,Fossil Brown coal/Lignite,15WMATRA-----PPK,Visonta,Mátrai Erőmű,MÁ1_gép1,1,MAW,PT60M,3,2018-03-06 09:00:00+01:00
0,HU,Unplanned outage,A03,,2018-03-09 16:12:00+01:00,zo2d3ZqOnHlQQqxPEuZLDQ,19.5,Fossil Gas,15WMVMSZK----PPY,Budapest,MVM szabályozási központ,MISKOLC_gép2,1,MAW,PT1M,2,2018-03-09 16:01:00+01:00
0,HU,Unplanned outage,A03,,2018-03-12 10:45:00+01:00,YiIeH50L1gXtoMCLp8P-RA,236.0,Nuclear,15WPAKS------PPL,Paks,Paksi Atomerőmű,PA_gép6,1,MAW,PT1M,3,2018-03-12 10:31:00+01:00
0,HU,Unplanned outage,A03,,2018-03-12 11:00:00+01:00,YiIeH50L1gXtoMCLp8P-RA,236.0,Nuclear,15WPAKS------PPL,Paks,Paksi Atomerőmű,PA_gép6,1,MAW,PT15M,3,2018-03-12 10:45:00+01:00
0,HU,Unplanned outage,A03,,2018-03-12 21:00:00+01:00,YiIeH50L1gXtoMCLp8P-RA,236.0,Nuclear,15WPAKS------PPL,Paks,Paksi Atomerőmű,PA_gép6,1,MAW,PT60M,3,2018-03-12 11:00:00+01:00
0,HU,Unplanned outage,A03,,2018-03-12 21:30:00+01:00,YiIeH50L1gXtoMCLp8P-RA,236.0,Nuclear,15WPAKS------PPL,Paks,Paksi Atomerőmű,PA_gép6,1,MAW,PT30M,3,2018-03-12 21:00:00+01:00
0,HU,Unplanned outage,A03,,2018-03-12 21:45:00+01:00,YiIeH50L1gXtoMCLp8P-RA,236.0,Nuclear,15WPAKS------PPL,Paks,Paksi Atomerőmű,PA_gép6,1,MAW,PT15M,3,2018-03-12 21:30:00+01:00
0,HU,Unplanned outage,A03,,2018-03-12 21:56:00+01:00,YiIeH50L1gXtoMCLp8P-RA,236.0,Nuclear,15WPAKS------PPL,Paks,Paksi Atomerőmű,PA_gép6,1,MAW,PT1M,3,2018-03-12 21:45:00+01:00
0,HU,Unplanned outage,A03,,2018-03-22 13:36:00+01:00,Mddk9skDck9XRhX1gJ4koQ,87.0,Fossil Brown coal/Lignite,15WMATRA-----PPK,Visonta,Mátrai Erőmű,MÁ1_gép1,1,MAW,PT1M,2,2018-03-22 13:30:00+01:00
0,HU,Unplanned outage,A03,,2018-03-22 13:30:00+01:00,Mddk9skDck9XRhX1gJ4koQ,87.0,Fossil Brown coal/Lignite,15WMATRA-----PPK,Visonta,Mátrai Erőmű,MÁ1_gép1,1,MAW,PT30M,2,2018-03-22 13:00:00+01:00
0,HU,Unplanned outage,A03,,2018-03-22 13:00:00+01:00,Mddk9skDck9XRhX1gJ4koQ,87.0,Fossil Brown coal/Lignite,15WMATRA-----PPK,Visonta,Mátrai Erőmű,MÁ1_gép1,1,MAW,PT60M,2,2018-03-21 18:00:00+01:00
0,HU,Unplanned outage,A03,,2018-03-23 19:15:00+01:00,Vz5fhqPZgYsSxUEHFPyMVg,87.0,Fossil Brown coal/Lignite,15WMATRA-----PPK,Visonta,Mátrai Erőmű,MÁ1_gép1,1,MAW,PT1M,2,2018-03-23 19:03:00+01:00
0,HU,Unplanned outage,A03,,2018-03-23 19:30:00+01:00,Vz5fhqPZgYsSxUEHFPyMVg,87.0,Fossil Brown coal/Lignite,15WMATRA-----PPK,Visonta,Mátrai Erőmű,MÁ1_gép1,1,MAW,PT15M,2,2018-03-23 19:15:00+01:00
0,HU,Unplanned outage,A03,,2018-03-23 20:00:00+01:00,Vz5fhqPZgYsSxUEHFPyMVg,87.0,Fossil Brown coal/Lignite,15WMATRA-----PPK,Visonta,Mátrai Erőmű,MÁ1_gép1,1,MAW,PT30M,2,2018-03-23 19:30:00+01:00
0,HU,Unplanned outage,A03,,2018-03-25 18:00:00+02:00,Vz5fhqPZgYsSxUEHFPyMVg,87.0,Fossil Brown coal/Lignite,15WMATRA-----PPK,Visonta,Mátrai Erőmű,MÁ1_gép1,1,MAW,PT60M,2,2018-03-23 20:00:00+01:00
0,HU,Unplanned outage,A03,,2018-03-25 18:30:00+02:00,Vz5fhqPZgYsSxUEHFPyMVg,87.0,Fossil Brown coal/Lignite,15WMATRA-----PPK,Visonta,Mátrai Erőmű,MÁ1_gép1,1,MAW,PT30M,2,2018-03-25 18:00:00+02:00
38.6,HU,Unplanned outage,A03,,2018-03-28 09:00:00+02:00,sp-FasMW6JwHhnQ7wIJ26A,48.5,Fossil Gas,15WMVMSZK----PPY,Budapest,MVM szabályozási központ,ÉB_GT123,1,MAW,PT1M,2,2018-03-28 08:55:00+02:00
38.6,HU,Unplanned outage,A03,,2018-03-28 09:30:00+02:00,sp-FasMW6JwHhnQ7wIJ26A,48.5,Fossil Gas,15WMVMSZK----PPY,Budapest,MVM szabályozási központ,ÉB_GT123,1,MAW,PT30M,2,2018-03-28 09:00:00+02:00
38.6,HU,Unplanned outage,A03,,2018-03-28 09:33:00+02:00,sp-FasMW6JwHhnQ7wIJ26A,48.5,Fossil Gas,15WMVMSZK----PPY,Budapest,MVM szabályozási központ,ÉB_GT123,1,MAW,PT1M,2,2018-03-28 09:30:00+02:00
38.6,HU,Unplanned outage,A03,,2018-03-29 09:48:00+02:00,-YbeWdPJZlEL5WqJMfqO_A,48.5,Fossil Gas,15WMVMSZK----PPY,Budapest,MVM szabályozási központ,ÉB_GT123,1,MAW,PT1M,2,2018-03-29 09:45:00+02:00
38.6,HU,Unplanned outage,A03,,2018-03-29 09:45:00+02:00,-YbeWdPJZlEL5WqJMfqO_A,48.5,Fossil Gas,15WMVMSZK----PPY,Budapest,MVM szabályozási központ,ÉB_GT123,1,MAW,PT15M,2,2018-03-29 09:30:00+02:00
38.6,HU,Unplanned outage,A03,,2018-03-29 05:45:00+02:00,-YbeWdPJZlEL5WqJMfqO_A,48.5,Fossil Gas,15WMVMSZK----PPY,Budapest,MVM szabályozási központ,ÉB_GT123,1,MAW,PT1M,2,2018-03-29 05:41:00+02:00
38.6,HU,Unplanned outage,A03,,2018-03-29 09:00:00+02:00,-YbeWdPJZlEL5WqJMfqO_A,48.5,Fossil Gas,15WMVMSZK----PPY,Budapest,MVM szabályozási központ,ÉB_GT123,1,MAW,PT60M,2,2018-03-29 06:00:00+02:00
38.6,HU,Unplanned outage,A03,,2018-03-29 06:00:00+02:00,-YbeWdPJZlEL5WqJMfqO_A,48.5,Fossil Gas,15WMVMSZK----PPY,Budapest,MVM szabályozási központ,ÉB_GT123,1,MAW,PT15M,2,2018-03-29 05:45:00+02:00
38.6,HU,Unplanned outage,A03,,2018-03-29 09:30:00+02:00,-YbeWdPJZlEL5WqJMfqO_A,48.5,Fossil Gas,15WMVMSZK----PPY,Budapest,MVM szabályozási központ,ÉB_GT123,1,MAW,PT30M,2,2018-03-29 09:00:00+02:00
0,HU,Unplanned outage,A03,,2018-04-01 18:00:00+02:00,9rQkYFkSP5zxi967QfWn6A,62.0,Biomass,15WPECS------PPO,Pécs,Pécsi Erőmű,Pécs_gép2,1,MAW,PT60M,4,2018-03-30 10:00:00+02:00
0,HU,Unplanned outage,A03,,2018-03-30 09:15:00+02:00,9rQkYFkSP5zxi967QfWn6A,62.0,Biomass,15WPECS------PPO,Pécs,Pécsi Erőmű,Pécs_gép2,1,MAW,PT1M,4,2018-03-30 09:09:00+02:00
0,HU,Unplanned outage,A03,,2018-03-30 10:00:00+02:00,9rQkYFkSP5zxi967QfWn6A,62.0,Biomass,15WPECS------PPO,Pécs,Pécsi Erőmű,Pécs_gép2,1,MAW,PT30M,4,2018-03-30 09:30:00+02:00
0,HU,Unplanned outage,A03,,2018-03-30 09:30:00+02:00,9rQkYFkSP5zxi967QfWn6A,62.0,Biomass,15WPECS------PPO,Pécs,Pécsi Erőmű,Pécs_gép2,1,MAW,PT15M,4,2018-03-30 09:15:00+02:00
0,HU,Unplanned outage,A03,,2018-04-04 15:15:00+02:00,Qq6ne7qd3nEjc-036sW1jw,87.0,Fossil Brown coal/Lignite,15WMATRA-----PPK,Visonta,Mátrai Erőmű,MÁ1_gép1,1,MAW,PT1M,3,2018-04-04 15:02:00+02:00
0,HU,Unplanned outage,A03,,2018-04-04 15:30:00+02:00,Qq6ne7qd3nEjc-036sW1jw,87.0,Fossil Brown coal/Lignite,15WMATRA-----PPK,Visonta,Mátrai Erőmű,MÁ1_gép1,1,MAW,PT15M,3,2018-04-04 15:15:00+02:00
0,HU,Unplanned outage,A03,,2018-04-04 16:00:00+02:00,Qq6ne7qd3nEjc-036sW1jw,87.0,Fossil Brown coal/Lignite,15WMATRA-----PPK,Visonta,Mátrai Erőmű,MÁ1_gép1,1,MAW,PT30M,3,2018-04-04 15:30:00+02:00
0,HU,Unplanned outage,A03,,2018-04-05 12:00:00+02:00,Qq6ne7qd3nEjc-036sW1jw,87.0,Fossil Brown coal/Lignite,15WMATRA-----PPK,Visonta,Mátrai Erőmű,MÁ1_gép1,1,MAW,PT60M,3,2018-04-04 16:00:00+02:00
0,HU,Unplanned outage,A03,,2018-04-05 12:30:00+02:00,Qq6ne7qd3nEjc-036sW1jw,87.0,Fossil Brown coal/Lignite,15WMATRA-----PPK,Visonta,Mátrai Erőmű,MÁ1_gép1,1,MAW,PT30M,3,2018-04-05 12:00:00+02:00
0,HU,Unplanned outage,A03,,2018-04-10 09:51:00+02:00,OalBPee8XLkIwYG_jLeDiw,207.0,Fossil Brown coal/Lignite,15WMATRA-----PPK,Visonta,Mátrai Erőmű,MÁ2_gép5,1,MAW,PT1M,2,2018-04-10 09:45:00+02:00
0,HU,Unplanned outage,A03,,2018-04-10 09:45:00+02:00,OalBPee8XLkIwYG_jLeDiw,207.0,Fossil Brown coal/Lignite,15WMATRA-----PPK,Visonta,Mátrai Erőmű,MÁ2_gép5,1,MAW,PT15M,2,2018-04-10 09:30:00+02:00
0,HU,Unplanned outage,A03,,2018-04-10 09:00:00+02:00,OalBPee8XLkIwYG_jLeDiw,207.0,Fossil Brown coal/Lignite,15WMATRA-----PPK,Visonta,Mátrai Erőmű,MÁ2_gép5,1,MAW,PT60M,2,2018-04-10 06:00:00+02:00
0,HU,Unplanned outage,A03,,2018-04-10 09:30:00+02:00,OalBPee8XLkIwYG_jLeDiw,207.0,Fossil Brown coal/Lignite,15WMATRA-----PPK,Visonta,Mátrai Erőmű,MÁ2_gép5,1,MAW,PT30M,2,2018-04-10 09:00:00+02:00
0,HU,Unplanned outage,A03,,2018-04-10 06:00:00+02:00,OalBPee8XLkIwYG_jLeDiw,207.0,Fossil Brown coal/Lignite,15WMATRA-----PPK,Visonta,Mátrai Erőmű,MÁ2_gép5,1,MAW,PT1M,2,2018-04-10 05:50:00+02:00
0,HU,Unplanned outage,A03,,2018-04-11 01:27:00+02:00,ekU2z6o0i9SFVb1xqJCAUQ,87.0,Fossil Brown coal/Lignite,15WMATRA-----PPK,Visonta,Mátrai Erőmű,MÁ1_gép1,1,MAW,PT1M,2,2018-04-11 01:15:00+02:00
0,HU,Unplanned outage,A03,,2018-04-11 01:15:00+02:00,ekU2z6o0i9SFVb1xqJCAUQ,87.0,Fossil Brown coal/Lignite,15WMATRA-----PPK,Visonta,Mátrai Erőmű,MÁ1_gép1,1,MAW,PT15M,2,2018-04-11 01:00:00+02:00
0,HU,Unplanned outage,A03,,2018-04-11 01:00:00+02:00,ekU2z6o0i9SFVb1xqJCAUQ,87.0,Fossil Brown coal/Lignite,15WMATRA-----PPK,Visonta,Mátrai Erőmű,MÁ1_gép1,1,MAW,PT60M,2,2018-04-09 19:00:00+02:00
0,HU,Unplanned outage,A03,,2018-04-09 19:00:00+02:00,ekU2z6o0i9SFVb1xqJCAUQ,87.0,Fossil Brown coal/Lignite,15WMATRA-----PPK,Visonta,Mátrai Erőmű,MÁ1_gép1,1,MAW,PT1M,2,2018-04-09 18:59:00+02:00
0,HU,Unplanned outage,A03,,2018-04-10 10:00:00+02:00,GAMeM8zB25GCHTIMROdzSA,207.0,Fossil Brown coal/Lignite,15WMATRA-----PPK,Visonta,Mátrai Erőmű,MÁ2_gép5,1,MAW,PT1M,3,2018-04-10 09:51:00+02:00
0,HU,Unplanned outage,A03,,2018-04-11 09:00:00+02:00,GAMeM8zB25GCHTIMROdzSA,207.0,Fossil Brown coal/Lignite,15WMATRA-----PPK,Visonta,Mátrai Erőmű,MÁ2_gép5,1,MAW,PT60M,3,2018-04-10 10:00:00+02:00
0,HU,Unplanned outage,A03,,2018-04-11 09:30:00+02:00,GAMeM8zB25GCHTIMROdzSA,207.0,Fossil Brown coal/Lignite,15WMATRA-----PPK,Visonta,Mátrai Erőmű,MÁ2_gép5,1,MAW,PT30M,3,2018-04-11 09:00:00+02:00
0,HU,Unplanned outage,A03,,2018-04-11 09:45:00+02:00,GAMeM8zB25GCHTIMROdzSA,207.0,Fossil Brown coal/Lignite,15WMATRA-----PPK,Visonta,Mátrai Erőmű,MÁ2_gép5,1,MAW,PT15M,3,2018-04-11 09:30:00+02:00
0,HU,Unplanned outage,A03,,2018-04-11 09:59:00+02:00,GAMeM8zB25GCHTIMROdzSA,207.0,Fossil Brown coal/Lignite,15WMATRA-----PPK,Visonta,Mátrai Erőmű,MÁ2_gép5,1,MAW,PT1M,3,2018-04-11 09:45:00+02:00
0,HU,Unplanned outage,A03,,2018-04-13 04:29:00+02:00,pQvqXSsL_QwqfVNgTsU6Pw,87.0,Fossil Brown coal/Lignite,15WMATRA-----PPK,Visonta,Mátrai Erőmű,MÁ1_gép1,1,MAW,PT1M,2,2018-04-13 04:15:00+02:00
0,HU,Unplanned outage,A03,,2018-04-13 04:15:00+02:00,pQvqXSsL_QwqfVNgTsU6Pw,87.0,Fossil Brown coal/Lignite,15WMATRA-----PPK,Visonta,Mátrai Erőmű,MÁ1_gép1,1,MAW,PT15M,2,2018-04-13 04:00:00+02:00
0,HU,Unplanned outage,A03,,2018-04-13 04:00:00+02:00,pQvqXSsL_QwqfVNgTsU6Pw,87.0,Fossil Brown coal/Lignite,15WMATRA-----PPK,Visonta,Mátrai Erőmű,MÁ1_gép1,1,MAW,PT60M,2,2018-04-11 05:00:00+02:00
0,HU,Unplanned outage,A03,,2018-04-11 05:00:00+02:00,pQvqXSsL_QwqfVNgTsU6Pw,87.0,Fossil Brown coal/Lignite,15WMATRA-----PPK,Visonta,Mátrai Erőmű,MÁ1_gép1,1,MAW,PT1M,2,2018-04-11 04:56:00+02:00
0,HU,Unplanned outage,A03,,2018-04-11 09:00:00+02:00,eYSv1gnPtqcm-upftZ5DHg,207.0,Fossil Brown coal/Lignite,15WMATRA-----PPK,Visonta,Mátrai Erőmű,MÁ2_gép5,1,MAW,PT60M,1,2018-04-10 10:00:00+02:00
0,HU,Unplanned outage,A03,,2018-04-11 09:45:00+02:00,eYSv1gnPtqcm-upftZ5DHg,207.0,Fossil Brown coal/Lignite,15WMATRA-----PPK,Visonta,Mátrai Erőmű,MÁ2_gép5,1,MAW,PT15M,1,2018-04-11 09:30:00+02:00
0,HU,Unplanned outage,A03,,2018-04-11 09:30:00+02:00,eYSv1gnPtqcm-upftZ5DHg,207.0,Fossil Brown coal/Lignite,15WMATRA-----PPK,Visonta,Mátrai Erőmű,MÁ2_gép5,1,MAW,PT30M,1,2018-04-11 09:00:00+02:00
0,HU,Unplanned outage,A03,,2018-04-10 10:00:00+02:00,eYSv1gnPtqcm-upftZ5DHg,207.0,Fossil Brown coal/Lignite,15WMATRA-----PPK,Visonta,Mátrai Erőmű,MÁ2_gép5,1,MAW,PT1M,1,2018-04-10 09:51:00+02:00
0,HU,Unplanned outage,A03,,2018-04-11 09:59:00+02:00,eYSv1gnPtqcm-upftZ5DHg,207.0,Fossil Brown coal/Lignite,15WMATRA-----PPK,Visonta,Mátrai Erőmű,MÁ2_gép5,1,MAW,PT1M,1,2018-04-11 09:45:00+02:00
38.6,HU,Unplanned outage,A03,,2018-04-15 09:27:00+02:00,X03Du7GYHqLsTsHMWuG1Lg,48.5,Fossil Gas,15WMVMSZK----PPY,Budapest,MVM szabályozási központ,ÉB_GT123,1,MAW,PT1M,2,2018-04-15 09:15:00+02:00
38.6,HU,Unplanned outage,A03,,2018-04-15 08:45:00+02:00,X03Du7GYHqLsTsHMWuG1Lg,48.5,Fossil Gas,15WMVMSZK----PPY,Budapest,MVM szabályozási központ,ÉB_GT123,1,MAW,PT1M,2,2018-04-15 08:41:00+02:00
38.6,HU,Unplanned outage,A03,,2018-04-15 09:15:00+02:00,X03Du7GYHqLsTsHMWuG1Lg,48.5,Fossil Gas,15WMVMSZK----PPY,Budapest,MVM szabályozási központ,ÉB_GT123,1,MAW,PT15M,2,2018-04-15 08:45:00+02:00
38.6,HU,Unplanned outage,A03,,2018-04-15 10:15:00+02:00,wzf7J80DG1iXR8D7W6PJwA,48.5,Fossil Gas,15WMVMSZK----PPY,Budapest,MVM szabályozási központ,ÉB_GT123,1,MAW,PT15M,2,2018-04-15 09:45:00+02:00
38.6,HU,Unplanned outage,A03,,2018-04-15 10:24:00+02:00,wzf7J80DG1iXR8D7W6PJwA,48.5,Fossil Gas,15WMVMSZK----PPY,Budapest,MVM szabályozási központ,ÉB_GT123,1,MAW,PT1M,2,2018-04-15 10:15:00+02:00
0,HU,Unplanned outage,A03,,2018-04-15 23:00:00+02:00,JkES9GCkluP02jS_G7codg,207.0,Fossil Brown coal/Lignite,15WMATRA-----PPK,Visonta,Mátrai Erőmű,MÁ2_gép5,1,MAW,PT60M,2,2018-04-15 03:00:00+02:00
0,HU,Unplanned outage,A03,,2018-04-19 04:42:00+02:00,2kRBUW_SfVDX94Ksy2n99A,207.0,Fossil Brown coal/Lignite,15WMATRA-----PPK,Visonta,Mátrai Erőmű,MÁ2_gép5,1,MAW,PT1M,2,2018-04-19 04:30:00+02:00
0,HU,Unplanned outage,A03,,2018-04-19 04:00:00+02:00,2kRBUW_SfVDX94Ksy2n99A,207.0,Fossil Brown coal/Lignite,15WMATRA-----PPK,Visonta,Mátrai Erőmű,MÁ2_gép5,1,MAW,PT60M,2,2018-04-18 03:00:00+02:00
0,HU,Unplanned outage,A03,,2018-04-19 04:30:00+02:00,2kRBUW_SfVDX94Ksy2n99A,207.0,Fossil Brown coal/Lignite,15WMATRA-----PPK,Visonta,Mátrai Erőmű,MÁ2_gép5,1,MAW,PT30M,2,2018-04-19 04:00:00+02:00
0,HU,Unplanned outage,A03,,2018-04-18 03:00:00+02:00,2kRBUW_SfVDX94Ksy2n99A,207.0,Fossil Brown coal/Lignite,15WMATRA-----PPK,Visonta,Mátrai Erőmű,MÁ2_gép5,1,MAW,PT1M,2,2018-04-18 02:58:00+02:00
69.3,HU,Unplanned outage,A03,,2018-04-21 02:00:00+02:00,bgvI5lTDNw_C8MM85XjDZg,109.0,Fossil Gas,15WKISP------PP6,Budapest,Kispesti Erőmű,KI_GTST,1,MAW,PT60M,2,2018-04-21 00:00:00+02:00
69.3,HU,Unplanned outage,A03,,2018-04-21 00:15:00+02:00,-j7_Zj4u4T9TMD_RFVmHbg,109.0,Fossil Gas,15WKISP------PP6,Budapest,Kispesti Erőmű,KI_GTST,1,MAW,PT15M,1,2018-04-21 00:00:00+02:00
69.3,HU,Unplanned outage,A03,,2018-04-21 00:17:00+02:00,-j7_Zj4u4T9TMD_RFVmHbg,109.0,Fossil Gas,15WKISP------PP6,Budapest,Kispesti Erőmű,KI_GTST,1,MAW,PT1M,1,2018-04-21 00:15:00+02:00
109.2,HU,Unplanned outage,A03,,2018-04-21 00:30:00+02:00,hW-APTRZzhenySmvKVkx2g,109.0,Fossil Gas,15WKISP------PP6,Budapest,Kispesti Erőmű,KI_GTST,1,MAW,PT1M,3,2018-04-21 00:17:00+02:00
109.2,HU,Unplanned outage,A03,,2018-04-21 00:45:00+02:00,hW-APTRZzhenySmvKVkx2g,109.0,Fossil Gas,15WKISP------PP6,Budapest,Kispesti Erőmű,KI_GTST,1,MAW,PT15M,3,2018-04-21 00:30:00+02:00
109.2,HU,Unplanned outage,A03,,2018-04-21 00:50:00+02:00,hW-APTRZzhenySmvKVkx2g,109.0,Fossil Gas,15WKISP------PP6,Budapest,Kispesti Erőmű,KI_GTST,1,MAW,PT1M,3,2018-04-21 00:45:00+02:00
0,HU,Unplanned outage,A03,,2018-04-23 12:05:00+02:00,W2TM4rfrOamqmaocWfjXgQ,207.0,Fossil Brown coal/Lignite,15WMATRA-----PPK,Visonta,Mátrai Erőmű,MÁ2_gép5,1,MAW,PT1M,3,2018-04-23 12:00:00+02:00
0,HU,Unplanned outage,A03,,2018-04-23 12:00:00+02:00,W2TM4rfrOamqmaocWfjXgQ,207.0,Fossil Brown coal/Lignite,15WMATRA-----PPK,Visonta,Mátrai Erőmű,MÁ2_gép5,1,MAW,PT60M,3,2018-04-22 00:00:00+02:00
69.3,HU,Unplanned outage,A03,,2018-04-24 10:00:00+02:00,Np4KRDQ9Hh3TZov9P-eT8A,109.0,Fossil Gas,15WKISP------PP6,Budapest,Kispesti Erőmű,KI_GTST,1,MAW,PT1M,3,2018-04-24 09:50:00+02:00
69.3,HU,Unplanned outage,A03,,2018-04-24 14:00:00+02:00,Np4KRDQ9Hh3TZov9P-eT8A,109.0,Fossil Gas,15WKISP------PP6,Budapest,Kispesti Erőmű,KI_GTST,1,MAW,PT60M,3,2018-04-24 10:00:00+02:00
69.3,HU,Unplanned outage,A03,,2018-04-24 14:30:00+02:00,Np4KRDQ9Hh3TZov9P-eT8A,109.0,Fossil Gas,15WKISP------PP6,Budapest,Kispesti Erőmű,KI_GTST,1,MAW,PT30M,3,2018-04-24 14:00:00+02:00
69.3,HU,Unplanned outage,A03,,2018-04-24 14:35:00+02:00,Np4KRDQ9Hh3TZov9P-eT8A,109.0,Fossil Gas,15WKISP------PP6,Budapest,Kispesti Erőmű,KI_GTST,1,MAW,PT1M,3,2018-04-24 14:30:00+02:00
38.6,HU,Unplanned outage,A03,,2018-04-26 05:30:00+02:00,HcLq_d2h3oHHRzjZ72pOmA,48.5,Fossil Gas,15WMVMSZK----PPY,Budapest,MVM szabályozási központ,ÉB_GT123,1,MAW,PT30M,2,2018-04-26 05:00:00+02:00
38.6,HU,Unplanned outage,A03,,2018-04-26 05:46:00+02:00,HcLq_d2h3oHHRzjZ72pOmA,48.5,Fossil Gas,15WMVMSZK----PPY,Budapest,MVM szabályozási központ,ÉB_GT123,1,MAW,PT1M,2,2018-04-26 05:45:00+02:00
38.6,HU,Unplanned outage,A03,,2018-04-26 05:00:00+02:00,HcLq_d2h3oHHRzjZ72pOmA,48.5,Fossil Gas,15WMVMSZK----PPY,Budapest,MVM szabályozási központ,ÉB_GT123,1,MAW,PT60M,2,2018-04-24 05:00:00+02:00
38.6,HU,Unplanned outage,A03,,2018-04-26 05:45:00+02:00,HcLq_d2h3oHHRzjZ72pOmA,48.5,Fossil Gas,15WMVMSZK----PPY,Budapest,MVM szabályozási központ,ÉB_GT123,1,MAW,PT15M,2,2018-04-26 05:30:00+02:00
38.6,HU,Unplanned outage,A03,,2018-04-30 07:07:00+02:00,8UdxAcAuiaHDBQEbpJIhuQ,48.5,Fossil Gas,15WMVMSZK----PPY,Budapest,MVM szabályozási központ,ÉB_GT123,1,MAW,PT1M,1,2018-04-30 07:00:00+02:00
0,HU,Unplanned outage,A03,,2018-05-04 12:00:00+02:00,nW5LuH4EgI8t7UN3kbif4Q,207.0,Fossil Brown coal/Lignite,15WMATRA-----PPK,Visonta,Mátrai Erőmű,MÁ2_gép5,1,MAW,PT60M,2,2018-05-04 11:00:00+02:00
0,HU,Unplanned outage,A03,,2018-05-04 12:30:00+02:00,nW5LuH4EgI8t7UN3kbif4Q,207.0,Fossil Brown coal/Lignite,15WMATRA-----PPK,Visonta,Mátrai Erőmű,MÁ2_gép5,1,MAW,PT30M,2,2018-05-04 12:00:00+02:00
0,HU,Unplanned outage,A03,,2018-05-04 12:38:00+02:00,nW5LuH4EgI8t7UN3kbif4Q,207.0,Fossil Brown coal/Lignite,15WMATRA-----PPK,Visonta,Mátrai Erőmű,MÁ2_gép5,1,MAW,PT1M,2,2018-05-04 12:30:00+02:00
0,HU,Unplanned outage,A03,,2018-05-04 11:00:00+02:00,nW5LuH4EgI8t7UN3kbif4Q,207.0,Fossil Brown coal/Lignite,15WMATRA-----PPK,Visonta,Mátrai Erőmű,MÁ2_gép5,1,MAW,PT1M,2,2018-05-04 10:51:00+02:00
19.8,HU,Unplanned outage,A03,,2018-04-30 07:15:00+02:00,o4kdMGgULi3nzae6SqsKBg,48.5,Fossil Gas,15WMVMSZK----PPY,Budapest,MVM szabályozási központ,ÉB_GT123,1,MAW,PT1M,1,2018-04-30 07:07:00+02:00
19.8,HU,Unplanned outage,A03,,2018-04-30 08:00:00+02:00,o4kdMGgULi3nzae6SqsKBg,48.5,Fossil Gas,15WMVMSZK----PPY,Budapest,MVM szabályozási központ,ÉB_GT123,1,MAW,PT30M,1,2018-04-30 07:30:00+02:00
19.8,HU,Unplanned outage,A03,,2018-05-06 09:00:00+02:00,o4kdMGgULi3nzae6SqsKBg,48.5,Fossil Gas,15WMVMSZK----PPY,Budapest,MVM szabályozási központ,ÉB_GT123,1,MAW,PT60M,1,2018-04-30 08:00:00+02:00
19.8,HU,Unplanned outage,A03,,2018-05-06 09:30:00+02:00,o4kdMGgULi3nzae6SqsKBg,48.5,Fossil Gas,15WMVMSZK----PPY,Budapest,MVM szabályozási központ,ÉB_GT123,1,MAW,PT30M,1,2018-05-06 09:00:00+02:00
19.8,HU,Unplanned outage,A03,,2018-05-06 09:45:00+02:00,o4kdMGgULi3nzae6SqsKBg,48.5,Fossil Gas,15WMVMSZK----PPY,Budapest,MVM szabályozási központ,ÉB_GT123,1,MAW,PT15M,1,2018-05-06 09:30:00+02:00
19.8,HU,Unplanned outage,A03,,2018-05-06 09:55:00+02:00,o4kdMGgULi3nzae6SqsKBg,48.5,Fossil Gas,15WMVMSZK----PPY,Budapest,MVM szabályozási központ,ÉB_GT123,1,MAW,PT1M,1,2018-05-06 09:45:00+02:00
19.8,HU,Unplanned outage,A03,,2018-04-30 07:30:00+02:00,o4kdMGgULi3nzae6SqsKBg,48.5,Fossil Gas,15WMVMSZK----PPY,Budapest,MVM szabályozási központ,ÉB_GT123,1,MAW,PT15M,1,2018-04-30 07:15:00+02:00
19.8,HU,Unplanned outage,A03,,2018-05-06 10:00:00+02:00,tK_pI7ZGTF5RHT5JB3p9mw,48.5,Fossil Gas,15WMVMSZK----PPY,Budapest,MVM szabályozási központ,ÉB_GT123,1,MAW,PT1M,1,2018-05-06 09:55:00+02:00
19.8,HU,Unplanned outage,A03,,2018-05-06 10:30:00+02:00,tK_pI7ZGTF5RHT5JB3p9mw,48.5,Fossil Gas,15WMVMSZK----PPY,Budapest,MVM szabályozási központ,ÉB_GT123,1,MAW,PT30M,1,2018-05-06 10:00:00+02:00
19.8,HU,Unplanned outage,A03,,2018-05-06 10:33:00+02:00,tK_pI7ZGTF5RHT5JB3p9mw,48.5,Fossil Gas,15WMVMSZK----PPY,Budapest,MVM szabályozási központ,ÉB_GT123,1,MAW,PT1M,1,2018-05-06 10:30:00+02:00
19.8,HU,Unplanned outage,A03,,2018-05-06 11:00:00+02:00,0Q54gWpXM4D4MuVK_4CGbQ,48.5,Fossil Gas,15WMVMSZK----PPY,Budapest,MVM szabályozási központ,ÉB_GT123,1,MAW,PT15M,2,2018-05-06 10:45:00+02:00
19.8,HU,Unplanned outage,A03,,2018-05-06 11:30:00+02:00,0Q54gWpXM4D4MuVK_4CGbQ,48.5,Fossil Gas,15WMVMSZK----PPY,Budapest,MVM szabályozási központ,ÉB_GT123,1,MAW,PT30M,2,2018-05-06 11:00:00+02:00
19.8,HU,Unplanned outage,A03,,2018-05-06 10:45:00+02:00,0Q54gWpXM4D4MuVK_4CGbQ,48.5,Fossil Gas,15WMVMSZK----PPY,Budapest,MVM szabályozási központ,ÉB_GT123,1,MAW,PT1M,2,2018-05-06 10:33:00+02:00
19.8,HU,Unplanned outage,A03,,2018-05-06 11:44:00+02:00,0Q54gWpXM4D4MuVK_4CGbQ,48.5,Fossil Gas,15WMVMSZK----PPY,Budapest,MVM szabályozási központ,ÉB_GT123,1,MAW,PT1M,2,2018-05-06 11:30:00+02:00
19.8,HU,Unplanned outage,A03,,2018-05-06 10:33:00+02:00,3ifZFkGt8SPghqFuUb1L9g,48.5,Fossil Gas,15WMVMSZK----PPY,Budapest,MVM szabályozási központ,ÉB_GT123,1,MAW,PT1M,1,2018-05-06 10:30:00+02:00
19.8,HU,Unplanned outage,A03,,2018-05-06 10:30:00+02:00,3ifZFkGt8SPghqFuUb1L9g,48.5,Fossil Gas,15WMVMSZK----PPY,Budapest,MVM szabályozási központ,ÉB_GT123,1,MAW,PT30M,1,2018-05-06 10:00:00+02:00
19.8,HU,Unplanned outage,A03,,2018-05-06 10:00:00+02:00,3ifZFkGt8SPghqFuUb1L9g,48.5,Fossil Gas,15WMVMSZK----PPY,Budapest,MVM szabályozási központ,ÉB_GT123,1,MAW,PT1M,1,2018-05-06 09:55:00+02:00
19.8,HU,Unplanned outage,A03,,2018-05-06 10:45:00+02:00,w8STa7YkdaCGv_dHpNKE6Q,48.5,Fossil Gas,15WMVMSZK----PPY,Budapest,MVM szabályozási központ,ÉB_GT123,1,MAW,PT1M,1,2018-05-06 10:33:00+02:00
19.8,HU,Unplanned outage,A03,,2018-05-06 11:30:00+02:00,w8STa7YkdaCGv_dHpNKE6Q,48.5,Fossil Gas,15WMVMSZK----PPY,Budapest,MVM szabályozási központ,ÉB_GT123,1,MAW,PT30M,1,2018-05-06 11:00:00+02:00
19.8,HU,Unplanned outage,A03,,2018-05-06 11:44:00+02:00,w8STa7YkdaCGv_dHpNKE6Q,48.5,Fossil Gas,15WMVMSZK----PPY,Budapest,MVM szabályozási központ,ÉB_GT123,1,MAW,PT1M,1,2018-05-06 11:30:00+02:00
19.8,HU,Unplanned outage,A03,,2018-05-06 11:00:00+02:00,w8STa7YkdaCGv_dHpNKE6Q,48.5,Fossil Gas,15WMVMSZK----PPY,Budapest,MVM szabályozási központ,ÉB_GT123,1,MAW,PT15M,1,2018-05-06 10:45:00+02:00
19.8,HU,Unplanned outage,A03,,2018-05-06 11:59:00+02:00,XGyiUj83tUXDZ95scvtlnA,48.5,Fossil Gas,15WMVMSZK----PPY,Budapest,MVM szabályozási központ,ÉB_GT123,1,MAW,PT1M,1,2018-05-06 11:44:00+02:00
19.8,HU,Unplanned outage,A03,,2018-05-06 12:00:00+02:00,YCAuZkohfp5zU8UiIAeHag,48.5,Fossil Gas,15WMVMSZK----PPY,Budapest,MVM szabályozási központ,ÉB_GT123,1,MAW,PT1M,2,2018-05-06 11:59:00+02:00
19.8,HU,Unplanned outage,A03,,2018-05-06 13:00:00+02:00,YCAuZkohfp5zU8UiIAeHag,48.5,Fossil Gas,15WMVMSZK----PPY,Budapest,MVM szabályozási központ,ÉB_GT123,1,MAW,PT60M,2,2018-05-06 12:00:00+02:00
19.8,HU,Unplanned outage,A03,,2018-05-06 13:30:00+02:00,YCAuZkohfp5zU8UiIAeHag,48.5,Fossil Gas,15WMVMSZK----PPY,Budapest,MVM szabályozási központ,ÉB_GT123,1,MAW,PT30M,2,2018-05-06 13:00:00+02:00
19.8,HU,Unplanned outage,A03,,2018-05-06 13:45:00+02:00,YCAuZkohfp5zU8UiIAeHag,48.5,Fossil Gas,15WMVMSZK----PPY,Budapest,MVM szabályozási központ,ÉB_GT123,1,MAW,PT15M,2,2018-05-06 13:30:00+02:00
19.8,HU,Unplanned outage,A03,,2018-05-06 13:51:00+02:00,YCAuZkohfp5zU8UiIAeHag,48.5,Fossil Gas,15WMVMSZK----PPY,Budapest,MVM szabályozási központ,ÉB_GT123,1,MAW,PT1M,2,2018-05-06 13:45:00+02:00
19.8,HU,Unplanned outage,A03,,2018-05-06 16:00:00+02:00,X1VjnXV8-ON6FJ6UosHmaQ,48.5,Fossil Gas,15WMVMSZK----PPY,Budapest,MVM szabályozási központ,ÉB_GT123,1,MAW,PT60M,1,2018-05-06 14:00:00+02:00
19.8,HU,Unplanned outage,A03,,2018-05-06 16:01:00+02:00,X1VjnXV8-ON6FJ6UosHmaQ,48.5,Fossil Gas,15WMVMSZK----PPY,Budapest,MVM szabályozási központ,ÉB_GT123,1,MAW,PT1M,1,2018-05-06 16:00:00+02:00
19.8,HU,Unplanned outage,A03,,2018-05-06 14:00:00+02:00,X1VjnXV8-ON6FJ6UosHmaQ,48.5,Fossil Gas,15WMVMSZK----PPY,Budapest,MVM szabályozási központ,ÉB_GT123,1,MAW,PT1M,1,2018-05-06 13:51:00+02:00
19.8,HU,Unplanned outage,A03,,2018-05-06 11:59:00+02:00,rZN3DZSGSwXtzw49ONwnVA,48.5,Fossil Gas,15WMVMSZK----PPY,Budapest,MVM szabályozási központ,ÉB_GT123,1,MAW,PT1M,1,2018-05-06 11:44:00+02:00
19.8,HU,Unplanned outage,A03,,2018-05-06 14:00:00+02:00,J1OiXbFZebamgTh5TgCrJw,48.5,Fossil Gas,15WMVMSZK----PPY,Budapest,MVM szabályozási központ,ÉB_GT123,1,MAW,PT1M,1,2018-05-06 13:51:00+02:00
19.8,HU,Unplanned outage,A03,,2018-05-06 16:00:00+02:00,J1OiXbFZebamgTh5TgCrJw,48.5,Fossil Gas,15WMVMSZK----PPY,Budapest,MVM szabályozási központ,ÉB_GT123,1,MAW,PT60M,1,2018-05-06 14:00:00+02:00
19.8,HU,Unplanned outage,A03,,2018-05-06 16:01:00+02:00,J1OiXbFZebamgTh5TgCrJw,48.5,Fossil Gas,15WMVMSZK----PPY,Budapest,MVM szabályozási központ,ÉB_GT123,1,MAW,PT1M,1,2018-05-06 16:00:00+02:00
19.8,HU,Unplanned outage,A03,,2018-05-06 13:45:00+02:00,e96-7Wa5t_XARmxow3_p4w,48.5,Fossil Gas,15WMVMSZK----PPY,Budapest,MVM szabályozási központ,ÉB_GT123,1,MAW,PT15M,1,2018-05-06 13:30:00+02:00
19.8,HU,Unplanned outage,A03,,2018-05-06 13:30:00+02:00,e96-7Wa5t_XARmxow3_p4w,48.5,Fossil Gas,15WMVMSZK----PPY,Budapest,MVM szabályozási központ,ÉB_GT123,1,MAW,PT30M,1,2018-05-06 13:00:00+02:00
19.8,HU,Unplanned outage,A03,,2018-05-06 13:00:00+02:00,e96-7Wa5t_XARmxow3_p4w,48.5,Fossil Gas,15WMVMSZK----PPY,Budapest,MVM szabályozási központ,ÉB_GT123,1,MAW,PT60M,1,2018-05-06 12:00:00+02:00
19.8,HU,Unplanned outage,A03,,2018-05-06 12:00:00+02:00,e96-7Wa5t_XARmxow3_p4w,48.5,Fossil Gas,15WMVMSZK----PPY,Budapest,MVM szabályozási központ,ÉB_GT123,1,MAW,PT1M,1,2018-05-06 11:59:00+02:00
19.8,HU,Unplanned outage,A03,,2018-05-06 13:51:00+02:00,e96-7Wa5t_XARmxow3_p4w,48.5,Fossil Gas,15WMVMSZK----PPY,Budapest,MVM szabályozási központ,ÉB_GT123,1,MAW,PT1M,1,2018-05-06 13:45:00+02:00
19.8,HU,Unplanned outage,A03,,2018-05-06 17:00:00+02:00,OXsx2GhHKEF2aG13gcGhEw,48.5,Fossil Gas,15WMVMSZK----PPY,Budapest,MVM szabályozási központ,ÉB_GT123,1,MAW,PT30M,2,2018-05-06 16:30:00+02:00
19.8,HU,Unplanned outage,A03,,2018-05-06 16:15:00+02:00,OXsx2GhHKEF2aG13gcGhEw,48.5,Fossil Gas,15WMVMSZK----PPY,Budapest,MVM szabályozási központ,ÉB_GT123,1,MAW,PT1M,2,2018-05-06 16:01:00+02:00
19.8,HU,Unplanned outage,A03,,2018-05-06 16:30:00+02:00,OXsx2GhHKEF2aG13gcGhEw,48.5,Fossil Gas,15WMVMSZK----PPY,Budapest,MVM szabályozási központ,ÉB_GT123,1,MAW,PT15M,2,2018-05-06 16:15:00+02:00
19.8,HU,Unplanned outage,A03,,2018-05-07 00:00:00+02:00,OXsx2GhHKEF2aG13gcGhEw,48.5,Fossil Gas,15WMVMSZK----PPY,Budapest,MVM szabályozási központ,ÉB_GT123,1,MAW,PT60M,2,2018-05-06 17:00:00+02:00
0,HU,Unplanned outage,A03,,2018-05-07 10:15:00+02:00,7Aa1Y6NTursA7hsgdgm7rw,87.0,Fossil Brown coal/Lignite,15WMATRA-----PPK,Visonta,Mátrai Erőmű,MÁ1_gép2,1,MAW,PT15M,2,2018-05-07 10:00:00+02:00
0,HU,Unplanned outage,A03,,2018-05-07 09:00:00+02:00,7Aa1Y6NTursA7hsgdgm7rw,87.0,Fossil Brown coal/Lignite,15WMATRA-----PPK,Visonta,Mátrai Erőmű,MÁ1_gép2,1,MAW,PT30M,2,2018-05-07 08:30:00+02:00
0,HU,Unplanned outage,A03,,2018-05-07 08:30:00+02:00,7Aa1Y6NTursA7hsgdgm7rw,87.0,Fossil Brown coal/Lignite,15WMATRA-----PPK,Visonta,Mátrai Erőmű,MÁ1_gép2,1,MAW,PT1M,2,2018-05-07 08:17:00+02:00
0,HU,Unplanned outage,A03,,2018-05-07 10:00:00+02:00,7Aa1Y6NTursA7hsgdgm7rw,87.0,Fossil Brown coal/Lignite,15WMATRA-----PPK,Visonta,Mátrai Erőmű,MÁ1_gép2,1,MAW,PT60M,2,2018-05-07 09:00:00+02:00
0,HU,Unplanned outage,A03,,2018-05-07 10:29:00+02:00,7Aa1Y6NTursA7hsgdgm7rw,87.0,Fossil Brown coal/Lignite,15WMATRA-----PPK,Visonta,Mátrai Erőmű,MÁ1_gép2,1,MAW,PT1M,2,2018-05-07 10:15:00+02:00
0,HU,Unplanned outage,A03,,2018-05-07 11:30:00+02:00,8moxKCAWCQ1JvdnT_F9Tpg,44.0,Biomass,15WPANNON----PPS,Pécs,Pannongreen,Pécs_gép6,1,MAW,PT15M,2,2018-05-07 11:15:00+02:00
0,HU,Unplanned outage,A03,,2018-05-07 11:32:00+02:00,8moxKCAWCQ1JvdnT_F9Tpg,44.0,Biomass,15WPANNON----PPS,Pécs,Pannongreen,Pécs_gép6,1,MAW,PT1M,2,2018-05-07 11:30:00+02:00
0,HU,Unplanned outage,A03,,2018-05-07 11:15:00+02:00,8moxKCAWCQ1JvdnT_F9Tpg,44.0,Biomass,15WPANNON----PPS,Pécs,Pannongreen,Pécs_gép6,1,MAW,PT1M,2,2018-05-07 11:09:00+02:00
0,HU,Unplanned outage,A03,,2018-05-09 08:13:00+02:00,qokXZH3FiKJARG0iysSUMQ,57.0,Fossil Gas,15WBAKONY----PP6,Ajka,Bakonyi Gázturbinás Erőmű,Ajka_GT2,1,MAW,PT1M,1,2018-05-09 07:58:00+02:00
0,HU,Unplanned outage,A03,,2018-05-10 08:15:00+02:00,aNOs33o5BguxXaC3UNhe6A,57.0,Fossil Gas,15WBAKONY----PP6,Ajka,Bakonyi Gázturbinás Erőmű,Ajka_GT2,1,MAW,PT1M,2,2018-05-10 08:03:00+02:00
19.8,HU,Unplanned outage,A03,,2018-05-06 17:00:00+02:00,yJ1eAveWvb4nXOpO97I4ww,48.5,Fossil Gas,15WMVMSZK----PPY,Budapest,MVM szabályozási központ,ÉB_GT123,1,MAW,PT30M,1,2018-05-06 16:30:00+02:00
19.8,HU,Unplanned outage,A03,,2018-05-07 00:00:00+02:00,yJ1eAveWvb4nXOpO97I4ww,48.5,Fossil Gas,15WMVMSZK----PPY,Budapest,MVM szabályozási központ,ÉB_GT123,1,MAW,PT60M,1,2018-05-06 17:00:00+02:00
19.8,HU,Unplanned outage,A03,,2018-05-06 16:30:00+02:00,yJ1eAveWvb4nXOpO97I4ww,48.5,Fossil Gas,15WMVMSZK----PPY,Budapest,MVM szabályozási központ,ÉB_GT123,1,MAW,PT15M,1,2018-05-06 16:15:00+02:00
19.8,HU,Unplanned outage,A03,,2018-05-06 16:15:00+02:00,yJ1eAveWvb4nXOpO97I4ww,48.5,Fossil Gas,15WMVMSZK----PPY,Budapest,MVM szabályozási központ,ÉB_GT123,1,MAW,PT1M,1,2018-05-06 16:01:00+02:00
0,HU,Unplanned outage,A03,,2018-05-10 14:45:00+02:00,WhvoscQcw2rlga4EVp7rbQ,57.0,Fossil Gas,15WBAKONY----PP6,Ajka,Bakonyi Gázturbinás Erőmű,Ajka_GT2,1,MAW,PT15M,2,2018-05-10 14:30:00+02:00
0,HU,Unplanned outage,A03,,2018-05-10 14:55:00+02:00,WhvoscQcw2rlga4EVp7rbQ,57.0,Fossil Gas,15WBAKONY----PP6,Ajka,Bakonyi Gázturbinás Erőmű,Ajka_GT2,1,MAW,PT1M,2,2018-05-10 14:45:00+02:00
0,HU,Unplanned outage,A03,,2018-05-11 23:37:00+02:00,4kl_H3IdRcztGQNHrFwTyQ,57.0,Fossil Gas,15WBAKONY----PP6,Ajka,Bakonyi Gázturbinás Erőmű,Ajka_GT1,1,MAW,PT1M,3,2018-05-11 23:21:00+02:00
0,HU,Unplanned outage,A03,,2018-05-12 03:45:00+02:00,-7W6Jr8qM1I197R7j6zhZA,200.0,Fossil Brown coal/Lignite,15WMATRA-----PPK,Visonta,Mátrai Erőmű,MÁ2_gép3,1,MAW,PT15M,2,2018-05-12 03:30:00+02:00
0,HU,Unplanned outage,A03,,2018-05-12 03:30:00+02:00,-7W6Jr8qM1I197R7j6zhZA,200.0,Fossil Brown coal/Lignite,15WMATRA-----PPK,Visonta,Mátrai Erőmű,MÁ2_gép3,1,MAW,PT30M,2,2018-05-12 03:00:00+02:00
0,HU,Unplanned outage,A03,,2018-05-12 03:59:00+02:00,-7W6Jr8qM1I197R7j6zhZA,200.0,Fossil Brown coal/Lignite,15WMATRA-----PPK,Visonta,Mátrai Erőmű,MÁ2_gép3,1,MAW,PT1M,2,2018-05-12 03:45:00+02:00
0,HU,Unplanned outage,A03,,2018-05-11 18:00:00+02:00,-7W6Jr8qM1I197R7j6zhZA,200.0,Fossil Brown coal/Lignite,15WMATRA-----PPK,Visonta,Mátrai Erőmű,MÁ2_gép3,1,MAW,PT30M,2,2018-05-11 17:30:00+02:00
0,HU,Unplanned outage,A03,,2018-05-11 17:30:00+02:00,-7W6Jr8qM1I197R7j6zhZA,200.0,Fossil Brown coal/Lignite,15WMATRA-----PPK,Visonta,Mátrai Erőmű,MÁ2_gép3,1,MAW,PT15M,2,2018-05-11 17:15:00+02:00
0,HU,Unplanned outage,A03,,2018-05-11 17:15:00+02:00,-7W6Jr8qM1I197R7j6zhZA,200.0,Fossil Brown coal/Lignite,15WMATRA-----PPK,Visonta,Mátrai Erőmű,MÁ2_gép3,1,MAW,PT1M,2,2018-05-11 17:04:00+02:00
0,HU,Unplanned outage,A03,,2018-05-12 03:00:00+02:00,-7W6Jr8qM1I197R7j6zhZA,200.0,Fossil Brown coal/Lignite,15WMATRA-----PPK,Visonta,Mátrai Erőmű,MÁ2_gép3,1,MAW,PT60M,2,2018-05-11 18:00:00+02:00
0,HU,Unplanned outage,A03,,2018-05-12 15:30:00+02:00,fSLJNER07wY6BJRQok5zUw,200.0,Fossil Brown coal/Lignite,15WMATRA-----PPK,Visonta,Mátrai Erőmű,MÁ2_gép3,1,MAW,PT30M,1,2018-05-12 14:30:00+02:00
0,HU,Unplanned outage,A03,,2018-05-12 14:30:00+02:00,fSLJNER07wY6BJRQok5zUw,200.0,Fossil Brown coal/Lignite,15WMATRA-----PPK,Visonta,Mátrai Erőmű,MÁ2_gép3,1,MAW,PT15M,1,2018-05-12 14:15:00+02:00
0,HU,Unplanned outage,A03,,2018-05-12 15:45:00+02:00,fSLJNER07wY6BJRQok5zUw,200.0,Fossil Brown coal/Lignite,15WMATRA-----PPK,Visonta,Mátrai Erőmű,MÁ2_gép3,1,MAW,PT15M,1,2018-05-12 15:30:00+02:00
0,HU,Unplanned outage,A03,,2018-05-12 14:15:00+02:00,fSLJNER07wY6BJRQok5zUw,200.0,Fossil Brown coal/Lignite,15WMATRA-----PPK,Visonta,Mátrai Erőmű,MÁ2_gép3,1,MAW,PT1M,1,2018-05-12 14:04:00+02:00
0,HU,Unplanned outage,A03,,2018-05-13 10:16:00+02:00,mJj1jyC5s9Yyb7h3PYwW3Q,44.0,Biomass,15WPANNON----PPS,Pécs,Pannongreen,Pécs_gép6,1,MAW,PT1M,1,2018-05-13 10:09:00+02:00
0,HU,Unplanned outage,A03,,2018-05-12 16:00:00+02:00,ISl9uounoBORgiC76V5-fw,200.0,Fossil Brown coal/Lignite,15WMATRA-----PPK,Visonta,Mátrai Erőmű,MÁ2_gép3,1,MAW,PT15M,4,2018-05-12 15:45:00+02:00
0,HU,Unplanned outage,A03,,2018-05-14 20:00:00+02:00,ISl9uounoBORgiC76V5-fw,200.0,Fossil Brown coal/Lignite,15WMATRA-----PPK,Visonta,Mátrai Erőmű,MÁ2_gép3,1,MAW,PT60M,4,2018-05-12 16:00:00+02:00
0,HU,Unplanned outage,A03,,2018-05-14 20:30:00+02:00,ISl9uounoBORgiC76V5-fw,200.0,Fossil Brown coal/Lignite,15WMATRA-----PPK,Visonta,Mátrai Erőmű,MÁ2_gép3,1,MAW,PT30M,4,2018-05-14 20:00:00+02:00
0,HU,Unplanned outage,A03,,2018-05-14 20:45:00+02:00,ISl9uounoBORgiC76V5-fw,200.0,Fossil Brown coal/Lignite,15WMATRA-----PPK,Visonta,Mátrai Erőmű,MÁ2_gép3,1,MAW,PT15M,4,2018-05-14 20:30:00+02:00
0,HU,Unplanned outage,A03,,2018-05-14 20:56:00+02:00,ISl9uounoBORgiC76V5-fw,200.0,Fossil Brown coal/Lignite,15WMATRA-----PPK,Visonta,Mátrai Erőmű,MÁ2_gép3,1,MAW,PT1M,4,2018-05-14 20:45:00+02:00
61.8,HU,Unplanned outage,A03,,2018-05-15 00:00:00+02:00,WSkJLtddc6jJby99sieDhQ,87.0,Fossil Brown coal/Lignite,15WMATRA-----PPK,Visonta,Mátrai Erőmű,MÁ1_gép2,1,MAW,PT60M,3,2018-05-12 02:00:00+02:00
0,HU,Unplanned outage,A03,,2018-05-15 17:01:00+02:00,YOCNyAyLnm_Ts4tZTTA7AA,87.0,Fossil Brown coal/Lignite,15WMATRA-----PPK,Visonta,Mátrai Erőmű,MÁ1_gép1,1,MAW,PT1M,3,2018-05-15 17:00:00+02:00
0,HU,Unplanned outage,A03,,2018-05-15 17:00:00+02:00,YOCNyAyLnm_Ts4tZTTA7AA,87.0,Fossil Brown coal/Lignite,15WMATRA-----PPK,Visonta,Mátrai Erőmű,MÁ1_gép1,1,MAW,PT60M,3,2018-05-14 08:00:00+02:00
0,HU,Unplanned outage,A03,,2018-05-16 08:33:00+02:00,QNy9dTZqt2GHGEJk2wCwYQ,57.0,Fossil Gas,15WBAKONY----PP6,Ajka,Bakonyi Gázturbinás Erőmű,Ajka_GT1,1,MAW,PT1M,2,2018-05-16 08:30:00+02:00
0,HU,Unplanned outage,A03,,2018-05-16 08:30:00+02:00,QNy9dTZqt2GHGEJk2wCwYQ,57.0,Fossil Gas,15WBAKONY----PP6,Ajka,Bakonyi Gázturbinás Erőmű,Ajka_GT1,1,MAW,PT30M,2,2018-05-16 08:00:00+02:00
0,HU,Unplanned outage,A03,,2018-05-18 07:00:00+02:00,9fghZjnkdTVyoHogT69vgw,87.0,Fossil Brown coal/Lignite,15WMATRA-----PPK,Visonta,Mátrai Erőmű,MÁ1_gép1,1,MAW,PT60M,4,2018-05-17 09:00:00+02:00
0,HU,Unplanned outage,A03,,2018-05-18 07:30:00+02:00,9fghZjnkdTVyoHogT69vgw,87.0,Fossil Brown coal/Lignite,15WMATRA-----PPK,Visonta,Mátrai Erőmű,MÁ1_gép1,1,MAW,PT30M,4,2018-05-18 07:00:00+02:00
0,HU,Unplanned outage,A03,,2018-05-14 20:45:00+02:00,Brxsz8V_v00gu8ISjoKWRA,200.0,Fossil Brown coal/Lignite,15WMATRA-----PPK,Visonta,Mátrai Erőmű,MÁ2_gép3,1,MAW,PT15M,2,2018-05-14 20:30:00+02:00
0,HU,Unplanned outage,A03,,2018-05-14 20:30:00+02:00,Brxsz8V_v00gu8ISjoKWRA,200.0,Fossil Brown coal/Lignite,15WMATRA-----PPK,Visonta,Mátrai Erőmű,MÁ2_gép3,1,MAW,PT30M,2,2018-05-14 20:00:00+02:00
0,HU,Unplanned outage,A03,,2018-05-14 20:00:00+02:00,Brxsz8V_v00gu8ISjoKWRA,200.0,Fossil Brown coal/Lignite,15WMATRA-----PPK,Visonta,Mátrai Erőmű,MÁ2_gép3,1,MAW,PT60M,2,2018-05-12 16:00:00+02:00
0,HU,Unplanned outage,A03,,2018-05-12 16:00:00+02:00,Brxsz8V_v00gu8ISjoKWRA,200.0,Fossil Brown coal/Lignite,15WMATRA-----PPK,Visonta,Mátrai Erőmű,MÁ2_gép3,1,MAW,PT15M,2,2018-05-12 15:45:00+02:00
0,HU,Unplanned outage,A03,,2018-05-14 20:56:00+02:00,Brxsz8V_v00gu8ISjoKWRA,200.0,Fossil Brown coal/Lignite,15WMATRA-----PPK,Visonta,Mátrai Erőmű,MÁ2_gép3,1,MAW,PT1M,2,2018-05-14 20:45:00+02:00
0,HU,Unplanned outage,A03,,2018-05-20 13:30:00+02:00,U1Eu5pYVANKK7Stx4kJs3g,200.0,Fossil Brown coal/Lignite,15WMATRA-----PPK,Visonta,Mátrai Erőmű,MÁ2_gép3,1,MAW,PT30M,2,2018-05-20 13:00:00+02:00
0,HU,Unplanned outage,A03,,2018-05-20 13:36:00+02:00,U1Eu5pYVANKK7Stx4kJs3g,200.0,Fossil Brown coal/Lignite,15WMATRA-----PPK,Visonta,Mátrai Erőmű,MÁ2_gép3,1,MAW,PT1M,2,2018-05-20 13:30:00+02:00
0,HU,Unplanned outage,A03,,2018-05-20 13:00:00+02:00,U1Eu5pYVANKK7Stx4kJs3g,200.0,Fossil Brown coal/Lignite,15WMATRA-----PPK,Visonta,Mátrai Erőmű,MÁ2_gép3,1,MAW,PT60M,2,2018-05-19 09:00:00+02:00
131,HU,Unplanned outage,A03,,2018-05-21 01:00:00+02:00,UxRREraIAnVnbEl9lId0Ww,132.0,Fossil Gas,15WDUME------PPI,Százhalombatta,Dunamenti Erőmű,DG3_gép8,1,MAW,PT60M,4,2018-05-21 00:00:00+02:00
131,HU,Unplanned outage,A03,,2018-05-21 01:30:00+02:00,UxRREraIAnVnbEl9lId0Ww,132.0,Fossil Gas,15WDUME------PPI,Százhalombatta,Dunamenti Erőmű,DG3_gép8,1,MAW,PT30M,4,2018-05-21 01:00:00+02:00
131,HU,Unplanned outage,A03,,2018-05-21 01:45:00+02:00,UxRREraIAnVnbEl9lId0Ww,132.0,Fossil Gas,15WDUME------PPI,Százhalombatta,Dunamenti Erőmű,DG3_gép8,1,MAW,PT15M,4,2018-05-21 01:30:00+02:00
131,HU,Unplanned outage,A03,,2018-05-21 01:51:00+02:00,UxRREraIAnVnbEl9lId0Ww,132.0,Fossil Gas,15WDUME------PPI,Százhalombatta,Dunamenti Erőmű,DG3_gép8,1,MAW,PT1M,4,2018-05-21 01:45:00+02:00
269,HU,Unplanned outage,A03,,2018-05-21 01:00:00+02:00,N8INJdqSbvGVzY96Ut73ZQ,269.0,Fossil Gas,15WDUME------PPI,Százhalombatta,Dunamenti Erőmű,DG3_gép7,1,MAW,PT60M,5,2018-05-21 00:00:00+02:00
269,HU,Unplanned outage,A03,,2018-05-21 01:30:00+02:00,N8INJdqSbvGVzY96Ut73ZQ,269.0,Fossil Gas,15WDUME------PPI,Százhalombatta,Dunamenti Erőmű,DG3_gép7,1,MAW,PT30M,5,2018-05-21 01:00:00+02:00
269,HU,Unplanned outage,A03,,2018-05-21 01:45:00+02:00,N8INJdqSbvGVzY96Ut73ZQ,269.0,Fossil Gas,15WDUME------PPI,Százhalombatta,Dunamenti Erőmű,DG3_gép7,1,MAW,PT15M,5,2018-05-21 01:30:00+02:00
269,HU,Unplanned outage,A03,,2018-05-21 01:51:00+02:00,N8INJdqSbvGVzY96Ut73ZQ,269.0,Fossil Gas,15WDUME------PPI,Százhalombatta,Dunamenti Erőmű,DG3_gép7,1,MAW,PT1M,5,2018-05-21 01:45:00+02:00
-1.4,HU,Unplanned outage,A03,,2018-05-23 22:32:00+02:00,O6bTi0OMPi7Xye4Bd_wHeA,427.0,Fossil Gas,15WGONYU-----PP5,Gönyű,Gönyűi Erőmű,GÖNYÜ_gép1,1,MAW,PT1M,3,2018-05-23 22:30:00+02:00
-1.4,HU,Unplanned outage,A03,,2018-05-23 22:30:00+02:00,O6bTi0OMPi7Xye4Bd_wHeA,427.0,Fossil Gas,15WGONYU-----PP5,Gönyű,Gönyűi Erőmű,GÖNYÜ_gép1,1,MAW,PT30M,3,2018-05-23 22:00:00+02:00
-1.4,HU,Unplanned outage,A03,,2018-05-21 01:00:00+02:00,O6bTi0OMPi7Xye4Bd_wHeA,427.0,Fossil Gas,15WGONYU-----PP5,Gönyű,Gönyűi Erőmű,GÖNYÜ_gép1,1,MAW,PT30M,3,2018-05-21 00:30:00+02:00
-1.4,HU,Unplanned outage,A03,,2018-05-21 00:30:00+02:00,O6bTi0OMPi7Xye4Bd_wHeA,427.0,Fossil Gas,15WGONYU-----PP5,Gönyű,Gönyűi Erőmű,GÖNYÜ_gép1,1,MAW,PT1M,3,2018-05-21 00:25:00+02:00
-1.4,HU,Unplanned outage,A03,,2018-05-23 22:00:00+02:00,O6bTi0OMPi7Xye4Bd_wHeA,427.0,Fossil Gas,15WGONYU-----PP5,Gönyű,Gönyűi Erőmű,GÖNYÜ_gép1,1,MAW,PT60M,3,2018-05-21 01:00:00+02:00
0,HU,Unplanned outage,A03,,2018-05-24 15:24:00+02:00,343R5p_ZI9Q8IpnJxTe5Jw,57.0,Fossil Gas,15WBAKONY----PP6,Ajka,Bakonyi Gázturbinás Erőmű,Ajka_GT2,1,MAW,PT1M,1,2018-05-24 15:07:00+02:00
38.6,HU,Unplanned outage,A03,,2018-05-28 11:15:00+02:00,xaV73wIgwbaqIHu1BQV89A,48.5,Fossil Gas,15WMVMSZK----PPY,Budapest,MVM szabályozási központ,ÉB_GT123,1,MAW,PT1M,2,2018-05-28 11:05:00+02:00
38.6,HU,Unplanned outage,A03,,2018-05-28 11:45:00+02:00,xaV73wIgwbaqIHu1BQV89A,48.5,Fossil Gas,15WMVMSZK----PPY,Budapest,MVM szabályozási központ,ÉB_GT123,1,MAW,PT15M,2,2018-05-28 11:15:00+02:00
38.6,HU,Unplanned outage,A03,,2018-05-28 11:59:00+02:00,xaV73wIgwbaqIHu1BQV89A,48.5,Fossil Gas,15WMVMSZK----PPY,Budapest,MVM szabályozási központ,ÉB_GT123,1,MAW,PT1M,2,2018-05-28 11:45:00+02:00
0,HU,Unplanned outage,A03,,2018-05-28 14:45:00+02:00,hl1eRvkHWCKLZst3nNv0-Q,87.0,Fossil Brown coal/Lignite,15WMATRA-----PPK,Visonta,Mátrai Erőmű,MÁ1_gép2,1,MAW,PT1M,4,2018-05-28 14:40:00+02:00
0,HU,Unplanned outage,A03,,2018-05-28 15:00:00+02:00,hl1eRvkHWCKLZst3nNv0-Q,87.0,Fossil Brown coal/Lignite,15WMATRA-----PPK,Visonta,Mátrai Erőmű,MÁ1_gép2,1,MAW,PT15M,4,2018-05-28 14:45:00+02:00
0,HU,Unplanned outage,A03,,2018-05-28 19:00:00+02:00,hl1eRvkHWCKLZst3nNv0-Q,87.0,Fossil Brown coal/Lignite,15WMATRA-----PPK,Visonta,Mátrai Erőmű,MÁ1_gép2,1,MAW,PT60M,4,2018-05-28 15:00:00+02:00
0,HU,Unplanned outage,A03,,2018-05-28 19:38:00+02:00,hl1eRvkHWCKLZst3nNv0-Q,87.0,Fossil Brown coal/Lignite,15WMATRA-----PPK,Visonta,Mátrai Erőmű,MÁ1_gép2,1,MAW,PT1M,4,2018-05-28 19:30:00+02:00
0,HU,Unplanned outage,A03,,2018-05-28 19:30:00+02:00,hl1eRvkHWCKLZst3nNv0-Q,87.0,Fossil Brown coal/Lignite,15WMATRA-----PPK,Visonta,Mátrai Erőmű,MÁ1_gép2,1,MAW,PT30M,4,2018-05-28 19:00:00+02:00
0,HU,Unplanned outage,A03,,2018-05-31 18:00:00+02:00,vGKua6JvrKWW2HIe_zDF9Q,87.0,Fossil Brown coal/Lignite,15WMATRA-----PPK,Visonta,Mátrai Erőmű,MÁ1_gép2,1,MAW,PT60M,4,2018-05-30 10:00:00+02:00
0,HU,Unplanned outage,A03,,2018-05-30 10:00:00+02:00,vGKua6JvrKWW2HIe_zDF9Q,87.0,Fossil Brown coal/Lignite,15WMATRA-----PPK,Visonta,Mátrai Erőmű,MÁ1_gép2,1,MAW,PT15M,4,2018-05-30 09:45:00+02:00
0,HU,Unplanned outage,A03,,2018-06-01 05:15:00+02:00,SaXptrJJlzsrxRA56IaR1A,207.0,Fossil Brown coal/Lignite,15WMATRA-----PPK,Visonta,Mátrai Erőmű,MÁ2_gép5,1,MAW,PT15M,1,2018-06-01 05:00:00+02:00
0,HU,Unplanned outage,A03,,2018-06-01 05:00:00+02:00,SaXptrJJlzsrxRA56IaR1A,207.0,Fossil Brown coal/Lignite,15WMATRA-----PPK,Visonta,Mátrai Erőmű,MÁ2_gép5,1,MAW,PT60M,1,2018-05-31 00:00:00+02:00
0,HU,Unplanned outage,A03,,2018-06-01 05:00:00+02:00,YrwgzfhW_zmR3DTo5-UhwQ,207.0,Fossil Brown coal/Lignite,15WMATRA-----PPK,Visonta,Mátrai Erőmű,MÁ2_gép5,1,MAW,PT60M,2,2018-06-01 00:00:00+02:00
0,HU,Unplanned outage,A03,,2018-06-01 05:15:00+02:00,YrwgzfhW_zmR3DTo5-UhwQ,207.0,Fossil Brown coal/Lignite,15WMATRA-----PPK,Visonta,Mátrai Erőmű,MÁ2_gép5,1,MAW,PT15M,2,2018-06-01 05:00:00+02:00
0,HU,Unplanned outage,A03,,2018-06-01 05:23:00+02:00,YrwgzfhW_zmR3DTo5-UhwQ,207.0,Fossil Brown coal/Lignite,15WMATRA-----PPK,Visonta,Mátrai Erőmű,MÁ2_gép5,1,MAW,PT1M,2,2018-06-01 05:15:00+02:00
82,HU,Unplanned outage,A03,,2018-06-02 21:37:00+02:00,fLqIz663IRmv-0Fg-2Q49g,237.8,Nuclear,15WPAKS------PPL,Paks,Paksi Atomerőmű,PA_gép4,1,MAW,PT1M,2,2018-06-02 21:30:00+02:00
82,HU,Unplanned outage,A03,,2018-06-02 21:30:00+02:00,fLqIz663IRmv-0Fg-2Q49g,237.8,Nuclear,15WPAKS------PPL,Paks,Paksi Atomerőmű,PA_gép4,1,MAW,PT30M,2,2018-06-02 20:30:00+02:00
82,HU,Unplanned outage,A03,,2018-06-02 20:30:00+02:00,fLqIz663IRmv-0Fg-2Q49g,237.8,Nuclear,15WPAKS------PPL,Paks,Paksi Atomerőmű,PA_gép4,1,MAW,PT15M,2,2018-06-02 20:15:00+02:00
82,HU,Unplanned outage,A03,,2018-06-02 20:15:00+02:00,fLqIz663IRmv-0Fg-2Q49g,237.8,Nuclear,15WPAKS------PPL,Paks,Paksi Atomerőmű,PA_gép4,1,MAW,PT1M,2,2018-06-02 20:10:00+02:00
0,HU,Unplanned outage,A03,,2018-06-03 12:00:00+02:00,uamVxHWsDEvuPY-RtMw5qg,143.0,Fossil Gas,15WDUME------PPI,Százhalombatta,Dunamenti Erőmű,DG2_gép14,1,MAW,PT60M,3,2018-05-30 08:00:00+02:00
0,HU,Unplanned outage,A03,,2018-06-05 02:00:00+02:00,utKS330g-uOyJEcOJ-NQzg,207.0,Fossil Brown coal/Lignite,15WMATRA-----PPK,Visonta,Mátrai Erőmű,MÁ2_gép5,1,MAW,PT60M,2,2018-06-05 01:00:00+02:00
0,HU,Unplanned outage,A03,,2018-06-05 02:30:00+02:00,utKS330g-uOyJEcOJ-NQzg,207.0,Fossil Brown coal/Lignite,15WMATRA-----PPK,Visonta,Mátrai Erőmű,MÁ2_gép5,1,MAW,PT30M,2,2018-06-05 02:00:00+02:00
0,HU,Unplanned outage,A03,,2018-06-05 02:45:00+02:00,utKS330g-uOyJEcOJ-NQzg,207.0,Fossil Brown coal/Lignite,15WMATRA-----PPK,Visonta,Mátrai Erőmű,MÁ2_gép5,1,MAW,PT15M,2,2018-06-05 02:30:00+02:00
0,HU,Unplanned outage,A03,,2018-06-05 02:50:00+02:00,utKS330g-uOyJEcOJ-NQzg,207.0,Fossil Brown coal/Lignite,15WMATRA-----PPK,Visonta,Mátrai Erőmű,MÁ2_gép5,1,MAW,PT1M,2,2018-06-05 02:45:00+02:00
0,HU,Unplanned outage,A03,,2018-06-05 12:20:00+02:00,OEIyadFiJjcItm23eDERtg,57.0,Fossil Gas,15WBAKONY----PP6,Ajka,Bakonyi Gázturbinás Erőmű,Ajka_GT2,1,MAW,PT1M,2,2018-06-05 12:02:00+02:00
0,HU,Unplanned outage,A03,,2018-06-05 16:33:00+02:00,50Ota541e7wjZ4X6C2RNAg,154.0,Fossil Gas,15WDUME------PPI,Százhalombatta,Dunamenti Erőmű,DG2_gép15,1,MAW,PT1M,3,2018-06-05 16:30:00+02:00
0,HU,Unplanned outage,A03,,2018-06-05 16:30:00+02:00,50Ota541e7wjZ4X6C2RNAg,154.0,Fossil Gas,15WDUME------PPI,Százhalombatta,Dunamenti Erőmű,DG2_gép15,1,MAW,PT30M,3,2018-06-05 16:00:00+02:00
0,HU,Unplanned outage,A03,,2018-06-05 16:00:00+02:00,50Ota541e7wjZ4X6C2RNAg,154.0,Fossil Gas,15WDUME------PPI,Százhalombatta,Dunamenti Erőmű,DG2_gép15,1,MAW,PT60M,3,2018-06-05 12:00:00+02:00
0,HU,Unplanned outage,A03,,2018-06-05 12:00:00+02:00,50Ota541e7wjZ4X6C2RNAg,154.0,Fossil Gas,15WDUME------PPI,Százhalombatta,Dunamenti Erőmű,DG2_gép15,1,MAW,PT30M,3,2018-06-05 11:30:00+02:00
0,HU,Unplanned outage,A03,,2018-06-05 11:30:00+02:00,50Ota541e7wjZ4X6C2RNAg,154.0,Fossil Gas,15WDUME------PPI,Százhalombatta,Dunamenti Erőmű,DG2_gép15,1,MAW,PT15M,3,2018-06-05 11:15:00+02:00
0,HU,Unplanned outage,A03,,2018-06-05 11:15:00+02:00,50Ota541e7wjZ4X6C2RNAg,154.0,Fossil Gas,15WDUME------PPI,Százhalombatta,Dunamenti Erőmű,DG2_gép15,1,MAW,PT1M,3,2018-06-05 11:05:00+02:00
0,HU,Unplanned outage,A03,,2018-06-05 17:30:00+02:00,bf2ryL_rGqYJ2SH1cMGx6Q,87.0,Fossil Brown coal/Lignite,15WMATRA-----PPK,Visonta,Mátrai Erőmű,MÁ1_gép2,1,MAW,PT30M,3,2018-06-05 17:00:00+02:00
0,HU,Unplanned outage,A03,,2018-06-05 17:00:00+02:00,bf2ryL_rGqYJ2SH1cMGx6Q,87.0,Fossil Brown coal/Lignite,15WMATRA-----PPK,Visonta,Mátrai Erőmű,MÁ1_gép2,1,MAW,PT60M,3,2018-06-05 10:00:00+02:00
0,HU,Unplanned outage,A03,,2018-06-05 21:00:00+02:00,xkyqjHi6i751tTvWdjyLWQ,200.0,Fossil Brown coal/Lignite,15WMATRA-----PPK,Visonta,Mátrai Erőmű,MÁ2_gép3,1,MAW,PT60M,2,2018-06-05 00:00:00+02:00
0,HU,Unplanned outage,A03,,2018-06-05 00:00:00+02:00,xkyqjHi6i751tTvWdjyLWQ,200.0,Fossil Brown coal/Lignite,15WMATRA-----PPK,Visonta,Mátrai Erőmű,MÁ2_gép3,1,MAW,PT1M,2,2018-06-04 23:58:00+02:00
0,HU,Unplanned outage,A03,,2018-06-06 04:30:00+02:00,aTzdpnq4jVppTV89M03lPw,269.0,Fossil Gas,15WDUME------PPI,Százhalombatta,Dunamenti Erőmű,DG3_gép7,1,MAW,PT30M,2,2018-06-06 04:00:00+02:00
0,HU,Unplanned outage,A03,,2018-06-06 04:50:00+02:00,aTzdpnq4jVppTV89M03lPw,269.0,Fossil Gas,15WDUME------PPI,Százhalombatta,Dunamenti Erőmű,DG3_gép7,1,MAW,PT1M,2,2018-06-06 04:45:00+02:00
0,HU,Unplanned outage,A03,,2018-06-06 04:45:00+02:00,aTzdpnq4jVppTV89M03lPw,269.0,Fossil Gas,15WDUME------PPI,Százhalombatta,Dunamenti Erőmű,DG3_gép7,1,MAW,PT15M,2,2018-06-06 04:30:00+02:00
0,HU,Unplanned outage,A03,,2018-06-06 05:30:00+02:00,0U1Dw4dv7cm9Bg5bA4z2pg,132.0,Fossil Gas,15WDUME------PPI,Százhalombatta,Dunamenti Erőmű,DG3_gép8,1,MAW,PT30M,2,2018-06-06 04:30:00+02:00
0,HU,Unplanned outage,A03,,2018-06-06 05:45:00+02:00,0U1Dw4dv7cm9Bg5bA4z2pg,132.0,Fossil Gas,15WDUME------PPI,Százhalombatta,Dunamenti Erőmű,DG3_gép8,1,MAW,PT15M,2,2018-06-06 05:30:00+02:00
0,HU,Unplanned outage,A03,,2018-06-06 05:51:00+02:00,0U1Dw4dv7cm9Bg5bA4z2pg,132.0,Fossil Gas,15WDUME------PPI,Százhalombatta,Dunamenti Erőmű,DG3_gép8,1,MAW,PT1M,2,2018-06-06 05:45:00+02:00
0,HU,Unplanned outage,A03,,2018-06-06 04:30:00+02:00,0U1Dw4dv7cm9Bg5bA4z2pg,132.0,Fossil Gas,15WDUME------PPI,Százhalombatta,Dunamenti Erőmű,DG3_gép8,1,MAW,PT15M,2,2018-06-06 04:15:00+02:00
19.8,HU,Unplanned outage,A03,,2018-05-28 12:00:00+02:00,BB9dWxVu7u9Mz3CkV55q3g,48.5,Fossil Gas,15WMVMSZK----PPY,Budapest,MVM szabályozási központ,ÉB_GT123,1,MAW,PT1M,1,2018-05-28 11:59:00+02:00
19.8,HU,Unplanned outage,A03,,2018-06-07 10:00:00+02:00,BB9dWxVu7u9Mz3CkV55q3g,48.5,Fossil Gas,15WMVMSZK----PPY,Budapest,MVM szabályozási központ,ÉB_GT123,1,MAW,PT60M,1,2018-05-28 12:00:00+02:00
19.8,HU,Unplanned outage,A03,,2018-06-07 10:30:00+02:00,BB9dWxVu7u9Mz3CkV55q3g,48.5,Fossil Gas,15WMVMSZK----PPY,Budapest,MVM szabályozási központ,ÉB_GT123,1,MAW,PT30M,1,2018-06-07 10:00:00+02:00
19.8,HU,Unplanned outage,A03,,2018-06-07 10:40:00+02:00,BB9dWxVu7u9Mz3CkV55q3g,48.5,Fossil Gas,15WMVMSZK----PPY,Budapest,MVM szabályozási központ,ÉB_GT123,1,MAW,PT1M,1,2018-06-07 10:30:00+02:00
0,HU,Unplanned outage,A03,,2018-06-07 18:37:00+02:00,vCFsF6q4htuL1PYP6jY9mg,57.0,Fossil Gas,15WBAKONY----PP6,Ajka,Bakonyi Gázturbinás Erőmű,Ajka_GT2,1,MAW,PT1M,2,2018-06-07 18:25:00+02:00
4.1,HU,Unplanned outage,A03,,2018-06-06 12:00:00+02:00,LlsID2iZHwe6FzIVUkNFOQ,239.9,Nuclear,15WPAKS------PPL,Paks,Paksi Atomerőmű,PA_gép2,1,MAW,PT1M,3,2018-06-06 11:57:00+02:00
4.1,HU,Unplanned outage,A03,,2018-06-07 23:00:00+02:00,LlsID2iZHwe6FzIVUkNFOQ,239.9,Nuclear,15WPAKS------PPL,Paks,Paksi Atomerőmű,PA_gép2,1,MAW,PT60M,3,2018-06-06 12:00:00+02:00
4.1,HU,Unplanned outage,A03,,2018-06-07 23:15:00+02:00,LlsID2iZHwe6FzIVUkNFOQ,239.9,Nuclear,15WPAKS------PPL,Paks,Paksi Atomerőmű,PA_gép2,1,MAW,PT15M,3,2018-06-07 23:00:00+02:00
4.1,HU,Unplanned outage,A03,,2018-06-07 23:18:00+02:00,LlsID2iZHwe6FzIVUkNFOQ,239.9,Nuclear,15WPAKS------PPL,Paks,Paksi Atomerőmű,PA_gép2,1,MAW,PT1M,3,2018-06-07 23:15:00+02:00
4.1,HU,Unplanned outage,A03,,2018-06-07 20:45:00+02:00,beEzYeS0kvMSmjo8s-HucA,239.9,Nuclear,15WPAKS------PPL,Paks,Paksi Atomerőmű,PA_gép1,1,MAW,PT1M,2,2018-06-07 20:44:00+02:00
4.1,HU,Unplanned outage,A03,,2018-06-07 21:00:00+02:00,beEzYeS0kvMSmjo8s-HucA,239.9,Nuclear,15WPAKS------PPL,Paks,Paksi Atomerőmű,PA_gép1,1,MAW,PT15M,2,2018-06-07 20:45:00+02:00
4.1,HU,Unplanned outage,A03,,2018-06-08 11:00:00+02:00,beEzYeS0kvMSmjo8s-HucA,239.9,Nuclear,15WPAKS------PPL,Paks,Paksi Atomerőmű,PA_gép1,1,MAW,PT60M,2,2018-06-07 21:00:00+02:00
4.1,HU,Unplanned outage,A03,,2018-06-08 11:15:00+02:00,beEzYeS0kvMSmjo8s-HucA,239.9,Nuclear,15WPAKS------PPL,Paks,Paksi Atomerőmű,PA_gép1,1,MAW,PT15M,2,2018-06-08 11:00:00+02:00
4.1,HU,Unplanned outage,A03,,2018-06-08 11:19:00+02:00,beEzYeS0kvMSmjo8s-HucA,239.9,Nuclear,15WPAKS------PPL,Paks,Paksi Atomerőmű,PA_gép1,1,MAW,PT1M,2,2018-06-08 11:15:00+02:00
0,HU,Unplanned outage,A03,,2018-06-11 01:22:00+02:00,0tBa4RitweLF8VK-DYvUBw,19.5,Fossil Gas,15WMVMSZK----PPY,Budapest,MVM szabályozási központ,MISKOLC_gép2,1,MAW,PT1M,2,2018-06-11 01:20:00+02:00
0,HU,Unplanned outage,A03,,2018-06-11 01:45:00+02:00,dKoBkez_rZt_QYXD_Casbg,19.5,Fossil Gas,15WMVMSZK----PPY,Budapest,MVM szabályozási központ,MISKOLC_gép2,1,MAW,PT1M,2,2018-06-11 01:43:00+02:00
0,HU,Unplanned outage,A03,,2018-06-16 00:08:00+02:00,4P7276QdLn0AsYplLtb6qA,62.0,Biomass,15WPECS------PPO,Pécs,Pécsi Erőmű,Pécs_gép2,1,MAW,PT1M,1,2018-06-15 23:53:00+02:00
-1.4,HU,Unplanned outage,A03,,2018-06-16 09:13:00+02:00,WI2GLw6DvXXPOflgRliVDQ,427.0,Fossil Gas,15WGONYU-----PP5,Gönyű,Gönyűi Erőmű,GÖNYÜ_gép1,1,MAW,PT1M,1,2018-06-16 09:00:00+02:00
-1.4,HU,Unplanned outage,A03,,2018-06-16 09:00:00+02:00,WI2GLw6DvXXPOflgRliVDQ,427.0,Fossil Gas,15WGONYU-----PP5,Gönyű,Gönyűi Erőmű,GÖNYÜ_gép1,1,MAW,PT60M,1,2018-06-16 07:00:00+02:00
-1.4,HU,Unplanned outage,A03,,2018-06-16 06:45:00+02:00,WI2GLw6DvXXPOflgRliVDQ,427.0,Fossil Gas,15WGONYU-----PP5,Gönyű,Gönyűi Erőmű,GÖNYÜ_gép1,1,MAW,PT1M,1,2018-06-16 06:33:00+02:00
-1.4,HU,Unplanned outage,A03,,2018-06-16 07:00:00+02:00,WI2GLw6DvXXPOflgRliVDQ,427.0,Fossil Gas,15WGONYU-----PP5,Gönyű,Gönyűi Erőmű,GÖNYÜ_gép1,1,MAW,PT15M,1,2018-06-16 06:45:00+02:00
0,HU,Unplanned outage,A03,,2018-06-23 16:30:00+02:00,cv-dQjlc-JT3A5hqhuHzOA,28.0,Biomass,15WBAKONYI---PPL,Ajka,Bakonyi Bioerőmű,Ajka_gép7,1,MAW,PT30M,3,2018-06-23 16:00:00+02:00
0,HU,Unplanned outage,A03,,2018-05-04 08:45:00+02:00,cv-dQjlc-JT3A5hqhuHzOA,28.0,Biomass,15WBAKONYI---PPL,Ajka,Bakonyi Bioerőmű,Ajka_gép7,1,MAW,PT1M,3,2018-05-04 08:34:00+02:00
0,HU,Unplanned outage,A03,,2018-06-23 16:00:00+02:00,cv-dQjlc-JT3A5hqhuHzOA,28.0,Biomass,15WBAKONYI---PPL,Ajka,Bakonyi Bioerőmű,Ajka_gép7,1,MAW,PT60M,3,2018-05-04 09:00:00+02:00
0,HU,Unplanned outage,A03,,2018-05-04 09:00:00+02:00,cv-dQjlc-JT3A5hqhuHzOA,28.0,Biomass,15WBAKONYI---PPL,Ajka,Bakonyi Bioerőmű,Ajka_gép7,1,MAW,PT15M,3,2018-05-04 08:45:00+02:00
0,HU,Unplanned outage,A03,,2018-06-24 20:00:00+02:00,HRCR30lkC0uDADsO3rfLlQ,207.0,Fossil Brown coal/Lignite,15WMATRA-----PPK,Visonta,Mátrai Erőmű,MÁ2_gép5,1,MAW,PT60M,5,2018-06-23 03:00:00+02:00
0,HU,Unplanned outage,A03,,2018-06-24 20:13:00+02:00,HRCR30lkC0uDADsO3rfLlQ,207.0,Fossil Brown coal/Lignite,15WMATRA-----PPK,Visonta,Mátrai Erőmű,MÁ2_gép5,1,MAW,PT1M,5,2018-06-24 20:00:00+02:00
0,HU,Unplanned outage,A03,,2018-06-30 11:30:00+02:00,52RQvbHw_mSvdDc6s_IliA,207.0,Fossil Brown coal/Lignite,15WMATRA-----PPK,Visonta,Mátrai Erőmű,MÁ2_gép5,1,MAW,PT1M,1,2018-06-30 11:25:00+02:00
0,HU,Unplanned outage,A03,,2018-06-30 12:00:00+02:00,52RQvbHw_mSvdDc6s_IliA,207.0,Fossil Brown coal/Lignite,15WMATRA-----PPK,Visonta,Mátrai Erőmű,MÁ2_gép5,1,MAW,PT30M,1,2018-06-30 11:30:00+02:00
0,HU,Unplanned outage,A03,,2018-06-30 13:00:00+02:00,52RQvbHw_mSvdDc6s_IliA,207.0,Fossil Brown coal/Lignite,15WMATRA-----PPK,Visonta,Mátrai Erőmű,MÁ2_gép5,1,MAW,PT60M,1,2018-06-30 12:00:00+02:00
0,HU,Unplanned outage,A03,,2018-06-30 13:15:00+02:00,52RQvbHw_mSvdDc6s_IliA,207.0,Fossil Brown coal/Lignite,15WMATRA-----PPK,Visonta,Mátrai Erőmű,MÁ2_gép5,1,MAW,PT15M,1,2018-06-30 13:00:00+02:00
0,HU,Unplanned outage,A03,,2018-07-03 11:45:00+02:00,ct949s3E-S0MkhkWDgDGwQ,118.0,Fossil Gas,15WCSEPEL----PPI,Budapest,Alpiq Csepel Erőmű,CSP_ST,1,MAW,PT15M,2,2018-07-03 11:30:00+02:00
0,HU,Unplanned outage,A03,,2018-07-03 11:00:00+02:00,ct949s3E-S0MkhkWDgDGwQ,118.0,Fossil Gas,15WCSEPEL----PPI,Budapest,Alpiq Csepel Erőmű,CSP_ST,1,MAW,PT1M,2,2018-07-03 10:59:00+02:00
0,HU,Unplanned outage,A03,,2018-07-03 11:48:00+02:00,ct949s3E-S0MkhkWDgDGwQ,118.0,Fossil Gas,15WCSEPEL----PPI,Budapest,Alpiq Csepel Erőmű,CSP_ST,1,MAW,PT1M,2,2018-07-03 11:45:00+02:00
0,HU,Unplanned outage,A03,,2018-07-03 11:30:00+02:00,ct949s3E-S0MkhkWDgDGwQ,118.0,Fossil Gas,15WCSEPEL----PPI,Budapest,Alpiq Csepel Erőmű,CSP_ST,1,MAW,PT30M,2,2018-07-03 11:00:00+02:00
0,HU,Unplanned outage,A03,,2018-07-03 04:15:00+02:00,DSudZE7bmtRQoaL9LMo_5g,62.0,Biomass,15WPECS------PPO,Pécs,Pécsi Erőmű,Pécs_gép2,1,MAW,PT1M,3,2018-07-03 04:02:00+02:00
0,HU,Unplanned outage,A03,,2018-07-04 09:15:00+02:00,DSudZE7bmtRQoaL9LMo_5g,62.0,Biomass,15WPECS------PPO,Pécs,Pécsi Erőmű,Pécs_gép2,1,MAW,PT15M,3,2018-07-04 09:00:00+02:00
0,HU,Unplanned outage,A03,,2018-07-03 04:30:00+02:00,DSudZE7bmtRQoaL9LMo_5g,62.0,Biomass,15WPECS------PPO,Pécs,Pécsi Erőmű,Pécs_gép2,1,MAW,PT15M,3,2018-07-03 04:15:00+02:00
0,HU,Unplanned outage,A03,,2018-07-04 09:20:00+02:00,DSudZE7bmtRQoaL9LMo_5g,62.0,Biomass,15WPECS------PPO,Pécs,Pécsi Erőmű,Pécs_gép2,1,MAW,PT1M,3,2018-07-04 09:15:00+02:00
0,HU,Unplanned outage,A03,,2018-07-04 09:00:00+02:00,DSudZE7bmtRQoaL9LMo_5g,62.0,Biomass,15WPECS------PPO,Pécs,Pécsi Erőmű,Pécs_gép2,1,MAW,PT60M,3,2018-07-03 05:00:00+02:00
0,HU,Unplanned outage,A03,,2018-07-03 05:00:00+02:00,DSudZE7bmtRQoaL9LMo_5g,62.0,Biomass,15WPECS------PPO,Pécs,Pécsi Erőmű,Pécs_gép2,1,MAW,PT30M,3,2018-07-03 04:30:00+02:00
0,HU,Unplanned outage,A03,,2018-07-04 10:15:00+02:00,P3kVi3fY3q0lYr1U_mqoag,62.0,Biomass,15WPECS------PPO,Pécs,Pécsi Erőmű,Pécs_gép2,1,MAW,PT15M,2,2018-07-04 10:00:00+02:00
0,HU,Unplanned outage,A03,,2018-07-04 10:00:00+02:00,P3kVi3fY3q0lYr1U_mqoag,62.0,Biomass,15WPECS------PPO,Pécs,Pécsi Erőmű,Pécs_gép2,1,MAW,PT1M,2,2018-07-04 09:56:00+02:00
0,HU,Unplanned outage,A03,,2018-07-04 20:00:00+02:00,tVDq2n8S08fvmRCATUrbWw,207.0,Fossil Brown coal/Lignite,15WMATRA-----PPK,Visonta,Mátrai Erőmű,MÁ2_gép5,1,MAW,PT60M,1,2018-07-04 19:00:00+02:00
0,HU,Unplanned outage,A03,,2018-07-04 20:15:00+02:00,tVDq2n8S08fvmRCATUrbWw,207.0,Fossil Brown coal/Lignite,15WMATRA-----PPK,Visonta,Mátrai Erőmű,MÁ2_gép5,1,MAW,PT15M,1,2018-07-04 20:00:00+02:00
0,HU,Unplanned outage,A03,,2018-07-10 07:30:00+02:00,sGVK0-h_5gM4JshN9DYgLQ,87.0,Fossil Brown coal/Lignite,15WMATRA-----PPK,Visonta,Mátrai Erőmű,MÁ1_gép1,1,MAW,PT15M,2,2018-07-10 07:15:00+02:00
0,HU,Unplanned outage,A03,,2018-07-10 08:00:00+02:00,sGVK0-h_5gM4JshN9DYgLQ,87.0,Fossil Brown coal/Lignite,15WMATRA-----PPK,Visonta,Mátrai Erőmű,MÁ1_gép1,1,MAW,PT30M,2,2018-07-10 07:30:00+02:00
0,HU,Unplanned outage,A03,,2018-07-10 15:00:00+02:00,sGVK0-h_5gM4JshN9DYgLQ,87.0,Fossil Brown coal/Lignite,15WMATRA-----PPK,Visonta,Mátrai Erőmű,MÁ1_gép1,1,MAW,PT60M,2,2018-07-10 08:00:00+02:00
0,HU,Unplanned outage,A03,,2018-07-10 15:15:00+02:00,sGVK0-h_5gM4JshN9DYgLQ,87.0,Fossil Brown coal/Lignite,15WMATRA-----PPK,Visonta,Mátrai Erőmű,MÁ1_gép1,1,MAW,PT15M,2,2018-07-10 15:00:00+02:00
0,HU,Unplanned outage,A03,,2018-07-10 15:16:00+02:00,sGVK0-h_5gM4JshN9DYgLQ,87.0,Fossil Brown coal/Lignite,15WMATRA-----PPK,Visonta,Mátrai Erőmű,MÁ1_gép1,1,MAW,PT1M,2,2018-07-10 15:15:00+02:00
23.4,HU,Unplanned outage,A03,,2018-07-14 18:00:00+02:00,Vtr_t62X94knnT-VE6MYXQ,67.5,Fossil Gas,15WVEOLIASZK-PPQ,Budapest,VEOLIA szabályozási központ,VEOLIA.TERC,1,MAW,PT60M,1,2018-07-14 16:00:00+02:00
23.4,HU,Unplanned outage,A03,,2018-07-14 16:00:00+02:00,Vtr_t62X94knnT-VE6MYXQ,67.5,Fossil Gas,15WVEOLIASZK-PPQ,Budapest,VEOLIA szabályozási központ,VEOLIA.TERC,1,MAW,PT15M,1,2018-07-14 15:45:00+02:00
0,HU,Unplanned outage,A03,,2018-07-16 12:08:00+02:00,8iP_eJ1n49VRYqxTWkivXw,47.0,Fossil Gas,15WNYKCE-----PP6,Oroszlány,Nyíregyházi Kombináltciklusú Erőmű,NYKCE_Kombgt,1,MAW,PT1M,1,2018-07-16 12:00:00+02:00
0,HU,Unplanned outage,A03,,2018-07-16 12:00:00+02:00,8iP_eJ1n49VRYqxTWkivXw,47.0,Fossil Gas,15WNYKCE-----PP6,Oroszlány,Nyíregyházi Kombináltciklusú Erőmű,NYKCE_Kombgt,1,MAW,PT60M,1,2018-07-16 11:00:00+02:00
0,HU,Unplanned outage,A03,,2018-07-16 11:00:00+02:00,8iP_eJ1n49VRYqxTWkivXw,47.0,Fossil Gas,15WNYKCE-----PP6,Oroszlány,Nyíregyházi Kombináltciklusú Erőmű,NYKCE_Kombgt,1,MAW,PT1M,1,2018-07-16 10:47:00+02:00
0,HU,Unplanned outage,A03,,2018-07-20 13:00:00+02:00,wx8sqyKG8AlP4CpWe3fX9w,200.0,Fossil Brown coal/Lignite,15WMATRA-----PPK,Visonta,Mátrai Erőmű,MÁ2_gép3,1,MAW,PT1M,2,2018-07-20 12:55:00+02:00
0,HU,Unplanned outage,A03,,2018-07-20 15:30:00+02:00,wx8sqyKG8AlP4CpWe3fX9w,200.0,Fossil Brown coal/Lignite,15WMATRA-----PPK,Visonta,Mátrai Erőmű,MÁ2_gép3,1,MAW,PT30M,2,2018-07-20 15:00:00+02:00
0,HU,Unplanned outage,A03,,2018-07-20 15:00:00+02:00,wx8sqyKG8AlP4CpWe3fX9w,200.0,Fossil Brown coal/Lignite,15WMATRA-----PPK,Visonta,Mátrai Erőmű,MÁ2_gép3,1,MAW,PT60M,2,2018-07-20 13:00:00+02:00
0,HU,Unplanned outage,A03,,2018-07-20 15:40:00+02:00,wx8sqyKG8AlP4CpWe3fX9w,200.0,Fossil Brown coal/Lignite,15WMATRA-----PPK,Visonta,Mátrai Erőmű,MÁ2_gép3,1,MAW,PT1M,2,2018-07-20 15:30:00+02:00
0,HU,Unplanned outage,A03,,2018-07-20 15:37:00+02:00,lL9BoXGo_1VesM-Gg12okw,206.0,Fossil Brown coal/Lignite,15WMATRA-----PPK,Visonta,Mátrai Erőmű,MÁ2_gép4,1,MAW,PT1M,2,2018-07-20 15:30:00+02:00
0,HU,Unplanned outage,A03,,2018-07-20 15:30:00+02:00,lL9BoXGo_1VesM-Gg12okw,206.0,Fossil Brown coal/Lignite,15WMATRA-----PPK,Visonta,Mátrai Erőmű,MÁ2_gép4,1,MAW,PT30M,2,2018-07-20 15:00:00+02:00
0,HU,Unplanned outage,A03,,2018-07-20 15:00:00+02:00,lL9BoXGo_1VesM-Gg12okw,206.0,Fossil Brown coal/Lignite,15WMATRA-----PPK,Visonta,Mátrai Erőmű,MÁ2_gép4,1,MAW,PT60M,2,2018-07-20 13:00:00+02:00
0,HU,Unplanned outage,A03,,2018-07-20 13:00:00+02:00,lL9BoXGo_1VesM-Gg12okw,206.0,Fossil Brown coal/Lignite,15WMATRA-----PPK,Visonta,Mátrai Erőmű,MÁ2_gép4,1,MAW,PT1M,2,2018-07-20 12:55:00+02:00
0,HU,Unplanned outage,A03,,2018-07-20 15:49:00+02:00,7chLZtxY4prOgoSuLxKuxg,207.0,Fossil Brown coal/Lignite,15WMATRA-----PPK,Visonta,Mátrai Erőmű,MÁ2_gép5,1,MAW,PT1M,2,2018-07-20 15:45:00+02:00
0,HU,Unplanned outage,A03,,2018-07-20 15:45:00+02:00,7chLZtxY4prOgoSuLxKuxg,207.0,Fossil Brown coal/Lignite,15WMATRA-----PPK,Visonta,Mátrai Erőmű,MÁ2_gép5,1,MAW,PT15M,2,2018-07-20 15:30:00+02:00
0,HU,Unplanned outage,A03,,2018-07-20 15:30:00+02:00,7chLZtxY4prOgoSuLxKuxg,207.0,Fossil Brown coal/Lignite,15WMATRA-----PPK,Visonta,Mátrai Erőmű,MÁ2_gép5,1,MAW,PT30M,2,2018-07-20 15:00:00+02:00
0,HU,Unplanned outage,A03,,2018-07-20 15:00:00+02:00,7chLZtxY4prOgoSuLxKuxg,207.0,Fossil Brown coal/Lignite,15WMATRA-----PPK,Visonta,Mátrai Erőmű,MÁ2_gép5,1,MAW,PT60M,2,2018-07-20 13:00:00+02:00
0,HU,Unplanned outage,A03,,2018-07-20 13:00:00+02:00,7chLZtxY4prOgoSuLxKuxg,207.0,Fossil Brown coal/Lignite,15WMATRA-----PPK,Visonta,Mátrai Erőmű,MÁ2_gép5,1,MAW,PT1M,2,2018-07-20 12:55:00+02:00
0,HU,Unplanned outage,A03,,2018-07-21 16:00:00+02:00,FRcVSsGQkxWtwuXnyFhGCA,207.0,Fossil Brown coal/Lignite,15WMATRA-----PPK,Visonta,Mátrai Erőmű,MÁ2_gép5,1,MAW,PT1M,3,2018-07-21 15:58:00+02:00
0,HU,Unplanned outage,A03,,2018-07-22 08:00:00+02:00,FRcVSsGQkxWtwuXnyFhGCA,207.0,Fossil Brown coal/Lignite,15WMATRA-----PPK,Visonta,Mátrai Erőmű,MÁ2_gép5,1,MAW,PT60M,3,2018-07-21 16:00:00+02:00
0,HU,Unplanned outage,A03,,2018-07-22 08:15:00+02:00,FRcVSsGQkxWtwuXnyFhGCA,207.0,Fossil Brown coal/Lignite,15WMATRA-----PPK,Visonta,Mátrai Erőmű,MÁ2_gép5,1,MAW,PT15M,3,2018-07-22 08:00:00+02:00
0,HU,Unplanned outage,A03,,2018-07-22 08:23:00+02:00,FRcVSsGQkxWtwuXnyFhGCA,207.0,Fossil Brown coal/Lignite,15WMATRA-----PPK,Visonta,Mátrai Erőmű,MÁ2_gép5,1,MAW,PT1M,3,2018-07-22 08:15:00+02:00
38.6,HU,Unplanned outage,A03,,2018-07-23 16:00:00+02:00,pQvamdxX7LzoWOMdgYjgMg,48.5,Fossil Gas,15WMVMSZK----PPY,Budapest,MVM szabályozási központ,ÉB_GT123,1,MAW,PT60M,1,2018-07-23 12:00:00+02:00
0,HU,Unplanned outage,A03,,2018-07-23 21:00:00+02:00,QjwBEWv5mSA_7eke3F3HYQ,206.0,Fossil Brown coal/Lignite,15WMATRA-----PPK,Visonta,Mátrai Erőmű,MÁ2_gép4,1,MAW,PT60M,3,2018-07-23 12:00:00+02:00
0,HU,Unplanned outage,A03,,2018-07-23 21:01:00+02:00,QjwBEWv5mSA_7eke3F3HYQ,206.0,Fossil Brown coal/Lignite,15WMATRA-----PPK,Visonta,Mátrai Erőmű,MÁ2_gép4,1,MAW,PT1M,3,2018-07-23 21:00:00+02:00
0,HU,Unplanned outage,A03,,2018-07-28 07:00:00+02:00,B-1kg4nj6JUNOZAsQy7TOw,206.0,Fossil Brown coal/Lignite,15WMATRA-----PPK,Visonta,Mátrai Erőmű,MÁ2_gép4,1,MAW,PT1M,2,2018-07-28 06:59:00+02:00
0,HU,Unplanned outage,A03,,2018-07-29 01:00:00+02:00,B-1kg4nj6JUNOZAsQy7TOw,206.0,Fossil Brown coal/Lignite,15WMATRA-----PPK,Visonta,Mátrai Erőmű,MÁ2_gép4,1,MAW,PT60M,2,2018-07-28 07:00:00+02:00
19.8,HU,Unplanned outage,A03,,2018-07-30 07:00:00+02:00,RANIc-5Bo8eMlx4ZqF9gUw,48.5,Fossil Gas,15WMVMSZK----PPY,Budapest,MVM szabályozási központ,ÉB_GT123,1,MAW,PT15M,2,2018-07-30 06:45:00+02:00
19.8,HU,Unplanned outage,A03,,2018-07-30 13:00:00+02:00,RANIc-5Bo8eMlx4ZqF9gUw,48.5,Fossil Gas,15WMVMSZK----PPY,Budapest,MVM szabályozási központ,ÉB_GT123,1,MAW,PT60M,2,2018-07-30 07:00:00+02:00
0,HU,Unplanned outage,A03,,2018-07-31 09:33:00+02:00,3jNCWX-aHsZ8pQxngFAmYQ,118.0,Fossil Gas,15WCSEPEL----PPI,Budapest,Alpiq Csepel Erőmű,CSP_ST,1,MAW,PT1M,2,2018-07-31 09:16:00+02:00
19.8,HU,Unplanned outage,A03,,2018-08-03 11:00:00+02:00,2yDZcL3Ln_TWnxCulXSusA,48.5,Fossil Gas,15WMVMSZK----PPY,Budapest,MVM szabályozási központ,ÉB_GT123,1,MAW,PT60M,2,2018-08-03 08:00:00+02:00
19.8,HU,Unplanned outage,A03,,2018-08-03 11:33:00+02:00,2yDZcL3Ln_TWnxCulXSusA,48.5,Fossil Gas,15WMVMSZK----PPY,Budapest,MVM szabályozási központ,ÉB_GT123,1,MAW,PT1M,2,2018-08-03 11:30:00+02:00
19.8,HU,Unplanned outage,A03,,2018-08-03 11:30:00+02:00,2yDZcL3Ln_TWnxCulXSusA,48.5,Fossil Gas,15WMVMSZK----PPY,Budapest,MVM szabályozási központ,ÉB_GT123,1,MAW,PT30M,2,2018-08-03 11:00:00+02:00
19.8,HU,Unplanned outage,A03,,2018-08-09 11:00:00+02:00,4Q-RVRpYyzqpLSRzOZpdoQ,48.5,Fossil Gas,15WMVMSZK----PPY,Budapest,MVM szabályozási központ,ÉB_GT123,1,MAW,PT60M,2,2018-08-08 17:00:00+02:00
19.8,HU,Unplanned outage,A03,,2018-08-08 17:00:00+02:00,4Q-RVRpYyzqpLSRzOZpdoQ,48.5,Fossil Gas,15WMVMSZK----PPY,Budapest,MVM szabályozási központ,ÉB_GT123,1,MAW,PT1M,2,2018-08-08 16:48:00+02:00
19.8,HU,Unplanned outage,A03,,2018-08-09 11:35:00+02:00,4Q-RVRpYyzqpLSRzOZpdoQ,48.5,Fossil Gas,15WMVMSZK----PPY,Budapest,MVM szabályozási központ,ÉB_GT123,1,MAW,PT1M,2,2018-08-09 11:30:00+02:00
19.8,HU,Unplanned outage,A03,,2018-08-09 11:30:00+02:00,4Q-RVRpYyzqpLSRzOZpdoQ,48.5,Fossil Gas,15WMVMSZK----PPY,Budapest,MVM szabályozási központ,ÉB_GT123,1,MAW,PT30M,2,2018-08-09 11:00:00+02:00
19.8,HU,Unplanned outage,A03,,2018-08-09 12:00:00+02:00,EhOv6oIHHrMR8y6QAYSshA,48.5,Fossil Gas,15WMVMSZK----PPY,Budapest,MVM szabályozási központ,ÉB_GT123,1,MAW,PT1M,2,2018-08-09 11:54:00+02:00
19.8,HU,Unplanned outage,A03,,2018-08-09 15:00:00+02:00,EhOv6oIHHrMR8y6QAYSshA,48.5,Fossil Gas,15WMVMSZK----PPY,Budapest,MVM szabályozási központ,ÉB_GT123,1,MAW,PT60M,2,2018-08-09 12:00:00+02:00
19.8,HU,Unplanned outage,A03,,2018-08-09 15:30:00+02:00,EhOv6oIHHrMR8y6QAYSshA,48.5,Fossil Gas,15WMVMSZK----PPY,Budapest,MVM szabályozási központ,ÉB_GT123,1,MAW,PT30M,2,2018-08-09 15:00:00+02:00
19.8,HU,Unplanned outage,A03,,2018-08-09 15:46:00+02:00,EhOv6oIHHrMR8y6QAYSshA,48.5,Fossil Gas,15WMVMSZK----PPY,Budapest,MVM szabályozási központ,ÉB_GT123,1,MAW,PT1M,2,2018-08-09 15:45:00+02:00
19.8,HU,Unplanned outage,A03,,2018-08-09 15:45:00+02:00,EhOv6oIHHrMR8y6QAYSshA,48.5,Fossil Gas,15WMVMSZK----PPY,Budapest,MVM szabályozási központ,ÉB_GT123,1,MAW,PT15M,2,2018-08-09 15:30:00+02:00
19.8,HU,Unplanned outage,A03,,2018-08-13 09:15:00+02:00,GxcrJZpvOikPrnn9bEywrw,48.5,Fossil Gas,15WMVMSZK----PPY,Budapest,MVM szabályozási központ,ÉB_GT123,1,MAW,PT1M,2,2018-08-13 09:11:00+02:00
19.8,HU,Unplanned outage,A03,,2018-08-13 09:30:00+02:00,GxcrJZpvOikPrnn9bEywrw,48.5,Fossil Gas,15WMVMSZK----PPY,Budapest,MVM szabályozási központ,ÉB_GT123,1,MAW,PT15M,2,2018-08-13 09:15:00+02:00
19.8,HU,Unplanned outage,A03,,2018-08-13 10:00:00+02:00,GxcrJZpvOikPrnn9bEywrw,48.5,Fossil Gas,15WMVMSZK----PPY,Budapest,MVM szabályozási központ,ÉB_GT123,1,MAW,PT30M,2,2018-08-13 09:30:00+02:00
19.8,HU,Unplanned outage,A03,,2018-08-13 10:09:00+02:00,GxcrJZpvOikPrnn9bEywrw,48.5,Fossil Gas,15WMVMSZK----PPY,Budapest,MVM szabályozási központ,ÉB_GT123,1,MAW,PT1M,2,2018-08-13 10:00:00+02:00
0,HU,Unplanned outage,A03,,2018-08-14 05:00:00+02:00,fsmLnyEvyHHeamJhmgj74w,87.0,Fossil Brown coal/Lignite,15WMATRA-----PPK,Visonta,Mátrai Erőmű,MÁ1_gép1,1,MAW,PT60M,3,2018-08-12 12:00:00+02:00
0,HU,Unplanned outage,A03,,2018-08-14 05:03:00+02:00,fsmLnyEvyHHeamJhmgj74w,87.0,Fossil Brown coal/Lignite,15WMATRA-----PPK,Visonta,Mátrai Erőmű,MÁ1_gép1,1,MAW,PT1M,3,2018-08-14 05:00:00+02:00
0,HU,Unplanned outage,A03,,2018-08-12 12:00:00+02:00,fsmLnyEvyHHeamJhmgj74w,87.0,Fossil Brown coal/Lignite,15WMATRA-----PPK,Visonta,Mátrai Erőmű,MÁ1_gép1,1,MAW,PT1M,3,2018-08-12 11:58:00+02:00
19.8,HU,Unplanned outage,A03,,2018-08-16 08:37:00+02:00,Sen5SgPERUpY2Nv1CNWw8Q,48.5,Fossil Gas,15WMVMSZK----PPY,Budapest,MVM szabályozási központ,ÉB_GT123,1,MAW,PT1M,2,2018-08-16 08:30:00+02:00
19.8,HU,Unplanned outage,A03,,2018-08-16 08:30:00+02:00,Sen5SgPERUpY2Nv1CNWw8Q,48.5,Fossil Gas,15WMVMSZK----PPY,Budapest,MVM szabályozási központ,ÉB_GT123,1,MAW,PT30M,2,2018-08-16 08:00:00+02:00
0,HU,Unplanned outage,A03,,2018-08-11 01:00:00+02:00,TgYV6gW2UjfLk12TLUCDCg,44.0,Biomass,15WPANNON----PPS,Pécs,Pannongreen,Pécs_gép6,1,MAW,PT30M,2,2018-08-11 00:30:00+02:00
0,HU,Unplanned outage,A03,,2018-08-11 00:30:00+02:00,TgYV6gW2UjfLk12TLUCDCg,44.0,Biomass,15WPANNON----PPS,Pécs,Pannongreen,Pécs_gép6,1,MAW,PT15M,2,2018-08-11 00:15:00+02:00
0,HU,Unplanned outage,A03,,2018-08-11 00:15:00+02:00,TgYV6gW2UjfLk12TLUCDCg,44.0,Biomass,15WPANNON----PPS,Pécs,Pannongreen,Pécs_gép6,1,MAW,PT1M,2,2018-08-11 00:01:00+02:00
0,HU,Unplanned outage,A03,,2018-08-16 18:00:00+02:00,TgYV6gW2UjfLk12TLUCDCg,44.0,Biomass,15WPANNON----PPS,Pécs,Pannongreen,Pécs_gép6,1,MAW,PT60M,2,2018-08-11 01:00:00+02:00
0,HU,Unplanned outage,A03,,2018-08-17 15:43:00+02:00,ZY0kXuKYMGPGZbt7PdZWzw,19.5,Fossil Gas,15WMVMSZK----PPY,Budapest,MVM szabályozási központ,MISKOLC_gép2,1,MAW,PT1M,1,2018-08-17 15:35:00+02:00
0,HU,Unplanned outage,A03,,2018-08-18 05:18:00+02:00,N8lRgn7wlvKT7wgR0CXXjA,19.5,Fossil Gas,15WMVMSZK----PPY,Budapest,MVM szabályozási központ,MISKOLC_gép2,1,MAW,PT1M,1,2018-08-18 05:15:00+02:00
19.8,HU,Unplanned outage,A03,,2018-08-16 08:45:00+02:00,oHtYyjdGhhAyIMK-2lrIAQ,48.5,Fossil Gas,15WMVMSZK----PPY,Budapest,MVM szabályozási központ,ÉB_GT123,1,MAW,PT1M,2,2018-08-16 08:41:00+02:00
19.8,HU,Unplanned outage,A03,,2018-08-16 09:00:00+02:00,oHtYyjdGhhAyIMK-2lrIAQ,48.5,Fossil Gas,15WMVMSZK----PPY,Budapest,MVM szabályozási központ,ÉB_GT123,1,MAW,PT15M,2,2018-08-16 08:45:00+02:00
19.8,HU,Unplanned outage,A03,,2018-08-18 14:00:00+02:00,oHtYyjdGhhAyIMK-2lrIAQ,48.5,Fossil Gas,15WMVMSZK----PPY,Budapest,MVM szabályozási központ,ÉB_GT123,1,MAW,PT60M,2,2018-08-16 09:00:00+02:00
19.8,HU,Unplanned outage,A03,,2018-08-18 14:30:00+02:00,oHtYyjdGhhAyIMK-2lrIAQ,48.5,Fossil Gas,15WMVMSZK----PPY,Budapest,MVM szabályozási központ,ÉB_GT123,1,MAW,PT30M,2,2018-08-18 14:00:00+02:00
19.8,HU,Unplanned outage,A03,,2018-08-18 14:45:00+02:00,oHtYyjdGhhAyIMK-2lrIAQ,48.5,Fossil Gas,15WMVMSZK----PPY,Budapest,MVM szabályozási központ,ÉB_GT123,1,MAW,PT15M,2,2018-08-18 14:30:00+02:00
19.8,HU,Unplanned outage,A03,,2018-08-18 14:57:00+02:00,oHtYyjdGhhAyIMK-2lrIAQ,48.5,Fossil Gas,15WMVMSZK----PPY,Budapest,MVM szabályozási központ,ÉB_GT123,1,MAW,PT1M,2,2018-08-18 14:45:00+02:00
0,HU,Unplanned outage,A03,,2018-08-21 16:17:00+02:00,3HrE8uwpT3sybj95OeoAAQ,44.0,Biomass,15WPANNON----PPS,Pécs,Pannongreen,Pécs_gép6,1,MAW,PT1M,1,2018-08-21 16:01:00+02:00
0,HU,Unplanned outage,A03,,2018-08-23 14:55:00+02:00,h08E6uh1Tp69-KGkqExEkQ,87.0,Fossil Brown coal/Lignite,15WMATRA-----PPK,Visonta,Mátrai Erőmű,MÁ1_gép1,1,MAW,PT1M,4,2018-08-23 14:45:00+02:00
0,HU,Unplanned outage,A03,,2018-08-23 14:30:00+02:00,h08E6uh1Tp69-KGkqExEkQ,87.0,Fossil Brown coal/Lignite,15WMATRA-----PPK,Visonta,Mátrai Erőmű,MÁ1_gép1,1,MAW,PT30M,4,2018-08-23 14:00:00+02:00
0,HU,Unplanned outage,A03,,2018-08-23 14:45:00+02:00,h08E6uh1Tp69-KGkqExEkQ,87.0,Fossil Brown coal/Lignite,15WMATRA-----PPK,Visonta,Mátrai Erőmű,MÁ1_gép1,1,MAW,PT15M,4,2018-08-23 14:30:00+02:00
0,HU,Unplanned outage,A03,,2018-08-20 01:00:00+02:00,h08E6uh1Tp69-KGkqExEkQ,87.0,Fossil Brown coal/Lignite,15WMATRA-----PPK,Visonta,Mátrai Erőmű,MÁ1_gép1,1,MAW,PT30M,4,2018-08-20 00:30:00+02:00
0,HU,Unplanned outage,A03,,2018-08-20 00:30:00+02:00,h08E6uh1Tp69-KGkqExEkQ,87.0,Fossil Brown coal/Lignite,15WMATRA-----PPK,Visonta,Mátrai Erőmű,MÁ1_gép1,1,MAW,PT1M,4,2018-08-20 00:17:00+02:00
0,HU,Unplanned outage,A03,,2018-08-23 14:00:00+02:00,h08E6uh1Tp69-KGkqExEkQ,87.0,Fossil Brown coal/Lignite,15WMATRA-----PPK,Visonta,Mátrai Erőmű,MÁ1_gép1,1,MAW,PT60M,4,2018-08-20 01:00:00+02:00
0,HU,Unplanned outage,A03,,2018-08-24 06:45:00+02:00,LMwcjV9Eptj0vUNGpnJaTQ,207.0,Fossil Brown coal/Lignite,15WMATRA-----PPK,Visonta,Mátrai Erőmű,MÁ2_gép5,1,MAW,PT1M,2,2018-08-24 06:35:00+02:00
0,HU,Unplanned outage,A03,,2018-08-24 07:00:00+02:00,LMwcjV9Eptj0vUNGpnJaTQ,207.0,Fossil Brown coal/Lignite,15WMATRA-----PPK,Visonta,Mátrai Erőmű,MÁ2_gép5,1,MAW,PT15M,2,2018-08-24 06:45:00+02:00
0,HU,Unplanned outage,A03,,2018-08-24 09:00:00+02:00,LMwcjV9Eptj0vUNGpnJaTQ,207.0,Fossil Brown coal/Lignite,15WMATRA-----PPK,Visonta,Mátrai Erőmű,MÁ2_gép5,1,MAW,PT60M,2,2018-08-24 07:00:00+02:00
0,HU,Unplanned outage,A03,,2018-08-24 09:30:00+02:00,LMwcjV9Eptj0vUNGpnJaTQ,207.0,Fossil Brown coal/Lignite,15WMATRA-----PPK,Visonta,Mátrai Erőmű,MÁ2_gép5,1,MAW,PT30M,2,2018-08-24 09:00:00+02:00
0,HU,Unplanned outage,A03,,2018-08-24 09:31:00+02:00,LMwcjV9Eptj0vUNGpnJaTQ,207.0,Fossil Brown coal/Lignite,15WMATRA-----PPK,Visonta,Mátrai Erőmű,MÁ2_gép5,1,MAW,PT1M,2,2018-08-24 09:30:00+02:00
0,HU,Unplanned outage,A03,,2018-08-24 21:00:00+02:00,eT7HSkZgWoyRt0xIs-QPEQ,236.0,Nuclear,15WPAKS------PPL,Paks,Paksi Atomerőmű,PA_gép5,1,MAW,PT60M,4,2018-08-14 13:00:00+02:00
0,HU,Unplanned outage,A03,,2018-08-14 13:00:00+02:00,eT7HSkZgWoyRt0xIs-QPEQ,236.0,Nuclear,15WPAKS------PPL,Paks,Paksi Atomerőmű,PA_gép5,1,MAW,PT1M,4,2018-08-14 12:51:00+02:00
0,HU,Unplanned outage,A03,,2018-08-24 21:09:00+02:00,eT7HSkZgWoyRt0xIs-QPEQ,236.0,Nuclear,15WPAKS------PPL,Paks,Paksi Atomerőmű,PA_gép5,1,MAW,PT1M,4,2018-08-24 21:00:00+02:00
0,HU,Unplanned outage,A03,,2018-08-24 23:15:00+02:00,HF2xGZDHKhBGXMa0Rl5ZOQ,236.0,Nuclear,15WPAKS------PPL,Paks,Paksi Atomerőmű,PA_gép6,1,MAW,PT15M,4,2018-08-24 23:00:00+02:00
0,HU,Unplanned outage,A03,,2018-08-24 23:20:00+02:00,HF2xGZDHKhBGXMa0Rl5ZOQ,236.0,Nuclear,15WPAKS------PPL,Paks,Paksi Atomerőmű,PA_gép6,1,MAW,PT1M,4,2018-08-24 23:15:00+02:00
0,HU,Unplanned outage,A03,,2018-08-24 23:00:00+02:00,HF2xGZDHKhBGXMa0Rl5ZOQ,236.0,Nuclear,15WPAKS------PPL,Paks,Paksi Atomerőmű,PA_gép6,1,MAW,PT60M,4,2018-08-14 13:00:00+02:00
0,HU,Unplanned outage,A03,,2018-08-14 13:00:00+02:00,HF2xGZDHKhBGXMa0Rl5ZOQ,236.0,Nuclear,15WPAKS------PPL,Paks,Paksi Atomerőmű,PA_gép6,1,MAW,PT1M,4,2018-08-14 12:51:00+02:00
94.1,HU,Unplanned outage,A03,,2018-08-25 22:00:00+02:00,Xq6vhxPyxsrKQisFHxC7jw,239.9,Nuclear,15WPAKS------PPL,Paks,Paksi Atomerőmű,PA_gép2,1,MAW,PT60M,2,2018-08-25 10:00:00+02:00
94.1,HU,Unplanned outage,A03,,2018-08-25 22:14:00+02:00,Xq6vhxPyxsrKQisFHxC7jw,239.9,Nuclear,15WPAKS------PPL,Paks,Paksi Atomerőmű,PA_gép2,1,MAW,PT1M,2,2018-08-25 22:00:00+02:00
95,HU,Unplanned outage,A03,,2018-08-26 04:30:00+02:00,J8eAH0pt96dMykWWtNRlqA,200.0,Fossil Brown coal/Lignite,15WMATRA-----PPK,Visonta,Mátrai Erőmű,MÁ2_gép3,1,MAW,PT30M,2,2018-08-26 04:00:00+02:00
95,HU,Unplanned outage,A03,,2018-08-26 02:00:00+02:00,J8eAH0pt96dMykWWtNRlqA,200.0,Fossil Brown coal/Lignite,15WMATRA-----PPK,Visonta,Mátrai Erőmű,MÁ2_gép3,1,MAW,PT30M,2,2018-08-26 01:30:00+02:00
95,HU,Unplanned outage,A03,,2018-08-26 04:45:00+02:00,J8eAH0pt96dMykWWtNRlqA,200.0,Fossil Brown coal/Lignite,15WMATRA-----PPK,Visonta,Mátrai Erőmű,MÁ2_gép3,1,MAW,PT15M,2,2018-08-26 04:30:00+02:00
95,HU,Unplanned outage,A03,,2018-08-26 04:00:00+02:00,J8eAH0pt96dMykWWtNRlqA,200.0,Fossil Brown coal/Lignite,15WMATRA-----PPK,Visonta,Mátrai Erőmű,MÁ2_gép3,1,MAW,PT60M,2,2018-08-26 02:00:00+02:00
95,HU,Unplanned outage,A03,,2018-08-26 01:30:00+02:00,J8eAH0pt96dMykWWtNRlqA,200.0,Fossil Brown coal/Lignite,15WMATRA-----PPK,Visonta,Mátrai Erőmű,MÁ2_gép3,1,MAW,PT15M,2,2018-08-26 01:15:00+02:00
95,HU,Unplanned outage,A03,,2018-08-26 04:46:00+02:00,J8eAH0pt96dMykWWtNRlqA,200.0,Fossil Brown coal/Lignite,15WMATRA-----PPK,Visonta,Mátrai Erőmű,MÁ2_gép3,1,MAW,PT1M,2,2018-08-26 04:45:00+02:00
88.1,HU,Unplanned outage,A03,,2018-08-27 12:00:00+02:00,0xa_GnVflMJr7U4zeZXf7w,239.9,Nuclear,15WPAKS------PPL,Paks,Paksi Atomerőmű,PA_gép2,1,MAW,PT60M,2,2018-08-27 02:00:00+02:00
88.1,HU,Unplanned outage,A03,,2018-08-27 12:30:00+02:00,0xa_GnVflMJr7U4zeZXf7w,239.9,Nuclear,15WPAKS------PPL,Paks,Paksi Atomerőmű,PA_gép2,1,MAW,PT30M,2,2018-08-27 12:00:00+02:00
88.1,HU,Unplanned outage,A03,,2018-08-27 02:00:00+02:00,0xa_GnVflMJr7U4zeZXf7w,239.9,Nuclear,15WPAKS------PPL,Paks,Paksi Atomerőmű,PA_gép2,1,MAW,PT1M,2,2018-08-27 01:57:00+02:00
19.8,HU,Unplanned outage,A03,,2018-08-28 09:00:00+02:00,H0jAeYHVlYAyNEpv1Jnp4Q,48.5,Fossil Gas,15WMVMSZK----PPY,Budapest,MVM szabályozási központ,ÉB_GT123,1,MAW,PT15M,3,2018-08-28 08:45:00+02:00
19.8,HU,Unplanned outage,A03,,2018-08-28 08:45:00+02:00,H0jAeYHVlYAyNEpv1Jnp4Q,48.5,Fossil Gas,15WMVMSZK----PPY,Budapest,MVM szabályozási központ,ÉB_GT123,1,MAW,PT1M,3,2018-08-28 08:35:00+02:00
19.8,HU,Unplanned outage,A03,,2018-08-29 00:00:00+02:00,H0jAeYHVlYAyNEpv1Jnp4Q,48.5,Fossil Gas,15WMVMSZK----PPY,Budapest,MVM szabályozási központ,ÉB_GT123,1,MAW,PT60M,3,2018-08-28 09:00:00+02:00
0,HU,Unplanned outage,A03,,2018-08-28 22:22:00+02:00,-MuxBl_VkYZrZB3BwA_K9A,44.0,Biomass,15WPANNON----PPS,Pécs,Pannongreen,Pécs_gép6,1,MAW,PT1M,2,2018-08-28 22:09:00+02:00
0,HU,Unplanned outage,A03,,2018-08-30 00:00:00+02:00,JDOC2ucbOl_rlz7Due8K_w,19.5,Fossil Gas,15WMVMSZK----PPY,Budapest,MVM szabályozási központ,MISKOLC_gép2,1,MAW,PT60M,2,2018-08-28 00:00:00+02:00
0,HU,Unplanned outage,A03,,2018-09-01 02:30:00+02:00,dpavvtgBUW5PundBSnXEpg,200.0,Fossil Brown coal/Lignite,15WMATRA-----PPK,Visonta,Mátrai Erőmű,MÁ2_gép3,1,MAW,PT30M,3,2018-09-01 02:00:00+02:00
0,HU,Unplanned outage,A03,,2018-08-26 05:00:00+02:00,dpavvtgBUW5PundBSnXEpg,200.0,Fossil Brown coal/Lignite,15WMATRA-----PPK,Visonta,Mátrai Erőmű,MÁ2_gép3,1,MAW,PT1M,3,2018-08-26 04:46:00+02:00
0,HU,Unplanned outage,A03,,2018-09-01 02:00:00+02:00,dpavvtgBUW5PundBSnXEpg,200.0,Fossil Brown coal/Lignite,15WMATRA-----PPK,Visonta,Mátrai Erőmű,MÁ2_gép3,1,MAW,PT60M,3,2018-08-26 05:00:00+02:00
0,HU,Unplanned outage,A03,,2018-09-01 02:32:00+02:00,dpavvtgBUW5PundBSnXEpg,200.0,Fossil Brown coal/Lignite,15WMATRA-----PPK,Visonta,Mátrai Erőmű,MÁ2_gép3,1,MAW,PT1M,3,2018-09-01 02:30:00+02:00
0,HU,Unplanned outage,A03,,2018-08-26 05:00:00+02:00,qjDn8f8AAROS2jx8Le9gEw,200.0,Fossil Brown coal/Lignite,15WMATRA-----PPK,Visonta,Mátrai Erőmű,MÁ2_gép3,1,MAW,PT1M,2,2018-08-26 04:46:00+02:00
0,HU,Unplanned outage,A03,,2018-09-01 02:00:00+02:00,qjDn8f8AAROS2jx8Le9gEw,200.0,Fossil Brown coal/Lignite,15WMATRA-----PPK,Visonta,Mátrai Erőmű,MÁ2_gép3,1,MAW,PT60M,2,2018-08-26 05:00:00+02:00
0,HU,Unplanned outage,A03,,2018-09-01 02:30:00+02:00,qjDn8f8AAROS2jx8Le9gEw,200.0,Fossil Brown coal/Lignite,15WMATRA-----PPK,Visonta,Mátrai Erőmű,MÁ2_gép3,1,MAW,PT30M,2,2018-09-01 02:00:00+02:00
0,HU,Unplanned outage,A03,,2018-09-01 02:32:00+02:00,qjDn8f8AAROS2jx8Le9gEw,200.0,Fossil Brown coal/Lignite,15WMATRA-----PPK,Visonta,Mátrai Erőmű,MÁ2_gép3,1,MAW,PT1M,2,2018-09-01 02:30:00+02:00
0,HU,Unplanned outage,A03,,2018-09-01 14:00:00+02:00,mpABfnctGa1n7tA32NdDcA,200.0,Fossil Brown coal/Lignite,15WMATRA-----PPK,Visonta,Mátrai Erőmű,MÁ2_gép3,1,MAW,PT30M,3,2018-09-01 13:30:00+02:00
0,HU,Unplanned outage,A03,,2018-09-01 15:00:00+02:00,mpABfnctGa1n7tA32NdDcA,200.0,Fossil Brown coal/Lignite,15WMATRA-----PPK,Visonta,Mátrai Erőmű,MÁ2_gép3,1,MAW,PT60M,3,2018-09-01 14:00:00+02:00
0,HU,Unplanned outage,A03,,2018-09-01 13:30:00+02:00,mpABfnctGa1n7tA32NdDcA,200.0,Fossil Brown coal/Lignite,15WMATRA-----PPK,Visonta,Mátrai Erőmű,MÁ2_gép3,1,MAW,PT15M,3,2018-09-01 13:15:00+02:00
38.6,HU,Unplanned outage,A03,,2018-09-01 23:00:00+02:00,03nf2yY8uwQtZg-dOM-zCA,48.5,Fossil Gas,15WMVMSZK----PPY,Budapest,MVM szabályozási központ,ÉB_GT123,1,MAW,PT1M,2,2018-09-01 22:46:00+02:00
38.6,HU,Unplanned outage,A03,,2018-09-02 00:00:00+02:00,03nf2yY8uwQtZg-dOM-zCA,48.5,Fossil Gas,15WMVMSZK----PPY,Budapest,MVM szabályozási központ,ÉB_GT123,1,MAW,PT60M,2,2018-09-01 23:00:00+02:00
38.6,HU,Unplanned outage,A03,,2018-09-02 00:15:00+02:00,03nf2yY8uwQtZg-dOM-zCA,48.5,Fossil Gas,15WMVMSZK----PPY,Budapest,MVM szabályozási központ,ÉB_GT123,1,MAW,PT15M,2,2018-09-02 00:00:00+02:00
38.6,HU,Unplanned outage,A03,,2018-09-02 00:25:00+02:00,03nf2yY8uwQtZg-dOM-zCA,48.5,Fossil Gas,15WMVMSZK----PPY,Budapest,MVM szabályozási központ,ÉB_GT123,1,MAW,PT1M,2,2018-09-02 00:15:00+02:00
0,HU,Unplanned outage,A03,,2018-09-04 00:00:00+02:00,-0nD8pq87KauGIoF1YlnMA,200.0,Fossil Brown coal/Lignite,15WMATRA-----PPK,Visonta,Mátrai Erőmű,MÁ2_gép3,1,MAW,PT60M,4,2018-09-01 15:00:00+02:00
0,HU,Unplanned outage,A03,,2018-09-04 00:30:00+02:00,-0nD8pq87KauGIoF1YlnMA,200.0,Fossil Brown coal/Lignite,15WMATRA-----PPK,Visonta,Mátrai Erőmű,MÁ2_gép3,1,MAW,PT30M,4,2018-09-04 00:00:00+02:00
0,HU,Unplanned outage,A03,,2018-09-04 00:45:00+02:00,-0nD8pq87KauGIoF1YlnMA,200.0,Fossil Brown coal/Lignite,15WMATRA-----PPK,Visonta,Mátrai Erőmű,MÁ2_gép3,1,MAW,PT15M,4,2018-09-04 00:30:00+02:00
0,HU,Unplanned outage,A03,,2018-09-04 00:48:00+02:00,-0nD8pq87KauGIoF1YlnMA,200.0,Fossil Brown coal/Lignite,15WMATRA-----PPK,Visonta,Mátrai Erőmű,MÁ2_gép3,1,MAW,PT1M,4,2018-09-04 00:45:00+02:00
0,HU,Unplanned outage,A03,,2018-09-04 11:33:00+02:00,Otk7YidCtz8qJvhGK5bkGg,19.5,Fossil Gas,15WMVMSZK----PPY,Budapest,MVM szabályozási központ,MISKOLC_gép2,1,MAW,PT1M,1,2018-09-04 11:17:00+02:00
0,HU,Unplanned outage,A03,,2018-09-04 00:00:00+02:00,RltzzJ_Y1kjRgPrtH5Ll-g,200.0,Fossil Brown coal/Lignite,15WMATRA-----PPK,Visonta,Mátrai Erőmű,MÁ2_gép3,1,MAW,PT60M,1,2018-09-01 15:00:00+02:00
0,HU,Unplanned outage,A03,,2018-09-04 00:48:00+02:00,RltzzJ_Y1kjRgPrtH5Ll-g,200.0,Fossil Brown coal/Lignite,15WMATRA-----PPK,Visonta,Mátrai Erőmű,MÁ2_gép3,1,MAW,PT1M,1,2018-09-04 00:45:00+02:00
0,HU,Unplanned outage,A03,,2018-09-04 00:45:00+02:00,RltzzJ_Y1kjRgPrtH5Ll-g,200.0,Fossil Brown coal/Lignite,15WMATRA-----PPK,Visonta,Mátrai Erőmű,MÁ2_gép3,1,MAW,PT15M,1,2018-09-04 00:30:00+02:00
0,HU,Unplanned outage,A03,,2018-09-04 00:30:00+02:00,RltzzJ_Y1kjRgPrtH5Ll-g,200.0,Fossil Brown coal/Lignite,15WMATRA-----PPK,Visonta,Mátrai Erőmű,MÁ2_gép3,1,MAW,PT30M,1,2018-09-04 00:00:00+02:00
79.6,HU,Unplanned outage,A03,,2018-09-04 11:36:00+02:00,IN9AQaqjWL_xeHoAUapUgA,427.0,Fossil Gas,15WGONYU-----PP5,Gönyű,Gönyűi Erőmű,GÖNYÜ_gép1,1,MAW,PT1M,1,2018-09-04 11:30:00+02:00
79.6,HU,Unplanned outage,A03,,2018-09-04 11:30:00+02:00,IN9AQaqjWL_xeHoAUapUgA,427.0,Fossil Gas,15WGONYU-----PP5,Gönyű,Gönyűi Erőmű,GÖNYÜ_gép1,1,MAW,PT30M,1,2018-09-04 11:00:00+02:00
100,HU,Unplanned outage,A03,,2018-09-06 17:30:00+02:00,EtuO5khDUC8tups30foTZQ,206.0,Fossil Brown coal/Lignite,15WMATRA-----PPK,Visonta,Mátrai Erőmű,MÁ2_gép4,1,MAW,PT15M,2,2018-09-06 17:15:00+02:00
100,HU,Unplanned outage,A03,,2018-09-06 18:45:00+02:00,EtuO5khDUC8tups30foTZQ,206.0,Fossil Brown coal/Lignite,15WMATRA-----PPK,Visonta,Mátrai Erőmű,MÁ2_gép4,1,MAW,PT15M,2,2018-09-06 18:30:00+02:00
100,HU,Unplanned outage,A03,,2018-09-06 17:15:00+02:00,EtuO5khDUC8tups30foTZQ,206.0,Fossil Brown coal/Lignite,15WMATRA-----PPK,Visonta,Mátrai Erőmű,MÁ2_gép4,1,MAW,PT1M,2,2018-09-06 17:09:00+02:00
100,HU,Unplanned outage,A03,,2018-09-06 18:30:00+02:00,EtuO5khDUC8tups30foTZQ,206.0,Fossil Brown coal/Lignite,15WMATRA-----PPK,Visonta,Mátrai Erőmű,MÁ2_gép4,1,MAW,PT30M,2,2018-09-06 17:30:00+02:00
0,HU,Unplanned outage,A03,,2018-09-07 11:45:00+02:00,vlJ5aIXRFgitX1b-FM7_zw,200.0,Fossil Brown coal/Lignite,15WMATRA-----PPK,Visonta,Mátrai Erőmű,MÁ2_gép3,1,MAW,PT15M,3,2018-09-07 11:30:00+02:00
0,HU,Unplanned outage,A03,,2018-09-07 11:30:00+02:00,vlJ5aIXRFgitX1b-FM7_zw,200.0,Fossil Brown coal/Lignite,15WMATRA-----PPK,Visonta,Mátrai Erőmű,MÁ2_gép3,1,MAW,PT30M,3,2018-09-07 11:00:00+02:00
0,HU,Unplanned outage,A03,,2018-09-07 11:00:00+02:00,vlJ5aIXRFgitX1b-FM7_zw,200.0,Fossil Brown coal/Lignite,15WMATRA-----PPK,Visonta,Mátrai Erőmű,MÁ2_gép3,1,MAW,PT60M,3,2018-09-06 07:00:00+02:00
0,HU,Unplanned outage,A03,,2018-09-06 07:00:00+02:00,vlJ5aIXRFgitX1b-FM7_zw,200.0,Fossil Brown coal/Lignite,15WMATRA-----PPK,Visonta,Mátrai Erőmű,MÁ2_gép3,1,MAW,PT1M,3,2018-09-06 06:54:00+02:00
0,HU,Unplanned outage,A03,,2018-09-07 11:56:00+02:00,vlJ5aIXRFgitX1b-FM7_zw,200.0,Fossil Brown coal/Lignite,15WMATRA-----PPK,Visonta,Mátrai Erőmű,MÁ2_gép3,1,MAW,PT1M,3,2018-09-07 11:45:00+02:00
165,HU,Unplanned outage,A03,,2018-09-07 12:00:00+02:00,VZSN0ItLNB-Pl6oC2LyEzg,206.0,Fossil Brown coal/Lignite,15WMATRA-----PPK,Visonta,Mátrai Erőmű,MÁ2_gép4,1,MAW,PT30M,2,2018-09-07 11:30:00+02:00
165,HU,Unplanned outage,A03,,2018-09-07 13:00:00+02:00,VZSN0ItLNB-Pl6oC2LyEzg,206.0,Fossil Brown coal/Lignite,15WMATRA-----PPK,Visonta,Mátrai Erőmű,MÁ2_gép4,1,MAW,PT60M,2,2018-09-07 12:00:00+02:00
0,HU,Unplanned outage,A03,,2018-09-07 19:45:00+02:00,zkz8qCYTftOXQ5ZJeV3Yww,200.0,Fossil Brown coal/Lignite,15WMATRA-----PPK,Visonta,Mátrai Erőmű,MÁ2_gép3,1,MAW,PT15M,3,2018-09-07 19:30:00+02:00
0,HU,Unplanned outage,A03,,2018-09-07 19:59:00+02:00,zkz8qCYTftOXQ5ZJeV3Yww,200.0,Fossil Brown coal/Lignite,15WMATRA-----PPK,Visonta,Mátrai Erőmű,MÁ2_gép3,1,MAW,PT1M,3,2018-09-07 19:45:00+02:00
0,HU,Unplanned outage,A03,,2018-09-07 19:30:00+02:00,zkz8qCYTftOXQ5ZJeV3Yww,200.0,Fossil Brown coal/Lignite,15WMATRA-----PPK,Visonta,Mátrai Erőmű,MÁ2_gép3,1,MAW,PT30M,3,2018-09-07 19:00:00+02:00
0,HU,Unplanned outage,A03,,2018-09-07 19:00:00+02:00,zkz8qCYTftOXQ5ZJeV3Yww,200.0,Fossil Brown coal/Lignite,15WMATRA-----PPK,Visonta,Mátrai Erőmű,MÁ2_gép3,1,MAW,PT60M,3,2018-09-07 12:00:00+02:00
0,HU,Unplanned outage,A03,,2018-09-07 12:00:00+02:00,zkz8qCYTftOXQ5ZJeV3Yww,200.0,Fossil Brown coal/Lignite,15WMATRA-----PPK,Visonta,Mátrai Erőmű,MÁ2_gép3,1,MAW,PT1M,3,2018-09-07 11:56:00+02:00
0,HU,Unplanned outage,A03,,2018-09-10 01:00:00+02:00,3VObTy3bDua0MgRkF-bKJQ,206.0,Fossil Brown coal/Lignite,15WMATRA-----PPK,Visonta,Mátrai Erőmű,MÁ2_gép4,1,MAW,PT60M,3,2018-09-07 13:00:00+02:00
0,HU,Unplanned outage,A03,,2018-09-07 19:59:00+02:00,j8zOp5ecVTM574yUCeNePA,200.0,Fossil Brown coal/Lignite,15WMATRA-----PPK,Visonta,Mátrai Erőmű,MÁ2_gép3,1,MAW,PT1M,1,2018-09-07 19:45:00+02:00
0,HU,Unplanned outage,A03,,2018-09-07 19:45:00+02:00,j8zOp5ecVTM574yUCeNePA,200.0,Fossil Brown coal/Lignite,15WMATRA-----PPK,Visonta,Mátrai Erőmű,MÁ2_gép3,1,MAW,PT15M,1,2018-09-07 19:30:00+02:00
0,HU,Unplanned outage,A03,,2018-09-07 19:30:00+02:00,j8zOp5ecVTM574yUCeNePA,200.0,Fossil Brown coal/Lignite,15WMATRA-----PPK,Visonta,Mátrai Erőmű,MÁ2_gép3,1,MAW,PT30M,1,2018-09-07 19:00:00+02:00
0,HU,Unplanned outage,A03,,2018-09-07 19:00:00+02:00,j8zOp5ecVTM574yUCeNePA,200.0,Fossil Brown coal/Lignite,15WMATRA-----PPK,Visonta,Mátrai Erőmű,MÁ2_gép3,1,MAW,PT60M,1,2018-09-07 12:00:00+02:00
0,HU,Unplanned outage,A03,,2018-09-07 12:00:00+02:00,j8zOp5ecVTM574yUCeNePA,200.0,Fossil Brown coal/Lignite,15WMATRA-----PPK,Visonta,Mátrai Erőmű,MÁ2_gép3,1,MAW,PT1M,1,2018-09-07 11:56:00+02:00
83.6,HU,Unplanned outage,A03,,2018-09-12 13:00:00+02:00,s6S-tW2T-zz8PYyzv9vUjQ,93.0,Fossil Brown coal/Lignite,15WAJKA------PPT,Ajka,Ajkai Hőerőmű,Ajka_gép23456,1,MAW,PT60M,2,2018-09-12 08:00:00+02:00
83.6,HU,Unplanned outage,A03,,2018-09-12 07:30:00+02:00,s6S-tW2T-zz8PYyzv9vUjQ,93.0,Fossil Brown coal/Lignite,15WAJKA------PPT,Ajka,Ajkai Hőerőmű,Ajka_gép23456,1,MAW,PT15M,2,2018-09-12 07:15:00+02:00
83.6,HU,Unplanned outage,A03,,2018-09-12 07:15:00+02:00,s6S-tW2T-zz8PYyzv9vUjQ,93.0,Fossil Brown coal/Lignite,15WAJKA------PPT,Ajka,Ajkai Hőerőmű,Ajka_gép23456,1,MAW,PT1M,2,2018-09-12 07:11:00+02:00
83.6,HU,Unplanned outage,A03,,2018-09-12 13:08:00+02:00,s6S-tW2T-zz8PYyzv9vUjQ,93.0,Fossil Brown coal/Lignite,15WAJKA------PPT,Ajka,Ajkai Hőerőmű,Ajka_gép23456,1,MAW,PT1M,2,2018-09-12 13:00:00+02:00
83.6,HU,Unplanned outage,A03,,2018-09-12 08:00:00+02:00,s6S-tW2T-zz8PYyzv9vUjQ,93.0,Fossil Brown coal/Lignite,15WAJKA------PPT,Ajka,Ajkai Hőerőmű,Ajka_gép23456,1,MAW,PT30M,2,2018-09-12 07:30:00+02:00
0,HU,Unplanned outage,A03,,2018-09-12 14:00:00+02:00,q2BDyxEgJRYdQE8tQ5V00g,207.0,Fossil Brown coal/Lignite,15WMATRA-----PPK,Visonta,Mátrai Erőmű,MÁ2_gép5,1,MAW,PT30M,4,2018-09-12 13:30:00+02:00
0,HU,Unplanned outage,A03,,2018-09-14 20:00:00+02:00,q2BDyxEgJRYdQE8tQ5V00g,207.0,Fossil Brown coal/Lignite,15WMATRA-----PPK,Visonta,Mátrai Erőmű,MÁ2_gép5,1,MAW,PT60M,4,2018-09-12 14:00:00+02:00
0,HU,Unplanned outage,A03,,2018-09-14 20:05:00+02:00,q2BDyxEgJRYdQE8tQ5V00g,207.0,Fossil Brown coal/Lignite,15WMATRA-----PPK,Visonta,Mátrai Erőmű,MÁ2_gép5,1,MAW,PT1M,4,2018-09-14 20:00:00+02:00
0,HU,Unplanned outage,A03,,2018-09-10 01:00:00+02:00,lnX37CM2w56drG17xSS7Rg,206.0,Fossil Brown coal/Lignite,15WMATRA-----PPK,Visonta,Mátrai Erőmű,MÁ2_gép4,1,MAW,PT60M,1,2018-09-07 13:00:00+02:00
89,HU,Unplanned outage,A03,,2018-09-15 19:30:00+02:00,ybIDqftdDLcmIVAHEJN-hw,207.0,Fossil Brown coal/Lignite,15WMATRA-----PPK,Visonta,Mátrai Erőmű,MÁ2_gép5,1,MAW,PT15M,3,2018-09-15 19:15:00+02:00
89,HU,Unplanned outage,A03,,2018-09-15 20:00:00+02:00,ybIDqftdDLcmIVAHEJN-hw,207.0,Fossil Brown coal/Lignite,15WMATRA-----PPK,Visonta,Mátrai Erőmű,MÁ2_gép5,1,MAW,PT30M,3,2018-09-15 19:30:00+02:00
89,HU,Unplanned outage,A03,,2018-09-16 00:00:00+02:00,ybIDqftdDLcmIVAHEJN-hw,207.0,Fossil Brown coal/Lignite,15WMATRA-----PPK,Visonta,Mátrai Erőmű,MÁ2_gép5,1,MAW,PT60M,3,2018-09-15 20:00:00+02:00
89,HU,Unplanned outage,A03,,2018-09-16 00:30:00+02:00,ybIDqftdDLcmIVAHEJN-hw,207.0,Fossil Brown coal/Lignite,15WMATRA-----PPK,Visonta,Mátrai Erőmű,MÁ2_gép5,1,MAW,PT30M,3,2018-09-16 00:00:00+02:00
89,HU,Unplanned outage,A03,,2018-09-16 00:40:00+02:00,ybIDqftdDLcmIVAHEJN-hw,207.0,Fossil Brown coal/Lignite,15WMATRA-----PPK,Visonta,Mátrai Erőmű,MÁ2_gép5,1,MAW,PT1M,3,2018-09-16 00:30:00+02:00
89,HU,Unplanned outage,A03,,2018-09-15 19:15:00+02:00,ybIDqftdDLcmIVAHEJN-hw,207.0,Fossil Brown coal/Lignite,15WMATRA-----PPK,Visonta,Mátrai Erőmű,MÁ2_gép5,1,MAW,PT1M,3,2018-09-15 19:11:00+02:00
38.6,HU,Unplanned outage,A03,,2018-09-19 10:16:00+02:00,dmejTmU1isHs8_gx_7h0pg,48.5,Fossil Gas,15WMVMSZK----PPY,Budapest,MVM szabályozási központ,ÉB_GT123,1,MAW,PT1M,2,2018-09-19 10:06:00+02:00
-21.3,HU,Unplanned outage,A03,,2018-09-23 05:45:00+02:00,d4sAcn6ilp_aDLd7wAlg8A,28.1,Fossil Gas,15WVEOLIASZK-PPQ,Budapest,VEOLIA szabályozási központ,VEOLIA.SZEK,1,MAW,PT1M,2,2018-09-23 05:39:00+02:00
-21.3,HU,Unplanned outage,A03,,2018-09-23 06:00:00+02:00,d4sAcn6ilp_aDLd7wAlg8A,28.1,Fossil Gas,15WVEOLIASZK-PPQ,Budapest,VEOLIA szabályozási központ,VEOLIA.SZEK,1,MAW,PT15M,2,2018-09-23 05:45:00+02:00
-21.3,HU,Unplanned outage,A03,,2018-09-23 11:00:00+02:00,d4sAcn6ilp_aDLd7wAlg8A,28.1,Fossil Gas,15WVEOLIASZK-PPQ,Budapest,VEOLIA szabályozási központ,VEOLIA.SZEK,1,MAW,PT60M,2,2018-09-23 06:00:00+02:00
-21.3,HU,Unplanned outage,A03,,2018-09-23 11:30:00+02:00,d4sAcn6ilp_aDLd7wAlg8A,28.1,Fossil Gas,15WVEOLIASZK-PPQ,Budapest,VEOLIA szabályozási központ,VEOLIA.SZEK,1,MAW,PT30M,2,2018-09-23 11:00:00+02:00
-21.3,HU,Unplanned outage,A03,,2018-09-23 11:45:00+02:00,d4sAcn6ilp_aDLd7wAlg8A,28.1,Fossil Gas,15WVEOLIASZK-PPQ,Budapest,VEOLIA szabályozási központ,VEOLIA.SZEK,1,MAW,PT15M,2,2018-09-23 11:30:00+02:00
0,HU,Unplanned outage,A03,,2018-09-25 20:00:00+02:00,OguQpmdWiXGw3npAYMebUA,87.0,Fossil Brown coal/Lignite,15WMATRA-----PPK,Visonta,Mátrai Erőmű,MÁ1_gép1,1,MAW,PT60M,3,2018-09-24 14:00:00+02:00
0,HU,Unplanned outage,A03,,2018-09-24 14:00:00+02:00,OguQpmdWiXGw3npAYMebUA,87.0,Fossil Brown coal/Lignite,15WMATRA-----PPK,Visonta,Mátrai Erőmű,MÁ1_gép1,1,MAW,PT30M,3,2018-09-24 13:30:00+02:00
0,HU,Unplanned outage,A03,,2018-09-24 13:30:00+02:00,OguQpmdWiXGw3npAYMebUA,87.0,Fossil Brown coal/Lignite,15WMATRA-----PPK,Visonta,Mátrai Erőmű,MÁ1_gép1,1,MAW,PT15M,3,2018-09-24 13:15:00+02:00
0,HU,Unplanned outage,A03,,2018-09-24 13:15:00+02:00,OguQpmdWiXGw3npAYMebUA,87.0,Fossil Brown coal/Lignite,15WMATRA-----PPK,Visonta,Mátrai Erőmű,MÁ1_gép1,1,MAW,PT1M,3,2018-09-24 13:11:00+02:00
0,HU,Unplanned outage,A03,,2018-09-26 05:20:00+02:00,VMiE-4riolN7GWTiJlqj_g,44.0,Biomass,15WPANNON----PPS,Pécs,Pannongreen,Pécs_gép6,1,MAW,PT1M,1,2018-09-26 05:05:00+02:00
9.9,HU,Unplanned outage,A03,,2018-09-28 00:15:00+02:00,MiHrg06YRkLmM0vzW9-LXg,48.5,Fossil Gas,15WMVMSZK----PPY,Budapest,MVM szabályozási központ,ÉB_GT123,1,MAW,PT1M,3,2018-09-28 00:08:00+02:00
9.9,HU,Unplanned outage,A03,,2018-09-28 00:30:00+02:00,MiHrg06YRkLmM0vzW9-LXg,48.5,Fossil Gas,15WMVMSZK----PPY,Budapest,MVM szabályozási központ,ÉB_GT123,1,MAW,PT15M,3,2018-09-28 00:15:00+02:00
9.9,HU,Unplanned outage,A03,,2018-09-28 01:00:00+02:00,MiHrg06YRkLmM0vzW9-LXg,48.5,Fossil Gas,15WMVMSZK----PPY,Budapest,MVM szabályozási központ,ÉB_GT123,1,MAW,PT30M,3,2018-09-28 00:30:00+02:00
9.9,HU,Unplanned outage,A03,,2018-09-28 08:00:00+02:00,MiHrg06YRkLmM0vzW9-LXg,48.5,Fossil Gas,15WMVMSZK----PPY,Budapest,MVM szabályozási központ,ÉB_GT123,1,MAW,PT60M,3,2018-09-28 01:00:00+02:00
9.9,HU,Unplanned outage,A03,,2018-09-28 08:30:00+02:00,MiHrg06YRkLmM0vzW9-LXg,48.5,Fossil Gas,15WMVMSZK----PPY,Budapest,MVM szabályozási központ,ÉB_GT123,1,MAW,PT30M,3,2018-09-28 08:00:00+02:00
9.9,HU,Unplanned outage,A03,,2018-09-28 08:42:00+02:00,MiHrg06YRkLmM0vzW9-LXg,48.5,Fossil Gas,15WMVMSZK----PPY,Budapest,MVM szabályozási központ,ÉB_GT123,1,MAW,PT1M,3,2018-09-28 08:30:00+02:00
19.8,HU,Unplanned outage,A03,,2018-09-28 12:26:00+02:00,oHbL15TQ7ROToiK9icfiHg,48.5,Fossil Gas,15WMVMSZK----PPY,Budapest,MVM szabályozási központ,ÉB_GT123,1,MAW,PT1M,1,2018-09-28 12:15:00+02:00
19.8,HU,Unplanned outage,A03,,2018-09-28 12:15:00+02:00,oHbL15TQ7ROToiK9icfiHg,48.5,Fossil Gas,15WMVMSZK----PPY,Budapest,MVM szabályozási központ,ÉB_GT123,1,MAW,PT15M,1,2018-09-28 12:00:00+02:00
19.8,HU,Unplanned outage,A03,,2018-09-28 12:00:00+02:00,oHbL15TQ7ROToiK9icfiHg,48.5,Fossil Gas,15WMVMSZK----PPY,Budapest,MVM szabályozási központ,ÉB_GT123,1,MAW,PT60M,1,2018-09-28 09:00:00+02:00
19.8,HU,Unplanned outage,A03,,2018-09-28 08:45:00+02:00,oHbL15TQ7ROToiK9icfiHg,48.5,Fossil Gas,15WMVMSZK----PPY,Budapest,MVM szabályozási központ,ÉB_GT123,1,MAW,PT1M,1,2018-09-28 08:42:00+02:00
19.8,HU,Unplanned outage,A03,,2018-09-28 09:00:00+02:00,oHbL15TQ7ROToiK9icfiHg,48.5,Fossil Gas,15WMVMSZK----PPY,Budapest,MVM szabályozási központ,ÉB_GT123,1,MAW,PT15M,1,2018-09-28 08:45:00+02:00
19.8,HU,Unplanned outage,A03,,2018-09-28 00:08:00+02:00,iF6uz_SZ1b25e0WSK-WkuA,48.5,Fossil Gas,15WMVMSZK----PPY,Budapest,MVM szabályozási központ,ÉB_GT123,1,MAW,PT1M,1,2018-09-28 00:00:00+02:00
19.8,HU,Unplanned outage,A03,,2018-09-28 00:00:00+02:00,iF6uz_SZ1b25e0WSK-WkuA,48.5,Fossil Gas,15WMVMSZK----PPY,Budapest,MVM szabályozási központ,ÉB_GT123,1,MAW,PT60M,1,2018-09-19 11:00:00+02:00
19.8,HU,Unplanned outage,A03,,2018-09-19 11:00:00+02:00,iF6uz_SZ1b25e0WSK-WkuA,48.5,Fossil Gas,15WMVMSZK----PPY,Budapest,MVM szabályozási központ,ÉB_GT123,1,MAW,PT30M,1,2018-09-19 10:30:00+02:00
19.8,HU,Unplanned outage,A03,,2018-09-19 10:30:00+02:00,iF6uz_SZ1b25e0WSK-WkuA,48.5,Fossil Gas,15WMVMSZK----PPY,Budapest,MVM szabályozási központ,ÉB_GT123,1,MAW,PT1M,1,2018-09-19 10:16:00+02:00
0,HU,Unplanned outage,A03,,2018-09-29 01:00:00+02:00,RHRK1CZbHzvfrmco1LdpWw,44.0,Biomass,15WPANNON----PPS,Pécs,Pannongreen,Pécs_gép6,1,MAW,PT60M,2,2018-09-28 00:00:00+02:00
0,HU,Unplanned outage,A03,,2018-09-29 01:30:00+02:00,RHRK1CZbHzvfrmco1LdpWw,44.0,Biomass,15WPANNON----PPS,Pécs,Pannongreen,Pécs_gép6,1,MAW,PT30M,2,2018-09-29 01:00:00+02:00
0,HU,Unplanned outage,A03,,2018-09-28 00:00:00+02:00,RHRK1CZbHzvfrmco1LdpWw,44.0,Biomass,15WPANNON----PPS,Pécs,Pannongreen,Pécs_gép6,1,MAW,PT1M,2,2018-09-27 23:48:00+02:00
0,HU,Unplanned outage,A03,,2018-09-29 01:42:00+02:00,RHRK1CZbHzvfrmco1LdpWw,44.0,Biomass,15WPANNON----PPS,Pécs,Pannongreen,Pécs_gép6,1,MAW,PT1M,2,2018-09-29 01:30:00+02:00
0,HU,Unplanned outage,A03,,2018-09-28 18:30:00+02:00,ogvp7CiDzOOVG_VPzRpqXA,87.0,Fossil Brown coal/Lignite,15WMATRA-----PPK,Visonta,Mátrai Erőmű,MÁ1_gép2,1,MAW,PT1M,2,2018-09-28 18:26:00+02:00
0,HU,Unplanned outage,A03,,2018-09-28 19:00:00+02:00,ogvp7CiDzOOVG_VPzRpqXA,87.0,Fossil Brown coal/Lignite,15WMATRA-----PPK,Visonta,Mátrai Erőmű,MÁ1_gép2,1,MAW,PT30M,2,2018-09-28 18:30:00+02:00
0,HU,Unplanned outage,A03,,2018-09-29 02:00:00+02:00,ogvp7CiDzOOVG_VPzRpqXA,87.0,Fossil Brown coal/Lignite,15WMATRA-----PPK,Visonta,Mátrai Erőmű,MÁ1_gép2,1,MAW,PT60M,2,2018-09-28 19:00:00+02:00
0,HU,Unplanned outage,A03,,2018-09-29 02:15:00+02:00,ogvp7CiDzOOVG_VPzRpqXA,87.0,Fossil Brown coal/Lignite,15WMATRA-----PPK,Visonta,Mátrai Erőmű,MÁ1_gép2,1,MAW,PT15M,2,2018-09-29 02:00:00+02:00
0,HU,Unplanned outage,A03,,2018-09-29 02:26:00+02:00,ogvp7CiDzOOVG_VPzRpqXA,87.0,Fossil Brown coal/Lignite,15WMATRA-----PPK,Visonta,Mátrai Erőmű,MÁ1_gép2,1,MAW,PT1M,2,2018-09-29 02:15:00+02:00
4.1,HU,Unplanned outage,A03,,2018-10-02 14:45:00+02:00,152axC1BzMoQrAZ6AOpSHg,239.9,Nuclear,15WPAKS------PPL,Paks,Paksi Atomerőmű,PA_gép1,1,MAW,PT15M,2,2018-10-02 14:30:00+02:00
4.1,HU,Unplanned outage,A03,,2018-10-02 14:30:00+02:00,152axC1BzMoQrAZ6AOpSHg,239.9,Nuclear,15WPAKS------PPL,Paks,Paksi Atomerőmű,PA_gép1,1,MAW,PT30M,2,2018-10-02 14:00:00+02:00
4.1,HU,Unplanned outage,A03,,2018-10-02 14:48:00+02:00,152axC1BzMoQrAZ6AOpSHg,239.9,Nuclear,15WPAKS------PPL,Paks,Paksi Atomerőmű,PA_gép1,1,MAW,PT1M,2,2018-10-02 14:45:00+02:00
23.4,HU,Unplanned outage,A03,,2018-10-05 04:30:00+02:00,RUIIIepy8gfwrdh3vWx-6Q,67.5,Fossil Gas,15WVEOLIASZK-PPQ,Budapest,VEOLIA szabályozási központ,VEOLIA.TERC,1,MAW,PT1M,2,2018-10-05 04:25:00+02:00
23.4,HU,Unplanned outage,A03,,2018-10-05 05:00:00+02:00,RUIIIepy8gfwrdh3vWx-6Q,67.5,Fossil Gas,15WVEOLIASZK-PPQ,Budapest,VEOLIA szabályozási központ,VEOLIA.TERC,1,MAW,PT30M,2,2018-10-05 04:30:00+02:00
23.4,HU,Unplanned outage,A03,,2018-10-05 07:00:00+02:00,RUIIIepy8gfwrdh3vWx-6Q,67.5,Fossil Gas,15WVEOLIASZK-PPQ,Budapest,VEOLIA szabályozási központ,VEOLIA.TERC,1,MAW,PT60M,2,2018-10-05 05:00:00+02:00
23.4,HU,Unplanned outage,A03,,2018-10-05 07:30:00+02:00,RUIIIepy8gfwrdh3vWx-6Q,67.5,Fossil Gas,15WVEOLIASZK-PPQ,Budapest,VEOLIA szabályozási központ,VEOLIA.TERC,1,MAW,PT30M,2,2018-10-05 07:00:00+02:00
23.4,HU,Unplanned outage,A03,,2018-10-05 07:45:00+02:00,RUIIIepy8gfwrdh3vWx-6Q,67.5,Fossil Gas,15WVEOLIASZK-PPQ,Budapest,VEOLIA szabályozási központ,VEOLIA.TERC,1,MAW,PT15M,2,2018-10-05 07:30:00+02:00
23.4,HU,Unplanned outage,A03,,2018-10-05 07:46:00+02:00,RUIIIepy8gfwrdh3vWx-6Q,67.5,Fossil Gas,15WVEOLIASZK-PPQ,Budapest,VEOLIA szabályozási központ,VEOLIA.TERC,1,MAW,PT1M,2,2018-10-05 07:45:00+02:00
0,HU,Unplanned outage,A03,,2018-10-06 05:15:00+02:00,venhfMvnAKd5bcDyv33Duw,207.0,Fossil Brown coal/Lignite,15WMATRA-----PPK,Visonta,Mátrai Erőmű,MÁ2_gép5,1,MAW,PT15M,4,2018-10-06 05:00:00+02:00
0,HU,Unplanned outage,A03,,2018-10-06 05:00:00+02:00,venhfMvnAKd5bcDyv33Duw,207.0,Fossil Brown coal/Lignite,15WMATRA-----PPK,Visonta,Mátrai Erőmű,MÁ2_gép5,1,MAW,PT60M,4,2018-10-02 09:00:00+02:00
0,HU,Unplanned outage,A03,,2018-10-06 05:18:00+02:00,venhfMvnAKd5bcDyv33Duw,207.0,Fossil Brown coal/Lignite,15WMATRA-----PPK,Visonta,Mátrai Erőmű,MÁ2_gép5,1,MAW,PT1M,4,2018-10-06 05:15:00+02:00
0,HU,Unplanned outage,A03,,2018-10-06 16:28:00+02:00,MAWP_fwerKF2l3RA8rBNJQ,206.0,Fossil Brown coal/Lignite,15WMATRA-----PPK,Visonta,Mátrai Erőmű,MÁ2_gép4,1,MAW,PT1M,2,2018-10-06 16:15:00+02:00
0,HU,Unplanned outage,A03,,2018-10-06 16:15:00+02:00,MAWP_fwerKF2l3RA8rBNJQ,206.0,Fossil Brown coal/Lignite,15WMATRA-----PPK,Visonta,Mátrai Erőmű,MÁ2_gép4,1,MAW,PT15M,2,2018-10-06 16:00:00+02:00
0,HU,Unplanned outage,A03,,2018-10-06 04:00:00+02:00,MAWP_fwerKF2l3RA8rBNJQ,206.0,Fossil Brown coal/Lignite,15WMATRA-----PPK,Visonta,Mátrai Erőmű,MÁ2_gép4,1,MAW,PT30M,2,2018-10-06 03:30:00+02:00
0,HU,Unplanned outage,A03,,2018-10-06 03:30:00+02:00,MAWP_fwerKF2l3RA8rBNJQ,206.0,Fossil Brown coal/Lignite,15WMATRA-----PPK,Visonta,Mátrai Erőmű,MÁ2_gép4,1,MAW,PT15M,2,2018-10-06 03:15:00+02:00
0,HU,Unplanned outage,A03,,2018-10-06 03:15:00+02:00,MAWP_fwerKF2l3RA8rBNJQ,206.0,Fossil Brown coal/Lignite,15WMATRA-----PPK,Visonta,Mátrai Erőmű,MÁ2_gép4,1,MAW,PT1M,2,2018-10-06 03:11:00+02:00
0,HU,Unplanned outage,A03,,2018-10-06 16:00:00+02:00,MAWP_fwerKF2l3RA8rBNJQ,206.0,Fossil Brown coal/Lignite,15WMATRA-----PPK,Visonta,Mátrai Erőmű,MÁ2_gép4,1,MAW,PT60M,2,2018-10-06 04:00:00+02:00
80,HU,Unplanned outage,A03,,2018-10-08 05:00:00+02:00,rJ2t7m35yLemexV5dBaUIg,200.0,Fossil Brown coal/Lignite,15WMATRA-----PPK,Visonta,Mátrai Erőmű,MÁ2_gép3,1,MAW,PT30M,2,2018-10-08 04:30:00+02:00
80,HU,Unplanned outage,A03,,2018-10-08 07:00:00+02:00,rJ2t7m35yLemexV5dBaUIg,200.0,Fossil Brown coal/Lignite,15WMATRA-----PPK,Visonta,Mátrai Erőmű,MÁ2_gép3,1,MAW,PT60M,2,2018-10-08 05:00:00+02:00
80,HU,Unplanned outage,A03,,2018-10-08 07:30:00+02:00,rJ2t7m35yLemexV5dBaUIg,200.0,Fossil Brown coal/Lignite,15WMATRA-----PPK,Visonta,Mátrai Erőmű,MÁ2_gép3,1,MAW,PT30M,2,2018-10-08 07:00:00+02:00
80,HU,Unplanned outage,A03,,2018-10-08 07:45:00+02:00,rJ2t7m35yLemexV5dBaUIg,200.0,Fossil Brown coal/Lignite,15WMATRA-----PPK,Visonta,Mátrai Erőmű,MÁ2_gép3,1,MAW,PT15M,2,2018-10-08 07:30:00+02:00
80,HU,Unplanned outage,A03,,2018-10-08 07:55:00+02:00,rJ2t7m35yLemexV5dBaUIg,200.0,Fossil Brown coal/Lignite,15WMATRA-----PPK,Visonta,Mátrai Erőmű,MÁ2_gép3,1,MAW,PT1M,2,2018-10-08 07:45:00+02:00
23.4,HU,Unplanned outage,A03,,2018-10-09 12:00:00+02:00,NHUsWanpvFypheeE_44_ZA,67.5,Fossil Gas,15WVEOLIASZK-PPQ,Budapest,VEOLIA szabályozási központ,VEOLIA.TERC,1,MAW,PT60M,2,2018-10-09 10:00:00+02:00
23.4,HU,Unplanned outage,A03,,2018-10-09 12:14:00+02:00,NHUsWanpvFypheeE_44_ZA,67.5,Fossil Gas,15WVEOLIASZK-PPQ,Budapest,VEOLIA szabályozási központ,VEOLIA.TERC,1,MAW,PT1M,2,2018-10-09 12:00:00+02:00
23.4,HU,Unplanned outage,A03,,2018-10-09 09:30:00+02:00,NHUsWanpvFypheeE_44_ZA,67.5,Fossil Gas,15WVEOLIASZK-PPQ,Budapest,VEOLIA szabályozási központ,VEOLIA.TERC,1,MAW,PT15M,2,2018-10-09 09:15:00+02:00
23.4,HU,Unplanned outage,A03,,2018-10-09 09:15:00+02:00,NHUsWanpvFypheeE_44_ZA,67.5,Fossil Gas,15WVEOLIASZK-PPQ,Budapest,VEOLIA szabályozási központ,VEOLIA.TERC,1,MAW,PT1M,2,2018-10-09 09:02:00+02:00
23.4,HU,Unplanned outage,A03,,2018-10-09 10:00:00+02:00,NHUsWanpvFypheeE_44_ZA,67.5,Fossil Gas,15WVEOLIASZK-PPQ,Budapest,VEOLIA szabályozási központ,VEOLIA.TERC,1,MAW,PT30M,2,2018-10-09 09:30:00+02:00
0,HU,Unplanned outage,A03,,2018-10-16 23:45:00+02:00,NF08QuguJQoa8UgpY7Y1Ug,69.0,Fossil Gas,15WUJPEST----PPO,Budapest,Újpesti Erőmű,ÚJ_GT,1,MAW,PT1M,2,2018-10-16 23:33:00+02:00
0,HU,Unplanned outage,A03,,2018-10-17 00:00:00+02:00,NF08QuguJQoa8UgpY7Y1Ug,69.0,Fossil Gas,15WUJPEST----PPO,Budapest,Újpesti Erőmű,ÚJ_GT,1,MAW,PT15M,2,2018-10-16 23:45:00+02:00
0,HU,Unplanned outage,A03,,2018-10-17 00:30:00+02:00,NF08QuguJQoa8UgpY7Y1Ug,69.0,Fossil Gas,15WUJPEST----PPO,Budapest,Újpesti Erőmű,ÚJ_GT,1,MAW,PT30M,2,2018-10-17 00:00:00+02:00
0,HU,Unplanned outage,A03,,2018-10-17 00:45:00+02:00,NF08QuguJQoa8UgpY7Y1Ug,69.0,Fossil Gas,15WUJPEST----PPO,Budapest,Újpesti Erőmű,ÚJ_GT,1,MAW,PT15M,2,2018-10-17 00:30:00+02:00
0,HU,Unplanned outage,A03,,2018-10-17 00:49:00+02:00,NF08QuguJQoa8UgpY7Y1Ug,69.0,Fossil Gas,15WUJPEST----PPO,Budapest,Újpesti Erőmű,ÚJ_GT,1,MAW,PT1M,2,2018-10-17 00:45:00+02:00
-1,HU,Unplanned outage,A03,,2018-10-16 23:45:00+02:00,4KVM7RR4lefO8CjOX1Su-w,33.0,Fossil Gas,15WUJPEST----PPO,Budapest,Újpesti Erőmű,ÚJ_ST,1,MAW,PT1M,2,2018-10-16 23:31:00+02:00
-1,HU,Unplanned outage,A03,,2018-10-17 00:00:00+02:00,4KVM7RR4lefO8CjOX1Su-w,33.0,Fossil Gas,15WUJPEST----PPO,Budapest,Újpesti Erőmű,ÚJ_ST,1,MAW,PT15M,2,2018-10-16 23:45:00+02:00
-1,HU,Unplanned outage,A03,,2018-10-17 01:00:00+02:00,4KVM7RR4lefO8CjOX1Su-w,33.0,Fossil Gas,15WUJPEST----PPO,Budapest,Újpesti Erőmű,ÚJ_ST,1,MAW,PT60M,2,2018-10-17 00:00:00+02:00
-1,HU,Unplanned outage,A03,,2018-10-17 01:30:00+02:00,4KVM7RR4lefO8CjOX1Su-w,33.0,Fossil Gas,15WUJPEST----PPO,Budapest,Újpesti Erőmű,ÚJ_ST,1,MAW,PT30M,2,2018-10-17 01:00:00+02:00
19.8,HU,Unplanned outage,A03,,2018-10-19 15:30:00+02:00,KucaQszaRc7DQoNFs6opYw,48.5,Fossil Gas,15WMVMSZK----PPY,Budapest,MVM szabályozási központ,ÉB_GT123,1,MAW,PT30M,2,2018-10-19 15:00:00+02:00
19.8,HU,Unplanned outage,A03,,2018-10-19 15:00:00+02:00,KucaQszaRc7DQoNFs6opYw,48.5,Fossil Gas,15WMVMSZK----PPY,Budapest,MVM szabályozási központ,ÉB_GT123,1,MAW,PT60M,2,2018-10-19 13:00:00+02:00
19.8,HU,Unplanned outage,A03,,2018-10-19 13:00:00+02:00,KucaQszaRc7DQoNFs6opYw,48.5,Fossil Gas,15WMVMSZK----PPY,Budapest,MVM szabályozási központ,ÉB_GT123,1,MAW,PT1M,2,2018-10-19 12:56:00+02:00
0,HU,Unplanned outage,A03,,2018-10-20 19:15:00+02:00,RSNNBeYk_PCBymmdT-0eNg,62.0,Biomass,15WPECS------PPO,Pécs,Pécsi Erőmű,Pécs_gép2,1,MAW,PT1M,3,2018-10-20 19:03:00+02:00
0,HU,Unplanned outage,A03,,2018-10-20 19:30:00+02:00,RSNNBeYk_PCBymmdT-0eNg,62.0,Biomass,15WPECS------PPO,Pécs,Pécsi Erőmű,Pécs_gép2,1,MAW,PT15M,3,2018-10-20 19:15:00+02:00
0,HU,Unplanned outage,A03,,2018-10-20 20:00:00+02:00,RSNNBeYk_PCBymmdT-0eNg,62.0,Biomass,15WPECS------PPO,Pécs,Pécsi Erőmű,Pécs_gép2,1,MAW,PT30M,3,2018-10-20 19:30:00+02:00
0,HU,Unplanned outage,A03,,2018-10-23 03:00:00+02:00,RSNNBeYk_PCBymmdT-0eNg,62.0,Biomass,15WPECS------PPO,Pécs,Pécsi Erőmű,Pécs_gép2,1,MAW,PT60M,3,2018-10-20 20:00:00+02:00
0,HU,Unplanned outage,A03,,2018-10-23 03:30:00+02:00,RSNNBeYk_PCBymmdT-0eNg,62.0,Biomass,15WPECS------PPO,Pécs,Pécsi Erőmű,Pécs_gép2,1,MAW,PT30M,3,2018-10-23 03:00:00+02:00
0,HU,Unplanned outage,A03,,2018-10-23 03:45:00+02:00,RSNNBeYk_PCBymmdT-0eNg,62.0,Biomass,15WPECS------PPO,Pécs,Pécsi Erőmű,Pécs_gép2,1,MAW,PT15M,3,2018-10-23 03:30:00+02:00
0,HU,Unplanned outage,A03,,2018-10-23 03:58:00+02:00,RSNNBeYk_PCBymmdT-0eNg,62.0,Biomass,15WPECS------PPO,Pécs,Pécsi Erőmű,Pécs_gép2,1,MAW,PT1M,3,2018-10-23 03:45:00+02:00
2,HU,Unplanned outage,A03,,2018-10-20 19:45:00+02:00,3ZfX1c2zUQIXmMYHk4l4vA,237.8,Nuclear,15WPAKS------PPL,Paks,Paksi Atomerőmű,PA_gép3,1,MAW,PT1M,6,2018-10-20 19:44:00+02:00
2,HU,Unplanned outage,A03,,2018-10-20 20:00:00+02:00,3ZfX1c2zUQIXmMYHk4l4vA,237.8,Nuclear,15WPAKS------PPL,Paks,Paksi Atomerőmű,PA_gép3,1,MAW,PT15M,6,2018-10-20 19:45:00+02:00
2,HU,Unplanned outage,A03,,2018-11-04 08:00:00+01:00,3ZfX1c2zUQIXmMYHk4l4vA,237.8,Nuclear,15WPAKS------PPL,Paks,Paksi Atomerőmű,PA_gép3,1,MAW,PT60M,6,2018-10-20 20:00:00+02:00
2,HU,Unplanned outage,A03,,2018-11-04 08:30:00+01:00,3ZfX1c2zUQIXmMYHk4l4vA,237.8,Nuclear,15WPAKS------PPL,Paks,Paksi Atomerőmű,PA_gép3,1,MAW,PT30M,6,2018-11-04 08:00:00+01:00
2,HU,Unplanned outage,A03,,2018-11-04 08:59:00+01:00,3ZfX1c2zUQIXmMYHk4l4vA,237.8,Nuclear,15WPAKS------PPL,Paks,Paksi Atomerőmű,PA_gép3,1,MAW,PT1M,6,2018-11-04 08:45:00+01:00
2,HU,Unplanned outage,A03,,2018-11-04 08:45:00+01:00,3ZfX1c2zUQIXmMYHk4l4vA,237.8,Nuclear,15WPAKS------PPL,Paks,Paksi Atomerőmű,PA_gép3,1,MAW,PT15M,6,2018-11-04 08:30:00+01:00
0,HU,Planned maintenance,A03,,2018-02-21 00:00:00+01:00,9wgfiXMAI0iEBQg7FOml9Q,57.0,Fossil Gas,15WBAKONY----PP6,Ajka,Bakonyi Gázturbinás Erőmű,Ajka_GT1,1,MAW,PT15M,944,2018-02-19 00:00:00+01:00
0,HU,Planned maintenance,A03,,2018-01-20 00:00:00+01:00,_qhd8JR0smmmqQ5bylM4hg,154.0,Fossil Gas,15WDUME------PPI,Százhalombatta,Dunamenti Erőmű,DG2_gép15,1,MAW,PT15M,504,2018-01-19 10:15:00+01:00
0,HU,Planned maintenance,A03,,2018-01-06 16:00:00+01:00,Qgf8dXfPVGB9k6Lc0ooCtA,143.0,Fossil Gas,15WDUME------PPI,Százhalombatta,Dunamenti Erőmű,DG2_gép14,1,MAW,PT15M,944,2018-01-06 06:00:00+01:00
0,HU,Planned maintenance,A03,,2018-05-28 00:00:00+02:00,qZC80nN3fL1D1N1tEnKexQ,142.0,Fossil Gas,15WCSEPEL----PPI,Budapest,Alpiq Csepel Erőmű,CSP_GT2,1,MAW,PT15M,944,2018-05-26 00:00:00+02:00
0,HU,Planned maintenance,A03,,2018-09-08 00:00:00+02:00,M4OqGVzDidO9VYQd8dvfrg,118.0,Fossil Gas,15WCSEPEL----PPI,Budapest,Alpiq Csepel Erőmű,CSP_ST,1,MAW,PT15M,944,2018-09-01 00:15:00+02:00
0,HU,Planned maintenance,A03,,2018-09-08 00:00:00+02:00,pe2OhuUcbY0f9ZHe390lNw,142.0,Fossil Gas,15WCSEPEL----PPI,Budapest,Alpiq Csepel Erőmű,CSP_GT1,1,MAW,PT15M,944,2018-09-01 00:30:00+02:00
0,HU,Planned maintenance,A03,,2019-01-01 00:00:00+01:00,m7N8fbZN3jM4LLrCTgu1zw,95.0,Fossil Gas,15WDKCE------PPQ,Debrecen,Debreceni Kombináltciklusú Erőmű,DE_GTST,1,MAW,PT15M,944,2018-01-01 00:00:00+01:00
0,HU,Planned maintenance,A03,,2019-01-01 00:00:00+01:00,gXBuyoUUDmrP8RiG93rrfA,57.0,Fossil Gas,15WBAKONY----PP6,Ajka,Bakonyi Gázturbinás Erőmű,Ajka_GT2,1,MAW,PT15M,944,2018-06-09 00:00:00+02:00
0,HU,Planned maintenance,A03,,2018-04-29 00:00:00+02:00,uxJFar3YszvxUAUF3KTifg,60.0,Fossil Gas,15WDUME------PPI,Százhalombatta,Dunamenti Erőmű,DG2_gép17,1,MAW,PT15M,325,2018-04-27 00:00:00+02:00
0,HU,Planned maintenance,A03,,2019-01-01 00:00:00+01:00,f_0yUU6s7bUQeVr70OHWoA,25.0,Fossil Gas,15WDUME------PPI,Százhalombatta,Dunamenti Erőmű,DG2_gép16,1,MAW,PT15M,337,2018-01-01 00:00:00+01:00
0,HU,Planned maintenance,A03,,2018-04-28 10:00:00+02:00,SDGwQXo24Jdd_SlVACdUeQ,269.0,Fossil Gas,15WDUME------PPI,Százhalombatta,Dunamenti Erőmű,DG3_gép7,1,MAW,PT15M,317,2018-03-03 00:00:00+01:00
0,HU,Planned maintenance,A03,,2018-04-28 10:00:00+02:00,ups7t3i23kgO5wZW_1iFbw,132.0,Fossil Gas,15WDUME------PPI,Százhalombatta,Dunamenti Erőmű,DG3_gép8,1,MAW,PT15M,274,2018-03-03 00:00:00+01:00
0,HU,Planned maintenance,A03,,2018-05-30 09:00:00+02:00,YkGY-Sydhe8hSqB0a2c_EA,109.0,Fossil Gas,15WKISP------PP6,Budapest,Kispesti Erőmű,KI_GTST,1,MAW,PT15M,224,2018-04-29 00:00:00+02:00
0,HU,Planned maintenance,A03,,2018-03-12 00:00:00+01:00,k1gowncD0wik_S3njHYLOQ,120.0,Fossil Oil,15WLITER-----PPP,Budapest,Litéri Gázturbinás Erőmű,Litér_GT,1,MAW,PT15M,213,2018-03-10 00:00:00+01:00
0,HU,Planned maintenance,A03,,2018-05-25 09:00:00+02:00,r5JO2GiwW5U5SxLSE98Ylw,170.0,Fossil Oil,15WLORINC----PPF,Budapest,Lőrinci Gázturbinás Erőmű,Lőrinci_GT,1,MAW,PT15M,192,2018-05-24 00:00:00+02:00
0,HU,Planned maintenance,A03,,2018-06-30 00:00:00+02:00,lmH4lqVuaAzaxgUzgcRiMQ,48.0,Fossil Gas,15WKELENF----PP8,Budapest,Kelenföldi Erőmű,KF_ST,1,MAW,PT15M,228,2018-06-18 00:00:00+02:00
0,HU,Planned maintenance,A03,,2018-03-22 11:00:00+01:00,yluHgbzkT4fVk_TnOm3QbA,427.0,Fossil Gas,15WGONYU-----PP5,Gönyű,Gönyűi Erőmű,GÖNYÜ_gép1,1,MAW,PT15M,269,2018-03-14 05:00:00+01:00
0,HU,Planned maintenance,A03,,2018-09-14 04:00:00+02:00,3RqdzOJDGI5PSvjVZxknWw,125.0,Fossil Gas,15WKELENF----PP8,Budapest,Kelenföldi Erőmű,KF_GT,1,MAW,PT15M,246,2018-09-12 09:00:00+02:00
0,HU,Planned maintenance,A03,,2018-01-07 04:00:00+01:00,XNbKJubEiUxRkN-9DNYFHw,87.0,Fossil Brown coal/Lignite,15WMATRA-----PPK,Visonta,Mátrai Erőmű,MÁ1_gép1,1,MAW,PT15M,172,2018-01-06 03:00:00+01:00
0,HU,Planned maintenance,A03,,2018-03-05 05:00:00+01:00,x3BSzRRytu16OHOPU5iSEw,200.0,Fossil Brown coal/Lignite,15WMATRA-----PPK,Visonta,Mátrai Erőmű,MÁ2_gép3,1,MAW,PT15M,172,2018-03-03 03:00:00+01:00
0,HU,Planned maintenance,A03,,2018-02-19 05:00:00+01:00,ZMtIVtwGXwACnv4Nl_Y9FQ,87.0,Fossil Brown coal/Lignite,15WMATRA-----PPK,Visonta,Mátrai Erőmű,MÁ1_gép2,1,MAW,PT15M,172,2018-02-17 03:00:00+01:00
0,HU,Planned maintenance,A03,,2018-01-03 17:00:00+01:00,I76eatNnmn0eQS2WmQJkLg,207.0,Fossil Brown coal/Lignite,15WMATRA-----PPK,Visonta,Mátrai Erőmű,MÁ2_gép5,1,MAW,PT15M,172,2018-01-01 00:00:00+01:00
0,HU,Planned maintenance,A03,,2018-01-15 05:00:00+01:00,7k_Z5ORnUw70LzIaVMQ1nA,206.0,Fossil Brown coal/Lignite,15WMATRA-----PPK,Visonta,Mátrai Erőmű,MÁ2_gép4,1,MAW,PT15M,172,2018-01-13 00:00:00+01:00
0,HU,Planned maintenance,A03,,2018-05-21 00:00:00+02:00,61NRcJsbusDeVjE_Khn8fA,33.0,Fossil Brown coal/Lignite,15WMATRA-----PPK,Visonta,Mátrai Erőmű,MÁG_gép6,1,MAW,PT15M,153,2018-04-13 00:00:00+02:00
0,HU,Planned maintenance,A03,,2018-08-27 04:00:00+02:00,Hw5Mll4AWVhHLBsiL9RHtA,207.0,Fossil Brown coal/Lignite,15WMATRA-----PPK,Visonta,Mátrai Erőmű,MÁ2_gép5,1,MAW,PT15M,172,2018-08-25 03:00:00+02:00
0,HU,Planned maintenance,A03,,2018-08-31 00:00:00+02:00,1T3R_iNj9kXoYp1MU9gixg,33.0,Fossil Brown coal/Lignite,15WMATRA-----PPK,Visonta,Mátrai Erőmű,MÁG_gép7,1,MAW,PT15M,149,2018-08-29 00:00:00+02:00
0,HU,Planned maintenance,A03,,2018-01-23 14:00:00+01:00,Z-jdPjz5kTin68GhFI4bFw,239.9,Nuclear,15WPAKS------PPL,Paks,Paksi Atomerőmű,PA_gép1,1,MAW,PT15M,125,2018-01-23 02:15:00+01:00
0,HU,Planned maintenance,A03,,2019-01-01 00:00:00+01:00,hkl95bNOW8ebAiDd8Uw_NQ,55.0,Fossil Brown coal/Lignite,15WVERTES----PPX,Oroszlány,Oroszlányi Erőmű,OR_gép3,1,MAW,PT15M,126,2018-01-01 00:00:00+01:00
0,HU,Planned maintenance,A03,,2019-01-01 00:00:00+01:00,_zKpM3CytR8xrqWDxklBaQ,55.0,Fossil Brown coal/Lignite,15WVERTES----PPX,Oroszlány,Oroszlányi Erőmű,OR_gép4,1,MAW,PT15M,125,2018-01-01 00:00:00+01:00
0,HU,Planned maintenance,A03,,2019-01-01 00:00:00+01:00,JSgCqXk-DsoHcVpRUahiHw,55.0,Fossil Brown coal/Lignite,15WVERTES----PPX,Oroszlány,Oroszlányi Erőmű,OR_gép1,1,MAW,PT15M,129,2018-01-01 00:00:00+01:00
0,HU,Planned maintenance,A03,,2019-01-01 00:00:00+01:00,-8qZKRqPFI6G6g1uluLYGg,55.0,Fossil Brown coal/Lignite,15WVERTES----PPX,Oroszlány,Oroszlányi Erőmű,OR_gép2,1,MAW,PT15M,127,2018-01-01 00:00:00+01:00
0,HU,Planned maintenance,A03,,2018-07-18 04:30:00+02:00,Ghoh6iRcAk9pTjaMh5aK8w,47.0,Fossil Gas,15WNYKCE-----PP6,Oroszlány,Nyíregyházi Kombináltciklusú Erőmű,NYKCE_Kombgt,1,MAW,PT15M,138,2018-07-16 21:30:00+02:00
0,HU,Planned maintenance,A03,,2018-03-28 14:00:00+02:00,pYev7eLIVMiWpzbvWRxBqA,239.9,Nuclear,15WPAKS------PPL,Paks,Paksi Atomerőmű,PA_gép2,1,MAW,PT15M,108,2018-03-28 06:00:00+02:00
0,HU,Planned maintenance,A03,,2018-08-05 03:00:00+02:00,ekwd0sEbfMJjLeVdsMebMQ,236.0,Nuclear,15WPAKS------PPL,Paks,Paksi Atomerőmű,PA_gép8,1,MAW,PT15M,65,2018-08-04 10:00:00+02:00
0,HU,Planned maintenance,A03,,2018-04-01 00:00:00+02:00,7mRshYvvU_bUJx4qY9hYGw,62.0,Biomass,15WPECS------PPO,Pécs,Pécsi Erőmű,Pécs_gép2,1,MAW,PT15M,65,2018-03-31 00:00:00+02:00
0,HU,Planned maintenance,A03,,2018-01-31 13:45:00+01:00,_UO1lfWNnzb2gFxx1DZZ0A,236.0,Nuclear,15WPAKS------PPL,Paks,Paksi Atomerőmű,PA_gép5,1,MAW,PT15M,80,2018-01-23 00:00:00+01:00
0,HU,Planned maintenance,A03,,2018-01-31 17:45:00+01:00,_k0KZXQS4ETvAiLeFLr9vw,236.0,Nuclear,15WPAKS------PPL,Paks,Paksi Atomerőmű,PA_gép6,1,MAW,PT15M,69,2018-01-23 00:00:00+01:00
0,HU,Planned maintenance,A03,,2018-08-08 15:45:00+02:00,t9OPrKGXZqj1hxRnePA1aA,23.0,Wind Onshore,15WSOPKOV----PPO,Sopronkövesd,Sopronkövesd szélerőműpark,SKÖV_park1,1,MAW,PT15M,48,2018-08-08 07:45:00+02:00
0,HU,Planned maintenance,A03,,2018-05-19 00:00:00+02:00,eFd8AdLi8sTIMVEXagLtIQ,120.0,Fossil Oil,15WSAJSZOGED-PP4,Sajószöged,Sajószögedi Gázturbinás Erőmű,Sajó_GT,1,MAW,PT15M,48,2018-05-14 00:00:00+02:00
0,HU,Planned maintenance,A03,,2018-08-14 20:00:00+02:00,sfkF9c91tIpsRV2czLakDw,25.0,Fossil Gas,15WTATAB-----PPG,Tatabánya,Tatabánya Erőmű,TATABÁNYA_gép2,1,MAW,PT15M,40,2018-08-14 00:00:00+02:00
0,HU,Planned maintenance,A03,,2018-09-27 08:00:00+02:00,iUxi0Xj_OH0VAgFwS1UjjQ,69.0,Fossil Gas,15WUJPEST----PPO,Budapest,Újpesti Erőmű,ÚJ_GT,1,MAW,PT15M,36,2018-04-14 01:00:00+02:00
0,HU,Planned maintenance,A03,,2018-01-08 04:00:00+01:00,tK0mQoy2Xt8GX7UpfNJYMA,44.0,Biomass,15WPANNON----PPS,Pécs,Pannongreen,Pécs_gép6,1,MAW,PT15M,57,2018-01-06 00:00:00+01:00
0,HU,Planned maintenance,A03,,2018-11-22 00:00:00+01:00,h-vKOS5GVV0SkXfHALD0OA,48.5,Fossil Gas,15WMVMSZK----PPY,Budapest,MVM szabályozási központ,ÉB_GT123,1,MAW,PT15M,27,2018-01-01 00:00:00+01:00
0,HU,Planned maintenance,A03,,2018-06-28 09:00:00+02:00,5AT_7aA1eeBStaztQtdoUw,33.0,Fossil Gas,15WUJPEST----PPO,Budapest,Újpesti Erőmű,ÚJ_ST,1,MAW,PT15M,34,2018-06-07 00:00:00+02:00
0,HU,Planned maintenance,A03,,2018-06-01 15:45:00+02:00,Z9pXPYYBp_tOUQslja9ZXA,57.0,Fossil Gas,15WBAKONY----PP6,Ajka,Bakonyi Gázturbinás Erőmű,Ajka_GT2,1,MAW,PT15M,944,2018-05-28 00:00:00+02:00
0,HU,Planned maintenance,A03,,2018-06-03 12:00:00+02:00,ljWA1OBX5Vvy3Ag5SjGd4g,143.0,Fossil Gas,15WDUME------PPI,Százhalombatta,Dunamenti Erőmű,DG2_gép14,1,MAW,PT15M,944,2018-05-31 00:00:00+02:00
0,HU,Planned maintenance,A03,,2018-03-26 00:00:00+02:00,vx5Bav63q5hx1eo_Vw-p5A,57.0,Fossil Gas,15WBAKONY----PP6,Ajka,Bakonyi Gázturbinás Erőmű,Ajka_GT1,1,MAW,PT15M,944,2018-03-24 00:00:00+01:00
0,HU,Planned maintenance,A03,,2018-10-16 00:00:00+02:00,CA4B1wMWj98L57MB8XsHmQ,154.0,Fossil Gas,15WDUME------PPI,Százhalombatta,Dunamenti Erőmű,DG2_gép15,1,MAW,PT15M,360,2018-10-15 00:00:00+02:00
0,HU,Planned maintenance,A03,,2018-05-08 00:00:00+02:00,KdlCaMArI84wVc8Kcf_nYA,132.0,Fossil Gas,15WDUME------PPI,Százhalombatta,Dunamenti Erőmű,DG3_gép8,1,MAW,PT15M,270,2018-05-07 18:00:00+02:00
0,HU,Planned maintenance,A03,,2018-10-13 00:00:00+02:00,rYiHc6oGAYSOgVAjIcfalg,170.0,Fossil Oil,15WLORINC----PPF,Budapest,Lőrinci Gázturbinás Erőmű,Lőrinci_GT,1,MAW,PT15M,172,2018-10-08 00:00:00+02:00
0,HU,Planned maintenance,A03,,2018-02-20 00:00:00+01:00,R79jwIG0_g71xQtN0nQIYQ,87.0,Fossil Brown coal/Lignite,15WMATRA-----PPK,Visonta,Mátrai Erőmű,MÁ1_gép1,1,MAW,PT15M,172,2018-02-19 05:00:00+01:00
0,HU,Planned maintenance,A03,,2018-06-08 11:00:00+02:00,D5Bz9ciVtYbeMSlZ-GQARw,239.9,Nuclear,15WPAKS------PPL,Paks,Paksi Atomerőmű,PA_gép1,1,MAW,PT15M,114,2018-06-08 00:00:00+02:00
0,HU,Planned maintenance,A03,,2018-07-23 08:00:00+02:00,3osmdNFYBb85g4Yv0Sofdg,206.0,Fossil Brown coal/Lignite,15WMATRA-----PPK,Visonta,Mátrai Erőmű,MÁ2_gép4,1,MAW,PT15M,172,2018-07-21 03:00:00+02:00
0,HU,Planned maintenance,A03,,2018-08-22 17:00:00+02:00,iDVZ0q0D7GpCrXEJztsSGQ,60.0,Fossil Gas,15WDUME------PPI,Százhalombatta,Dunamenti Erőmű,DG2_gép17,1,MAW,PT15M,317,2018-08-22 09:00:00+02:00
0,HU,Planned maintenance,A03,,2018-06-02 00:00:00+02:00,beBO23AvtufB4TklhHqorg,109.0,Fossil Gas,15WKISP------PP6,Budapest,Kispesti Erőmű,KI_GTST,1,MAW,PT15M,224,2018-05-30 13:45:00+02:00
0,HU,Planned maintenance,A03,,2018-05-15 17:00:00+02:00,gk2i-mKOk0Mz8-jVPOj2AQ,87.0,Fossil Brown coal/Lignite,15WMATRA-----PPK,Visonta,Mátrai Erőmű,MÁ1_gép1,1,MAW,PT15M,172,2018-05-15 00:00:00+02:00
0,HU,Planned maintenance,A03,,2018-03-21 14:00:00+01:00,uIlJQ_uL78hNSyl80dEmLg,237.8,Nuclear,15WPAKS------PPL,Paks,Paksi Atomerőmű,PA_gép3,1,MAW,PT15M,96,2018-03-20 00:00:00+01:00
0,HU,Planned maintenance,A03,,2018-05-07 08:00:00+02:00,Y5HLIJ5M63472Uhq-YpgDw,44.0,Biomass,15WPANNON----PPS,Pécs,Pannongreen,Pécs_gép6,1,MAW,PT15M,53,2018-05-05 00:00:00+02:00
0,HU,Planned maintenance,A03,,2018-10-06 04:45:00+02:00,uQast8D1sVR82UHRzLIzIQ,207.0,Fossil Brown coal/Lignite,15WMATRA-----PPK,Visonta,Mátrai Erőmű,MÁ2_gép5,1,MAW,PT15M,159,2018-10-06 00:00:00+02:00
0,HU,Planned maintenance,A03,,2018-05-07 05:00:00+02:00,h-QKQDD8rPmPH2TOxeHAxw,206.0,Fossil Brown coal/Lignite,15WMATRA-----PPK,Visonta,Mátrai Erőmű,MÁ2_gép4,1,MAW,PT15M,172,2018-05-05 03:00:00+02:00
0,HU,Planned maintenance,A03,,2018-03-26 00:00:00+02:00,u8ADvXeTlpTuNFYekKglAA,57.0,Fossil Gas,15WBAKONY----PP6,Ajka,Bakonyi Gázturbinás Erőmű,Ajka_GT2,1,MAW,PT15M,944,2018-03-24 00:00:00+01:00
0,HU,Planned maintenance,A03,,2018-05-07 07:00:00+02:00,Wb1dwIOI-Y7f6UgfDxsL8Q,269.0,Fossil Gas,15WDUME------PPI,Százhalombatta,Dunamenti Erőmű,DG3_gép7,1,MAW,PT15M,288,2018-05-04 19:00:00+02:00
0,HU,Planned maintenance,A03,,2018-03-02 08:00:00+01:00,JN38_gsJrG6eZkQsL4shBg,142.0,Fossil Gas,15WCSEPEL----PPI,Budapest,Alpiq Csepel Erőmű,CSP_GT1,1,MAW,PT15M,944,2018-03-01 00:00:00+01:00
0,HU,Planned maintenance,A03,,2018-06-15 08:00:00+02:00,XTM4W9w5e3xqFiDefKAPOA,109.0,Fossil Gas,15WKISP------PP6,Budapest,Kispesti Erőmű,KI_GTST,1,MAW,PT15M,223,2018-06-14 21:00:00+02:00
0,HU,Planned maintenance,A03,,2018-10-02 03:45:00+02:00,cdSxwtKhQhj83ltu74iGiQ,207.0,Fossil Brown coal/Lignite,15WMATRA-----PPK,Visonta,Mátrai Erőmű,MÁ2_gép5,1,MAW,PT15M,161,2018-09-29 01:00:00+02:00
0,HU,Planned maintenance,A03,,2018-04-21 18:00:00+02:00,ZL1FkQ2ErDtHlj5XKM2F9A,200.0,Fossil Brown coal/Lignite,15WMATRA-----PPK,Visonta,Mátrai Erőmű,MÁ2_gép3,1,MAW,PT15M,172,2018-04-01 03:00:00+02:00
0,HU,Planned maintenance,A03,,2018-06-01 00:00:00+02:00,ZOlk_YqfPG3NJI0yApvFVg,207.0,Fossil Brown coal/Lignite,15WMATRA-----PPK,Visonta,Mátrai Erőmű,MÁ2_gép5,1,MAW,PT15M,172,2018-05-12 03:00:00+02:00
0,HU,Planned maintenance,A03,,2018-03-18 20:00:00+01:00,wobaIa0HSnLL8QEyugUgsw,206.0,Fossil Brown coal/Lignite,15WMATRA-----PPK,Visonta,Mátrai Erőmű,MÁ2_gép4,1,MAW,PT15M,172,2018-03-17 00:00:00+01:00
0,HU,Planned maintenance,A03,,2018-08-22 17:00:00+02:00,xlxmdftGEG2w1hQfooc2Nw,154.0,Fossil Gas,15WDUME------PPI,Százhalombatta,Dunamenti Erőmű,DG2_gép15,1,MAW,PT15M,377,2018-08-22 09:00:00+02:00
0,HU,Planned maintenance,A03,,2018-09-12 13:00:00+02:00,WjIhrsR8xpom8Wh0SVkO-A,87.0,Fossil Brown coal/Lignite,15WMATRA-----PPK,Visonta,Mátrai Erőmű,MÁ1_gép1,1,MAW,PT15M,172,2018-09-10 04:00:00+02:00
0,HU,Planned maintenance,A03,,2018-05-27 22:00:00+02:00,exPfVPFRh97ecvpnSDZynA,142.0,Fossil Gas,15WCSEPEL----PPI,Budapest,Alpiq Csepel Erőmű,CSP_GT1,1,MAW,PT15M,944,2018-05-26 00:00:00+02:00
0,HU,Planned maintenance,A03,,2018-09-04 00:45:00+02:00,HSLsWUtoED9vY5Ud6xqMoA,200.0,Fossil Brown coal/Lignite,15WMATRA-----PPK,Visonta,Mátrai Erőmű,MÁ2_gép3,1,MAW,PT15M,172,2018-09-04 00:00:00+02:00
0,HU,Planned maintenance,A03,,2018-08-29 19:00:00+02:00,3uQuC55N7FkHC8gjnvRauQ,109.0,Fossil Gas,15WKISP------PP6,Budapest,Kispesti Erőmű,KI_GTST,1,MAW,PT15M,222,2018-08-29 07:00:00+02:00
0,HU,Planned maintenance,A03,,2018-04-14 07:00:00+02:00,wFUtvsVlNi1-WbL0vQSvdA,44.0,Biomass,15WPANNON----PPS,Pécs,Pannongreen,Pécs_gép6,1,MAW,PT15M,57,2018-04-14 05:30:00+02:00
0,HU,Planned maintenance,A03,,2018-07-15 04:00:00+02:00,NJkww0ONmTxonGQIDIEbAg,87.0,Fossil Brown coal/Lignite,15WMATRA-----PPK,Visonta,Mátrai Erőmű,MÁ1_gép2,1,MAW,PT15M,172,2018-07-13 03:00:00+02:00
0,HU,Planned maintenance,A03,,2018-05-07 09:00:00+02:00,Zvpk1gTnBOHMzqab_cYU2Q,132.0,Fossil Gas,15WDUME------PPI,Százhalombatta,Dunamenti Erőmű,DG3_gép8,1,MAW,PT15M,270,2018-05-04 18:00:00+02:00
0,HU,Planned maintenance,A03,,2018-08-31 00:00:00+02:00,AofbiiE1ynRddyFTLDfPqA,33.0,Fossil Brown coal/Lignite,15WMATRA-----PPK,Visonta,Mátrai Erőmű,MÁG_gép6,1,MAW,PT15M,152,2018-08-29 00:00:00+02:00
0,HU,Planned maintenance,A03,,2018-03-13 12:00:00+01:00,7_4mO_RzYvy7DcxzZERuZg,60.0,Fossil Gas,15WDUME------PPI,Százhalombatta,Dunamenti Erőmű,DG2_gép17,1,MAW,PT15M,325,2018-03-13 10:00:00+01:00
0,HU,Planned maintenance,A03,,2018-06-28 14:00:00+02:00,w6G-qKS3z4Or2aL_sZhbNg,62.0,Biomass,15WPECS------PPO,Pécs,Pécsi Erőmű,Pécs_gép2,1,MAW,PT15M,57,2018-06-28 10:00:00+02:00
0,HU,Planned maintenance,A03,,2018-06-23 00:00:00+02:00,lWEwfNgkhL7dDfIY69vT4g,269.0,Fossil Gas,15WDUME------PPI,Százhalombatta,Dunamenti Erőmű,DG3_gép7,1,MAW,PT15M,284,2018-06-12 00:00:00+02:00
0,HU,Planned maintenance,A03,,2018-05-31 18:00:00+02:00,PAgamZ13OvJyXhNREQ1kMw,87.0,Fossil Brown coal/Lignite,15WMATRA-----PPK,Visonta,Mátrai Erőmű,MÁ1_gép2,1,MAW,PT15M,172,2018-05-31 00:00:00+02:00
0,HU,Planned maintenance,A03,,2018-05-20 17:00:00+02:00,xV_T1H9EJhIhNwXs91C17Q,200.0,Fossil Brown coal/Lignite,15WMATRA-----PPK,Visonta,Mátrai Erőmű,MÁ2_gép3,1,MAW,PT15M,172,2018-05-20 00:00:00+02:00
0,HU,Planned maintenance,A03,,2018-08-08 00:00:00+02:00,zQyXqGmgObXSvLYS2eUFjA,87.0,Fossil Brown coal/Lignite,15WMATRA-----PPK,Visonta,Mátrai Erőmű,MÁ1_gép2,1,MAW,PT15M,172,2018-08-06 03:00:00+02:00
0,HU,Planned maintenance,A03,,2018-03-26 05:00:00+02:00,Hy4SrUdpefm8C28DMYj3MQ,87.0,Fossil Brown coal/Lignite,15WMATRA-----PPK,Visonta,Mátrai Erőmű,MÁ1_gép1,1,MAW,PT15M,172,2018-03-25 00:00:00+01:00
0,HU,Planned maintenance,A03,,2018-06-24 00:00:00+02:00,4_V1709jsXFeYSVOnHy38w,28.0,Biomass,15WBAKONYI---PPL,Ajka,Bakonyi Bioerőmű,Ajka_gép7,1,MAW,PT15M,944,2018-06-21 00:00:00+02:00
0,HU,Planned maintenance,A03,,2018-04-23 00:00:00+02:00,3sZ5ZY9ToS7FnI4YhwdkfA,170.0,Fossil Oil,15WLORINC----PPF,Budapest,Lőrinci Gázturbinás Erőmű,Lőrinci_GT,1,MAW,PT15M,202,2018-04-21 00:00:00+02:00
0,HU,Planned maintenance,A03,,2018-05-13 17:00:00+02:00,PtOUsWQVh92dQ1QQfc7nFQ,200.0,Fossil Brown coal/Lignite,15WMATRA-----PPK,Visonta,Mátrai Erőmű,MÁ2_gép3,1,MAW,PT15M,172,2018-05-13 00:00:00+02:00
0,HU,Planned maintenance,A03,,2018-09-30 03:30:00+02:00,iRoYnKegq7U0rSmufN-NDA,47.0,Fossil Gas,15WNYKCE-----PP6,Oroszlány,Nyíregyházi Kombináltciklusú Erőmű,NYKCE_Kombgt,1,MAW,PT15M,133,2018-07-18 20:30:00+02:00
0,HU,Planned maintenance,A03,,2018-06-14 00:00:00+02:00,FsaJthAosGjr2OQs5ZY05A,154.0,Fossil Gas,15WDUME------PPI,Százhalombatta,Dunamenti Erőmű,DG2_gép15,1,MAW,PT15M,379,2018-06-13 00:00:00+02:00
0,HU,Planned maintenance,A03,,2018-10-12 00:00:00+02:00,6cJufUNBnW2MKAbDRtE5xA,125.0,Fossil Gas,15WKELENF----PP8,Budapest,Kelenföldi Erőmű,KF_GT,1,MAW,PT15M,231,2018-10-11 10:00:00+02:00
0,HU,Planned maintenance,A03,,2018-03-13 12:00:00+01:00,iwWfjgNjs1f92KWSThr5cg,143.0,Fossil Gas,15WDUME------PPI,Százhalombatta,Dunamenti Erőmű,DG2_gép14,1,MAW,PT15M,944,2018-03-13 10:00:00+01:00
0,HU,Planned maintenance,A03,,2018-02-18 06:00:00+01:00,NTa_AuCLOZzj-diDtMcIRQ,207.0,Fossil Brown coal/Lignite,15WMATRA-----PPK,Visonta,Mátrai Erőmű,MÁ2_gép5,1,MAW,PT15M,172,2018-02-18 00:00:00+01:00
0,HU,Planned maintenance,A03,,2018-03-21 18:00:00+01:00,FrjmQeNCYS9eXtpcwQ8x5w,237.8,Nuclear,15WPAKS------PPL,Paks,Paksi Atomerőmű,PA_gép4,1,MAW,PT15M,86,2018-02-24 02:00:00+01:00
0,HU,Planned maintenance,A03,,2018-09-15 00:00:00+02:00,MR49Ktd6IdJ9o2z0g27QZA,120.0,Fossil Oil,15WLITER-----PPP,Budapest,Litéri Gázturbinás Erőmű,Litér_GT,1,MAW,PT15M,209,2018-09-09 00:00:00+02:00
0,HU,Planned maintenance,A03,,2018-02-02 00:00:00+01:00,87cG3N4qC-kIRjvI2Tdi9Q,87.0,Fossil Brown coal/Lignite,15WMATRA-----PPK,Visonta,Mátrai Erőmű,MÁ1_gép1,1,MAW,PT15M,172,2018-01-30 01:45:00+01:00
0,HU,Planned maintenance,A03,,2018-06-23 03:00:00+02:00,zyI-GTw5zAMo9z6tAKKJCQ,236.0,Nuclear,15WPAKS------PPL,Paks,Paksi Atomerőmű,PA_gép5,1,MAW,PT15M,80,2018-05-01 02:00:00+02:00
0,HU,Planned maintenance,A03,,2018-05-04 09:00:00+02:00,H8MFBDjHBg3IX6mIE8OMWg,132.0,Fossil Gas,15WDUME------PPI,Százhalombatta,Dunamenti Erőmű,DG3_gép8,1,MAW,PT15M,270,2018-05-03 19:15:00+02:00
0,HU,Planned maintenance,A03,,2018-02-23 00:00:00+01:00,O5zuCYwUFFzx6mWGNNZlBg,87.0,Fossil Brown coal/Lignite,15WMATRA-----PPK,Visonta,Mátrai Erőmű,MÁ1_gép2,1,MAW,PT15M,172,2018-02-22 00:00:00+01:00
0,HU,Planned maintenance,A03,,2018-04-24 12:00:00+02:00,yc7cQAHGC8YHxudQwf1TRA,239.9,Nuclear,15WPAKS------PPL,Paks,Paksi Atomerőmű,PA_gép2,1,MAW,PT15M,106,2018-04-24 05:45:00+02:00
0,HU,Planned maintenance,A03,,2018-08-15 00:00:00+02:00,jxLO4fwpBQk4oQI7jkVBaQ,23.0,Wind Onshore,15WSOPKOV----PPO,Sopronkövesd,Sopronkövesd szélerőműpark,SKÖV_park1,1,MAW,PT15M,43,2018-08-09 00:00:00+02:00
0,HU,Planned maintenance,A03,,2018-05-03 08:00:00+02:00,my9wOkbVCKW_8QWAY16j9g,132.0,Fossil Gas,15WDUME------PPI,Százhalombatta,Dunamenti Erőmű,DG3_gép8,1,MAW,PT15M,270,2018-05-02 20:30:00+02:00
0,HU,Planned maintenance,A03,,2018-08-23 13:00:00+02:00,CEzJ3p0CFyb14WmrFaeTGA,236.0,Nuclear,15WPAKS------PPL,Paks,Paksi Atomerőmű,PA_gép5,1,MAW,PT15M,71,2018-08-23 00:00:00+02:00
0,HU,Planned maintenance,A03,,2018-05-24 00:00:00+02:00,6hwJx_ea5hGt6BXu6JjppA,427.0,Fossil Gas,15WGONYU-----PP5,Gönyű,Gönyűi Erőmű,GÖNYÜ_gép1,1,MAW,PT15M,256,2018-05-21 00:00:00+02:00
0,HU,Planned maintenance,A03,,2018-01-07 18:00:00+01:00,kMvYGyqlXXPAkcqcJEqYJA,87.0,Fossil Brown coal/Lignite,15WMATRA-----PPK,Visonta,Mátrai Erőmű,MÁ1_gép2,1,MAW,PT15M,172,2018-01-06 03:00:00+01:00
0,HU,Planned maintenance,A03,,2018-04-05 20:00:00+02:00,ACNMtjz9R-YhWOF_dtq-aA,87.0,Fossil Brown coal/Lignite,15WMATRA-----PPK,Visonta,Mátrai Erőmű,MÁ1_gép1,1,MAW,PT15M,172,2018-04-05 00:00:00+02:00
0,HU,Planned maintenance,A03,,2018-09-28 00:00:00+02:00,uztGumhZ41A5tJ1WjrRmQQ,69.0,Fossil Gas,15WUJPEST----PPO,Budapest,Újpesti Erőmű,ÚJ_GT,1,MAW,PT15M,36,2018-09-27 14:00:00+02:00
0,HU,Planned maintenance,A03,,2018-04-07 00:00:00+02:00,PuL3yevK9DcV8COCNZ8GTg,33.0,Fossil Brown coal/Lignite,15WMATRA-----PPK,Visonta,Mátrai Erőmű,MÁG_gép7,1,MAW,PT15M,150,2018-04-02 00:00:00+02:00
0,HU,Planned maintenance,A03,,2018-09-08 00:00:00+02:00,YrkgWXxXs5XGTyRnmIMiyA,142.0,Fossil Gas,15WCSEPEL----PPI,Budapest,Alpiq Csepel Erőmű,CSP_GT2,1,MAW,PT15M,944,2018-09-01 00:00:00+02:00
0,HU,Planned maintenance,A03,,2018-05-27 23:15:00+02:00,-KlGcwvaBFf9DOcH2n9sFQ,118.0,Fossil Gas,15WCSEPEL----PPI,Budapest,Alpiq Csepel Erőmű,CSP_ST,1,MAW,PT15M,944,2018-05-26 00:00:00+02:00
0,HU,Planned maintenance,A03,,2018-09-24 00:00:00+02:00,LUli_cP-RAAv-I0ZGm2JXQ,57.0,Fossil Gas,15WBAKONY----PP6,Ajka,Bakonyi Gázturbinás Erőmű,Ajka_GT1,1,MAW,PT15M,944,2018-09-23 01:00:00+02:00
0,HU,Planned maintenance,A03,,2018-05-03 08:00:00+02:00,WwqdOebksGL6hFYILlGPMw,269.0,Fossil Gas,15WDUME------PPI,Százhalombatta,Dunamenti Erőmű,DG3_gép7,1,MAW,PT15M,308,2018-05-02 20:30:00+02:00
0,HU,Planned maintenance,A03,,2018-05-21 00:00:00+02:00,x6HicI5UvYV6BW_NWLlXNg,33.0,Fossil Brown coal/Lignite,15WMATRA-----PPK,Visonta,Mátrai Erőmű,MÁG_gép7,1,MAW,PT15M,150,2018-04-13 00:00:00+02:00
0,HU,Planned maintenance,A03,,2018-04-13 05:00:00+02:00,DQjtxEHAzQ3Jpm-LsVyvvg,87.0,Fossil Brown coal/Lignite,15WMATRA-----PPK,Visonta,Mátrai Erőmű,MÁ1_gép1,1,MAW,PT15M,172,2018-04-12 00:00:00+02:00
0,HU,Planned maintenance,A03,,2018-05-23 05:45:00+02:00,o8KYgnu5IRj_MjbW-ZiHng,87.0,Fossil Brown coal/Lignite,15WMATRA-----PPK,Visonta,Mátrai Erőmű,MÁ1_gép1,1,MAW,PT15M,172,2018-05-19 00:00:00+02:00
0,HU,Planned maintenance,A03,,2018-04-29 00:00:00+02:00,oL5P9RwJMkCXcxnGEKTrhA,143.0,Fossil Gas,15WDUME------PPI,Százhalombatta,Dunamenti Erőmű,DG2_gép14,1,MAW,PT15M,944,2018-04-27 00:00:00+02:00
0,HU,Planned maintenance,A03,,2018-04-11 01:45:00+02:00,ptSZZM6T1g84qpjlA3117A,207.0,Fossil Brown coal/Lignite,15WMATRA-----PPK,Visonta,Mátrai Erőmű,MÁ2_gép5,1,MAW,PT15M,172,2018-04-11 00:00:00+02:00
0,HU,Planned maintenance,A03,,2018-03-19 20:00:00+01:00,nwCH35BClD_F3kQOxVWoqw,237.8,Nuclear,15WPAKS------PPL,Paks,Paksi Atomerőmű,PA_gép3,1,MAW,PT15M,96,2018-02-24 02:00:00+01:00
0,HU,Planned maintenance,A03,,2018-09-12 08:00:00+02:00,z9jIcGfvoHV1zjVWjpPRQQ,125.0,Fossil Gas,15WKELENF----PP8,Budapest,Kelenföldi Erőmű,KF_GT,1,MAW,PT15M,249,2018-04-01 00:00:00+02:00
0,HU,Planned maintenance,A03,,2018-09-28 17:00:00+02:00,ppHzHe8uTMSW3J6AZlTixQ,200.0,Fossil Brown coal/Lignite,15WMATRA-----PPK,Visonta,Mátrai Erőmű,MÁ2_gép3,1,MAW,PT15M,172,2018-09-27 03:00:00+02:00
0,HU,Planned maintenance,A03,,2019-01-01 00:00:00+01:00,QX330LJwuCcck-ReEwe6OQ,47.0,Fossil Gas,15WNYKCE-----PP6,Oroszlány,Nyíregyházi Kombináltciklusú Erőmű,NYKCE_Kombgt,1,MAW,PT15M,132,2018-09-30 19:30:00+02:00
0,HU,Planned maintenance,A03,,2018-05-04 08:00:00+02:00,Xh18oIjAl6FSKcauMaqnPA,269.0,Fossil Gas,15WDUME------PPI,Százhalombatta,Dunamenti Erőmű,DG3_gép7,1,MAW,PT15M,292,2018-05-03 19:15:00+02:00
0,HU,Planned maintenance,A03,,2018-07-02 00:00:00+02:00,hT0Rbkz_hqqFTv4ETxD8xA,60.0,Fossil Gas,15WDUME------PPI,Százhalombatta,Dunamenti Erőmű,DG2_gép17,1,MAW,PT15M,319,2018-06-04 00:00:00+02:00
0,HU,Planned maintenance,A03,,2018-08-24 02:00:00+02:00,_-RTNS6edKmWRQzqTC7MmA,236.0,Nuclear,15WPAKS------PPL,Paks,Paksi Atomerőmű,PA_gép5,1,MAW,PT15M,69,2018-08-24 00:00:00+02:00
0,HU,Planned maintenance,A03,,2018-03-23 07:00:00+01:00,sTtthCuU7hSAj21OG6VUnQ,427.0,Fossil Gas,15WGONYU-----PP5,Gönyű,Gönyűi Erőmű,GÖNYÜ_gép1,1,MAW,PT15M,263,2018-03-22 20:00:00+01:00
0,HU,Planned maintenance,A03,,2018-02-21 00:00:00+01:00,kuYn7Gn7934CKkcFU492uQ,57.0,Fossil Gas,15WBAKONY----PP6,Ajka,Bakonyi Gázturbinás Erőmű,Ajka_GT2,1,MAW,PT15M,944,2018-02-19 00:00:00+01:00
0,HU,Planned maintenance,A03,,2018-03-23 15:00:00+01:00,yqiCwHfrhY8IDM-qQ_x0MQ,143.0,Fossil Gas,15WDUME------PPI,Százhalombatta,Dunamenti Erőmű,DG2_gép14,1,MAW,PT15M,944,2018-03-23 11:00:00+01:00
0,HU,Planned maintenance,A03,,2018-10-11 05:00:00+02:00,qqQREbWJ1R1azZPWVRqvBg,125.0,Fossil Gas,15WKELENF----PP8,Budapest,Kelenföldi Erőmű,KF_GT,1,MAW,PT15M,238,2018-10-06 11:00:00+02:00
0,HU,Planned maintenance,A03,,2018-04-07 00:00:00+02:00,iSXXo8vIEPAgGO-xQMbbDw,33.0,Fossil Brown coal/Lignite,15WMATRA-----PPK,Visonta,Mátrai Erőmű,MÁG_gép6,1,MAW,PT15M,156,2018-04-02 00:00:00+02:00
0,HU,Planned maintenance,A03,,2018-01-29 02:00:00+01:00,O4CDaLYidxsY0PBR6IyT-g,200.0,Fossil Brown coal/Lignite,15WMATRA-----PPK,Visonta,Mátrai Erőmű,MÁ2_gép3,1,MAW,PT15M,172,2018-01-27 03:00:00+01:00
0,HU,Planned maintenance,A03,,2018-09-14 20:00:00+02:00,tcg-gisyVIyIx7kSoRINlQ,207.0,Fossil Brown coal/Lignite,15WMATRA-----PPK,Visonta,Mátrai Erőmű,MÁ2_gép5,1,MAW,PT15M,171,2018-09-13 00:00:00+02:00
0,HU,Planned maintenance,A03,,2018-09-18 18:00:00+02:00,L5bnjhYV9rcLYZMQWbP7RQ,48.0,Fossil Gas,15WKELENF----PP8,Budapest,Kelenföldi Erőmű,KF_ST,1,MAW,PT15M,227,2018-07-31 00:00:00+02:00
0,HU,Planned maintenance,A03,,2018-06-07 12:00:00+02:00,TRgtt9f2Qj78KR5uK3Hc7A,239.9,Nuclear,15WPAKS------PPL,Paks,Paksi Atomerőmű,PA_gép2,1,MAW,PT15M,104,2018-06-07 00:00:00+02:00
0,HU,Planned maintenance,A03,,2018-01-19 10:00:00+01:00,yxumVfeDO--DGC7VaaTk2g,154.0,Fossil Gas,15WDUME------PPI,Százhalombatta,Dunamenti Erőmű,DG2_gép15,1,MAW,PT15M,510,2018-01-15 00:00:00+01:00
0,HU,Planned maintenance,A03,,2018-10-06 10:00:00+02:00,BzGXm4fM8ebk98BnRP86rQ,125.0,Fossil Gas,15WKELENF----PP8,Budapest,Kelenföldi Erőmű,KF_GT,1,MAW,PT15M,239,2018-09-14 08:00:00+02:00
0,HU,Planned maintenance,A03,,2018-05-14 05:00:00+02:00,-uP01b46pQJLNphEwec5vA,87.0,Fossil Brown coal/Lignite,15WMATRA-----PPK,Visonta,Mátrai Erőmű,MÁ1_gép1,1,MAW,PT15M,172,2018-04-22 03:45:00+02:00
0,HU,Planned maintenance,A03,,2018-04-23 04:00:00+02:00,fG-MWDfVaAikJJVKn4Z3kw,207.0,Fossil Brown coal/Lignite,15WMATRA-----PPK,Visonta,Mátrai Erőmű,MÁ2_gép5,1,MAW,PT15M,172,2018-04-21 21:00:00+02:00
0,HU,Planned maintenance,A03,,2018-06-01 14:45:00+02:00,K3ldQatlvhviqNAIJB_OWg,57.0,Fossil Gas,15WBAKONY----PP6,Ajka,Bakonyi Gázturbinás Erőmű,Ajka_GT1,1,MAW,PT15M,944,2018-05-28 00:00:00+02:00
0,HU,Planned maintenance,A03,,2018-04-19 10:00:00+02:00,UJzzClMiUWO1QtbtILkgVA,154.0,Fossil Gas,15WDUME------PPI,Százhalombatta,Dunamenti Erőmű,DG2_gép15,1,MAW,PT15M,379,2018-04-19 09:00:00+02:00
0,HU,Planned maintenance,A03,,2018-06-14 13:00:00+02:00,jX-ZQ9nPCzH3I7LORLVaxA,62.0,Biomass,15WPECS------PPO,Pécs,Pécsi Erőmű,Pécs_gép2,1,MAW,PT15M,61,2018-05-21 00:00:00+02:00
0,HU,Planned maintenance,A03,,2018-07-01 00:00:00+02:00,CgQHDdqMqiXpsZuZwyVrIA,206.0,Fossil Brown coal/Lignite,15WMATRA-----PPK,Visonta,Mátrai Erőmű,MÁ2_gép4,1,MAW,PT15M,172,2018-06-01 04:00:00+02:00
0,HU,Planned maintenance,A03,,2018-04-15 16:00:00+02:00,WmO8HhbTJYay5EkkjRyvTQ,207.0,Fossil Brown coal/Lignite,15WMATRA-----PPK,Visonta,Mátrai Erőmű,MÁ2_gép5,1,MAW,PT15M,172,2018-04-15 03:00:00+02:00
0,HU,Planned maintenance,A03,,2018-11-22 00:00:00+01:00,fiuneAqqsdJEBKQ1dno_Uw,39.6,Fossil Gas,15WMVMSZK----PPY,Budapest,MVM szabályozási központ,MISKOLC_gép1,1,MAW,PT15M,23,2018-01-01 00:00:00+01:00
0,HU,Planned maintenance,A03,,2018-04-11 11:00:00+02:00,LqwObfiBL2WvqHMu-57WjA,87.0,Fossil Brown coal/Lignite,15WMATRA-----PPK,Visonta,Mátrai Erőmű,MÁ1_gép1,1,MAW,PT15M,172,2018-04-10 00:00:00+02:00
0,HU,Planned maintenance,A03,,2018-06-27 18:00:00+02:00,az2-8tZaKFK651q2xGUFyQ,236.0,Nuclear,15WPAKS------PPL,Paks,Paksi Atomerőmű,PA_gép6,1,MAW,PT15M,67,2018-05-01 02:00:00+02:00
0,HU,Planned maintenance,A03,,2018-10-21 06:00:00+02:00,yvHsl32j2p0bqhF_L0Izig,44.0,Biomass,15WPANNON----PPS,Pécs,Pannongreen,Pécs_gép6,1,MAW,PT15M,51,2018-10-20 00:00:00+02:00
0,HU,Planned maintenance,A03,,2018-05-02 10:00:00+02:00,EhEoQF1z3qWPJ-08AnYJVQ,269.0,Fossil Gas,15WDUME------PPI,Százhalombatta,Dunamenti Erőmű,DG3_gép7,1,MAW,PT15M,315,2018-04-28 15:30:00+02:00
0,HU,Planned maintenance,A03,,2018-04-19 01:00:00+02:00,jjpIfurakIgAOIhlV01SLQ,207.0,Fossil Brown coal/Lignite,15WMATRA-----PPK,Visonta,Mátrai Erőmű,MÁ2_gép5,1,MAW,PT15M,172,2018-04-18 03:00:00+02:00
0,HU,Planned maintenance,A03,,2018-07-02 00:00:00+02:00,3xzUiJb2xc4ZdJcibFBP_w,143.0,Fossil Gas,15WDUME------PPI,Százhalombatta,Dunamenti Erőmű,DG2_gép14,1,MAW,PT15M,906,2018-06-04 00:00:00+02:00
0,HU,Planned maintenance,A03,,2018-08-18 10:00:00+02:00,vVE6fJQx-yiQ2BSdSjNt2w,170.0,Fossil Oil,15WLORINC----PPF,Budapest,Lőrinci Gázturbinás Erőmű,Lőrinci_GT,1,MAW,PT15M,172,2018-08-18 08:00:00+02:00
0,HU,Planned maintenance,A03,,2018-05-26 00:00:00+02:00,2hPZJuDwPXbwOloYdSTuaA,170.0,Fossil Oil,15WLORINC----PPF,Budapest,Lőrinci Gázturbinás Erőmű,Lőrinci_GT,1,MAW,PT15M,177,2018-05-25 14:45:00+02:00
0,HU,Planned maintenance,A03,,2018-08-23 15:00:00+02:00,v0FvOPry7HdRK2ezNgdztw,236.0,Nuclear,15WPAKS------PPL,Paks,Paksi Atomerőmű,PA_gép6,1,MAW,PT15M,67,2018-08-15 00:00:00+02:00
0,HU,Planned maintenance,A03,,2018-06-04 00:00:00+02:00,KQl2KexNTByS5Hx_UqaCoA,87.0,Fossil Brown coal/Lignite,15WMATRA-----PPK,Visonta,Mátrai Erőmű,MÁ1_gép2,1,MAW,PT15M,172,2018-06-01 00:00:00+02:00
0,HU,Planned maintenance,A03,,2018-03-25 00:00:00+01:00,XyYwafNkTF440rcN1aB6Ag,427.0,Fossil Gas,15WGONYU-----PP5,Gönyű,Gönyűi Erőmű,GÖNYÜ_gép1,1,MAW,PT15M,263,2018-03-23 15:00:00+01:00
0,HU,Planned maintenance,A03,,2018-06-23 00:00:00+02:00,jcu7bLAZt-RSaLL4y9xlnA,132.0,Fossil Gas,15WDUME------PPI,Százhalombatta,Dunamenti Erőmű,DG3_gép8,1,MAW,PT15M,270,2018-06-12 00:00:00+02:00
0,HU,Planned maintenance,A03,,2018-06-15 00:00:00+02:00,SfZw9juJCcEZjS6Rf5ciWQ,28.0,Biomass,15WBAKONYI---PPL,Ajka,Bakonyi Bioerőmű,Ajka_gép7,1,MAW,PT15M,944,2018-05-05 00:00:00+02:00
0,HU,Planned maintenance,A03,,2018-04-19 14:00:00+02:00,DvdqznwJRSxd3J2WWs9Uag,87.0,Fossil Brown coal/Lignite,15WMATRA-----PPK,Visonta,Mátrai Erőmű,MÁ1_gép2,1,MAW,PT15M,172,2018-02-24 00:00:00+01:00
0,HU,Planned maintenance,A03,,2018-01-25 13:00:00+01:00,nf_r5w7AtM8BEkQVYCsX5Q,87.0,Fossil Brown coal/Lignite,15WMATRA-----PPK,Visonta,Mátrai Erőmű,MÁ1_gép2,1,MAW,PT15M,172,2018-01-24 03:00:00+01:00
0,HU,Planned maintenance,A03,,2018-08-16 17:00:00+02:00,iYQeo5oniFppNbL6SylyyA,44.0,Biomass,15WPANNON----PPS,Pécs,Pannongreen,Pécs_gép6,1,MAW,PT15M,53,2018-07-14 00:00:00+02:00
0,HU,Planned maintenance,A03,,2018-08-23 11:00:00+02:00,7u1qTbNV-eypiRWh6nLc-Q,87.0,Fossil Brown coal/Lignite,15WMATRA-----PPK,Visonta,Mátrai Erőmű,MÁ1_gép1,1,MAW,PT15M,172,2018-08-23 00:00:00+02:00
0,HU,Planned maintenance,A03,,2018-09-29 04:00:00+02:00,e1snT0snXF5Zgjb3L8y6xw,44.0,Biomass,15WPANNON----PPS,Pécs,Pannongreen,Pécs_gép6,1,MAW,PT15M,51,2018-09-28 00:00:00+02:00
0,HU,Planned maintenance,A03,,2018-06-18 00:00:00+02:00,JJ5RKNIrm6VNg9pgYRE8uQ,87.0,Fossil Brown coal/Lignite,15WMATRA-----PPK,Visonta,Mátrai Erőmű,MÁ1_gép1,1,MAW,PT15M,172,2018-06-16 03:45:00+02:00
0,HU,Planned maintenance,A03,,2018-07-01 00:00:00+02:00,UfQH926eaCePxglNvzuVAA,33.0,Fossil Gas,15WUJPEST----PPO,Budapest,Újpesti Erőmű,ÚJ_ST,1,MAW,PT15M,27,2018-06-28 13:00:00+02:00
0,HU,Planned maintenance,A03,,2018-08-22 17:00:00+02:00,rT_1cqZsegwWDiAHnll2Aw,143.0,Fossil Gas,15WDUME------PPI,Százhalombatta,Dunamenti Erőmű,DG2_gép14,1,MAW,PT15M,519,2018-08-22 09:00:00+02:00
0,HU,Planned maintenance,A03,,2018-01-06 16:00:00+01:00,mu_xp-__52Rx54dBiU0kWA,60.0,Fossil Gas,15WDUME------PPI,Százhalombatta,Dunamenti Erőmű,DG2_gép17,1,MAW,PT15M,325,2018-01-06 06:00:00+01:00
0,HU,Planned maintenance,A03,,2018-10-05 19:45:00+02:00,rqxFCPiQaLYa2rHeqGdXhQ,207.0,Fossil Brown coal/Lignite,15WMATRA-----PPK,Visonta,Mátrai Erőmű,MÁ2_gép5,1,MAW,PT15M,160,2018-10-03 00:00:00+02:00
0,HU,Planned maintenance,A03,,2018-09-03 11:00:00+02:00,lZDdFI22gy-Szwqc5LEaww,200.0,Fossil Brown coal/Lignite,15WMATRA-----PPK,Visonta,Mátrai Erőmű,MÁ2_gép3,1,MAW,PT15M,172,2018-09-02 00:00:00+02:00
0,HU,Planned maintenance,A03,,2018-03-13 16:00:00+01:00,2fUJi2XmmZxvCc6yZkqIrg,154.0,Fossil Gas,15WDUME------PPI,Százhalombatta,Dunamenti Erőmű,DG2_gép15,1,MAW,PT15M,383,2018-03-13 08:00:00+01:00
0,HU,Planned maintenance,A03,,2018-08-06 01:00:00+02:00,9TMg0RQoDQLb4eFcTmphbw,206.0,Fossil Brown coal/Lignite,15WMATRA-----PPK,Visonta,Mátrai Erőmű,MÁ2_gép4,1,MAW,PT15M,172,2018-08-05 03:00:00+02:00
0,HU,Planned maintenance,A03,,2018-08-24 04:00:00+02:00,57gMtfFi5NR8DfG1xdyGWg,236.0,Nuclear,15WPAKS------PPL,Paks,Paksi Atomerőmű,PA_gép6,1,MAW,PT15M,66,2018-08-24 00:00:00+02:00
0,HU,Planned maintenance,A03,,2018-06-28 10:30:00+02:00,tBwANuUOBAvKcZPDNxK6fw,236.0,Nuclear,15WPAKS------PPL,Paks,Paksi Atomerőmű,PA_gép5,1,MAW,PT15M,76,2018-06-28 10:00:00+02:00
0,HU,Planned maintenance,A03,,2018-06-27 04:00:00+02:00,VrmOOOZ-ei4zGQaIPrO7Uw,236.0,Nuclear,15WPAKS------PPL,Paks,Paksi Atomerőmű,PA_gép5,1,MAW,PT15M,79,2018-06-27 00:00:00+02:00
0,HU,Planned maintenance,A03,,2018-02-13 00:00:00+01:00,EmRcCuoTc_atO7M9ffvnuQ,207.0,Fossil Brown coal/Lignite,15WMATRA-----PPK,Visonta,Mátrai Erőmű,MÁ2_gép5,1,MAW,PT15M,172,2018-02-09 02:15:00+01:00
0,HU,Planned maintenance,A03,,2018-09-26 00:00:00+02:00,sQG3N6VRpqLjGikGuSq1yQ,87.0,Fossil Brown coal/Lignite,15WMATRA-----PPK,Visonta,Mátrai Erőmű,MÁ1_gép1,1,MAW,PT15M,172,2018-09-25 00:00:00+02:00
0,HU,Planned maintenance,A03,,2018-08-21 20:00:00+02:00,gT0cD45Aj9Tw_-LfCf1yYg,87.0,Fossil Brown coal/Lignite,15WMATRA-----PPK,Visonta,Mátrai Erőmű,MÁ1_gép1,1,MAW,PT15M,172,2018-08-21 00:00:00+02:00
0,HU,Planned maintenance,A03,,2018-07-16 04:15:00+02:00,jegVWDJdcYQF0zVDHUcm-w,47.0,Fossil Gas,15WNYKCE-----PP6,Oroszlány,Nyíregyházi Kombináltciklusú Erőmű,NYKCE_Kombgt,1,MAW,PT15M,144,2018-01-01 00:00:00+01:00
0,HU,Planned maintenance,A03,,2018-03-13 23:00:00+01:00,yyhLvCOAJ-iA6CTCi88Zng,207.0,Fossil Brown coal/Lignite,15WMATRA-----PPK,Visonta,Mátrai Erőmű,MÁ2_gép5,1,MAW,PT15M,172,2018-03-13 03:00:00+01:00
0,HU,Planned maintenance,A03,,2018-10-02 11:00:00+02:00,lWeZ0RqBHj7Qs-Z5FfYX9w,239.9,Nuclear,15WPAKS------PPL,Paks,Paksi Atomerőmű,PA_gép1,1,MAW,PT15M,111,2018-10-02 05:00:00+02:00
0,HU,Planned maintenance,A03,,2018-06-05 00:00:00+02:00,wHpm3KPwFZo3QTDrZnuhtw,33.0,Fossil Gas,15WUJPEST----PPO,Budapest,Újpesti Erőmű,ÚJ_ST,1,MAW,PT15M,36,2018-06-04 00:00:00+02:00
0,HU,Planned maintenance,A03,,2018-06-03 12:00:00+02:00,Yfb0qY0LndNljCx6nCKbLg,60.0,Fossil Gas,15WDUME------PPI,Százhalombatta,Dunamenti Erőmű,DG2_gép17,1,MAW,PT15M,321,2018-06-01 00:00:00+02:00
0,HU,Planned maintenance,A03,,2018-05-02 10:00:00+02:00,uCv_ttev_jlS5po880tIuw,132.0,Fossil Gas,15WDUME------PPI,Százhalombatta,Dunamenti Erőmű,DG3_gép8,1,MAW,PT15M,274,2018-04-28 15:30:00+02:00
0,HU,Planned maintenance,A03,,2018-08-22 11:00:00+02:00,dh5l0m3JgtwJiY3Y17pNqw,87.0,Fossil Brown coal/Lignite,15WMATRA-----PPK,Visonta,Mátrai Erőmű,MÁ1_gép1,1,MAW,PT15M,172,2018-08-22 00:00:00+02:00
0,HU,Planned maintenance,A03,,2018-09-15 20:00:00+02:00,yAOQ5YjAFqvpBRDlW9UwRQ,44.0,Biomass,15WPANNON----PPS,Pécs,Pannongreen,Pécs_gép6,1,MAW,PT15M,53,2018-09-15 00:00:00+02:00
0,HU,Planned maintenance,A03,,2018-06-10 21:00:00+02:00,DW38Rxl7qS9sVJY-Iln2qw,207.0,Fossil Brown coal/Lignite,15WMATRA-----PPK,Visonta,Mátrai Erőmű,MÁ2_gép5,1,MAW,PT15M,172,2018-06-09 03:00:00+02:00
0,HU,Planned maintenance,A03,,2018-09-10 01:15:00+02:00,IB8ILl3Doje6mQYDBz1tgA,206.0,Fossil Brown coal/Lignite,15WMATRA-----PPK,Visonta,Mátrai Erőmű,MÁ2_gép4,1,MAW,PT15M,172,2018-09-08 00:00:00+02:00
0,HU,Planned maintenance,A03,,2018-03-19 03:00:00+01:00,aVwQWPY36rjnjI2Iomj8yw,87.0,Fossil Brown coal/Lignite,15WMATRA-----PPK,Visonta,Mátrai Erőmű,MÁ1_gép1,1,MAW,PT15M,172,2018-03-07 00:00:00+01:00
0,HU,Planned maintenance,A03,,2018-08-22 23:00:00+02:00,8xORLB5RMT-TcGr5NTtW6g,236.0,Nuclear,15WPAKS------PPL,Paks,Paksi Atomerőmű,PA_gép5,1,MAW,PT15M,76,2018-08-15 00:00:00+02:00
0,HU,Planned maintenance,A03,,2018-05-08 00:00:00+02:00,vZUzQJLHR6TIK5BVJ5ZRtg,269.0,Fossil Gas,15WDUME------PPI,Százhalombatta,Dunamenti Erőmű,DG3_gép7,1,MAW,PT15M,285,2018-05-07 18:00:00+02:00
0,HU,Planned maintenance,A03,,2018-06-02 00:00:00+02:00,ovrvZqfCvQ5M1_AaPCXYBA,57.0,Fossil Gas,15WBAKONY----PP6,Ajka,Bakonyi Gázturbinás Erőmű,Ajka_GT2,1,MAW,PT15M,944,2018-06-01 16:45:00+02:00
0,HU,Planned maintenance,A03,,2018-03-05 18:00:00+01:00,09Pkh_1mQ-Ghou4dTJ9LqA,87.0,Fossil Brown coal/Lignite,15WMATRA-----PPK,Visonta,Mátrai Erőmű,MÁ1_gép1,1,MAW,PT15M,172,2018-02-27 00:00:00+01:00
0,HU,Planned maintenance,A03,,2018-05-16 18:00:00+02:00,PaGMSQD7u3sVGeLPffU_SQ,87.0,Fossil Brown coal/Lignite,15WMATRA-----PPK,Visonta,Mátrai Erőmű,MÁ1_gép2,1,MAW,PT15M,172,2018-05-14 22:45:00+02:00
0,HU,Planned maintenance,A03,,2018-09-08 00:00:00+02:00,kNHNf0rU5y0OOnHo7j8-nw,200.0,Fossil Brown coal/Lignite,15WMATRA-----PPK,Visonta,Mátrai Erőmű,MÁ2_gép3,1,MAW,PT15M,172,2018-09-07 00:00:00+02:00
0,HU,Planned maintenance,A03,,2018-08-14 05:00:00+02:00,X2Uwqw6MaLA3tpq0bgUcnw,87.0,Fossil Brown coal/Lignite,15WMATRA-----PPK,Visonta,Mátrai Erőmű,MÁ1_gép1,1,MAW,PT15M,172,2018-08-13 00:00:00+02:00
0,HU,Planned maintenance,A03,,2018-10-07 19:45:00+02:00,KxMLf0E7i7kLmSVQ2jildA,200.0,Fossil Brown coal/Lignite,15WMATRA-----PPK,Visonta,Mátrai Erőmű,MÁ2_gép3,1,MAW,PT15M,172,2018-10-07 02:45:00+02:00
0,HU,Planned maintenance,A03,,2018-06-24 20:00:00+02:00,SM9mhO-jetyqNoqQo_2qPw,207.0,Fossil Brown coal/Lignite,15WMATRA-----PPK,Visonta,Mátrai Erőmű,MÁ2_gép5,1,MAW,PT15M,172,2018-06-23 03:00:00+02:00
0,HU,Planned maintenance,A03,,2018-06-02 00:00:00+02:00,6yfIACfCe4-rdY0CL_64SQ,57.0,Fossil Gas,15WBAKONY----PP6,Ajka,Bakonyi Gázturbinás Erőmű,Ajka_GT1,1,MAW,PT15M,944,2018-06-01 16:00:00+02:00
0,HU,Planned maintenance,A03,,2018-09-01 03:00:00+02:00,RrvtLKiNcFGrQ8iZtz9RLQ,200.0,Fossil Brown coal/Lignite,15WMATRA-----PPK,Visonta,Mátrai Erőmű,MÁ2_gép3,1,MAW,PT15M,172,2018-08-27 00:00:00+02:00
0,HU,Planned maintenance,A03,,2018-02-23 17:45:00+01:00,x93COf6hVYddhCzBo1SbAw,206.0,Fossil Brown coal/Lignite,15WMATRA-----PPK,Visonta,Mátrai Erőmű,MÁ2_gép4,1,MAW,PT15M,172,2018-02-21 02:45:00+01:00
0,HU,Planned maintenance,A03,,2018-05-18 12:00:00+02:00,jj-OxBxfYoOMxqdnOSV8Bw,87.0,Fossil Brown coal/Lignite,15WMATRA-----PPK,Visonta,Mátrai Erőmű,MÁ1_gép1,1,MAW,PT15M,172,2018-05-18 00:00:00+02:00
0,HU,Planned maintenance,A03,,2018-07-16 01:00:00+02:00,wQMTxA6JW_RQUPEaCVKWKQ,207.0,Fossil Brown coal/Lignite,15WMATRA-----PPK,Visonta,Mátrai Erőmű,MÁ2_gép5,1,MAW,PT15M,172,2018-07-15 03:00:00+02:00
0,HU,Planned maintenance,A03,,2018-05-14 20:45:00+02:00,wwX99r7CpbrjlEJH_GNbZQ,200.0,Fossil Brown coal/Lignite,15WMATRA-----PPK,Visonta,Mátrai Erőmű,MÁ2_gép3,1,MAW,PT15M,172,2018-05-14 00:00:00+02:00
0,HU,Unplanned outage,A03,,2018-06-07 19:00:00+02:00,_kuImMp3h7rAM85grpyWCA,57.0,Fossil Gas,15WBAKONY----PP6,Ajka,Bakonyi Gázturbinás Erőmű,Ajka_GT2,1,MAW,PT1M,3,2018-06-07 18:48:00+02:00
0,HU,Unplanned outage,A03,,2019-08-14 14:00:00+02:00,_kuImMp3h7rAM85grpyWCA,57.0,Fossil Gas,15WBAKONY----PP6,Ajka,Bakonyi Gázturbinás Erőmű,Ajka_GT2,1,MAW,PT60M,3,2018-06-07 19:00:00+02:00
0,HU,Unplanned outage,A03,,2019-08-14 14:30:00+02:00,_kuImMp3h7rAM85grpyWCA,57.0,Fossil Gas,15WBAKONY----PP6,Ajka,Bakonyi Gázturbinás Erőmű,Ajka_GT2,1,MAW,PT30M,3,2019-08-14 14:00:00+02:00
0,HU,Unplanned outage,A03,,2019-08-14 14:52:00+02:00,_kuImMp3h7rAM85grpyWCA,57.0,Fossil Gas,15WBAKONY----PP6,Ajka,Bakonyi Gázturbinás Erőmű,Ajka_GT2,1,MAW,PT1M,3,2019-08-14 14:45:00+02:00
0,HU,Unplanned outage,A03,,2019-08-14 14:45:00+02:00,_kuImMp3h7rAM85grpyWCA,57.0,Fossil Gas,15WBAKONY----PP6,Ajka,Bakonyi Gázturbinás Erőmű,Ajka_GT2,1,MAW,PT15M,3,2019-08-14 14:30:00+02:00
0,HU,Unplanned outage,A03,,2018-10-21 11:59:00+02:00,_ElANdmf9Jp453xnceh-IA,69.0,Fossil Gas,15WUJPEST----PPO,Budapest,Újpesti Erőmű,ÚJ_GT,1,MAW,PT1M,2,2018-10-21 11:45:00+02:00
0,HU,Unplanned outage,A03,,2018-10-21 11:45:00+02:00,_ElANdmf9Jp453xnceh-IA,69.0,Fossil Gas,15WUJPEST----PPO,Budapest,Újpesti Erőmű,ÚJ_GT,1,MAW,PT15M,2,2018-10-21 11:30:00+02:00
0,HU,Unplanned outage,A03,,2018-10-21 11:30:00+02:00,_ElANdmf9Jp453xnceh-IA,69.0,Fossil Gas,15WUJPEST----PPO,Budapest,Újpesti Erőmű,ÚJ_GT,1,MAW,PT30M,2,2018-10-21 11:00:00+02:00
0,HU,Unplanned outage,A03,,2018-10-21 11:00:00+02:00,_ElANdmf9Jp453xnceh-IA,69.0,Fossil Gas,15WUJPEST----PPO,Budapest,Újpesti Erőmű,ÚJ_GT,1,MAW,PT60M,2,2018-10-21 01:00:00+02:00
0,HU,Unplanned outage,A03,,2018-10-21 01:00:00+02:00,_ElANdmf9Jp453xnceh-IA,69.0,Fossil Gas,15WUJPEST----PPO,Budapest,Újpesti Erőmű,ÚJ_GT,1,MAW,PT30M,2,2018-10-21 00:30:00+02:00
0,HU,Unplanned outage,A03,,2018-10-21 00:30:00+02:00,_ElANdmf9Jp453xnceh-IA,69.0,Fossil Gas,15WUJPEST----PPO,Budapest,Újpesti Erőmű,ÚJ_GT,1,MAW,PT15M,2,2018-10-21 00:15:00+02:00
181,HU,Unplanned outage,A03,,2018-10-24 19:00:00+02:00,IikARtXPtQdIJyIxK5p4jA,236.0,Nuclear,15WPAKS------PPL,Paks,Paksi Atomerőmű,PA_gép5,1,MAW,PT60M,11,2018-10-24 16:00:00+02:00
181,HU,Unplanned outage,A03,,2018-10-24 19:02:00+02:00,IikARtXPtQdIJyIxK5p4jA,236.0,Nuclear,15WPAKS------PPL,Paks,Paksi Atomerőmű,PA_gép5,1,MAW,PT1M,11,2018-10-24 19:00:00+02:00
181,HU,Unplanned outage,A03,,2018-10-24 16:00:00+02:00,IikARtXPtQdIJyIxK5p4jA,236.0,Nuclear,15WPAKS------PPL,Paks,Paksi Atomerőmű,PA_gép5,1,MAW,PT30M,11,2018-10-24 15:30:00+02:00
182,HU,Unplanned outage,A03,,2018-10-24 16:00:00+02:00,7wBx_0vR8lpKWxQCzWMeZQ,236.0,Nuclear,15WPAKS------PPL,Paks,Paksi Atomerőmű,PA_gép6,1,MAW,PT30M,3,2018-10-24 15:30:00+02:00
182,HU,Unplanned outage,A03,,2018-10-24 19:00:00+02:00,7wBx_0vR8lpKWxQCzWMeZQ,236.0,Nuclear,15WPAKS------PPL,Paks,Paksi Atomerőmű,PA_gép6,1,MAW,PT60M,3,2018-10-24 16:00:00+02:00
182,HU,Unplanned outage,A03,,2018-10-24 19:02:00+02:00,7wBx_0vR8lpKWxQCzWMeZQ,236.0,Nuclear,15WPAKS------PPL,Paks,Paksi Atomerőmű,PA_gép6,1,MAW,PT1M,3,2018-10-24 19:00:00+02:00
172,HU,Unplanned outage,A03,,2018-10-24 19:15:00+02:00,ncReOc2eKcttxGLIC2bQGA,236.0,Nuclear,15WPAKS------PPL,Paks,Paksi Atomerőmű,PA_gép7,1,MAW,PT15M,3,2018-10-24 19:00:00+02:00
172,HU,Unplanned outage,A03,,2018-10-24 16:00:00+02:00,ncReOc2eKcttxGLIC2bQGA,236.0,Nuclear,15WPAKS------PPL,Paks,Paksi Atomerőmű,PA_gép7,1,MAW,PT30M,3,2018-10-24 15:30:00+02:00
172,HU,Unplanned outage,A03,,2018-10-24 19:00:00+02:00,ncReOc2eKcttxGLIC2bQGA,236.0,Nuclear,15WPAKS------PPL,Paks,Paksi Atomerőmű,PA_gép7,1,MAW,PT60M,3,2018-10-24 16:00:00+02:00
170,HU,Unplanned outage,A03,,2018-10-24 16:00:00+02:00,mao1Z0GPJz1eMMnJFc1VBg,236.0,Nuclear,15WPAKS------PPL,Paks,Paksi Atomerőmű,PA_gép8,1,MAW,PT30M,3,2018-10-24 15:30:00+02:00
170,HU,Unplanned outage,A03,,2018-10-24 19:00:00+02:00,mao1Z0GPJz1eMMnJFc1VBg,236.0,Nuclear,15WPAKS------PPL,Paks,Paksi Atomerőmű,PA_gép8,1,MAW,PT60M,3,2018-10-24 16:00:00+02:00
170,HU,Unplanned outage,A03,,2018-10-24 19:15:00+02:00,mao1Z0GPJz1eMMnJFc1VBg,236.0,Nuclear,15WPAKS------PPL,Paks,Paksi Atomerőmű,PA_gép8,1,MAW,PT15M,3,2018-10-24 19:00:00+02:00
0,HU,Unplanned outage,A03,,2018-10-29 07:15:00+01:00,VhAPESENuSN-ix4WnbHESA,207.0,Fossil Brown coal/Lignite,15WMATRA-----PPK,Visonta,Mátrai Erőmű,MÁ2_gép5,1,MAW,PT1M,2,2018-10-29 07:09:00+01:00
0,HU,Unplanned outage,A03,,2018-10-29 07:30:00+01:00,VhAPESENuSN-ix4WnbHESA,207.0,Fossil Brown coal/Lignite,15WMATRA-----PPK,Visonta,Mátrai Erőmű,MÁ2_gép5,1,MAW,PT15M,2,2018-10-29 07:15:00+01:00
0,HU,Unplanned outage,A03,,2018-10-29 08:00:00+01:00,VhAPESENuSN-ix4WnbHESA,207.0,Fossil Brown coal/Lignite,15WMATRA-----PPK,Visonta,Mátrai Erőmű,MÁ2_gép5,1,MAW,PT30M,2,2018-10-29 07:30:00+01:00
0,HU,Unplanned outage,A03,,2018-10-29 18:00:00+01:00,VhAPESENuSN-ix4WnbHESA,207.0,Fossil Brown coal/Lignite,15WMATRA-----PPK,Visonta,Mátrai Erőmű,MÁ2_gép5,1,MAW,PT60M,2,2018-10-29 08:00:00+01:00
0,HU,Unplanned outage,A03,,2018-10-29 18:30:00+01:00,VhAPESENuSN-ix4WnbHESA,207.0,Fossil Brown coal/Lignite,15WMATRA-----PPK,Visonta,Mátrai Erőmű,MÁ2_gép5,1,MAW,PT30M,2,2018-10-29 18:00:00+01:00
0,HU,Unplanned outage,A03,,2018-10-29 18:31:00+01:00,VhAPESENuSN-ix4WnbHESA,207.0,Fossil Brown coal/Lignite,15WMATRA-----PPK,Visonta,Mátrai Erőmű,MÁ2_gép5,1,MAW,PT1M,2,2018-10-29 18:30:00+01:00
19.8,HU,Unplanned outage,A03,,2018-10-31 13:45:00+01:00,W3206Oe7tpswYOSZB-nF2Q,48.5,Fossil Gas,15WMVMSZK----PPY,Budapest,MVM szabályozási központ,ÉB_GT123,1,MAW,PT15M,2,2018-10-31 13:30:00+01:00
19.8,HU,Unplanned outage,A03,,2018-10-31 12:45:00+01:00,W3206Oe7tpswYOSZB-nF2Q,48.5,Fossil Gas,15WMVMSZK----PPY,Budapest,MVM szabályozási központ,ÉB_GT123,1,MAW,PT1M,2,2018-10-31 12:37:00+01:00
19.8,HU,Unplanned outage,A03,,2018-10-31 13:53:00+01:00,W3206Oe7tpswYOSZB-nF2Q,48.5,Fossil Gas,15WMVMSZK----PPY,Budapest,MVM szabályozási központ,ÉB_GT123,1,MAW,PT1M,2,2018-10-31 13:45:00+01:00
19.8,HU,Unplanned outage,A03,,2018-10-31 13:30:00+01:00,W3206Oe7tpswYOSZB-nF2Q,48.5,Fossil Gas,15WMVMSZK----PPY,Budapest,MVM szabályozási központ,ÉB_GT123,1,MAW,PT30M,2,2018-10-31 13:00:00+01:00
19.8,HU,Unplanned outage,A03,,2018-10-31 13:00:00+01:00,W3206Oe7tpswYOSZB-nF2Q,48.5,Fossil Gas,15WMVMSZK----PPY,Budapest,MVM szabályozási központ,ÉB_GT123,1,MAW,PT15M,2,2018-10-31 12:45:00+01:00
2,HU,Unplanned outage,A03,,2018-11-04 10:59:00+01:00,PcrNU3zS76FcJ_kpnGKt2Q,237.8,Nuclear,15WPAKS------PPL,Paks,Paksi Atomerőmű,PA_gép4,1,MAW,PT1M,3,2018-11-04 10:45:00+01:00
2,HU,Unplanned outage,A03,,2018-11-04 10:45:00+01:00,PcrNU3zS76FcJ_kpnGKt2Q,237.8,Nuclear,15WPAKS------PPL,Paks,Paksi Atomerőmű,PA_gép4,1,MAW,PT15M,3,2018-11-04 10:30:00+01:00
2,HU,Unplanned outage,A03,,2018-11-04 10:30:00+01:00,PcrNU3zS76FcJ_kpnGKt2Q,237.8,Nuclear,15WPAKS------PPL,Paks,Paksi Atomerőmű,PA_gép4,1,MAW,PT30M,3,2018-11-04 10:00:00+01:00
2,HU,Unplanned outage,A03,,2018-11-04 10:00:00+01:00,PcrNU3zS76FcJ_kpnGKt2Q,237.8,Nuclear,15WPAKS------PPL,Paks,Paksi Atomerőmű,PA_gép4,1,MAW,PT60M,3,2018-10-20 20:00:00+02:00
2,HU,Unplanned outage,A03,,2018-10-20 20:00:00+02:00,PcrNU3zS76FcJ_kpnGKt2Q,237.8,Nuclear,15WPAKS------PPL,Paks,Paksi Atomerőmű,PA_gép4,1,MAW,PT1M,3,2018-10-20 19:57:00+02:00
0,HU,Unplanned outage,A03,,2018-11-04 17:45:00+01:00,gb4Y0WICreGOChN7bW78-g,142.0,Fossil Gas,15WCSEPEL----PPI,Budapest,Alpiq Csepel Erőmű,CSP_GT1,1,MAW,PT1M,2,2018-11-04 17:40:00+01:00
0,HU,Unplanned outage,A03,,2018-11-04 18:00:00+01:00,gb4Y0WICreGOChN7bW78-g,142.0,Fossil Gas,15WCSEPEL----PPI,Budapest,Alpiq Csepel Erőmű,CSP_GT1,1,MAW,PT15M,2,2018-11-04 17:45:00+01:00
0,HU,Unplanned outage,A03,,2018-11-05 22:00:00+01:00,gb4Y0WICreGOChN7bW78-g,142.0,Fossil Gas,15WCSEPEL----PPI,Budapest,Alpiq Csepel Erőmű,CSP_GT1,1,MAW,PT60M,2,2018-11-04 18:00:00+01:00
-1.4,HU,Unplanned outage,A03,,2018-11-06 22:15:00+01:00,-v3jW3D73nyzeW-OKP_Apg,427.0,Fossil Gas,15WGONYU-----PP5,Gönyű,Gönyűi Erőmű,GÖNYÜ_gép1,1,MAW,PT1M,4,2018-11-06 22:02:00+01:00
-1.4,HU,Unplanned outage,A03,,2018-11-06 22:53:00+01:00,-v3jW3D73nyzeW-OKP_Apg,427.0,Fossil Gas,15WGONYU-----PP5,Gönyű,Gönyűi Erőmű,GÖNYÜ_gép1,1,MAW,PT1M,4,2018-11-06 22:45:00+01:00
-1.4,HU,Unplanned outage,A03,,2018-11-06 22:45:00+01:00,-v3jW3D73nyzeW-OKP_Apg,427.0,Fossil Gas,15WGONYU-----PP5,Gönyű,Gönyűi Erőmű,GÖNYÜ_gép1,1,MAW,PT15M,4,2018-11-06 22:15:00+01:00
0,HU,Unplanned outage,A03,,2018-11-07 00:00:00+01:00,G3Ohww_V5V2crL8P_n-q8g,200.0,Fossil Brown coal/Lignite,15WMATRA-----PPK,Visonta,Mátrai Erőmű,MÁ2_gép3,1,MAW,PT60M,3,2018-11-06 12:00:00+01:00
0,HU,Unplanned outage,A03,,2018-11-07 00:30:00+01:00,G3Ohww_V5V2crL8P_n-q8g,200.0,Fossil Brown coal/Lignite,15WMATRA-----PPK,Visonta,Mátrai Erőmű,MÁ2_gép3,1,MAW,PT30M,3,2018-11-07 00:00:00+01:00
0,HU,Unplanned outage,A03,,2018-11-07 00:35:00+01:00,G3Ohww_V5V2crL8P_n-q8g,200.0,Fossil Brown coal/Lignite,15WMATRA-----PPK,Visonta,Mátrai Erőmű,MÁ2_gép3,1,MAW,PT1M,3,2018-11-07 00:30:00+01:00
0,HU,Unplanned outage,A03,,2018-11-07 15:15:00+01:00,25QROtAQ6L_5iZ1Og1HNMg,87.0,Fossil Brown coal/Lignite,15WMATRA-----PPK,Visonta,Mátrai Erőmű,MÁ1_gép1,1,MAW,PT1M,2,2018-11-07 15:03:00+01:00
0,HU,Unplanned outage,A03,,2018-11-07 20:46:00+01:00,25QROtAQ6L_5iZ1Og1HNMg,87.0,Fossil Brown coal/Lignite,15WMATRA-----PPK,Visonta,Mátrai Erőmű,MÁ1_gép1,1,MAW,PT1M,2,2018-11-07 20:45:00+01:00
0,HU,Unplanned outage,A03,,2018-11-07 16:00:00+01:00,25QROtAQ6L_5iZ1Og1HNMg,87.0,Fossil Brown coal/Lignite,15WMATRA-----PPK,Visonta,Mátrai Erőmű,MÁ1_gép1,1,MAW,PT30M,2,2018-11-07 15:30:00+01:00
0,HU,Unplanned outage,A03,,2018-11-07 20:00:00+01:00,25QROtAQ6L_5iZ1Og1HNMg,87.0,Fossil Brown coal/Lignite,15WMATRA-----PPK,Visonta,Mátrai Erőmű,MÁ1_gép1,1,MAW,PT60M,2,2018-11-07 16:00:00+01:00
0,HU,Unplanned outage,A03,,2018-11-07 20:30:00+01:00,25QROtAQ6L_5iZ1Og1HNMg,87.0,Fossil Brown coal/Lignite,15WMATRA-----PPK,Visonta,Mátrai Erőmű,MÁ1_gép1,1,MAW,PT30M,2,2018-11-07 20:00:00+01:00
0,HU,Unplanned outage,A03,,2018-11-07 15:30:00+01:00,25QROtAQ6L_5iZ1Og1HNMg,87.0,Fossil Brown coal/Lignite,15WMATRA-----PPK,Visonta,Mátrai Erőmű,MÁ1_gép1,1,MAW,PT15M,2,2018-11-07 15:15:00+01:00
0,HU,Unplanned outage,A03,,2018-11-07 20:45:00+01:00,25QROtAQ6L_5iZ1Og1HNMg,87.0,Fossil Brown coal/Lignite,15WMATRA-----PPK,Visonta,Mátrai Erőmű,MÁ1_gép1,1,MAW,PT15M,2,2018-11-07 20:30:00+01:00
-1.4,HU,Unplanned outage,A03,,2018-11-09 22:56:00+01:00,0biExPWhtOBirKv2No4Ohw,427.0,Fossil Gas,15WGONYU-----PP5,Gönyű,Gönyűi Erőmű,GÖNYÜ_gép1,1,MAW,PT1M,2,2018-11-09 22:45:00+01:00
-1.4,HU,Unplanned outage,A03,,2018-11-09 22:15:00+01:00,0biExPWhtOBirKv2No4Ohw,427.0,Fossil Gas,15WGONYU-----PP5,Gönyű,Gönyűi Erőmű,GÖNYÜ_gép1,1,MAW,PT1M,2,2018-11-09 22:09:00+01:00
-1.4,HU,Unplanned outage,A03,,2018-11-09 22:45:00+01:00,0biExPWhtOBirKv2No4Ohw,427.0,Fossil Gas,15WGONYU-----PP5,Gönyű,Gönyűi Erőmű,GÖNYÜ_gép1,1,MAW,PT15M,2,2018-11-09 22:15:00+01:00
19.8,HU,Unplanned outage,A03,,2018-11-11 15:30:00+01:00,bN5qMaUmqQ4i9SA_LUf02w,48.5,Fossil Gas,15WMVMSZK----PPY,Budapest,MVM szabályozási központ,ÉB_GT123,1,MAW,PT1M,2,2018-11-11 15:18:00+01:00
19.8,HU,Unplanned outage,A03,,2018-11-11 16:30:00+01:00,bN5qMaUmqQ4i9SA_LUf02w,48.5,Fossil Gas,15WMVMSZK----PPY,Budapest,MVM szabályozási központ,ÉB_GT123,1,MAW,PT30M,2,2018-11-11 15:30:00+01:00
19.8,HU,Unplanned outage,A03,,2018-11-11 16:33:00+01:00,bN5qMaUmqQ4i9SA_LUf02w,48.5,Fossil Gas,15WMVMSZK----PPY,Budapest,MVM szabályozási központ,ÉB_GT123,1,MAW,PT1M,2,2018-11-11 16:30:00+01:00
0,HU,Unplanned outage,A03,,2018-11-11 03:00:00+01:00,IX8ZpA3rlA_QnM7nny8Auw,207.0,Fossil Brown coal/Lignite,15WMATRA-----PPK,Visonta,Mátrai Erőmű,MÁ2_gép5,1,MAW,PT30M,2,2018-11-11 02:30:00+01:00
0,HU,Unplanned outage,A03,,2018-11-11 02:30:00+01:00,IX8ZpA3rlA_QnM7nny8Auw,207.0,Fossil Brown coal/Lignite,15WMATRA-----PPK,Visonta,Mátrai Erőmű,MÁ2_gép5,1,MAW,PT15M,2,2018-11-11 02:15:00+01:00
0,HU,Unplanned outage,A03,,2018-11-11 20:00:00+01:00,IX8ZpA3rlA_QnM7nny8Auw,207.0,Fossil Brown coal/Lignite,15WMATRA-----PPK,Visonta,Mátrai Erőmű,MÁ2_gép5,1,MAW,PT60M,2,2018-11-11 03:00:00+01:00
0,HU,Unplanned outage,A03,,2018-11-11 20:45:00+01:00,IX8ZpA3rlA_QnM7nny8Auw,207.0,Fossil Brown coal/Lignite,15WMATRA-----PPK,Visonta,Mátrai Erőmű,MÁ2_gép5,1,MAW,PT15M,2,2018-11-11 20:30:00+01:00
0,HU,Unplanned outage,A03,,2018-11-11 20:47:00+01:00,IX8ZpA3rlA_QnM7nny8Auw,207.0,Fossil Brown coal/Lignite,15WMATRA-----PPK,Visonta,Mátrai Erőmű,MÁ2_gép5,1,MAW,PT1M,2,2018-11-11 20:45:00+01:00
0,HU,Unplanned outage,A03,,2018-11-11 20:30:00+01:00,IX8ZpA3rlA_QnM7nny8Auw,207.0,Fossil Brown coal/Lignite,15WMATRA-----PPK,Visonta,Mátrai Erőmű,MÁ2_gép5,1,MAW,PT30M,2,2018-11-11 20:00:00+01:00
-1.4,HU,Unplanned outage,A03,,2018-11-11 21:45:00+01:00,BHQsXj7HBVEQgA30MmpJnw,427.0,Fossil Gas,15WGONYU-----PP5,Gönyű,Gönyűi Erőmű,GÖNYÜ_gép1,1,MAW,PT1M,2,2018-11-11 21:35:00+01:00
-1.4,HU,Unplanned outage,A03,,2018-11-11 22:23:00+01:00,BHQsXj7HBVEQgA30MmpJnw,427.0,Fossil Gas,15WGONYU-----PP5,Gönyű,Gönyűi Erőmű,GÖNYÜ_gép1,1,MAW,PT1M,2,2018-11-11 22:15:00+01:00
-1.4,HU,Unplanned outage,A03,,2018-11-11 22:15:00+01:00,BHQsXj7HBVEQgA30MmpJnw,427.0,Fossil Gas,15WGONYU-----PP5,Gönyű,Gönyűi Erőmű,GÖNYÜ_gép1,1,MAW,PT15M,2,2018-11-11 21:45:00+01:00
0,HU,Unplanned outage,A03,,2018-11-12 07:45:00+01:00,pT64Sf5qqXFy0Q9dP7bOqw,87.0,Fossil Brown coal/Lignite,15WMATRA-----PPK,Visonta,Mátrai Erőmű,MÁ1_gép2,1,MAW,PT15M,2,2018-11-12 07:30:00+01:00
0,HU,Unplanned outage,A03,,2018-11-12 07:30:00+01:00,pT64Sf5qqXFy0Q9dP7bOqw,87.0,Fossil Brown coal/Lignite,15WMATRA-----PPK,Visonta,Mátrai Erőmű,MÁ1_gép2,1,MAW,PT30M,2,2018-11-12 07:00:00+01:00
0,HU,Unplanned outage,A03,,2018-11-12 07:00:00+01:00,pT64Sf5qqXFy0Q9dP7bOqw,87.0,Fossil Brown coal/Lignite,15WMATRA-----PPK,Visonta,Mátrai Erőmű,MÁ1_gép2,1,MAW,PT60M,2,2018-11-12 03:00:00+01:00
0,HU,Unplanned outage,A03,,2018-11-12 07:57:00+01:00,pT64Sf5qqXFy0Q9dP7bOqw,87.0,Fossil Brown coal/Lignite,15WMATRA-----PPK,Visonta,Mátrai Erőmű,MÁ1_gép2,1,MAW,PT1M,2,2018-11-12 07:45:00+01:00
0,HU,Unplanned outage,A03,,2018-11-12 01:00:00+01:00,X6uQuJaK_dtENrwynPGchg,87.0,Fossil Brown coal/Lignite,15WMATRA-----PPK,Visonta,Mátrai Erőmű,MÁ1_gép1,1,MAW,PT30M,3,2018-11-12 00:30:00+01:00
0,HU,Unplanned outage,A03,,2018-11-12 00:30:00+01:00,X6uQuJaK_dtENrwynPGchg,87.0,Fossil Brown coal/Lignite,15WMATRA-----PPK,Visonta,Mátrai Erőmű,MÁ1_gép1,1,MAW,PT15M,3,2018-11-12 00:15:00+01:00
0,HU,Unplanned outage,A03,,2018-11-12 00:15:00+01:00,X6uQuJaK_dtENrwynPGchg,87.0,Fossil Brown coal/Lignite,15WMATRA-----PPK,Visonta,Mátrai Erőmű,MÁ1_gép1,1,MAW,PT1M,3,2018-11-12 00:03:00+01:00
0,HU,Unplanned outage,A03,,2018-11-13 23:00:00+01:00,X6uQuJaK_dtENrwynPGchg,87.0,Fossil Brown coal/Lignite,15WMATRA-----PPK,Visonta,Mátrai Erőmű,MÁ1_gép1,1,MAW,PT60M,3,2018-11-12 01:00:00+01:00
0,HU,Unplanned outage,A03,,2018-11-16 11:00:00+01:00,ry8LCJeB4vqGdMnzmHYPgw,200.0,Fossil Brown coal/Lignite,15WMATRA-----PPK,Visonta,Mátrai Erőmű,MÁ2_gép3,1,MAW,PT1M,2,2018-11-16 10:46:00+01:00
0,HU,Unplanned outage,A03,,2018-11-16 11:30:00+01:00,ry8LCJeB4vqGdMnzmHYPgw,200.0,Fossil Brown coal/Lignite,15WMATRA-----PPK,Visonta,Mátrai Erőmű,MÁ2_gép3,1,MAW,PT30M,2,2018-11-16 11:00:00+01:00
0,HU,Unplanned outage,A03,,2018-11-16 11:45:00+01:00,ry8LCJeB4vqGdMnzmHYPgw,200.0,Fossil Brown coal/Lignite,15WMATRA-----PPK,Visonta,Mátrai Erőmű,MÁ2_gép3,1,MAW,PT15M,2,2018-11-16 11:30:00+01:00
0,HU,Unplanned outage,A03,,2018-11-16 11:51:00+01:00,ry8LCJeB4vqGdMnzmHYPgw,200.0,Fossil Brown coal/Lignite,15WMATRA-----PPK,Visonta,Mátrai Erőmű,MÁ2_gép3,1,MAW,PT1M,2,2018-11-16 11:45:00+01:00
0,HU,Unplanned outage,A03,,2018-11-19 22:15:00+01:00,-_BvqXWFtmiG9T5rhRwKIQ,269.0,Fossil Gas,15WDUME------PPI,Százhalombatta,Dunamenti Erőmű,DG3_gép7,1,MAW,PT1M,2,2018-11-19 22:06:00+01:00
0,HU,Unplanned outage,A03,,2018-11-19 22:45:00+01:00,-_BvqXWFtmiG9T5rhRwKIQ,269.0,Fossil Gas,15WDUME------PPI,Százhalombatta,Dunamenti Erőmű,DG3_gép7,1,MAW,PT15M,2,2018-11-19 22:15:00+01:00
0,HU,Unplanned outage,A03,,2018-11-19 22:53:00+01:00,-_BvqXWFtmiG9T5rhRwKIQ,269.0,Fossil Gas,15WDUME------PPI,Százhalombatta,Dunamenti Erőmű,DG3_gép7,1,MAW,PT1M,2,2018-11-19 22:45:00+01:00
0,HU,Unplanned outage,A03,,2018-11-19 22:30:00+01:00,P4Ta28t8yYca0mMjjh8-1w,132.0,Fossil Gas,15WDUME------PPI,Százhalombatta,Dunamenti Erőmű,DG3_gép8,1,MAW,PT15M,2,2018-11-19 22:15:00+01:00
0,HU,Unplanned outage,A03,,2018-11-19 22:15:00+01:00,P4Ta28t8yYca0mMjjh8-1w,132.0,Fossil Gas,15WDUME------PPI,Százhalombatta,Dunamenti Erőmű,DG3_gép8,1,MAW,PT1M,2,2018-11-19 22:06:00+01:00
0,HU,Unplanned outage,A03,,2018-11-19 23:15:00+01:00,P4Ta28t8yYca0mMjjh8-1w,132.0,Fossil Gas,15WDUME------PPI,Százhalombatta,Dunamenti Erőmű,DG3_gép8,1,MAW,PT15M,2,2018-11-19 23:00:00+01:00
0,HU,Unplanned outage,A03,,2018-11-19 23:25:00+01:00,P4Ta28t8yYca0mMjjh8-1w,132.0,Fossil Gas,15WDUME------PPI,Százhalombatta,Dunamenti Erőmű,DG3_gép8,1,MAW,PT1M,2,2018-11-19 23:15:00+01:00
0,HU,Unplanned outage,A03,,2018-11-19 23:00:00+01:00,P4Ta28t8yYca0mMjjh8-1w,132.0,Fossil Gas,15WDUME------PPI,Százhalombatta,Dunamenti Erőmű,DG3_gép8,1,MAW,PT30M,2,2018-11-19 22:30:00+01:00
39.9,HU,Unplanned outage,A03,,2018-11-20 01:39:00+01:00,sFSP4SfMF5VUBdfpTs9V9g,109.0,Fossil Gas,15WKISP------PP6,Budapest,Kispesti Erőmű,KI_GTST,1,MAW,PT1M,2,2018-11-20 01:30:00+01:00
39.9,HU,Unplanned outage,A03,,2018-11-20 01:30:00+01:00,sFSP4SfMF5VUBdfpTs9V9g,109.0,Fossil Gas,15WKISP------PP6,Budapest,Kispesti Erőmű,KI_GTST,1,MAW,PT30M,2,2018-11-20 01:00:00+01:00
39.9,HU,Unplanned outage,A03,,2018-11-20 01:00:00+01:00,sFSP4SfMF5VUBdfpTs9V9g,109.0,Fossil Gas,15WKISP------PP6,Budapest,Kispesti Erőmű,KI_GTST,1,MAW,PT60M,2,2018-11-19 22:00:00+01:00
39.9,HU,Unplanned outage,A03,,2018-11-19 22:00:00+01:00,sFSP4SfMF5VUBdfpTs9V9g,109.0,Fossil Gas,15WKISP------PP6,Budapest,Kispesti Erőmű,KI_GTST,1,MAW,PT1M,2,2018-11-19 21:59:00+01:00
0,HU,Unplanned outage,A03,,2018-11-20 14:41:00+01:00,kZUjwDMi7zf7hQwkOA8-YA,236.0,Nuclear,15WPAKS------PPL,Paks,Paksi Atomerőmű,PA_gép7,1,MAW,PT1M,2,2018-11-20 14:30:00+01:00
0,HU,Unplanned outage,A03,,2018-11-20 14:00:00+01:00,kZUjwDMi7zf7hQwkOA8-YA,236.0,Nuclear,15WPAKS------PPL,Paks,Paksi Atomerőmű,PA_gép7,1,MAW,PT60M,2,2018-11-20 12:00:00+01:00
0,HU,Unplanned outage,A03,,2018-11-20 14:30:00+01:00,kZUjwDMi7zf7hQwkOA8-YA,236.0,Nuclear,15WPAKS------PPL,Paks,Paksi Atomerőmű,PA_gép7,1,MAW,PT30M,2,2018-11-20 14:00:00+01:00
0,HU,Unplanned outage,A03,,2018-11-20 11:30:00+01:00,kZUjwDMi7zf7hQwkOA8-YA,236.0,Nuclear,15WPAKS------PPL,Paks,Paksi Atomerőmű,PA_gép7,1,MAW,PT15M,2,2018-11-20 11:15:00+01:00
0,HU,Unplanned outage,A03,,2018-11-20 11:15:00+01:00,kZUjwDMi7zf7hQwkOA8-YA,236.0,Nuclear,15WPAKS------PPL,Paks,Paksi Atomerőmű,PA_gép7,1,MAW,PT1M,2,2018-11-20 11:01:00+01:00
0,HU,Unplanned outage,A03,,2018-11-20 12:00:00+01:00,kZUjwDMi7zf7hQwkOA8-YA,236.0,Nuclear,15WPAKS------PPL,Paks,Paksi Atomerőmű,PA_gép7,1,MAW,PT30M,2,2018-11-20 11:30:00+01:00
0,HU,Unplanned outage,A03,,2018-11-24 20:00:00+01:00,E2fHPYFm5EMvtetnhQmTqQ,87.0,Fossil Brown coal/Lignite,15WMATRA-----PPK,Visonta,Mátrai Erőmű,MÁ1_gép1,1,MAW,PT60M,5,2018-11-23 01:00:00+01:00
0,HU,Unplanned outage,A03,,2018-12-03 06:00:00+01:00,eDSXOmTmbxhCp2dA-kcDmg,87.0,Fossil Brown coal/Lignite,15WMATRA-----PPK,Visonta,Mátrai Erőmű,MÁ1_gép1,1,MAW,PT60M,2,2018-12-03 04:00:00+01:00
0,HU,Unplanned outage,A03,,2018-12-03 06:30:00+01:00,eDSXOmTmbxhCp2dA-kcDmg,87.0,Fossil Brown coal/Lignite,15WMATRA-----PPK,Visonta,Mátrai Erőmű,MÁ1_gép1,1,MAW,PT30M,2,2018-12-03 06:00:00+01:00
0,HU,Unplanned outage,A03,,2018-12-03 06:33:00+01:00,eDSXOmTmbxhCp2dA-kcDmg,87.0,Fossil Brown coal/Lignite,15WMATRA-----PPK,Visonta,Mátrai Erőmű,MÁ1_gép1,1,MAW,PT1M,2,2018-12-03 06:30:00+01:00
0,HU,Unplanned outage,A03,,2018-12-03 07:37:00+01:00,cueNdnRk3PQtAvtMFzlO4w,33.0,Fossil Brown coal/Lignite,15WMATRA-----PPK,Visonta,Mátrai Erőmű,MÁG_gép6,1,MAW,PT1M,2,2018-12-03 07:30:00+01:00
0,HU,Unplanned outage,A03,,2018-12-03 07:00:00+01:00,cueNdnRk3PQtAvtMFzlO4w,33.0,Fossil Brown coal/Lignite,15WMATRA-----PPK,Visonta,Mátrai Erőmű,MÁG_gép6,1,MAW,PT1M,2,2018-12-03 06:56:00+01:00
0,HU,Unplanned outage,A03,,2018-12-03 07:30:00+01:00,cueNdnRk3PQtAvtMFzlO4w,33.0,Fossil Brown coal/Lignite,15WMATRA-----PPK,Visonta,Mátrai Erőmű,MÁG_gép6,1,MAW,PT30M,2,2018-12-03 07:00:00+01:00
0,HU,Unplanned outage,A03,,2018-12-03 07:00:00+01:00,9WqJJROjAVxYXiHVLYowkQ,33.0,Fossil Brown coal/Lignite,15WMATRA-----PPK,Visonta,Mátrai Erőmű,MÁG_gép7,1,MAW,PT1M,2,2018-12-03 06:55:00+01:00
0,HU,Unplanned outage,A03,,2018-12-03 07:30:00+01:00,9WqJJROjAVxYXiHVLYowkQ,33.0,Fossil Brown coal/Lignite,15WMATRA-----PPK,Visonta,Mátrai Erőmű,MÁG_gép7,1,MAW,PT30M,2,2018-12-03 07:00:00+01:00
0,HU,Unplanned outage,A03,,2018-12-03 07:37:00+01:00,9WqJJROjAVxYXiHVLYowkQ,33.0,Fossil Brown coal/Lignite,15WMATRA-----PPK,Visonta,Mátrai Erőmű,MÁG_gép7,1,MAW,PT1M,2,2018-12-03 07:30:00+01:00
0,HU,Unplanned outage,A03,,2018-12-03 10:30:00+01:00,DEb5WH7ymNlK32QIqOgqsg,33.0,Fossil Brown coal/Lignite,15WMATRA-----PPK,Visonta,Mátrai Erőmű,MÁG_gép6,1,MAW,PT30M,2,2018-12-03 10:00:00+01:00
0,HU,Unplanned outage,A03,,2018-12-03 10:43:00+01:00,DEb5WH7ymNlK32QIqOgqsg,33.0,Fossil Brown coal/Lignite,15WMATRA-----PPK,Visonta,Mátrai Erőmű,MÁG_gép6,1,MAW,PT1M,2,2018-12-03 10:30:00+01:00
0,HU,Unplanned outage,A03,,2018-12-03 10:00:00+01:00,DEb5WH7ymNlK32QIqOgqsg,33.0,Fossil Brown coal/Lignite,15WMATRA-----PPK,Visonta,Mátrai Erőmű,MÁG_gép6,1,MAW,PT1M,2,2018-12-03 09:55:00+01:00
0,HU,Unplanned outage,A03,,2018-12-03 10:00:00+01:00,LFyHK0uJko9KzjWDI7ZpDw,33.0,Fossil Brown coal/Lignite,15WMATRA-----PPK,Visonta,Mátrai Erőmű,MÁG_gép7,1,MAW,PT1M,2,2018-12-03 09:55:00+01:00
0,HU,Unplanned outage,A03,,2018-12-03 10:30:00+01:00,LFyHK0uJko9KzjWDI7ZpDw,33.0,Fossil Brown coal/Lignite,15WMATRA-----PPK,Visonta,Mátrai Erőmű,MÁG_gép7,1,MAW,PT30M,2,2018-12-03 10:00:00+01:00
0,HU,Unplanned outage,A03,,2018-12-03 10:45:00+01:00,LFyHK0uJko9KzjWDI7ZpDw,33.0,Fossil Brown coal/Lignite,15WMATRA-----PPK,Visonta,Mátrai Erőmű,MÁG_gép7,1,MAW,PT15M,2,2018-12-03 10:30:00+01:00
0,HU,Unplanned outage,A03,,2018-12-03 10:52:00+01:00,LFyHK0uJko9KzjWDI7ZpDw,33.0,Fossil Brown coal/Lignite,15WMATRA-----PPK,Visonta,Mátrai Erőmű,MÁG_gép7,1,MAW,PT1M,2,2018-12-03 10:45:00+01:00
-9.9,HU,Unplanned outage,A03,,2018-12-01 00:30:00+01:00,47fANbgNtc0b9QEw6TcRpA,48.5,Fossil Gas,15WMVMSZK----PPY,Budapest,MVM szabályozási központ,ÉB_GT123,1,MAW,PT1M,3,2018-12-01 00:21:00+01:00
-9.9,HU,Unplanned outage,A03,,2018-12-01 01:00:00+01:00,47fANbgNtc0b9QEw6TcRpA,48.5,Fossil Gas,15WMVMSZK----PPY,Budapest,MVM szabályozási központ,ÉB_GT123,1,MAW,PT30M,3,2018-12-01 00:30:00+01:00
-9.9,HU,Unplanned outage,A03,,2018-12-03 10:30:00+01:00,47fANbgNtc0b9QEw6TcRpA,48.5,Fossil Gas,15WMVMSZK----PPY,Budapest,MVM szabályozási központ,ÉB_GT123,1,MAW,PT30M,3,2018-12-03 10:00:00+01:00
-9.9,HU,Unplanned outage,A03,,2018-12-03 10:45:00+01:00,47fANbgNtc0b9QEw6TcRpA,48.5,Fossil Gas,15WMVMSZK----PPY,Budapest,MVM szabályozási központ,ÉB_GT123,1,MAW,PT15M,3,2018-12-03 10:30:00+01:00
-9.9,HU,Unplanned outage,A03,,2018-12-03 10:00:00+01:00,47fANbgNtc0b9QEw6TcRpA,48.5,Fossil Gas,15WMVMSZK----PPY,Budapest,MVM szabályozási központ,ÉB_GT123,1,MAW,PT60M,3,2018-12-01 01:00:00+01:00
-9.9,HU,Unplanned outage,A03,,2018-12-03 10:47:00+01:00,47fANbgNtc0b9QEw6TcRpA,48.5,Fossil Gas,15WMVMSZK----PPY,Budapest,MVM szabályozási központ,ÉB_GT123,1,MAW,PT1M,3,2018-12-03 10:45:00+01:00
0,HU,Unplanned outage,A03,,2018-12-04 06:06:00+01:00,7hEgzfMcLYn4ZBROVA319g,200.0,Fossil Brown coal/Lignite,15WMATRA-----PPK,Visonta,Mátrai Erőmű,MÁ2_gép3,1,MAW,PT1M,2,2018-12-04 06:00:00+01:00
0,HU,Unplanned outage,A03,,2018-12-04 06:00:00+01:00,7hEgzfMcLYn4ZBROVA319g,200.0,Fossil Brown coal/Lignite,15WMATRA-----PPK,Visonta,Mátrai Erőmű,MÁ2_gép3,1,MAW,PT60M,2,2018-12-04 04:00:00+01:00
0,HU,Unplanned outage,A03,,2018-12-07 13:45:00+01:00,v7K0cTHnKRzZzmZurSbDbw,120.0,Fossil Oil,15WLITER-----PPP,Budapest,Litéri Gázturbinás Erőmű,Litér_GT,1,MAW,PT1M,3,2018-12-07 13:32:00+01:00
0,HU,Unplanned outage,A03,,2018-12-07 14:00:00+01:00,v7K0cTHnKRzZzmZurSbDbw,120.0,Fossil Oil,15WLITER-----PPP,Budapest,Litéri Gázturbinás Erőmű,Litér_GT,1,MAW,PT15M,3,2018-12-07 13:45:00+01:00
0,HU,Unplanned outage,A03,,2018-12-08 00:00:00+01:00,v7K0cTHnKRzZzmZurSbDbw,120.0,Fossil Oil,15WLITER-----PPP,Budapest,Litéri Gázturbinás Erőmű,Litér_GT,1,MAW,PT60M,3,2018-12-07 14:00:00+01:00
0,HU,Unplanned outage,A03,,2018-12-08 00:30:00+01:00,v7K0cTHnKRzZzmZurSbDbw,120.0,Fossil Oil,15WLITER-----PPP,Budapest,Litéri Gázturbinás Erőmű,Litér_GT,1,MAW,PT30M,3,2018-12-08 00:00:00+01:00
0,HU,Unplanned outage,A03,,2018-12-08 00:45:00+01:00,v7K0cTHnKRzZzmZurSbDbw,120.0,Fossil Oil,15WLITER-----PPP,Budapest,Litéri Gázturbinás Erőmű,Litér_GT,1,MAW,PT15M,3,2018-12-08 00:30:00+01:00
39.9,HU,Unplanned outage,A03,,2018-12-09 22:45:00+01:00,rkTMuNTbs5-iDgNiNqMZcg,109.0,Fossil Gas,15WKISP------PP6,Budapest,Kispesti Erőmű,KI_GTST,1,MAW,PT15M,2,2018-12-09 22:30:00+01:00
39.9,HU,Unplanned outage,A03,,2018-12-09 22:30:00+01:00,rkTMuNTbs5-iDgNiNqMZcg,109.0,Fossil Gas,15WKISP------PP6,Budapest,Kispesti Erőmű,KI_GTST,1,MAW,PT30M,2,2018-12-09 22:00:00+01:00
39.9,HU,Unplanned outage,A03,,2018-12-09 22:56:00+01:00,rkTMuNTbs5-iDgNiNqMZcg,109.0,Fossil Gas,15WKISP------PP6,Budapest,Kispesti Erőmű,KI_GTST,1,MAW,PT1M,2,2018-12-09 22:45:00+01:00
0,HU,Unplanned outage,A03,,2018-12-07 14:00:00+01:00,iI_L9AxWnKE4wzTmXDlsTw,200.0,Fossil Brown coal/Lignite,15WMATRA-----PPK,Visonta,Mátrai Erőmű,MÁ2_gép3,1,MAW,PT30M,4,2018-12-07 13:30:00+01:00
0,HU,Unplanned outage,A03,,2018-12-07 13:30:00+01:00,iI_L9AxWnKE4wzTmXDlsTw,200.0,Fossil Brown coal/Lignite,15WMATRA-----PPK,Visonta,Mátrai Erőmű,MÁ2_gép3,1,MAW,PT1M,4,2018-12-07 13:18:00+01:00
0,HU,Unplanned outage,A03,,2018-12-11 01:00:00+01:00,iI_L9AxWnKE4wzTmXDlsTw,200.0,Fossil Brown coal/Lignite,15WMATRA-----PPK,Visonta,Mátrai Erőmű,MÁ2_gép3,1,MAW,PT60M,4,2018-12-07 14:00:00+01:00
0,HU,Unplanned outage,A03,,2018-12-11 01:30:00+01:00,iI_L9AxWnKE4wzTmXDlsTw,200.0,Fossil Brown coal/Lignite,15WMATRA-----PPK,Visonta,Mátrai Erőmű,MÁ2_gép3,1,MAW,PT30M,4,2018-12-11 01:00:00+01:00
0,HU,Unplanned outage,A03,,2018-12-14 10:00:00+01:00,eDW7uSFfbK0kHbu1rdZ87Q,154.0,Fossil Gas,15WDUME------PPI,Százhalombatta,Dunamenti Erőmű,DG2_gép15,1,MAW,PT60M,2,2018-12-14 09:00:00+01:00
0,HU,Unplanned outage,A03,,2018-12-14 10:30:00+01:00,eDW7uSFfbK0kHbu1rdZ87Q,154.0,Fossil Gas,15WDUME------PPI,Százhalombatta,Dunamenti Erőmű,DG2_gép15,1,MAW,PT30M,2,2018-12-14 10:00:00+01:00
0,HU,Unplanned outage,A03,,2018-12-17 12:15:00+01:00,eEOkWct89hE6z9bneObIlQ,16.6,Solar,15WFZSOPV----PPG,Felsőzsolca,FZSOPV,FZSOPV_gép1,1,MAW,PT1M,2,2018-12-17 12:06:00+01:00
0,HU,Unplanned outage,A03,,2018-12-17 12:45:00+01:00,eEOkWct89hE6z9bneObIlQ,16.6,Solar,15WFZSOPV----PPG,Felsőzsolca,FZSOPV,FZSOPV_gép1,1,MAW,PT15M,2,2018-12-17 12:15:00+01:00
0,HU,Unplanned outage,A03,,2018-12-17 12:48:00+01:00,eEOkWct89hE6z9bneObIlQ,16.6,Solar,15WFZSOPV----PPG,Felsőzsolca,FZSOPV,FZSOPV_gép1,1,MAW,PT1M,2,2018-12-17 12:45:00+01:00
-3.1,HU,Unplanned outage,A03,,2018-12-17 23:45:00+01:00,OXsSIVrQUauGgciYSPrtpw,25.0,Fossil Gas,15WTATAB-----PPG,Tatabánya,Tatabánya Erőmű,TATABÁNYA_gép2,1,MAW,PT1M,2,2018-12-17 23:43:00+01:00
-3.1,HU,Unplanned outage,A03,,2018-12-18 00:00:00+01:00,OXsSIVrQUauGgciYSPrtpw,25.0,Fossil Gas,15WTATAB-----PPG,Tatabánya,Tatabánya Erőmű,TATABÁNYA_gép2,1,MAW,PT15M,2,2018-12-17 23:45:00+01:00
-3.1,HU,Unplanned outage,A03,,2018-12-18 01:00:00+01:00,OXsSIVrQUauGgciYSPrtpw,25.0,Fossil Gas,15WTATAB-----PPG,Tatabánya,Tatabánya Erőmű,TATABÁNYA_gép2,1,MAW,PT60M,2,2018-12-18 00:00:00+01:00
-3.1,HU,Unplanned outage,A03,,2018-12-18 01:30:00+01:00,OXsSIVrQUauGgciYSPrtpw,25.0,Fossil Gas,15WTATAB-----PPG,Tatabánya,Tatabánya Erőmű,TATABÁNYA_gép2,1,MAW,PT30M,2,2018-12-18 01:00:00+01:00
-3.1,HU,Unplanned outage,A03,,2018-12-18 01:40:00+01:00,OXsSIVrQUauGgciYSPrtpw,25.0,Fossil Gas,15WTATAB-----PPG,Tatabánya,Tatabánya Erőmű,TATABÁNYA_gép2,1,MAW,PT1M,2,2018-12-18 01:30:00+01:00
-28.7,HU,Unplanned outage,A03,,2018-12-18 16:45:00+01:00,jfDy_YgWmmuLCEUqE-qyxQ,50.0,Fossil Gas,15WMVMSZK----PPY,Budapest,MVM szabályozási központ,ÉB_GT123,1,MAW,PT15M,2,2018-12-18 16:30:00+01:00
-28.7,HU,Unplanned outage,A03,,2018-12-18 16:52:00+01:00,jfDy_YgWmmuLCEUqE-qyxQ,50.0,Fossil Gas,15WMVMSZK----PPY,Budapest,MVM szabályozási központ,ÉB_GT123,1,MAW,PT1M,2,2018-12-18 16:45:00+01:00
-28.7,HU,Unplanned outage,A03,,2018-12-18 16:30:00+01:00,jfDy_YgWmmuLCEUqE-qyxQ,50.0,Fossil Gas,15WMVMSZK----PPY,Budapest,MVM szabályozási központ,ÉB_GT123,1,MAW,PT30M,2,2018-12-18 16:00:00+01:00
-28.7,HU,Unplanned outage,A03,,2018-12-18 08:30:00+01:00,jfDy_YgWmmuLCEUqE-qyxQ,50.0,Fossil Gas,15WMVMSZK----PPY,Budapest,MVM szabályozási központ,ÉB_GT123,1,MAW,PT1M,2,2018-12-18 08:29:00+01:00
-28.7,HU,Unplanned outage,A03,,2018-12-18 09:00:00+01:00,jfDy_YgWmmuLCEUqE-qyxQ,50.0,Fossil Gas,15WMVMSZK----PPY,Budapest,MVM szabályozási központ,ÉB_GT123,1,MAW,PT30M,2,2018-12-18 08:30:00+01:00
-28.7,HU,Unplanned outage,A03,,2018-12-18 16:00:00+01:00,jfDy_YgWmmuLCEUqE-qyxQ,50.0,Fossil Gas,15WMVMSZK----PPY,Budapest,MVM szabályozási központ,ÉB_GT123,1,MAW,PT60M,2,2018-12-18 09:00:00+01:00
0,HU,Unplanned outage,A03,,2018-12-21 08:00:00+01:00,O9a9egpmBoM1o8wq7TrlwQ,87.0,Fossil Brown coal/Lignite,15WMATRA-----PPK,Visonta,Mátrai Erőmű,MÁ1_gép2,1,MAW,PT60M,2,2018-12-21 01:00:00+01:00
0,HU,Unplanned outage,A03,,2018-12-21 00:45:00+01:00,O9a9egpmBoM1o8wq7TrlwQ,87.0,Fossil Brown coal/Lignite,15WMATRA-----PPK,Visonta,Mátrai Erőmű,MÁ1_gép2,1,MAW,PT1M,2,2018-12-21 00:42:00+01:00
0,HU,Unplanned outage,A03,,2018-12-21 01:00:00+01:00,O9a9egpmBoM1o8wq7TrlwQ,87.0,Fossil Brown coal/Lignite,15WMATRA-----PPK,Visonta,Mátrai Erőmű,MÁ1_gép2,1,MAW,PT15M,2,2018-12-21 00:45:00+01:00
0,HU,Unplanned outage,A03,,2018-12-22 09:42:00+01:00,iIj_Ag_VSdwdAmXKSB_GfA,30.9,Biomass,15WPECS------PPO,Pécs,Pécsi Erőmű,Pécs_gép4,1,MAW,PT1M,1,2018-12-22 09:30:00+01:00
0,HU,Unplanned outage,A03,,2018-12-22 09:15:00+01:00,iIj_Ag_VSdwdAmXKSB_GfA,30.9,Biomass,15WPECS------PPO,Pécs,Pécsi Erőmű,Pécs_gép4,1,MAW,PT1M,1,2018-12-22 09:11:00+01:00
0,HU,Unplanned outage,A03,,2018-12-22 09:30:00+01:00,iIj_Ag_VSdwdAmXKSB_GfA,30.9,Biomass,15WPECS------PPO,Pécs,Pécsi Erőmű,Pécs_gép4,1,MAW,PT15M,1,2018-12-22 09:15:00+01:00
0,HU,Unplanned outage,A03,,2018-12-22 17:30:00+01:00,Gm8W6OQIOVVW4UXhfhSvKA,30.9,Biomass,15WPECS------PPO,Pécs,Pécsi Erőmű,Pécs_gép4,1,MAW,PT15M,1,2018-12-22 17:15:00+01:00
0,HU,Unplanned outage,A03,,2018-12-22 17:15:00+01:00,Gm8W6OQIOVVW4UXhfhSvKA,30.9,Biomass,15WPECS------PPO,Pécs,Pécsi Erőmű,Pécs_gép4,1,MAW,PT1M,1,2018-12-22 17:12:00+01:00
0,HU,Unplanned outage,A03,,2018-12-23 14:15:00+01:00,UoEb1QkoOI1lZnSos4Wpng,44.0,Biomass,15WPANNON----PPS,Pécs,Pannongreen,Pécs_gép6,1,MAW,PT15M,2,2018-12-23 14:00:00+01:00
0,HU,Unplanned outage,A03,,2018-12-23 14:21:00+01:00,UoEb1QkoOI1lZnSos4Wpng,44.0,Biomass,15WPANNON----PPS,Pécs,Pannongreen,Pécs_gép6,1,MAW,PT1M,2,2018-12-23 14:15:00+01:00
0,HU,Unplanned outage,A03,,2018-12-22 00:00:00+01:00,UoEb1QkoOI1lZnSos4Wpng,44.0,Biomass,15WPANNON----PPS,Pécs,Pannongreen,Pécs_gép6,1,MAW,PT1M,2,2018-12-21 23:58:00+01:00
0,HU,Unplanned outage,A03,,2018-12-23 14:00:00+01:00,UoEb1QkoOI1lZnSos4Wpng,44.0,Biomass,15WPANNON----PPS,Pécs,Pannongreen,Pécs_gép6,1,MAW,PT60M,2,2018-12-22 00:00:00+01:00
0,HU,Unplanned outage,A03,,2018-12-24 12:55:00+01:00,iaF5G9uMS4i6M4NLDZYa7Q,154.0,Fossil Gas,15WDUME------PPI,Százhalombatta,Dunamenti Erőmű,DG2_gép15,1,MAW,PT1M,2,2018-12-24 12:41:00+01:00
0,HU,Planned maintenance,A03,,2018-11-20 00:00:00+01:00,PJ2hxLVjEfUwxaEnBQ-iNQ,28.0,Biomass,15WBAKONYI---PPL,Ajka,Bakonyi Bioerőmű,Ajka_gép7,1,MAW,PT15M,944,2018-11-10 00:00:00+01:00
0,HU,Planned maintenance,A03,,2018-12-12 08:30:00+01:00,VPVciGdGlxo-RRxoRZqmgQ,93.0,Fossil Brown coal/Lignite,15WAJKA------PPT,Ajka,Ajkai Hőerőmű,Ajka_gép23456,1,MAW,PT15M,944,2018-11-23 00:00:00+01:00
0,HU,Planned maintenance,A03,,2018-11-14 00:00:00+01:00,HUW9VBCI9GftdoE8Uhc-_A,87.0,Fossil Brown coal/Lignite,15WMATRA-----PPK,Visonta,Mátrai Erőmű,MÁ1_gép1,1,MAW,PT15M,172,2018-11-13 00:00:00+01:00
0,HU,Planned maintenance,A03,,2018-10-30 17:00:00+01:00,3zF18cBhaVeoQMs8X3AxBQ,237.8,Nuclear,15WPAKS------PPL,Paks,Paksi Atomerőmű,PA_gép3,1,MAW,PT15M,95,2018-10-21 00:00:00+02:00
0,HU,Planned maintenance,A03,,2018-11-04 09:00:00+01:00,limtElUxrfJ2ACbNLlwX3w,237.8,Nuclear,15WPAKS------PPL,Paks,Paksi Atomerőmű,PA_gép4,1,MAW,PT15M,80,2018-10-31 00:00:00+01:00
0,HU,Planned maintenance,A03,,2018-11-29 00:00:00+01:00,WiCxsG-jzZiFk7HkOzrtxQ,39.6,Fossil Gas,15WMVMSZK----PPY,Budapest,MVM szabályozási központ,MISKOLC_gép1,1,MAW,PT15M,12,2018-11-27 00:00:00+01:00
0,HU,Planned maintenance,A03,,2018-11-11 21:15:00+01:00,Zw0XdhNw4nycWm5lFiQlTQ,207.0,Fossil Brown coal/Lignite,15WMATRA-----PPK,Visonta,Mátrai Erőmű,MÁ2_gép5,1,MAW,PT15M,159,2018-11-11 02:15:00+01:00
0,HU,Planned maintenance,A03,,2018-11-23 13:30:00+01:00,_clXOXRjqwVcNJqyuBmY-w,154.0,Fossil Gas,15WDUME------PPI,Százhalombatta,Dunamenti Erőmű,DG2_gép15,1,MAW,PT15M,351,2018-11-16 00:00:00+01:00
0,HU,Planned maintenance,A03,,2018-11-01 12:45:00+01:00,adIZRWrSzuMCVF43ma1TMA,239.9,Nuclear,15WPAKS------PPL,Paks,Paksi Atomerőmű,PA_gép1,1,MAW,PT15M,108,2018-11-01 05:45:00+01:00
0,HU,Planned maintenance,A03,,2018-11-01 00:00:00+01:00,lbE2gOgOc-ULow7Ck7A2Vg,132.0,Fossil Gas,15WDUME------PPI,Százhalombatta,Dunamenti Erőmű,DG3_gép8,1,MAW,PT15M,270,2018-10-24 00:00:00+02:00
0,HU,Planned maintenance,A03,,2018-11-19 00:00:00+01:00,zeSKRTsEyyuG70QZC0yiQA,57.0,Fossil Gas,15WBAKONY----PP6,Ajka,Bakonyi Gázturbinás Erőmű,Ajka_GT1,1,MAW,PT15M,944,2018-11-17 00:00:00+01:00
0,HU,Planned maintenance,A03,,2018-11-24 00:00:00+01:00,fL6v6Xg9vghcYsGHjEY0Xw,154.0,Fossil Gas,15WDUME------PPI,Százhalombatta,Dunamenti Erőmű,DG2_gép15,1,MAW,PT15M,348,2018-11-23 15:30:00+01:00
0,HU,Planned maintenance,A03,,2018-12-07 13:15:00+01:00,m66CRJJPJEyZ43_mGxGDqQ,239.9,Nuclear,15WPAKS------PPL,Paks,Paksi Atomerőmű,PA_gép2,1,MAW,PT15M,99,2018-11-10 02:00:00+01:00
0,HU,Planned maintenance,A03,,2018-11-14 22:00:00+01:00,0RMlm8GDm66XZX5p0F2kSw,25.0,Fossil Gas,15WTATAB-----PPG,Tatabánya,Tatabánya Erőmű,TATABÁNYA_gép2,1,MAW,PT15M,36,2018-10-28 00:00:00+02:00
0,HU,Planned maintenance,A03,,2018-11-04 11:00:00+01:00,nbT3RRfRuip1OL5fb57OUA,237.8,Nuclear,15WPAKS------PPL,Paks,Paksi Atomerőmű,PA_gép3,1,MAW,PT15M,90,2018-10-31 00:00:00+01:00
0,HU,Planned maintenance,A03,,2018-11-29 00:00:00+01:00,B6vQyXTT_fxky35pA_PdTQ,48.5,Fossil Gas,15WMVMSZK----PPY,Budapest,MVM szabályozási központ,ÉB_GT123,1,MAW,PT15M,25,2018-11-27 00:00:00+01:00
0,HU,Planned maintenance,A03,,2018-12-11 00:00:00+01:00,z0i-99cEmNegnFAAzkPGiQ,200.0,Fossil Brown coal/Lignite,15WMATRA-----PPK,Visonta,Mátrai Erőmű,MÁ2_gép3,1,MAW,PT15M,172,2018-12-09 00:00:00+01:00
0,HU,Planned maintenance,A03,,2018-12-07 20:15:00+01:00,KBaPLPbWLdYYrs293qj5zg,239.9,Nuclear,15WPAKS------PPL,Paks,Paksi Atomerőmű,PA_gép1,1,MAW,PT15M,108,2018-11-10 01:45:00+01:00
0,HU,Planned maintenance,A03,,2018-12-10 00:00:00+01:00,_IZpWS7-3Xc9kG8R0DmkBQ,132.0,Fossil Gas,15WDUME------PPI,Százhalombatta,Dunamenti Erőmű,DG3_gép8,1,MAW,PT15M,270,2018-12-08 00:00:00+01:00
0,HU,Planned maintenance,A03,,2018-11-17 00:00:00+01:00,q4zzVJoUlOD8g9nzddpqcA,87.0,Fossil Brown coal/Lignite,15WMATRA-----PPK,Visonta,Mátrai Erőmű,MÁ1_gép1,1,MAW,PT15M,172,2018-11-15 00:00:00+01:00
0,HU,Planned maintenance,A03,,2018-11-09 00:00:00+01:00,73JfDE5gjx1boZWMQY4HPw,87.0,Fossil Brown coal/Lignite,15WMATRA-----PPK,Visonta,Mátrai Erőmű,MÁ1_gép2,1,MAW,PT15M,172,2018-11-06 00:00:00+01:00
0,HU,Planned maintenance,A03,,2018-12-27 22:00:00+01:00,Uspm3u7RDJMLwT-jFmh_HA,427.0,Fossil Gas,15WGONYU-----PP5,Gönyű,Gönyűi Erőmű,GÖNYÜ_gép1,1,MAW,PT15M,252,2018-12-27 06:00:00+01:00
0,HU,Planned maintenance,A03,,2018-10-30 06:00:00+01:00,9WJcRiKPvHbP1PLwStgEog,33.0,Fossil Brown coal/Lignite,15WMATRA-----PPK,Visonta,Mátrai Erőmű,MÁG_gép6,1,MAW,PT15M,151,2018-10-29 22:00:00+01:00
0,HU,Planned maintenance,A03,,2018-11-12 00:00:00+01:00,r7Cqkdk49s1G8xA1vkzN9g,120.0,Fossil Oil,15WSAJSZOGED-PP4,Sajószöged,Sajószögedi Gázturbinás Erőmű,Sajó_GT,1,MAW,PT15M,48,2018-11-10 00:00:00+01:00
0,HU,Planned maintenance,A03,,2018-12-01 12:00:00+01:00,gRh33Xo_JH7Xo11rBNre8A,57.0,Fossil Gas,15WBAKONY----PP6,Ajka,Bakonyi Gázturbinás Erőmű,Ajka_GT1,1,MAW,PT15M,944,2018-12-01 09:00:00+01:00
0,HU,Planned maintenance,A03,,2018-10-23 02:00:00+02:00,faxDyeJmBaMX422xYFBVjA,62.0,Biomass,15WPECS------PPO,Pécs,Pécsi Erőmű,Pécs_gép2,1,MAW,PT15M,57,2018-10-22 00:00:00+02:00
0,HU,Planned maintenance,A03,,2018-12-14 00:00:00+01:00,vLlrgaFi0g8IuJjQSSzb0Q,154.0,Fossil Gas,15WDUME------PPI,Százhalombatta,Dunamenti Erőmű,DG2_gép15,1,MAW,PT15M,338,2018-12-13 00:00:00+01:00
0,HU,Planned maintenance,A03,,2018-12-02 21:00:00+01:00,PU0seUwPzw7rGFdtrKTRYA,69.0,Fossil Gas,15WUJPEST----PPO,Budapest,Újpesti Erőmű,ÚJ_GT,1,MAW,PT15M,36,2018-12-01 01:00:00+01:00
0,HU,Planned maintenance,A03,,2018-12-01 00:00:00+01:00,WpB8o-Ucfsjzyxe9R7XuKw,269.0,Fossil Gas,15WDUME------PPI,Százhalombatta,Dunamenti Erőmű,DG3_gép7,1,MAW,PT15M,279,2018-11-29 00:00:00+01:00
0,HU,Planned maintenance,A03,,2018-10-30 15:00:00+01:00,Yj8TKLHrWezLu7u84Ax3wA,237.8,Nuclear,15WPAKS------PPL,Paks,Paksi Atomerőmű,PA_gép4,1,MAW,PT15M,81,2018-10-21 00:00:00+02:00
0,HU,Planned maintenance,A03,,2018-11-25 00:00:00+01:00,usdI6EapVmSMqEqOPLPNpQ,87.0,Fossil Brown coal/Lignite,15WMATRA-----PPK,Visonta,Mátrai Erőmű,MÁ1_gép1,1,MAW,PT15M,172,2018-11-23 03:00:00+01:00
0,HU,Planned maintenance,A03,,2018-11-25 00:00:00+01:00,VB82XGDhAU6CMUG2wzaP3A,48.5,Fossil Gas,15WMVMSZK----PPY,Budapest,MVM szabályozási központ,ÉB_GT123,1,MAW,PT15M,27,2018-11-24 00:00:00+01:00
0,HU,Planned maintenance,A03,,2018-12-14 00:00:00+01:00,YZBBTlXgBSR2FBd8hC1pzQ,33.0,Fossil Brown coal/Lignite,15WMATRA-----PPK,Visonta,Mátrai Erőmű,MÁG_gép7,1,MAW,PT15M,144,2018-12-13 15:15:00+01:00
0,HU,Planned maintenance,A03,,2018-11-25 00:00:00+01:00,fLaMbg53dAOSjwH98k9Atw,39.6,Fossil Gas,15WMVMSZK----PPY,Budapest,MVM szabályozási központ,MISKOLC_gép1,1,MAW,PT15M,20,2018-11-24 00:00:00+01:00
0,HU,Planned maintenance,A03,,2018-11-16 11:00:00+01:00,pPei6-wHdH-OIGpRN5YxqA,200.0,Fossil Brown coal/Lignite,15WMATRA-----PPK,Visonta,Mátrai Erőmű,MÁ2_gép3,1,MAW,PT15M,172,2018-11-16 02:30:00+01:00
0,HU,Planned maintenance,A03,,2018-11-02 20:00:00+01:00,EbLAY_7Q6Y1EXxiS1bhvlA,125.0,Fossil Gas,15WKELENF----PP8,Budapest,Kelenföldi Erőmű,KF_GT,1,MAW,PT15M,229,2018-11-02 08:00:00+01:00
0,HU,Planned maintenance,A03,,2018-12-04 04:00:00+01:00,dlK49PNbcqv9BX_HDpGQYw,200.0,Fossil Brown coal/Lignite,15WMATRA-----PPK,Visonta,Mátrai Erőmű,MÁ2_gép3,1,MAW,PT15M,172,2018-12-01 03:00:00+01:00
0,HU,Planned maintenance,A03,,2018-12-09 21:00:00+01:00,UBqcnDHjiq3PXxOQNaVH4Q,109.0,Fossil Gas,15WKISP------PP6,Budapest,Kispesti Erőmű,KI_GTST,1,MAW,PT15M,213,2018-12-08 01:00:00+01:00
0,HU,Planned maintenance,A03,,2018-11-02 20:00:00+01:00,WxLSboGtiHAwkKzMngEw2Q,48.0,Fossil Gas,15WKELENF----PP8,Budapest,Kelenföldi Erőmű,KF_ST,1,MAW,PT15M,227,2018-11-02 08:00:00+01:00
0,HU,Planned maintenance,A03,,2018-11-01 00:00:00+01:00,wGidGT16pjphIrp-beI4sQ,269.0,Fossil Gas,15WDUME------PPI,Százhalombatta,Dunamenti Erőmű,DG3_gép7,1,MAW,PT15M,282,2018-10-24 00:00:00+02:00
0,HU,Planned maintenance,A03,,2018-12-11 00:00:00+01:00,X4DPM-I7-BqIqmlZ56-_Bg,33.0,Fossil Brown coal/Lignite,15WMATRA-----PPK,Visonta,Mátrai Erőmű,MÁG_gép6,1,MAW,PT15M,151,2018-12-06 00:00:00+01:00
0,HU,Planned maintenance,A03,,2018-12-13 13:15:00+01:00,fgWW7P0Fq9pkCClO3d46yQ,33.0,Fossil Brown coal/Lignite,15WMATRA-----PPK,Visonta,Mátrai Erőmű,MÁG_gép7,1,MAW,PT15M,145,2018-12-06 00:00:00+01:00
0,HU,Planned maintenance,A03,,2018-12-01 00:00:00+01:00,3nnmqQcmQmbe7YPpSYyuaQ,132.0,Fossil Gas,15WDUME------PPI,Százhalombatta,Dunamenti Erőmű,DG3_gép8,1,MAW,PT15M,270,2018-11-29 00:00:00+01:00
0,HU,Planned maintenance,A03,,2018-10-30 06:00:00+01:00,L3vDV1LZcHHC75ri_SowXw,33.0,Fossil Brown coal/Lignite,15WMATRA-----PPK,Visonta,Mátrai Erőmű,MÁG_gép7,1,MAW,PT15M,146,2018-10-29 22:00:00+01:00
0,HU,Planned maintenance,A03,,2018-10-21 12:00:00+02:00,crfKliE_KWiCqHVznOLVhQ,69.0,Fossil Gas,15WUJPEST----PPO,Budapest,Újpesti Erőmű,ÚJ_GT,1,MAW,PT15M,36,2018-10-21 00:00:00+02:00
0,HU,Planned maintenance,A03,,2018-12-24 12:00:00+01:00,9Apt-tmgrfSluUg_Nu3WyQ,206.0,Fossil Brown coal/Lignite,15WMATRA-----PPK,Visonta,Mátrai Erőmű,MÁ2_gép4,1,MAW,PT15M,172,2018-12-22 03:00:00+01:00
0,HU,Planned maintenance,A03,,2018-12-23 12:00:00+01:00,uQ-rKKwaJcixO5lukR7pRQ,44.0,Biomass,15WPANNON----PPS,Pécs,Pannongreen,Pécs_gép6,1,MAW,PT15M,48,2018-12-23 00:00:00+01:00
0,HU,Planned maintenance,A03,,2018-12-10 00:00:00+01:00,ozjzP5dU15GNT0RVuap9Hw,269.0,Fossil Gas,15WDUME------PPI,Százhalombatta,Dunamenti Erőmű,DG3_gép7,1,MAW,PT15M,275,2018-12-08 00:00:00+01:00
