00:00 - 01:00,59,,n/e,n/e,n/e,n/e,60,,n/e,n/e,n/e,n/e,n/e,n/e,n/e,n/e,n/e,n/e,n/e,n/e,846,,n/e,n/e,n/e,n/e,n/e,n/e,0,,n/e,n/e,0,,n/e,n/e,n/e,n/e,26,
01:00 - 02:00,55,,n/e,n/e,n/e,n/e,60,,n/e,n/e,n/e,n/e,n/e,n/e,n/e,n/e,n/e,n/e,n/e,n/e,847,,n/e,n/e,n/e,n/e,n/e,n/e,0,,n/e,n/e,0,,n/e,n/e,n/e,n/e,23,
02:00 - 03:00,51,,n/e,n/e,n/e,n/e,59,,n/e,n/e,n/e,n/e,n/e,n/e,n/e,n/e,n/e,n/e,n/e,n/e,847,,n/e,n/e,n/e,n/e,n/e,n/e,0,,n/e,n/e,0,,n/e,n/e,n/e,n/e,29,
03:00 - 04:00,49,,n/e,n/e,n/e,n/e,59,,n/e,n/e,n/e,n/e,n/e,n/e,n/e,n/e,n/e,n/e,n/e,n/e,847,,n/e,n/e,n/e,n/e,n/e,n/e,0,,n/e,n/e,0,,n/e,n/e,n/e,n/e,40,
04:00 - 05:00,49,,n/e,n/e,n/e,n/e,59,,n/e,n/e,n/e,n/e,n/e,n/e,n/e,n/e,n/e,n/e,n/e,n/e,847,,n/e,n/e,n/e,n/e,n/e,n/e,0,,n/e,n/e,0,,n/e,n/e,n/e,n/e,40,
05:00 - 06:00,51,,n/e,n/e,n/e,n/e,60,,n/e,n/e,n/e,n/e,n/e,n/e,n/e,n/e,n/e,n/e,n/e,n/e,847,,n/e,n/e,n/e,n/e,n/e,n/e,0,,n/e,n/e,0,,n/e,n/e,n/e,n/e,43,
06:00 - 07:00,56,,n/e,n/e,n/e,n/e,60,,n/e,n/e,n/e,n/e,n/e,n/e,n/e,n/e,n/e,n/e,n/e,n/e,847,,n/e,n/e,n/e,n/e,n/e,n/e,0,,n/e,n/e,0,,n/e,n/e,n/e,n/e,46,
07:00 - 08:00,58,,n/e,n/e,n/e,n/e,61,,n/e,n/e,n/e,n/e,n/e,n/e,n/e,n/e,n/e,n/e,n/e,n/e,847,,n/e,n/e,n/e,n/e,n/e,n/e,0,,n/e,n/e,1,,n/e,n/e,n/e,n/e,47,
08:00 - 09:00,62,,n/e,n/e,n/e,n/e,61,,n/e,n/e,n/e,n/e,n/e,n/e,n/e,n/e,n/e,n/e,n/e,n/e,846,,n/e,n/e,n/e,n/e,n/e,n/e,0,,n/e,n/e,4,,n/e,n/e,n/e,n/e,47,
09:00 - 10:00,63,,n/e,n/e,n/e,n/e,61,,n/e,n/e,n/e,n/e,n/e,n/e,n/e,n/e,n/e,n/e,n/e,n/e,846,,n/e,n/e,n/e,n/e,n/e,n/e,0,,n/e,n/e,8,,n/e,n/e,n/e,n/e,63,
10:00 - 11:00,64,,n/e,n/e,n/e,n/e,61,,n/e,n/e,n/e,n/e,n/e,n/e,n/e,n/e,n/e,n/e,n/e,n/e,930,,n/e,n/e,n/e,n/e,n/e,n/e,0,,n/e,n/e,10,,n/e,n/e,n/e,n/e,66,
11:00 - 12:00,64,,n/e,n/e,n/e,n/e,61,,n/e,n/e,n/e,n/e,n/e,n/e,n/e,n/e,n/e,n/e,n/e,n/e,935,,n/e,n/e,n/e,n/e,n/e,n/e,0,,n/e,n/e,10,,n/e,n/e,n/e,n/e,65,
12:00 - 13:00,63,,n/e,n/e,n/e,n/e,63,,n/e,n/e,n/e,n/e,n/e,n/e,n/e,n/e,n/e,n/e,n/e,n/e,935,,n/e,n/e,n/e,n/e,n/e,n/e,0,,n/e,n/e,5,,n/e,n/e,n/e,n/e,50,
13:00 - 14:00,66,,n/e,n/e,n/e,n/e,66,,n/e,n/e,n/e,n/e,n/e,n/e,n/e,n/e,n/e,n/e,n/e,n/e,935,,n/e,n/e,n/e,n/e,n/e,n/e,0,,n/e,n/e,1,,n/e,n/e,n/e,n/e,57,
14:00 - 15:00,65,,n/e,n/e,n/e,n/e,89,,n/e,n/e,n/e,n/e,n/e,n/e,n/e,n/e,n/e,n/e,n/e,n/e,985,,n/e,n/e,n/e,n/e,n/e,n/e,0,,n/e,n/e,0,,n/e,n/e,n/e,n/e,64,
15:00 - 16:00,69,,n/e,n/e,n/e,n/e,91,,n/e,n/e,n/e,n/e,n/e,n/e,n/e,n/e,n/e,n/e,n/e,n/e,989,,n/e,n/e,n/e,n/e,n/e,n/e,0,,n/e,n/e,0,,n/e,n/e,n/e,n/e,68,
16:00 - 17:00,69,,n/e,n/e,n/e,n/e,91,,n/e,n/e,n/e,n/e,n/e,n/e,n/e,n/e,n/e,n/e,n/e,n/e,987,,n/e,n/e,n/e,n/e,n/e,n/e,0,,n/e,n/e,0,,n/e,n/e,n/e,n/e,70,
17:00 - 18:00,71,,n/e,n/e,n/e,n/e,91,,n/e,n/e,n/e,n/e,n/e,n/e,n/e,n/e,n/e,n/e,n/e,n/e,937,,n/e,n/e,n/e,n/e,n/e,n/e,0,,n/e,n/e,0,,n/e,n/e,n/e,n/e,82,
18:00 - 19:00,70,,n/e,n/e,n/e,n/e,91,,n/e,n/e,n/e,n/e,n/e,n/e,n/e,n/e,n/e,n/e,n/e,n/e,935,,n/e,n/e,n/e,n/e,n/e,n/e,0,,n/e,n/e,0,,n/e,n/e,n/e,n/e,75,
19:00 - 20:00,70,,n/e,n/e,n/e,n/e,91,,n/e,n/e,n/e,n/e,n/e,n/e,n/e,n/e,n/e,n/e,n/e,n/e,848,,n/e,n/e,n/e,n/e,n/e,n/e,0,,n/e,n/e,0,,n/e,n/e,n/e,n/e,73,
20:00 - 21:00,67,,n/e,n/e,n/e,n/e,91,,n/e,n/e,n/e,n/e,n/e,n/e,n/e,n/e,n/e,n/e,n/e,n/e,847,,n/e,n/e,n/e,n/e,n/e,n/e,0,,n/e,n/e,0,,n/e,n/e,n/e,n/e,67,
21:00 - 22:00,64,,n/e,n/e,n/e,n/e,96,,n/e,n/e,n/e,n/e,n/e,n/e,n/e,n/e,n/e,n/e,n/e,n/e,844,,n/e,n/e,n/e,n/e,n/e,n/e,0,,n/e,n/e,0,,n/e,n/e,n/e,n/e,71,
22:00 - 23:00,64,,n/e,n/e,n/e,n/e,122,,n/e,n/e,n/e,n/e,n/e,n/e,n/e,n/e,n/e,n/e,n/e,n/e,827,,n/e,n/e,n/e,n/e,n/e,n/e,0,,n/e,n/e,0,,n/e,n/e,n/e,n/e,68,
23:00 - 00:00,63,,n/e,n/e,n/e,n/e,133,,n/e,n/e,n/e,n/e,n/e,n/e,n/e,n/e,n/e,n/e,n/e,n/e,841,,n/e,n/e,n/e,n/e,n/e,n/e,0,,n/e,n/e,0,,n/e,n/e,n/e,n/e,68,
00:00 - 01:00,63,,n/e,n/e,n/e,n/e,139,,n/e,n/e,n/e,n/e,n/e,n/e,n/e,n/e,n/e,n/e,n/e,n/e,843,,n/e,n/e,n/e,n/e,n/e,n/e,0,,n/e,n/e,0,,n/e,n/e,n/e,n/e,63,
01:00 - 02:00,64,,n/e,n/e,n/e,n/e,152,,n/e,n/e,n/e,n/e,n/e,n/e,n/e,n/e,n/e,n/e,n/e,n/e,830,,n/e,n/e,n/e,n/e,n/e,n/e,0,,n/e,n/e,0,,n/e,n/e,n/e,n/e,62,
02:00 - 03:00,64,,n/e,n/e,n/e,n/e,158,,n/e,n/e,n/e,n/e,n/e,n/e,n/e,n/e,n/e,n/e,n/e,n/e,877,,n/e,n/e,n/e,n/e,n/e,n/e,0,,n/e,n/e,0,,n/e,n/e,n/e,n/e,62,
03:00 - 04:00,69,,n/e,n/e,n/e,n/e,162,,n/e,n/e,n/e,n/e,n/e,n/e,n/e,n/e,n/e,n/e,n/e,n/e,879,,n/e,n/e,n/e,n/e,n/e,n/e,0,,n/e,n/e,0,,n/e,n/e,n/e,n/e,57,
04:00 - 05:00,70,,n/e,n/e,n/e,n/e,207,,n/e,n/e,n/e,n/e,n/e,n/e,n/e,n/e,n/e,n/e,n/e,n/e,936,,n/e,n/e,n/e,n/e,n/e,n/e,0,,n/e,n/e,0,,n/e,n/e,n/e,n/e,56,
05:00 - 06:00,70,,n/e,n/e,n/e,n/e,305,,n/e,n/e,n/e,n/e,n/e,n/e,n/e,n/e,n/e,n/e,n/e,n/e,1077,,n/e,n/e,n/e,n/e,n/e,n/e,0,,n/e,n/e,0,,n/e,n/e,n/e,n/e,50,
06:00 - 07:00,72,,n/e,n/e,n/e,n/e,456,,n/e,n/e,n/e,n/e,n/e,n/e,n/e,n/e,n/e,n/e,n/e,n/e,987,,n/e,n/e,n/e,n/e,n/e,n/e,0,,n/e,n/e,0,,n/e,n/e,n/e,n/e,49,
07:00 - 08:00,72,,n/e,n/e,n/e,n/e,503,,n/e,n/e,n/e,n/e,n/e,n/e,n/e,n/e,n/e,n/e,n/e,n/e,926,,n/e,n/e,n/e,n/e,n/e,n/e,0,,n/e,n/e,1,,n/e,n/e,n/e,n/e,52,
08:00 - 09:00,71,,n/e,n/e,n/e,n/e,530,,n/e,n/e,n/e,n/e,n/e,n/e,n/e,n/e,n/e,n/e,n/e,n/e,840,,n/e,n/e,n/e,n/e,n/e,n/e,0,,n/e,n/e,7,,n/e,n/e,n/e,n/e,47,
09:00 - 10:00,73,,n/e,n/e,n/e,n/e,529,,n/e,n/e,n/e,n/e,n/e,n/e,n/e,n/e,n/e,n/e,n/e,n/e,819,,n/e,n/e,n/e,n/e,n/e,n/e,0,,n/e,n/e,13,,n/e,n/e,n/e,n/e,54,
10:00 - 11:00,72,,n/e,n/e,n/e,n/e,528,,n/e,n/e,n/e,n/e,n/e,n/e,n/e,n/e,n/e,n/e,n/e,n/e,819,,n/e,n/e,n/e,n/e,n/e,n/e,0,,n/e,n/e,17,,n/e,n/e,n/e,n/e,52,
11:00 - 12:00,71,,n/e,n/e,n/e,n/e,527,,n/e,n/e,n/e,n/e,n/e,n/e,n/e,n/e,n/e,n/e,n/e,n/e,835,,n/e,n/e,n/e,n/e,n/e,n/e,0,,n/e,n/e,16,,n/e,n/e,n/e,n/e,62,
12:00 - 13:00,72,,n/e,n/e,n/e,n/e,528,,n/e,n/e,n/e,n/e,n/e,n/e,n/e,n/e,n/e,n/e,n/e,n/e,836,,n/e,n/e,n/e,n/e,n/e,n/e,0,,n/e,n/e,9,,n/e,n/e,n/e,n/e,62,
13:00 - 14:00,72,,n/e,n/e,n/e,n/e,524,,n/e,n/e,n/e,n/e,n/e,n/e,n/e,n/e,n/e,n/e,n/e,n/e,804,,n/e,n/e,n/e,n/e,n/e,n/e,0,,n/e,n/e,3,,n/e,n/e,n/e,n/e,65,
14:00 - 15:00,73,,n/e,n/e,n/e,n/e,524,,n/e,n/e,n/e,n/e,n/e,n/e,n/e,n/e,n/e,n/e,n/e,n/e,832,,n/e,n/e,n/e,n/e,n/e,n/e,0,,n/e,n/e,0,,n/e,n/e,n/e,n/e,65,
15:00 - 16:00,73,,n/e,n/e,n/e,n/e,524,,n/e,n/e,n/e,n/e,n/e,n/e,n/e,n/e,n/e,n/e,n/e,n/e,839,,n/e,n/e,n/e,n/e,n/e,n/e,0,,n/e,n/e,0,,n/e,n/e,n/e,n/e,68,
16:00 - 17:00,74,,n/e,n/e,n/e,n/e,524,,n/e,n/e,n/e,n/e,n/e,n/e,n/e,n/e,n/e,n/e,n/e,n/e,839,,n/e,n/e,n/e,n/e,n/e,n/e,0,,n/e,n/e,0,,n/e,n/e,n/e,n/e,75,
17:00 - 18:00,75,,n/e,n/e,n/e,n/e,521,,n/e,n/e,n/e,n/e,n/e,n/e,n/e,n/e,n/e,n/e,n/e,n/e,820,,n/e,n/e,n/e,n/e,n/e,n/e,0,,n/e,n/e,0,,n/e,n/e,n/e,n/e,81,
18:00 - 19:00,73,,n/e,n/e,n/e,n/e,501,,n/e,n/e,n/e,n/e,n/e,n/e,n/e,n/e,n/e,n/e,n/e,n/e,781,,n/e,n/e,n/e,n/e,n/e,n/e,0,,n/e,n/e,0,,n/e,n/e,n/e,n/e,79,
19:00 - 20:00,73,,n/e,n/e,n/e,n/e,500,,n/e,n/e,n/e,n/e,n/e,n/e,n/e,n/e,n/e,n/e,n/e,n/e,781,,n/e,n/e,n/e,n/e,n/e,n/e,0,,n/e,n/e,0,,n/e,n/e,n/e,n/e,75,
20:00 - 21:00,74,,n/e,n/e,n/e,n/e,441,,n/e,n/e,n/e,n/e,n/e,n/e,n/e,n/e,n/e,n/e,n/e,n/e,737,,n/e,n/e,n/e,n/e,n/e,n/e,0,,n/e,n/e,0,,n/e,n/e,n/e,n/e,81,
21:00 - 22:00,69,,n/e,n/e,n/e,n/e,439,,n/e,n/e,n/e,n/e,n/e,n/e,n/e,n/e,n/e,n/e,n/e,n/e,730,,n/e,n/e,n/e,n/e,n/e,n/e,0,,n/e,n/e,0,,n/e,n/e,n/e,n/e,81,
22:00 - 23:00,67,,n/e,n/e,n/e,n/e,439,,n/e,n/e,n/e,n/e,n/e,n/e,n/e,n/e,n/e,n/e,n/e,n/e,762,,n/e,n/e,n/e,n/e,n/e,n/e,0,,n/e,n/e,0,,n/e,n/e,n/e,n/e,75,
23:00 - 00:00,66,,n/e,n/e,n/e,n/e,438,,n/e,n/e,n/e,n/e,n/e,n/e,n/e,n/e,n/e,n/e,n/e,n/e,693,,n/e,n/e,n/e,n/e,n/e,n/e,0,,n/e,n/e,0,,n/e,n/e,n/e,n/e,78,
00:00 - 01:00,65,,n/e,n/e,n/e,n/e,438,,n/e,n/e,n/e,n/e,n/e,n/e,n/e,n/e,n/e,n/e,n/e,n/e,690,,n/e,n/e,n/e,n/e,n/e,n/e,0,,n/e,n/e,0,,n/e,n/e,n/e,n/e,78,
01:00 - 02:00,65,,n/e,n/e,n/e,n/e,437,,n/e,n/e,n/e,n/e,n/e,n/e,n/e,n/e,n/e,n/e,n/e,n/e,690,,n/e,n/e,n/e,n/e,n/e,n/e,0,,n/e,n/e,0,,n/e,n/e,n/e,n/e,86,
02:00 - 03:00,65,,n/e,n/e,n/e,n/e,437,,n/e,n/e,n/e,n/e,n/e,n/e,n/e,n/e,n/e,n/e,n/e,n/e,689,,n/e,n/e,n/e,n/e,n/e,n/e,0,,n/e,n/e,0,,n/e,n/e,n/e,n/e,87,
03:00 - 04:00,66,,n/e,n/e,n/e,n/e,437,,n/e,n/e,n/e,n/e,n/e,n/e,n/e,n/e,n/e,n/e,n/e,n/e,691,,n/e,n/e,n/e,n/e,n/e,n/e,0,,n/e,n/e,0,,n/e,n/e,n/e,n/e,93,
04:00 - 05:00,69,,n/e,n/e,n/e,n/e,463,,n/e,n/e,n/e,n/e,n/e,n/e,n/e,n/e,n/e,n/e,n/e,n/e,667,,n/e,n/e,n/e,n/e,n/e,n/e,0,,n/e,n/e,0,,n/e,n/e,n/e,n/e,97,
05:00 - 06:00,68,,n/e,n/e,n/e,n/e,523,,n/e,n/e,n/e,n/e,n/e,n/e,n/e,n/e,n/e,n/e,n/e,n/e,753,,n/e,n/e,n/e,n/e,n/e,n/e,0,,n/e,n/e,0,,n/e,n/e,n/e,n/e,99,
06:00 - 07:00,68,,n/e,n/e,n/e,n/e,530,,n/e,n/e,n/e,n/e,n/e,n/e,n/e,n/e,n/e,n/e,n/e,n/e,816,,n/e,n/e,n/e,n/e,n/e,n/e,0,,n/e,n/e,0,,n/e,n/e,n/e,n/e,99,
07:00 - 08:00,68,,n/e,n/e,n/e,n/e,531,,n/e,n/e,n/e,n/e,n/e,n/e,n/e,n/e,n/e,n/e,n/e,n/e,827,,n/e,n/e,n/e,n/e,n/e,n/e,0,,n/e,n/e,1,,n/e,n/e,n/e,n/e,99,
08:00 - 09:00,67,,n/e,n/e,n/e,n/e,531,,n/e,n/e,n/e,n/e,n/e,n/e,n/e,n/e,n/e,n/e,n/e,n/e,858,,n/e,n/e,n/e,n/e,n/e,n/e,0,,n/e,n/e,8,,n/e,n/e,n/e,n/e,98,
09:00 - 10:00,67,,n/e,n/e,n/e,n/e,531,,n/e,n/e,n/e,n/e,n/e,n/e,n/e,n/e,n/e,n/e,n/e,n/e,853,,n/e,n/e,n/e,n/e,n/e,n/e,0,,n/e,n/e,16,,n/e,n/e,n/e,n/e,101,
10:00 - 11:00,67,,n/e,n/e,n/e,n/e,532,,n/e,n/e,n/e,n/e,n/e,n/e,n/e,n/e,n/e,n/e,n/e,n/e,852,,n/e,n/e,n/e,n/e,n/e,n/e,0,,n/e,n/e,19,,n/e,n/e,n/e,n/e,105,
11:00 - 12:00,66,,n/e,n/e,n/e,n/e,532,,n/e,n/e,n/e,n/e,n/e,n/e,n/e,n/e,n/e,n/e,n/e,n/e,896,,n/e,n/e,n/e,n/e,n/e,n/e,0,,n/e,n/e,16,,n/e,n/e,n/e,n/e,104,
12:00 - 13:00,64,,n/e,n/e,n/e,n/e,533,,n/e,n/e,n/e,n/e,n/e,n/e,n/e,n/e,n/e,n/e,n/e,n/e,879,,n/e,n/e,n/e,n/e,n/e,n/e,0,,n/e,n/e,6,,n/e,n/e,n/e,n/e,104,
13:00 - 14:00,67,,n/e,n/e,n/e,n/e,532,,n/e,n/e,n/e,n/e,n/e,n/e,n/e,n/e,n/e,n/e,n/e,n/e,879,,n/e,n/e,n/e,n/e,n/e,n/e,0,,n/e,n/e,1,,n/e,n/e,n/e,n/e,104,
14:00 - 15:00,67,,n/e,n/e,n/e,n/e,534,,n/e,n/e,n/e,n/e,n/e,n/e,n/e,n/e,n/e,n/e,n/e,n/e,819,,n/e,n/e,n/e,n/e,n/e,n/e,0,,n/e,n/e,0,,n/e,n/e,n/e,n/e,106,
15:00 - 16:00,69,,n/e,n/e,n/e,n/e,533,,n/e,n/e,n/e,n/e,n/e,n/e,n/e,n/e,n/e,n/e,n/e,n/e,809,,n/e,n/e,n/e,n/e,n/e,n/e,0,,n/e,n/e,0,,n/e,n/e,n/e,n/e,106,
16:00 - 17:00,68,,n/e,n/e,n/e,n/e,533,,n/e,n/e,n/e,n/e,n/e,n/e,n/e,n/e,n/e,n/e,n/e,n/e,794,,n/e,n/e,n/e,n/e,n/e,n/e,0,,n/e,n/e,0,,n/e,n/e,n/e,n/e,104,
17:00 - 18:00,69,,n/e,n/e,n/e,n/e,533,,n/e,n/e,n/e,n/e,n/e,n/e,n/e,n/e,n/e,n/e,n/e,n/e,797,,n/e,n/e,n/e,n/e,n/e,n/e,0,,n/e,n/e,0,,n/e,n/e,n/e,n/e,101,
18:00 - 19:00,69,,n/e,n/e,n/e,n/e,528,,n/e,n/e,n/e,n/e,n/e,n/e,n/e,n/e,n/e,n/e,n/e,n/e,808,,n/e,n/e,n/e,n/e,n/e,n/e,0,,n/e,n/e,0,,n/e,n/e,n/e,n/e,98,
19:00 - 20:00,69,,n/e,n/e,n/e,n/e,528,,n/e,n/e,n/e,n/e,n/e,n/e,n/e,n/e,n/e,n/e,n/e,n/e,807,,n/e,n/e,n/e,n/e,n/e,n/e,0,,n/e,n/e,0,,n/e,n/e,n/e,n/e,95,
20:00 - 21:00,68,,n/e,n/e,n/e,n/e,523,,n/e,n/e,n/e,n/e,n/e,n/e,n/e,n/e,n/e,n/e,n/e,n/e,716,,n/e,n/e,n/e,n/e,n/e,n/e,0,,n/e,n/e,0,,n/e,n/e,n/e,n/e,92,
21:00 - 22:00,68,,n/e,n/e,n/e,n/e,519,,n/e,n/e,n/e,n/e,n/e,n/e,n/e,n/e,n/e,n/e,n/e,n/e,719,,n/e,n/e,n/e,n/e,n/e,n/e,0,,n/e,n/e,0,,n/e,n/e,n/e,n/e,86,
22:00 - 23:00,68,,n/e,n/e,n/e,n/e,520,,n/e,n/e,n/e,n/e,n/e,n/e,n/e,n/e,n/e,n/e,n/e,n/e,717,,n/e,n/e,n/e,n/e,n/e,n/e,0,,n/e,n/e,0,,n/e,n/e,n/e,n/e,77,
23:00 - 00:00,66,,n/e,n/e,n/e,n/e,524,,n/e,n/e,n/e,n/e,n/e,n/e,n/e,n/e,n/e,n/e,n/e,n/e,454,,n/e,n/e,n/e,n/e,n/e,n/e,0,,n/e,n/e,0,,n/e,n/e,n/e,n/e,73,
00:00 - 01:00,66,,n/e,n/e,n/e,n/e,524,,n/e,n/e,n/e,n/e,n/e,n/e,n/e,n/e,n/e,n/e,n/e,n/e,438,,n/e,n/e,n/e,n/e,n/e,n/e,0,,n/e,n/e,0,,n/e,n/e,n/e,n/e,74,
01:00 - 02:00,68,,n/e,n/e,n/e,n/e,524,,n/e,n/e,n/e,n/e,n/e,n/e,n/e,n/e,n/e,n/e,n/e,n/e,438,,n/e,n/e,n/e,n/e,n/e,n/e,0,,n/e,n/e,0,,n/e,n/e,n/e,n/e,77,
02:00 - 03:00,68,,n/e,n/e,n/e,n/e,525,,n/e,n/e,n/e,n/e,n/e,n/e,n/e,n/e,n/e,n/e,n/e,n/e,438,,n/e,n/e,n/e,n/e,n/e,n/e,0,,n/e,n/e,0,,n/e,n/e,n/e,n/e,77,
03:00 - 04:00,68,,n/e,n/e,n/e,n/e,528,,n/e,n/e,n/e,n/e,n/e,n/e,n/e,n/e,n/e,n/e,n/e,n/e,437,,n/e,n/e,n/e,n/e,n/e,n/e,0,,n/e,n/e,0,,n/e,n/e,n/e,n/e,71,
04:00 - 05:00,69,,n/e,n/e,n/e,n/e,528,,n/e,n/e,n/e,n/e,n/e,n/e,n/e,n/e,n/e,n/e,n/e,n/e,468,,n/e,n/e,n/e,n/e,n/e,n/e,0,,n/e,n/e,0,,n/e,n/e,n/e,n/e,72,
05:00 - 06:00,69,,n/e,n/e,n/e,n/e,534,,n/e,n/e,n/e,n/e,n/e,n/e,n/e,n/e,n/e,n/e,n/e,n/e,574,,n/e,n/e,n/e,n/e,n/e,n/e,0,,n/e,n/e,0,,n/e,n/e,n/e,n/e,73,
06:00 - 07:00,71,,n/e,n/e,n/e,n/e,534,,n/e,n/e,n/e,n/e,n/e,n/e,n/e,n/e,n/e,n/e,n/e,n/e,683,,n/e,n/e,n/e,n/e,n/e,n/e,0,,n/e,n/e,0,,n/e,n/e,n/e,n/e,60,
07:00 - 08:00,71,,n/e,n/e,n/e,n/e,536,,n/e,n/e,n/e,n/e,n/e,n/e,n/e,n/e,n/e,n/e,n/e,n/e,772,,n/e,n/e,n/e,n/e,n/e,n/e,0,,n/e,n/e,0,,n/e,n/e,n/e,n/e,59,
08:00 - 09:00,72,,n/e,n/e,n/e,n/e,537,,n/e,n/e,n/e,n/e,n/e,n/e,n/e,n/e,n/e,n/e,n/e,n/e,770,,n/e,n/e,n/e,n/e,n/e,n/e,0,,n/e,n/e,1,,n/e,n/e,n/e,n/e,64,
09:00 - 10:00,72,,n/e,n/e,n/e,n/e,538,,n/e,n/e,n/e,n/e,n/e,n/e,n/e,n/e,n/e,n/e,n/e,n/e,770,,n/e,n/e,n/e,n/e,n/e,n/e,0,,n/e,n/e,3,,n/e,n/e,n/e,n/e,64,
10:00 - 11:00,72,,n/e,n/e,n/e,n/e,542,,n/e,n/e,n/e,n/e,n/e,n/e,n/e,n/e,n/e,n/e,n/e,n/e,671,,n/e,n/e,n/e,n/e,n/e,n/e,0,,n/e,n/e,4,,n/e,n/e,n/e,n/e,56,
11:00 - 12:00,70,,n/e,n/e,n/e,n/e,543,,n/e,n/e,n/e,n/e,n/e,n/e,n/e,n/e,n/e,n/e,n/e,n/e,663,,n/e,n/e,n/e,n/e,n/e,n/e,0,,n/e,n/e,3,,n/e,n/e,n/e,n/e,51,
12:00 - 13:00,70,,n/e,n/e,n/e,n/e,542,,n/e,n/e,n/e,n/e,n/e,n/e,n/e,n/e,n/e,n/e,n/e,n/e,668,,n/e,n/e,n/e,n/e,n/e,n/e,0,,n/e,n/e,2,,n/e,n/e,n/e,n/e,41,
13:00 - 14:00,70,,n/e,n/e,n/e,n/e,542,,n/e,n/e,n/e,n/e,n/e,n/e,n/e,n/e,n/e,n/e,n/e,n/e,580,,n/e,n/e,n/e,n/e,n/e,n/e,0,,n/e,n/e,0,,n/e,n/e,n/e,n/e,29,
14:00 - 15:00,69,,n/e,n/e,n/e,n/e,543,,n/e,n/e,n/e,n/e,n/e,n/e,n/e,n/e,n/e,n/e,n/e,n/e,580,,n/e,n/e,n/e,n/e,n/e,n/e,0,,n/e,n/e,0,,n/e,n/e,n/e,n/e,20,
15:00 - 16:00,68,,n/e,n/e,n/e,n/e,543,,n/e,n/e,n/e,n/e,n/e,n/e,n/e,n/e,n/e,n/e,n/e,n/e,580,,n/e,n/e,n/e,n/e,n/e,n/e,0,,n/e,n/e,0,,n/e,n/e,n/e,n/e,15,
16:00 - 17:00,68,,n/e,n/e,n/e,n/e,543,,n/e,n/e,n/e,n/e,n/e,n/e,n/e,n/e,n/e,n/e,n/e,n/e,594,,n/e,n/e,n/e,n/e,n/e,n/e,0,,n/e,n/e,0,,n/e,n/e,n/e,n/e,16,
17:00 - 18:00,69,,n/e,n/e,n/e,n/e,543,,n/e,n/e,n/e,n/e,n/e,n/e,n/e,n/e,n/e,n/e,n/e,n/e,580,,n/e,n/e,n/e,n/e,n/e,n/e,0,,n/e,n/e,0,,n/e,n/e,n/e,n/e,14,
18:00 - 19:00,69,,n/e,n/e,n/e,n/e,543,,n/e,n/e,n/e,n/e,n/e,n/e,n/e,n/e,n/e,n/e,n/e,n/e,559,,n/e,n/e,n/e,n/e,n/e,n/e,0,,n/e,n/e,0,,n/e,n/e,n/e,n/e,8,
19:00 - 20:00,71,,n/e,n/e,n/e,n/e,542,,n/e,n/e,n/e,n/e,n/e,n/e,n/e,n/e,n/e,n/e,n/e,n/e,455,,n/e,n/e,n/e,n/e,n/e,n/e,0,,n/e,n/e,0,,n/e,n/e,n/e,n/e,5,
20:00 - 21:00,71,,n/e,n/e,n/e,n/e,541,,n/e,n/e,n/e,n/e,n/e,n/e,n/e,n/e,n/e,n/e,n/e,n/e,445,,n/e,n/e,n/e,n/e,n/e,n/e,0,,n/e,n/e,0,,n/e,n/e,n/e,n/e,4,
21:00 - 22:00,73,,n/e,n/e,n/e,n/e,542,,n/e,n/e,n/e,n/e,n/e,n/e,n/e,n/e,n/e,n/e,n/e,n/e,443,,n/e,n/e,n/e,n/e,n/e,n/e,0,,n/e,n/e,0,,n/e,n/e,n/e,n/e,2,
22:00 - 23:00,71,,n/e,n/e,n/e,n/e,541,,n/e,n/e,n/e,n/e,n/e,n/e,n/e,n/e,n/e,n/e,n/e,n/e,441,,n/e,n/e,n/e,n/e,n/e,n/e,0,,n/e,n/e,0,,n/e,n/e,n/e,n/e,1,
23:00 - 00:00,70,,n/e,n/e,n/e,n/e,540,,n/e,n/e,n/e,n/e,n/e,n/e,n/e,n/e,n/e,n/e,n/e,n/e,441,,n/e,n/e,n/e,n/e,n/e,n/e,0,,n/e,n/e,0,,n/e,n/e,n/e,n/e,0,
00:00 - 01:00,69,,n/e,n/e,n/e,n/e,541,,n/e,n/e,n/e,n/e,n/e,n/e,n/e,n/e,n/e,n/e,n/e,n/e,441,,n/e,n/e,n/e,n/e,n/e,n/e,0,,n/e,n/e,0,,n/e,n/e,n/e,n/e,0,
01:00 - 02:00,70,,n/e,n/e,n/e,n/e,541,,n/e,n/e,n/e,n/e,n/e,n/e,n/e,n/e,n/e,n/e,n/e,n/e,441,,n/e,n/e,n/e,n/e,n/e,n/e,0,,n/e,n/e,0,,n/e,n/e,n/e,n/e,0,
02:00 - 03:00,69,,n/e,n/e,n/e,n/e,541,,n/e,n/e,n/e,n/e,n/e,n/e,n/e,n/e,n/e,n/e,n/e,n/e,454,,n/e,n/e,n/e,n/e,n/e,n/e,0,,n/e,n/e,0,,n/e,n/e,n/e,n/e,0,
03:00 - 04:00,70,,n/e,n/e,n/e,n/e,542,,n/e,n/e,n/e,n/e,n/e,n/e,n/e,n/e,n/e,n/e,n/e,n/e,566,,n/e,n/e,n/e,n/e,n/e,n/e,0,,n/e,n/e,0,,n/e,n/e,n/e,n/e,0,
04:00 - 05:00,73,,n/e,n/e,n/e,n/e,542,,n/e,n/e,n/e,n/e,n/e,n/e,n/e,n/e,n/e,n/e,n/e,n/e,601,,n/e,n/e,n/e,n/e,n/e,n/e,0,,n/e,n/e,0,,n/e,n/e,n/e,n/e,0,
05:00 - 06:00,75,,n/e,n/e,n/e,n/e,544,,n/e,n/e,n/e,n/e,n/e,n/e,n/e,n/e,n/e,n/e,n/e,n/e,737,,n/e,n/e,n/e,n/e,n/e,n/e,0,,n/e,n/e,0,,n/e,n/e,n/e,n/e,0,
06:00 - 07:00,77,,n/e,n/e,n/e,n/e,545,,n/e,n/e,n/e,n/e,n/e,n/e,n/e,n/e,n/e,n/e,n/e,n/e,798,,n/e,n/e,n/e,n/e,n/e,n/e,0,,n/e,n/e,0,,n/e,n/e,n/e,n/e,0,
07:00 - 08:00,79,,n/e,n/e,n/e,n/e,543,,n/e,n/e,n/e,n/e,n/e,n/e,n/e,n/e,n/e,n/e,n/e,n/e,863,,n/e,n/e,n/e,n/e,n/e,n/e,0,,n/e,n/e,0,,n/e,n/e,n/e,n/e,1,
08:00 - 09:00,79,,n/e,n/e,n/e,n/e,546,,n/e,n/e,n/e,n/e,n/e,n/e,n/e,n/e,n/e,n/e,n/e,n/e,786,,n/e,n/e,n/e,n/e,n/e,n/e,0,,n/e,n/e,1,,n/e,n/e,n/e,n/e,1,
09:00 - 10:00,78,,n/e,n/e,n/e,n/e,545,,n/e,n/e,n/e,n/e,n/e,n/e,n/e,n/e,n/e,n/e,n/e,n/e,773,,n/e,n/e,n/e,n/e,n/e,n/e,0,,n/e,n/e,2,,n/e,n/e,n/e,n/e,12,
10:00 - 11:00,78,,n/e,n/e,n/e,n/e,545,,n/e,n/e,n/e,n/e,n/e,n/e,n/e,n/e,n/e,n/e,n/e,n/e,791,,n/e,n/e,n/e,n/e,n/e,n/e,0,,n/e,n/e,2,,n/e,n/e,n/e,n/e,17,
11:00 - 12:00,76,,n/e,n/e,n/e,n/e,545,,n/e,n/e,n/e,n/e,n/e,n/e,n/e,n/e,n/e,n/e,n/e,n/e,695,,n/e,n/e,n/e,n/e,n/e,n/e,0,,n/e,n/e,2,,n/e,n/e,n/e,n/e,10,
12:00 - 13:00,76,,n/e,n/e,n/e,n/e,545,,n/e,n/e,n/e,n/e,n/e,n/e,n/e,n/e,n/e,n/e,n/e,n/e,694,,n/e,n/e,n/e,n/e,n/e,n/e,0,,n/e,n/e,1,,n/e,n/e,n/e,n/e,9,
13:00 - 14:00,76,,n/e,n/e,n/e,n/e,546,,n/e,n/e,n/e,n/e,n/e,n/e,n/e,n/e,n/e,n/e,n/e,n/e,692,,n/e,n/e,n/e,n/e,n/e,n/e,0,,n/e,n/e,0,,n/e,n/e,n/e,n/e,16,
14:00 - 15:00,76,,n/e,n/e,n/e,n/e,545,,n/e,n/e,n/e,n/e,n/e,n/e,n/e,n/e,n/e,n/e,n/e,n/e,692,,n/e,n/e,n/e,n/e,n/e,n/e,0,,n/e,n/e,0,,n/e,n/e,n/e,n/e,20,
15:00 - 16:00,76,,n/e,n/e,n/e,n/e,545,,n/e,n/e,n/e,n/e,n/e,n/e,n/e,n/e,n/e,n/e,n/e,n/e,692,,n/e,n/e,n/e,n/e,n/e,n/e,0,,n/e,n/e,0,,n/e,n/e,n/e,n/e,18,
16:00 - 17:00,77,,n/e,n/e,n/e,n/e,543,,n/e,n/e,n/e,n/e,n/e,n/e,n/e,n/e,n/e,n/e,n/e,n/e,691,,n/e,n/e,n/e,n/e,n/e,n/e,0,,n/e,n/e,0,,n/e,n/e,n/e,n/e,8,
17:00 - 18:00,77,,n/e,n/e,n/e,n/e,543,,n/e,n/e,n/e,n/e,n/e,n/e,n/e,n/e,n/e,n/e,n/e,n/e,676,,n/e,n/e,n/e,n/e,n/e,n/e,0,,n/e,n/e,0,,n/e,n/e,n/e,n/e,2,
18:00 - 19:00,77,,n/e,n/e,n/e,n/e,542,,n/e,n/e,n/e,n/e,n/e,n/e,n/e,n/e,n/e,n/e,n/e,n/e,674,,n/e,n/e,n/e,n/e,n/e,n/e,0,,n/e,n/e,0,,n/e,n/e,n/e,n/e,7,
19:00 - 20:00,76,,n/e,n/e,n/e,n/e,542,,n/e,n/e,n/e,n/e,n/e,n/e,n/e,n/e,n/e,n/e,n/e,n/e,689,,n/e,n/e,n/e,n/e,n/e,n/e,0,,n/e,n/e,0,,n/e,n/e,n/e,n/e,6,
20:00 - 21:00,76,,n/e,n/e,n/e,n/e,542,,n/e,n/e,n/e,n/e,n/e,n/e,n/e,n/e,n/e,n/e,n/e,n/e,635,,n/e,n/e,n/e,n/e,n/e,n/e,0,,n/e,n/e,0,,n/e,n/e,n/e,n/e,1,
21:00 - 22:00,74,,n/e,n/e,n/e,n/e,541,,n/e,n/e,n/e,n/e,n/e,n/e,n/e,n/e,n/e,n/e,n/e,n/e,605,,n/e,n/e,n/e,n/e,n/e,n/e,0,,n/e,n/e,0,,n/e,n/e,n/e,n/e,0,
22:00 - 23:00,74,,n/e,n/e,n/e,n/e,538,,n/e,n/e,n/e,n/e,n/e,n/e,n/e,n/e,n/e,n/e,n/e,n/e,607,,n/e,n/e,n/e,n/e,n/e,n/e,0,,n/e,n/e,0,,n/e,n/e,n/e,n/e,0,
23:00 - 00:00,70,,n/e,n/e,n/e,n/e,535,,n/e,n/e,n/e,n/e,n/e,n/e,n/e,n/e,n/e,n/e,n/e,n/e,624,,n/e,n/e,n/e,n/e,n/e,n/e,0,,n/e,n/e,0,,n/e,n/e,n/e,n/e,1,
00:00 - 01:00,70,,n/e,n/e,n/e,n/e,534,,n/e,n/e,n/e,n/e,n/e,n/e,n/e,n/e,n/e,n/e,n/e,n/e,616,,n/e,n/e,n/e,n/e,n/e,n/e,0,,n/e,n/e,0,,n/e,n/e,n/e,n/e,1,
01:00 - 02:00,72,,n/e,n/e,n/e,n/e,536,,n/e,n/e,n/e,n/e,n/e,n/e,n/e,n/e,n/e,n/e,n/e,n/e,616,,n/e,n/e,n/e,n/e,n/e,n/e,0,,n/e,n/e,0,,n/e,n/e,n/e,n/e,1,
02:00 - 03:00,70,,n/e,n/e,n/e,n/e,534,,n/e,n/e,n/e,n/e,n/e,n/e,n/e,n/e,n/e,n/e,n/e,n/e,617,,n/e,n/e,n/e,n/e,n/e,n/e,0,,n/e,n/e,0,,n/e,n/e,n/e,n/e,2,
03:00 - 04:00,70,,n/e,n/e,n/e,n/e,536,,n/e,n/e,n/e,n/e,n/e,n/e,n/e,n/e,n/e,n/e,n/e,n/e,617,,n/e,n/e,n/e,n/e,n/e,n/e,0,,n/e,n/e,0,,n/e,n/e,n/e,n/e,1,
04:00 - 05:00,69,,n/e,n/e,n/e,n/e,536,,n/e,n/e,n/e,n/e,n/e,n/e,n/e,n/e,n/e,n/e,n/e,n/e,616,,n/e,n/e,n/e,n/e,n/e,n/e,0,,n/e,n/e,0,,n/e,n/e,n/e,n/e,1,
05:00 - 06:00,70,,n/e,n/e,n/e,n/e,536,,n/e,n/e,n/e,n/e,n/e,n/e,n/e,n/e,n/e,n/e,n/e,n/e,603,,n/e,n/e,n/e,n/e,n/e,n/e,0,,n/e,n/e,0,,n/e,n/e,n/e,n/e,1,
06:00 - 07:00,70,,n/e,n/e,n/e,n/e,536,,n/e,n/e,n/e,n/e,n/e,n/e,n/e,n/e,n/e,n/e,n/e,n/e,616,,n/e,n/e,n/e,n/e,n/e,n/e,0,,n/e,n/e,0,,n/e,n/e,n/e,n/e,1,
07:00 - 08:00,71,,n/e,n/e,n/e,n/e,539,,n/e,n/e,n/e,n/e,n/e,n/e,n/e,n/e,n/e,n/e,n/e,n/e,617,,n/e,n/e,n/e,n/e,n/e,n/e,0,,n/e,n/e,0,,n/e,n/e,n/e,n/e,1,
08:00 - 09:00,71,,n/e,n/e,n/e,n/e,547,,n/e,n/e,n/e,n/e,n/e,n/e,n/e,n/e,n/e,n/e,n/e,n/e,672,,n/e,n/e,n/e,n/e,n/e,n/e,0,,n/e,n/e,1,,n/e,n/e,n/e,n/e,0,
09:00 - 10:00,71,,n/e,n/e,n/e,n/e,556,,n/e,n/e,n/e,n/e,n/e,n/e,n/e,n/e,n/e,n/e,n/e,n/e,721,,n/e,n/e,n/e,n/e,n/e,n/e,0,,n/e,n/e,3,,n/e,n/e,n/e,n/e,0,
10:00 - 11:00,71,,n/e,n/e,n/e,n/e,556,,n/e,n/e,n/e,n/e,n/e,n/e,n/e,n/e,n/e,n/e,n/e,n/e,650,,n/e,n/e,n/e,n/e,n/e,n/e,0,,n/e,n/e,4,,n/e,n/e,n/e,n/e,1,
11:00 - 12:00,69,,n/e,n/e,n/e,n/e,557,,n/e,n/e,n/e,n/e,n/e,n/e,n/e,n/e,n/e,n/e,n/e,n/e,361,,n/e,n/e,n/e,n/e,n/e,n/e,0,,n/e,n/e,4,,n/e,n/e,n/e,n/e,1,
12:00 - 13:00,69,,n/e,n/e,n/e,n/e,557,,n/e,n/e,n/e,n/e,n/e,n/e,n/e,n/e,n/e,n/e,n/e,n/e,413,,n/e,n/e,n/e,n/e,n/e,n/e,0,,n/e,n/e,2,,n/e,n/e,n/e,n/e,5,
13:00 - 14:00,70,,n/e,n/e,n/e,n/e,558,,n/e,n/e,n/e,n/e,n/e,n/e,n/e,n/e,n/e,n/e,n/e,n/e,505,,n/e,n/e,n/e,n/e,n/e,n/e,0,,n/e,n/e,0,,n/e,n/e,n/e,n/e,6,
14:00 - 15:00,73,,n/e,n/e,n/e,n/e,560,,n/e,n/e,n/e,n/e,n/e,n/e,n/e,n/e,n/e,n/e,n/e,n/e,675,,n/e,n/e,n/e,n/e,n/e,n/e,0,,n/e,n/e,0,,n/e,n/e,n/e,n/e,4,
15:00 - 16:00,73,,n/e,n/e,n/e,n/e,561,,n/e,n/e,n/e,n/e,n/e,n/e,n/e,n/e,n/e,n/e,n/e,n/e,791,,n/e,n/e,n/e,n/e,n/e,n/e,0,,n/e,n/e,0,,n/e,n/e,n/e,n/e,9,
16:00 - 17:00,73,,n/e,n/e,n/e,n/e,561,,n/e,n/e,n/e,n/e,n/e,n/e,n/e,n/e,n/e,n/e,n/e,n/e,754,,n/e,n/e,n/e,n/e,n/e,n/e,0,,n/e,n/e,0,,n/e,n/e,n/e,n/e,9,
17:00 - 18:00,71,,n/e,n/e,n/e,n/e,561,,n/e,n/e,n/e,n/e,n/e,n/e,n/e,n/e,n/e,n/e,n/e,n/e,749,,n/e,n/e,n/e,n/e,n/e,n/e,0,,n/e,n/e,0,,n/e,n/e,n/e,n/e,13,
18:00 - 19:00,73,,n/e,n/e,n/e,n/e,558,,n/e,n/e,n/e,n/e,n/e,n/e,n/e,n/e,n/e,n/e,n/e,n/e,705,,n/e,n/e,n/e,n/e,n/e,n/e,0,,n/e,n/e,0,,n/e,n/e,n/e,n/e,15,
19:00 - 20:00,74,,n/e,n/e,n/e,n/e,557,,n/e,n/e,n/e,n/e,n/e,n/e,n/e,n/e,n/e,n/e,n/e,n/e,612,,n/e,n/e,n/e,n/e,n/e,n/e,0,,n/e,n/e,0,,n/e,n/e,n/e,n/e,11,
20:00 - 21:00,76,,n/e,n/e,n/e,n/e,557,,n/e,n/e,n/e,n/e,n/e,n/e,n/e,n/e,n/e,n/e,n/e,n/e,664,,n/e,n/e,n/e,n/e,n/e,n/e,0,,n/e,n/e,0,,n/e,n/e,n/e,n/e,13,
21:00 - 22:00,76,,n/e,n/e,n/e,n/e,556,,n/e,n/e,n/e,n/e,n/e,n/e,n/e,n/e,n/e,n/e,n/e,n/e,430,,n/e,n/e,n/e,n/e,n/e,n/e,0,,n/e,n/e,0,,n/e,n/e,n/e,n/e,15,
22:00 - 23:00,76,,n/e,n/e,n/e,n/e,556,,n/e,n/e,n/e,n/e,n/e,n/e,n/e,n/e,n/e,n/e,n/e,n/e,593,,n/e,n/e,n/e,n/e,n/e,n/e,0,,n/e,n/e,0,,n/e,n/e,n/e,n/e,11,
23:00 - 00:00,73,,n/e,n/e,n/e,n/e,530,,n/e,n/e,n/e,n/e,n/e,n/e,n/e,n/e,n/e,n/e,n/e,n/e,411,,n/e,n/e,n/e,n/e,n/e,n/e,0,,n/e,n/e,0,,n/e,n/e,n/e,n/e,12,
00:00 - 01:00,72,,n/e,n/e,n/e,n/e,529,,n/e,n/e,n/e,n/e,n/e,n/e,n/e,n/e,n/e,n/e,n/e,n/e,316,,n/e,n/e,n/e,n/e,n/e,n/e,0,,n/e,n/e,0,,n/e,n/e,n/e,n/e,10,
01:00 - 02:00,72,,n/e,n/e,n/e,n/e,526,,n/e,n/e,n/e,n/e,n/e,n/e,n/e,n/e,n/e,n/e,n/e,n/e,324,,n/e,n/e,n/e,n/e,n/e,n/e,0,,n/e,n/e,0,,n/e,n/e,n/e,n/e,12,
02:00 - 03:00,71,,n/e,n/e,n/e,n/e,526,,n/e,n/e,n/e,n/e,n/e,n/e,n/e,n/e,n/e,n/e,n/e,n/e,324,,n/e,n/e,n/e,n/e,n/e,n/e,0,,n/e,n/e,0,,n/e,n/e,n/e,n/e,14,
03:00 - 04:00,71,,n/e,n/e,n/e,n/e,526,,n/e,n/e,n/e,n/e,n/e,n/e,n/e,n/e,n/e,n/e,n/e,n/e,325,,n/e,n/e,n/e,n/e,n/e,n/e,0,,n/e,n/e,0,,n/e,n/e,n/e,n/e,16,
04:00 - 05:00,71,,n/e,n/e,n/e,n/e,526,,n/e,n/e,n/e,n/e,n/e,n/e,n/e,n/e,n/e,n/e,n/e,n/e,324,,n/e,n/e,n/e,n/e,n/e,n/e,0,,n/e,n/e,0,,n/e,n/e,n/e,n/e,19,
05:00 - 06:00,71,,n/e,n/e,n/e,n/e,526,,n/e,n/e,n/e,n/e,n/e,n/e,n/e,n/e,n/e,n/e,n/e,n/e,274,,n/e,n/e,n/e,n/e,n/e,n/e,0,,n/e,n/e,0,,n/e,n/e,n/e,n/e,23,
06:00 - 07:00,72,,n/e,n/e,n/e,n/e,526,,n/e,n/e,n/e,n/e,n/e,n/e,n/e,n/e,n/e,n/e,n/e,n/e,274,,n/e,n/e,n/e,n/e,n/e,n/e,0,,n/e,n/e,0,,n/e,n/e,n/e,n/e,27,
07:00 - 08:00,74,,n/e,n/e,n/e,n/e,526,,n/e,n/e,n/e,n/e,n/e,n/e,n/e,n/e,n/e,n/e,n/e,n/e,274,,n/e,n/e,n/e,n/e,n/e,n/e,0,,n/e,n/e,1,,n/e,n/e,n/e,n/e,30,
08:00 - 09:00,74,,n/e,n/e,n/e,n/e,527,,n/e,n/e,n/e,n/e,n/e,n/e,n/e,n/e,n/e,n/e,n/e,n/e,290,,n/e,n/e,n/e,n/e,n/e,n/e,0,,n/e,n/e,3,,n/e,n/e,n/e,n/e,23,
09:00 - 10:00,74,,n/e,n/e,n/e,n/e,527,,n/e,n/e,n/e,n/e,n/e,n/e,n/e,n/e,n/e,n/e,n/e,n/e,292,,n/e,n/e,n/e,n/e,n/e,n/e,0,,n/e,n/e,6,,n/e,n/e,n/e,n/e,20,
10:00 - 11:00,73,,n/e,n/e,n/e,n/e,527,,n/e,n/e,n/e,n/e,n/e,n/e,n/e,n/e,n/e,n/e,n/e,n/e,292,,n/e,n/e,n/e,n/e,n/e,n/e,0,,n/e,n/e,7,,n/e,n/e,n/e,n/e,18,
11:00 - 12:00,73,,n/e,n/e,n/e,n/e,527,,n/e,n/e,n/e,n/e,n/e,n/e,n/e,n/e,n/e,n/e,n/e,n/e,214,,n/e,n/e,n/e,n/e,n/e,n/e,0,,n/e,n/e,6,,n/e,n/e,n/e,n/e,20,
12:00 - 13:00,72,,n/e,n/e,n/e,n/e,529,,n/e,n/e,n/e,n/e,n/e,n/e,n/e,n/e,n/e,n/e,n/e,n/e,202,,n/e,n/e,n/e,n/e,n/e,n/e,0,,n/e,n/e,3,,n/e,n/e,n/e,n/e,25,
13:00 - 14:00,73,,n/e,n/e,n/e,n/e,530,,n/e,n/e,n/e,n/e,n/e,n/e,n/e,n/e,n/e,n/e,n/e,n/e,186,,n/e,n/e,n/e,n/e,n/e,n/e,0,,n/e,n/e,1,,n/e,n/e,n/e,n/e,30,
14:00 - 15:00,73,,n/e,n/e,n/e,n/e,530,,n/e,n/e,n/e,n/e,n/e,n/e,n/e,n/e,n/e,n/e,n/e,n/e,202,,n/e,n/e,n/e,n/e,n/e,n/e,0,,n/e,n/e,0,,n/e,n/e,n/e,n/e,29,
15:00 - 16:00,73,,n/e,n/e,n/e,n/e,530,,n/e,n/e,n/e,n/e,n/e,n/e,n/e,n/e,n/e,n/e,n/e,n/e,187,,n/e,n/e,n/e,n/e,n/e,n/e,0,,n/e,n/e,0,,n/e,n/e,n/e,n/e,34,
16:00 - 17:00,73,,n/e,n/e,n/e,n/e,531,,n/e,n/e,n/e,n/e,n/e,n/e,n/e,n/e,n/e,n/e,n/e,n/e,203,,n/e,n/e,n/e,n/e,n/e,n/e,0,,n/e,n/e,0,,n/e,n/e,n/e,n/e,39,
17:00 - 18:00,73,,n/e,n/e,n/e,n/e,530,,n/e,n/e,n/e,n/e,n/e,n/e,n/e,n/e,n/e,n/e,n/e,n/e,70,,n/e,n/e,n/e,n/e,n/e,n/e,0,,n/e,n/e,0,,n/e,n/e,n/e,n/e,40,
18:00 - 19:00,73,,n/e,n/e,n/e,n/e,530,,n/e,n/e,n/e,n/e,n/e,n/e,n/e,n/e,n/e,n/e,n/e,n/e,54,,n/e,n/e,n/e,n/e,n/e,n/e,0,,n/e,n/e,0,,n/e,n/e,n/e,n/e,35,
19:00 - 20:00,73,,n/e,n/e,n/e,n/e,530,,n/e,n/e,n/e,n/e,n/e,n/e,n/e,n/e,n/e,n/e,n/e,n/e,34,,n/e,n/e,n/e,n/e,n/e,n/e,0,,n/e,n/e,0,,n/e,n/e,n/e,n/e,28,
20:00 - 21:00,73,,n/e,n/e,n/e,n/e,530,,n/e,n/e,n/e,n/e,n/e,n/e,n/e,n/e,n/e,n/e,n/e,n/e,9,,n/e,n/e,n/e,n/e,n/e,n/e,0,,n/e,n/e,0,,n/e,n/e,n/e,n/e,17,
21:00 - 22:00,73,,n/e,n/e,n/e,n/e,531,,n/e,n/e,n/e,n/e,n/e,n/e,n/e,n/e,n/e,n/e,n/e,n/e,9,,n/e,n/e,n/e,n/e,n/e,n/e,0,,n/e,n/e,0,,n/e,n/e,n/e,n/e,13,
22:00 - 23:00,72,,n/e,n/e,n/e,n/e,531,,n/e,n/e,n/e,n/e,n/e,n/e,n/e,n/e,n/e,n/e,n/e,n/e,35,,n/e,n/e,n/e,n/e,n/e,n/e,0,,n/e,n/e,0,,n/e,n/e,n/e,n/e,9,
23:00 - 00:00,71,,n/e,n/e,n/e,n/e,526,,n/e,n/e,n/e,n/e,n/e,n/e,n/e,n/e,n/e,n/e,n/e,n/e,97,,n/e,n/e,n/e,n/e,n/e,n/e,0,,n/e,n/e,0,,n/e,n/e,n/e,n/e,6,
00:00 - 01:00,70,,n/e,n/e,n/e,n/e,525,,n/e,n/e,n/e,n/e,n/e,n/e,n/e,n/e,n/e,n/e,n/e,n/e,142,,n/e,n/e,n/e,n/e,n/e,n/e,0,,n/e,n/e,0,,n/e,n/e,n/e,n/e,6,
01:00 - 02:00,71,,n/e,n/e,n/e,n/e,524,,n/e,n/e,n/e,n/e,n/e,n/e,n/e,n/e,n/e,n/e,n/e,n/e,165,,n/e,n/e,n/e,n/e,n/e,n/e,0,,n/e,n/e,0,,n/e,n/e,n/e,n/e,7,
02:00 - 03:00,70,,n/e,n/e,n/e,n/e,524,,n/e,n/e,n/e,n/e,n/e,n/e,n/e,n/e,n/e,n/e,n/e,n/e,169,,n/e,n/e,n/e,n/e,n/e,n/e,0,,n/e,n/e,0,,n/e,n/e,n/e,n/e,4,
03:00 - 04:00,70,,n/e,n/e,n/e,n/e,524,,n/e,n/e,n/e,n/e,n/e,n/e,n/e,n/e,n/e,n/e,n/e,n/e,340,,n/e,n/e,n/e,n/e,n/e,n/e,0,,n/e,n/e,0,,n/e,n/e,n/e,n/e,2,
04:00 - 05:00,69,,n/e,n/e,n/e,n/e,525,,n/e,n/e,n/e,n/e,n/e,n/e,n/e,n/e,n/e,n/e,n/e,n/e,343,,n/e,n/e,n/e,n/e,n/e,n/e,0,,n/e,n/e,0,,n/e,n/e,n/e,n/e,2,
05:00 - 06:00,70,,n/e,n/e,n/e,n/e,526,,n/e,n/e,n/e,n/e,n/e,n/e,n/e,n/e,n/e,n/e,n/e,n/e,343,,n/e,n/e,n/e,n/e,n/e,n/e,0,,n/e,n/e,0,,n/e,n/e,n/e,n/e,1,
06:00 - 07:00,70,,n/e,n/e,n/e,n/e,527,,n/e,n/e,n/e,n/e,n/e,n/e,n/e,n/e,n/e,n/e,n/e,n/e,429,,n/e,n/e,n/e,n/e,n/e,n/e,0,,n/e,n/e,0,,n/e,n/e,n/e,n/e,2,
07:00 - 08:00,70,,n/e,n/e,n/e,n/e,531,,n/e,n/e,n/e,n/e,n/e,n/e,n/e,n/e,n/e,n/e,n/e,n/e,482,,n/e,n/e,n/e,n/e,n/e,n/e,0,,n/e,n/e,1,,n/e,n/e,n/e,n/e,10,
08:00 - 09:00,71,,n/e,n/e,n/e,n/e,534,,n/e,n/e,n/e,n/e,n/e,n/e,n/e,n/e,n/e,n/e,n/e,n/e,507,,n/e,n/e,n/e,n/e,n/e,n/e,0,,n/e,n/e,4,,n/e,n/e,n/e,n/e,20,
09:00 - 10:00,70,,n/e,n/e,n/e,n/e,535,,n/e,n/e,n/e,n/e,n/e,n/e,n/e,n/e,n/e,n/e,n/e,n/e,509,,n/e,n/e,n/e,n/e,n/e,n/e,0,,n/e,n/e,7,,n/e,n/e,n/e,n/e,39,
10:00 - 11:00,71,,n/e,n/e,n/e,n/e,535,,n/e,n/e,n/e,n/e,n/e,n/e,n/e,n/e,n/e,n/e,n/e,n/e,499,,n/e,n/e,n/e,n/e,n/e,n/e,0,,n/e,n/e,8,,n/e,n/e,n/e,n/e,34,
11:00 - 12:00,73,,n/e,n/e,n/e,n/e,534,,n/e,n/e,n/e,n/e,n/e,n/e,n/e,n/e,n/e,n/e,n/e,n/e,499,,n/e,n/e,n/e,n/e,n/e,n/e,0,,n/e,n/e,7,,n/e,n/e,n/e,n/e,23,
12:00 - 13:00,71,,n/e,n/e,n/e,n/e,535,,n/e,n/e,n/e,n/e,n/e,n/e,n/e,n/e,n/e,n/e,n/e,n/e,499,,n/e,n/e,n/e,n/e,n/e,n/e,0,,n/e,n/e,4,,n/e,n/e,n/e,n/e,45,
13:00 - 14:00,72,,n/e,n/e,n/e,n/e,535,,n/e,n/e,n/e,n/e,n/e,n/e,n/e,n/e,n/e,n/e,n/e,n/e,527,,n/e,n/e,n/e,n/e,n/e,n/e,0,,n/e,n/e,1,,n/e,n/e,n/e,n/e,51,
14:00 - 15:00,70,,n/e,n/e,n/e,n/e,535,,n/e,n/e,n/e,n/e,n/e,n/e,n/e,n/e,n/e,n/e,n/e,n/e,554,,n/e,n/e,n/e,n/e,n/e,n/e,0,,n/e,n/e,0,,n/e,n/e,n/e,n/e,58,
15:00 - 16:00,71,,n/e,n/e,n/e,n/e,536,,n/e,n/e,n/e,n/e,n/e,n/e,n/e,n/e,n/e,n/e,n/e,n/e,553,,n/e,n/e,n/e,n/e,n/e,n/e,0,,n/e,n/e,0,,n/e,n/e,n/e,n/e,66,
16:00 - 17:00,70,,n/e,n/e,n/e,n/e,536,,n/e,n/e,n/e,n/e,n/e,n/e,n/e,n/e,n/e,n/e,n/e,n/e,553,,n/e,n/e,n/e,n/e,n/e,n/e,0,,n/e,n/e,0,,n/e,n/e,n/e,n/e,57,
17:00 - 18:00,69,,n/e,n/e,n/e,n/e,534,,n/e,n/e,n/e,n/e,n/e,n/e,n/e,n/e,n/e,n/e,n/e,n/e,554,,n/e,n/e,n/e,n/e,n/e,n/e,0,,n/e,n/e,0,,n/e,n/e,n/e,n/e,45,
18:00 - 19:00,67,,n/e,n/e,n/e,n/e,534,,n/e,n/e,n/e,n/e,n/e,n/e,n/e,n/e,n/e,n/e,n/e,n/e,556,,n/e,n/e,n/e,n/e,n/e,n/e,0,,n/e,n/e,0,,n/e,n/e,n/e,n/e,36,
19:00 - 20:00,68,,n/e,n/e,n/e,n/e,530,,n/e,n/e,n/e,n/e,n/e,n/e,n/e,n/e,n/e,n/e,n/e,n/e,496,,n/e,n/e,n/e,n/e,n/e,n/e,0,,n/e,n/e,0,,n/e,n/e,n/e,n/e,34,
20:00 - 21:00,68,,n/e,n/e,n/e,n/e,533,,n/e,n/e,n/e,n/e,n/e,n/e,n/e,n/e,n/e,n/e,n/e,n/e,475,,n/e,n/e,n/e,n/e,n/e,n/e,0,,n/e,n/e,0,,n/e,n/e,n/e,n/e,23,
21:00 - 22:00,68,,n/e,n/e,n/e,n/e,532,,n/e,n/e,n/e,n/e,n/e,n/e,n/e,n/e,n/e,n/e,n/e,n/e,472,,n/e,n/e,n/e,n/e,n/e,n/e,0,,n/e,n/e,0,,n/e,n/e,n/e,n/e,18,
22:00 - 23:00,67,,n/e,n/e,n/e,n/e,530,,n/e,n/e,n/e,n/e,n/e,n/e,n/e,n/e,n/e,n/e,n/e,n/e,284,,n/e,n/e,n/e,n/e,n/e,n/e,0,,n/e,n/e,0,,n/e,n/e,n/e,n/e,13,
23:00 - 00:00,66,,n/e,n/e,n/e,n/e,402,,n/e,n/e,n/e,n/e,n/e,n/e,n/e,n/e,n/e,n/e,n/e,n/e,110,,n/e,n/e,n/e,n/e,n/e,n/e,0,,n/e,n/e,0,,n/e,n/e,n/e,n/e,14,
00:00 - 01:00,67,,n/e,n/e,n/e,n/e,402,,n/e,n/e,n/e,n/e,n/e,n/e,n/e,n/e,n/e,n/e,n/e,n/e,90,,n/e,n/e,n/e,n/e,n/e,n/e,0,,n/e,n/e,0,,n/e,n/e,n/e,n/e,15,
01:00 - 02:00,68,,n/e,n/e,n/e,n/e,404,,n/e,n/e,n/e,n/e,n/e,n/e,n/e,n/e,n/e,n/e,n/e,n/e,431,,n/e,n/e,n/e,n/e,n/e,n/e,0,,n/e,n/e,0,,n/e,n/e,n/e,n/e,14,
02:00 - 03:00,67,,n/e,n/e,n/e,n/e,434,,n/e,n/e,n/e,n/e,n/e,n/e,n/e,n/e,n/e,n/e,n/e,n/e,377,,n/e,n/e,n/e,n/e,n/e,n/e,0,,n/e,n/e,0,,n/e,n/e,n/e,n/e,15,
03:00 - 04:00,67,,n/e,n/e,n/e,n/e,434,,n/e,n/e,n/e,n/e,n/e,n/e,n/e,n/e,n/e,n/e,n/e,n/e,378,,n/e,n/e,n/e,n/e,n/e,n/e,0,,n/e,n/e,0,,n/e,n/e,n/e,n/e,21,
04:00 - 05:00,68,,n/e,n/e,n/e,n/e,433,,n/e,n/e,n/e,n/e,n/e,n/e,n/e,n/e,n/e,n/e,n/e,n/e,385,,n/e,n/e,n/e,n/e,n/e,n/e,0,,n/e,n/e,0,,n/e,n/e,n/e,n/e,32,
05:00 - 06:00,69,,n/e,n/e,n/e,n/e,493,,n/e,n/e,n/e,n/e,n/e,n/e,n/e,n/e,n/e,n/e,n/e,n/e,370,,n/e,n/e,n/e,n/e,n/e,n/e,0,,n/e,n/e,0,,n/e,n/e,n/e,n/e,28,
06:00 - 07:00,69,,n/e,n/e,n/e,n/e,546,,n/e,n/e,n/e,n/e,n/e,n/e,n/e,n/e,n/e,n/e,n/e,n/e,397,,n/e,n/e,n/e,n/e,n/e,n/e,0,,n/e,n/e,0,,n/e,n/e,n/e,n/e,29,
07:00 - 08:00,70,,n/e,n/e,n/e,n/e,543,,n/e,n/e,n/e,n/e,n/e,n/e,n/e,n/e,n/e,n/e,n/e,n/e,416,,n/e,n/e,n/e,n/e,n/e,n/e,0,,n/e,n/e,0,,n/e,n/e,n/e,n/e,31,
08:00 - 09:00,70,,n/e,n/e,n/e,n/e,543,,n/e,n/e,n/e,n/e,n/e,n/e,n/e,n/e,n/e,n/e,n/e,n/e,400,,n/e,n/e,n/e,n/e,n/e,n/e,0,,n/e,n/e,1,,n/e,n/e,n/e,n/e,28,
09:00 - 10:00,69,,n/e,n/e,n/e,n/e,545,,n/e,n/e,n/e,n/e,n/e,n/e,n/e,n/e,n/e,n/e,n/e,n/e,385,,n/e,n/e,n/e,n/e,n/e,n/e,0,,n/e,n/e,2,,n/e,n/e,n/e,n/e,35,
10:00 - 11:00,68,,n/e,n/e,n/e,n/e,543,,n/e,n/e,n/e,n/e,n/e,n/e,n/e,n/e,n/e,n/e,n/e,n/e,381,,n/e,n/e,n/e,n/e,n/e,n/e,0,,n/e,n/e,4,,n/e,n/e,n/e,n/e,38,
11:00 - 12:00,68,,n/e,n/e,n/e,n/e,542,,n/e,n/e,n/e,n/e,n/e,n/e,n/e,n/e,n/e,n/e,n/e,n/e,380,,n/e,n/e,n/e,n/e,n/e,n/e,0,,n/e,n/e,4,,n/e,n/e,n/e,n/e,37,
12:00 - 13:00,66,,n/e,n/e,n/e,n/e,543,,n/e,n/e,n/e,n/e,n/e,n/e,n/e,n/e,n/e,n/e,n/e,n/e,433,,n/e,n/e,n/e,n/e,n/e,n/e,0,,n/e,n/e,2,,n/e,n/e,n/e,n/e,36,
13:00 - 14:00,68,,n/e,n/e,n/e,n/e,562,,n/e,n/e,n/e,n/e,n/e,n/e,n/e,n/e,n/e,n/e,n/e,n/e,421,,n/e,n/e,n/e,n/e,n/e,n/e,0,,n/e,n/e,1,,n/e,n/e,n/e,n/e,26,
14:00 - 15:00,70,,n/e,n/e,n/e,n/e,563,,n/e,n/e,n/e,n/e,n/e,n/e,n/e,n/e,n/e,n/e,n/e,n/e,421,,n/e,n/e,n/e,n/e,n/e,n/e,0,,n/e,n/e,0,,n/e,n/e,n/e,n/e,27,
15:00 - 16:00,71,,n/e,n/e,n/e,n/e,563,,n/e,n/e,n/e,n/e,n/e,n/e,n/e,n/e,n/e,n/e,n/e,n/e,417,,n/e,n/e,n/e,n/e,n/e,n/e,0,,n/e,n/e,0,,n/e,n/e,n/e,n/e,33,
16:00 - 17:00,68,,n/e,n/e,n/e,n/e,562,,n/e,n/e,n/e,n/e,n/e,n/e,n/e,n/e,n/e,n/e,n/e,n/e,428,,n/e,n/e,n/e,n/e,n/e,n/e,0,,n/e,n/e,0,,n/e,n/e,n/e,n/e,42,
17:00 - 18:00,63,,n/e,n/e,n/e,n/e,549,,n/e,n/e,n/e,n/e,n/e,n/e,n/e,n/e,n/e,n/e,n/e,n/e,442,,n/e,n/e,n/e,n/e,n/e,n/e,0,,n/e,n/e,0,,n/e,n/e,n/e,n/e,49,
18:00 - 19:00,60,,n/e,n/e,n/e,n/e,554,,n/e,n/e,n/e,n/e,n/e,n/e,n/e,n/e,n/e,n/e,n/e,n/e,412,,n/e,n/e,n/e,n/e,n/e,n/e,0,,n/e,n/e,0,,n/e,n/e,n/e,n/e,48,
19:00 - 20:00,63,,n/e,n/e,n/e,n/e,547,,n/e,n/e,n/e,n/e,n/e,n/e,n/e,n/e,n/e,n/e,n/e,n/e,425,,n/e,n/e,n/e,n/e,n/e,n/e,0,,n/e,n/e,0,,n/e,n/e,n/e,n/e,46,
20:00 - 21:00,65,,n/e,n/e,n/e,n/e,540,,n/e,n/e,n/e,n/e,n/e,n/e,n/e,n/e,n/e,n/e,n/e,n/e,342,,n/e,n/e,n/e,n/e,n/e,n/e,0,,n/e,n/e,0,,n/e,n/e,n/e,n/e,37,
21:00 - 22:00,65,,n/e,n/e,n/e,n/e,541,,n/e,n/e,n/e,n/e,n/e,n/e,n/e,n/e,n/e,n/e,n/e,n/e,336,,n/e,n/e,n/e,n/e,n/e,n/e,0,,n/e,n/e,0,,n/e,n/e,n/e,n/e,35,
22:00 - 23:00,67,,n/e,n/e,n/e,n/e,538,,n/e,n/e,n/e,n/e,n/e,n/e,n/e,n/e,n/e,n/e,n/e,n/e,291,,n/e,n/e,n/e,n/e,n/e,n/e,0,,n/e,n/e,0,,n/e,n/e,n/e,n/e,35,
23:00 - 00:00,66,,n/e,n/e,n/e,n/e,456,,n/e,n/e,n/e,n/e,n/e,n/e,n/e,n/e,n/e,n/e,n/e,n/e,11,,n/e,n/e,n/e,n/e,n/e,n/e,0,,n/e,n/e,0,,n/e,n/e,n/e,n/e,36,
00:00 - 01:00,64,,n/e,n/e,n/e,n/e,455,,n/e,n/e,n/e,n/e,n/e,n/e,n/e,n/e,n/e,n/e,n/e,n/e,8,,n/e,n/e,n/e,n/e,n/e,n/e,0,,n/e,n/e,0,,n/e,n/e,n/e,n/e,32,
01:00 - 02:00,64,,n/e,n/e,n/e,n/e,535,,n/e,n/e,n/e,n/e,n/e,n/e,n/e,n/e,n/e,n/e,n/e,n/e,46,,n/e,n/e,n/e,n/e,n/e,n/e,0,,n/e,n/e,0,,n/e,n/e,n/e,n/e,31,
02:00 - 03:00,63,,n/e,n/e,n/e,n/e,535,,n/e,n/e,n/e,n/e,n/e,n/e,n/e,n/e,n/e,n/e,n/e,n/e,48,,n/e,n/e,n/e,n/e,n/e,n/e,0,,n/e,n/e,0,,n/e,n/e,n/e,n/e,42,
03:00 - 04:00,63,,n/e,n/e,n/e,n/e,535,,n/e,n/e,n/e,n/e,n/e,n/e,n/e,n/e,n/e,n/e,n/e,n/e,98,,n/e,n/e,n/e,n/e,n/e,n/e,0,,n/e,n/e,0,,n/e,n/e,n/e,n/e,39,
04:00 - 05:00,62,,n/e,n/e,n/e,n/e,535,,n/e,n/e,n/e,n/e,n/e,n/e,n/e,n/e,n/e,n/e,n/e,n/e,98,,n/e,n/e,n/e,n/e,n/e,n/e,0,,n/e,n/e,0,,n/e,n/e,n/e,n/e,32,
05:00 - 06:00,63,,n/e,n/e,n/e,n/e,538,,n/e,n/e,n/e,n/e,n/e,n/e,n/e,n/e,n/e,n/e,n/e,n/e,99,,n/e,n/e,n/e,n/e,n/e,n/e,0,,n/e,n/e,0,,n/e,n/e,n/e,n/e,35,
06:00 - 07:00,64,,n/e,n/e,n/e,n/e,543,,n/e,n/e,n/e,n/e,n/e,n/e,n/e,n/e,n/e,n/e,n/e,n/e,216,,n/e,n/e,n/e,n/e,n/e,n/e,0,,n/e,n/e,0,,n/e,n/e,n/e,n/e,38,
07:00 - 08:00,64,,n/e,n/e,n/e,n/e,543,,n/e,n/e,n/e,n/e,n/e,n/e,n/e,n/e,n/e,n/e,n/e,n/e,248,,n/e,n/e,n/e,n/e,n/e,n/e,0,,n/e,n/e,1,,n/e,n/e,n/e,n/e,37,
08:00 - 09:00,59,,n/e,n/e,n/e,n/e,550,,n/e,n/e,n/e,n/e,n/e,n/e,n/e,n/e,n/e,n/e,n/e,n/e,240,,n/e,n/e,n/e,n/e,n/e,n/e,0,,n/e,n/e,4,,n/e,n/e,n/e,n/e,33,
09:00 - 10:00,60,,n/e,n/e,n/e,n/e,570,,n/e,n/e,n/e,n/e,n/e,n/e,n/e,n/e,n/e,n/e,n/e,n/e,215,,n/e,n/e,n/e,n/e,n/e,n/e,0,,n/e,n/e,7,,n/e,n/e,n/e,n/e,33,
10:00 - 11:00,60,,n/e,n/e,n/e,n/e,568,,n/e,n/e,n/e,n/e,n/e,n/e,n/e,n/e,n/e,n/e,n/e,n/e,215,,n/e,n/e,n/e,n/e,n/e,n/e,0,,n/e,n/e,8,,n/e,n/e,n/e,n/e,27,
11:00 - 12:00,63,,n/e,n/e,n/e,n/e,569,,n/e,n/e,n/e,n/e,n/e,n/e,n/e,n/e,n/e,n/e,n/e,n/e,215,,n/e,n/e,n/e,n/e,n/e,n/e,0,,n/e,n/e,9,,n/e,n/e,n/e,n/e,31,
12:00 - 13:00,63,,n/e,n/e,n/e,n/e,544,,n/e,n/e,n/e,n/e,n/e,n/e,n/e,n/e,n/e,n/e,n/e,n/e,233,,n/e,n/e,n/e,n/e,n/e,n/e,0,,n/e,n/e,6,,n/e,n/e,n/e,n/e,37,
13:00 - 14:00,65,,n/e,n/e,n/e,n/e,544,,n/e,n/e,n/e,n/e,n/e,n/e,n/e,n/e,n/e,n/e,n/e,n/e,229,,n/e,n/e,n/e,n/e,n/e,n/e,0,,n/e,n/e,2,,n/e,n/e,n/e,n/e,39,
14:00 - 15:00,68,,n/e,n/e,n/e,n/e,460,,n/e,n/e,n/e,n/e,n/e,n/e,n/e,n/e,n/e,n/e,n/e,n/e,308,,n/e,n/e,n/e,n/e,n/e,n/e,0,,n/e,n/e,0,,n/e,n/e,n/e,n/e,38,
15:00 - 16:00,69,,n/e,n/e,n/e,n/e,458,,n/e,n/e,n/e,n/e,n/e,n/e,n/e,n/e,n/e,n/e,n/e,n/e,315,,n/e,n/e,n/e,n/e,n/e,n/e,0,,n/e,n/e,0,,n/e,n/e,n/e,n/e,38,
16:00 - 17:00,70,,n/e,n/e,n/e,n/e,458,,n/e,n/e,n/e,n/e,n/e,n/e,n/e,n/e,n/e,n/e,n/e,n/e,315,,n/e,n/e,n/e,n/e,n/e,n/e,0,,n/e,n/e,0,,n/e,n/e,n/e,n/e,44,
17:00 - 18:00,71,,n/e,n/e,n/e,n/e,411,,n/e,n/e,n/e,n/e,n/e,n/e,n/e,n/e,n/e,n/e,n/e,n/e,316,,n/e,n/e,n/e,n/e,n/e,n/e,0,,n/e,n/e,0,,n/e,n/e,n/e,n/e,57,
18:00 - 19:00,70,,n/e,n/e,n/e,n/e,413,,n/e,n/e,n/e,n/e,n/e,n/e,n/e,n/e,n/e,n/e,n/e,n/e,311,,n/e,n/e,n/e,n/e,n/e,n/e,0,,n/e,n/e,0,,n/e,n/e,n/e,n/e,69,
19:00 - 20:00,69,,n/e,n/e,n/e,n/e,446,,n/e,n/e,n/e,n/e,n/e,n/e,n/e,n/e,n/e,n/e,n/e,n/e,226,,n/e,n/e,n/e,n/e,n/e,n/e,0,,n/e,n/e,0,,n/e,n/e,n/e,n/e,75,
20:00 - 21:00,68,,n/e,n/e,n/e,n/e,404,,n/e,n/e,n/e,n/e,n/e,n/e,n/e,n/e,n/e,n/e,n/e,n/e,219,,n/e,n/e,n/e,n/e,n/e,n/e,0,,n/e,n/e,0,,n/e,n/e,n/e,n/e,58,
21:00 - 22:00,68,,n/e,n/e,n/e,n/e,391,,n/e,n/e,n/e,n/e,n/e,n/e,n/e,n/e,n/e,n/e,n/e,n/e,101,,n/e,n/e,n/e,n/e,n/e,n/e,0,,n/e,n/e,0,,n/e,n/e,n/e,n/e,71,
22:00 - 23:00,66,,n/e,n/e,n/e,n/e,372,,n/e,n/e,n/e,n/e,n/e,n/e,n/e,n/e,n/e,n/e,n/e,n/e,101,,n/e,n/e,n/e,n/e,n/e,n/e,0,,n/e,n/e,0,,n/e,n/e,n/e,n/e,80,
23:00 - 00:00,64,,n/e,n/e,n/e,n/e,264,,n/e,n/e,n/e,n/e,n/e,n/e,n/e,n/e,n/e,n/e,n/e,n/e,267,,n/e,n/e,n/e,n/e,n/e,n/e,0,,n/e,n/e,0,,n/e,n/e,n/e,n/e,81,
00:00 - 01:00,64,,n/e,n/e,n/e,n/e,242,,n/e,n/e,n/e,n/e,n/e,n/e,n/e,n/e,n/e,n/e,n/e,n/e,295,,n/e,n/e,n/e,n/e,n/e,n/e,0,,n/e,n/e,0,,n/e,n/e,n/e,n/e,88,
01:00 - 02:00,65,,n/e,n/e,n/e,n/e,242,,n/e,n/e,n/e,n/e,n/e,n/e,n/e,n/e,n/e,n/e,n/e,n/e,294,,n/e,n/e,n/e,n/e,n/e,n/e,0,,n/e,n/e,0,,n/e,n/e,n/e,n/e,91,
02:00 - 03:00,66,,n/e,n/e,n/e,n/e,240,,n/e,n/e,n/e,n/e,n/e,n/e,n/e,n/e,n/e,n/e,n/e,n/e,294,,n/e,n/e,n/e,n/e,n/e,n/e,0,,n/e,n/e,0,,n/e,n/e,n/e,n/e,94,
03:00 - 04:00,65,,n/e,n/e,n/e,n/e,242,,n/e,n/e,n/e,n/e,n/e,n/e,n/e,n/e,n/e,n/e,n/e,n/e,295,,n/e,n/e,n/e,n/e,n/e,n/e,0,,n/e,n/e,0,,n/e,n/e,n/e,n/e,96,
04:00 - 05:00,64,,n/e,n/e,n/e,n/e,243,,n/e,n/e,n/e,n/e,n/e,n/e,n/e,n/e,n/e,n/e,n/e,n/e,297,,n/e,n/e,n/e,n/e,n/e,n/e,0,,n/e,n/e,0,,n/e,n/e,n/e,n/e,94,
05:00 - 06:00,64,,n/e,n/e,n/e,n/e,242,,n/e,n/e,n/e,n/e,n/e,n/e,n/e,n/e,n/e,n/e,n/e,n/e,391,,n/e,n/e,n/e,n/e,n/e,n/e,0,,n/e,n/e,0,,n/e,n/e,n/e,n/e,85,
06:00 - 07:00,67,,n/e,n/e,n/e,n/e,260,,n/e,n/e,n/e,n/e,n/e,n/e,n/e,n/e,n/e,n/e,n/e,n/e,474,,n/e,n/e,n/e,n/e,n/e,n/e,0,,n/e,n/e,0,,n/e,n/e,n/e,n/e,89,
07:00 - 08:00,68,,n/e,n/e,n/e,n/e,268,,n/e,n/e,n/e,n/e,n/e,n/e,n/e,n/e,n/e,n/e,n/e,n/e,451,,n/e,n/e,n/e,n/e,n/e,n/e,0,,n/e,n/e,2,,n/e,n/e,n/e,n/e,97,
08:00 - 09:00,67,,n/e,n/e,n/e,n/e,267,,n/e,n/e,n/e,n/e,n/e,n/e,n/e,n/e,n/e,n/e,n/e,n/e,490,,n/e,n/e,n/e,n/e,n/e,n/e,0,,n/e,n/e,12,,n/e,n/e,n/e,n/e,107,
09:00 - 10:00,70,,n/e,n/e,n/e,n/e,270,,n/e,n/e,n/e,n/e,n/e,n/e,n/e,n/e,n/e,n/e,n/e,n/e,482,,n/e,n/e,n/e,n/e,n/e,n/e,0,,n/e,n/e,26,,n/e,n/e,n/e,n/e,104,
10:00 - 11:00,69,,n/e,n/e,n/e,n/e,315,,n/e,n/e,n/e,n/e,n/e,n/e,n/e,n/e,n/e,n/e,n/e,n/e,386,,n/e,n/e,n/e,n/e,n/e,n/e,0,,n/e,n/e,28,,n/e,n/e,n/e,n/e,100,
11:00 - 12:00,67,,n/e,n/e,n/e,n/e,315,,n/e,n/e,n/e,n/e,n/e,n/e,n/e,n/e,n/e,n/e,n/e,n/e,434,,n/e,n/e,n/e,n/e,n/e,n/e,0,,n/e,n/e,19,,n/e,n/e,n/e,n/e,102,
12:00 - 13:00,69,,n/e,n/e,n/e,n/e,344,,n/e,n/e,n/e,n/e,n/e,n/e,n/e,n/e,n/e,n/e,n/e,n/e,434,,n/e,n/e,n/e,n/e,n/e,n/e,0,,n/e,n/e,14,,n/e,n/e,n/e,n/e,103,
13:00 - 14:00,72,,n/e,n/e,n/e,n/e,348,,n/e,n/e,n/e,n/e,n/e,n/e,n/e,n/e,n/e,n/e,n/e,n/e,434,,n/e,n/e,n/e,n/e,n/e,n/e,0,,n/e,n/e,4,,n/e,n/e,n/e,n/e,99,
14:00 - 15:00,71,,n/e,n/e,n/e,n/e,376,,n/e,n/e,n/e,n/e,n/e,n/e,n/e,n/e,n/e,n/e,n/e,n/e,434,,n/e,n/e,n/e,n/e,n/e,n/e,0,,n/e,n/e,0,,n/e,n/e,n/e,n/e,80,
15:00 - 16:00,72,,n/e,n/e,n/e,n/e,403,,n/e,n/e,n/e,n/e,n/e,n/e,n/e,n/e,n/e,n/e,n/e,n/e,494,,n/e,n/e,n/e,n/e,n/e,n/e,0,,n/e,n/e,0,,n/e,n/e,n/e,n/e,44,
16:00 - 17:00,72,,n/e,n/e,n/e,n/e,419,,n/e,n/e,n/e,n/e,n/e,n/e,n/e,n/e,n/e,n/e,n/e,n/e,529,,n/e,n/e,n/e,n/e,n/e,n/e,0,,n/e,n/e,0,,n/e,n/e,n/e,n/e,36,
17:00 - 18:00,73,,n/e,n/e,n/e,n/e,345,,n/e,n/e,n/e,n/e,n/e,n/e,n/e,n/e,n/e,n/e,n/e,n/e,583,,n/e,n/e,n/e,n/e,n/e,n/e,0,,n/e,n/e,0,,n/e,n/e,n/e,n/e,30,
18:00 - 19:00,72,,n/e,n/e,n/e,n/e,394,,n/e,n/e,n/e,n/e,n/e,n/e,n/e,n/e,n/e,n/e,n/e,n/e,556,,n/e,n/e,n/e,n/e,n/e,n/e,0,,n/e,n/e,0,,n/e,n/e,n/e,n/e,34,
19:00 - 20:00,71,,n/e,n/e,n/e,n/e,397,,n/e,n/e,n/e,n/e,n/e,n/e,n/e,n/e,n/e,n/e,n/e,n/e,427,,n/e,n/e,n/e,n/e,n/e,n/e,0,,n/e,n/e,0,,n/e,n/e,n/e,n/e,29,
20:00 - 21:00,71,,n/e,n/e,n/e,n/e,396,,n/e,n/e,n/e,n/e,n/e,n/e,n/e,n/e,n/e,n/e,n/e,n/e,554,,n/e,n/e,n/e,n/e,n/e,n/e,0,,n/e,n/e,0,,n/e,n/e,n/e,n/e,15,
21:00 - 22:00,72,,n/e,n/e,n/e,n/e,391,,n/e,n/e,n/e,n/e,n/e,n/e,n/e,n/e,n/e,n/e,n/e,n/e,557,,n/e,n/e,n/e,n/e,n/e,n/e,0,,n/e,n/e,0,,n/e,n/e,n/e,n/e,5,
22:00 - 23:00,72,,n/e,n/e,n/e,n/e,390,,n/e,n/e,n/e,n/e,n/e,n/e,n/e,n/e,n/e,n/e,n/e,n/e,290,,n/e,n/e,n/e,n/e,n/e,n/e,0,,n/e,n/e,0,,n/e,n/e,n/e,n/e,1,
23:00 - 00:00,72,,n/e,n/e,n/e,n/e,388,,n/e,n/e,n/e,n/e,n/e,n/e,n/e,n/e,n/e,n/e,n/e,n/e,271,,n/e,n/e,n/e,n/e,n/e,n/e,0,,n/e,n/e,0,,n/e,n/e,n/e,n/e,0,
00:00 - 01:00,70,,n/e,n/e,n/e,n/e,390,,n/e,n/e,n/e,n/e,n/e,n/e,n/e,n/e,n/e,n/e,n/e,n/e,271,,n/e,n/e,n/e,n/e,n/e,n/e,0,,n/e,n/e,0,,n/e,n/e,n/e,n/e,0,
01:00 - 02:00,71,,n/e,n/e,n/e,n/e,390,,n/e,n/e,n/e,n/e,n/e,n/e,n/e,n/e,n/e,n/e,n/e,n/e,270,,n/e,n/e,n/e,n/e,n/e,n/e,0,,n/e,n/e,0,,n/e,n/e,n/e,n/e,1,
02:00 - 03:00,70,,n/e,n/e,n/e,n/e,390,,n/e,n/e,n/e,n/e,n/e,n/e,n/e,n/e,n/e,n/e,n/e,n/e,317,,n/e,n/e,n/e,n/e,n/e,n/e,0,,n/e,n/e,0,,n/e,n/e,n/e,n/e,12,
03:00 - 04:00,70,,n/e,n/e,n/e,n/e,388,,n/e,n/e,n/e,n/e,n/e,n/e,n/e,n/e,n/e,n/e,n/e,n/e,378,,n/e,n/e,n/e,n/e,n/e,n/e,0,,n/e,n/e,0,,n/e,n/e,n/e,n/e,26,
04:00 - 05:00,70,,n/e,n/e,n/e,n/e,387,,n/e,n/e,n/e,n/e,n/e,n/e,n/e,n/e,n/e,n/e,n/e,n/e,378,,n/e,n/e,n/e,n/e,n/e,n/e,0,,n/e,n/e,0,,n/e,n/e,n/e,n/e,36,
05:00 - 06:00,69,,n/e,n/e,n/e,n/e,432,,n/e,n/e,n/e,n/e,n/e,n/e,n/e,n/e,n/e,n/e,n/e,n/e,416,,n/e,n/e,n/e,n/e,n/e,n/e,0,,n/e,n/e,0,,n/e,n/e,n/e,n/e,41,
06:00 - 07:00,69,,n/e,n/e,n/e,n/e,478,,n/e,n/e,n/e,n/e,n/e,n/e,n/e,n/e,n/e,n/e,n/e,n/e,468,,n/e,n/e,n/e,n/e,n/e,n/e,0,,n/e,n/e,0,,n/e,n/e,n/e,n/e,55,
07:00 - 08:00,70,,n/e,n/e,n/e,n/e,417,,n/e,n/e,n/e,n/e,n/e,n/e,n/e,n/e,n/e,n/e,n/e,n/e,548,,n/e,n/e,n/e,n/e,n/e,n/e,0,,n/e,n/e,1,,n/e,n/e,n/e,n/e,88,
08:00 - 09:00,70,,n/e,n/e,n/e,n/e,399,,n/e,n/e,n/e,n/e,n/e,n/e,n/e,n/e,n/e,n/e,n/e,n/e,561,,n/e,n/e,n/e,n/e,n/e,n/e,0,,n/e,n/e,2,,n/e,n/e,n/e,n/e,99,
09:00 - 10:00,68,,n/e,n/e,n/e,n/e,400,,n/e,n/e,n/e,n/e,n/e,n/e,n/e,n/e,n/e,n/e,n/e,n/e,575,,n/e,n/e,n/e,n/e,n/e,n/e,0,,n/e,n/e,3,,n/e,n/e,n/e,n/e,92,
10:00 - 11:00,66,,n/e,n/e,n/e,n/e,399,,n/e,n/e,n/e,n/e,n/e,n/e,n/e,n/e,n/e,n/e,n/e,n/e,576,,n/e,n/e,n/e,n/e,n/e,n/e,0,,n/e,n/e,4,,n/e,n/e,n/e,n/e,99,
11:00 - 12:00,65,,n/e,n/e,n/e,n/e,398,,n/e,n/e,n/e,n/e,n/e,n/e,n/e,n/e,n/e,n/e,n/e,n/e,575,,n/e,n/e,n/e,n/e,n/e,n/e,0,,n/e,n/e,3,,n/e,n/e,n/e,n/e,104,
12:00 - 13:00,66,,n/e,n/e,n/e,n/e,400,,n/e,n/e,n/e,n/e,n/e,n/e,n/e,n/e,n/e,n/e,n/e,n/e,575,,n/e,n/e,n/e,n/e,n/e,n/e,0,,n/e,n/e,2,,n/e,n/e,n/e,n/e,112,
13:00 - 14:00,70,,n/e,n/e,n/e,n/e,404,,n/e,n/e,n/e,n/e,n/e,n/e,n/e,n/e,n/e,n/e,n/e,n/e,576,,n/e,n/e,n/e,n/e,n/e,n/e,0,,n/e,n/e,0,,n/e,n/e,n/e,n/e,114,
14:00 - 15:00,70,,n/e,n/e,n/e,n/e,406,,n/e,n/e,n/e,n/e,n/e,n/e,n/e,n/e,n/e,n/e,n/e,n/e,577,,n/e,n/e,n/e,n/e,n/e,n/e,0,,n/e,n/e,0,,n/e,n/e,n/e,n/e,115,
15:00 - 16:00,70,,n/e,n/e,n/e,n/e,407,,n/e,n/e,n/e,n/e,n/e,n/e,n/e,n/e,n/e,n/e,n/e,n/e,576,,n/e,n/e,n/e,n/e,n/e,n/e,0,,n/e,n/e,0,,n/e,n/e,n/e,n/e,117,
16:00 - 17:00,71,,n/e,n/e,n/e,n/e,406,,n/e,n/e,n/e,n/e,n/e,n/e,n/e,n/e,n/e,n/e,n/e,n/e,609,,n/e,n/e,n/e,n/e,n/e,n/e,0,,n/e,n/e,0,,n/e,n/e,n/e,n/e,114,
17:00 - 18:00,72,,n/e,n/e,n/e,n/e,404,,n/e,n/e,n/e,n/e,n/e,n/e,n/e,n/e,n/e,n/e,n/e,n/e,609,,n/e,n/e,n/e,n/e,n/e,n/e,0,,n/e,n/e,0,,n/e,n/e,n/e,n/e,109,
18:00 - 19:00,72,,n/e,n/e,n/e,n/e,402,,n/e,n/e,n/e,n/e,n/e,n/e,n/e,n/e,n/e,n/e,n/e,n/e,580,,n/e,n/e,n/e,n/e,n/e,n/e,0,,n/e,n/e,0,,n/e,n/e,n/e,n/e,108,
19:00 - 20:00,72,,n/e,n/e,n/e,n/e,398,,n/e,n/e,n/e,n/e,n/e,n/e,n/e,n/e,n/e,n/e,n/e,n/e,401,,n/e,n/e,n/e,n/e,n/e,n/e,0,,n/e,n/e,0,,n/e,n/e,n/e,n/e,107,
20:00 - 21:00,71,,n/e,n/e,n/e,n/e,394,,n/e,n/e,n/e,n/e,n/e,n/e,n/e,n/e,n/e,n/e,n/e,n/e,390,,n/e,n/e,n/e,n/e,n/e,n/e,0,,n/e,n/e,0,,n/e,n/e,n/e,n/e,89,
21:00 - 22:00,71,,n/e,n/e,n/e,n/e,396,,n/e,n/e,n/e,n/e,n/e,n/e,n/e,n/e,n/e,n/e,n/e,n/e,376,,n/e,n/e,n/e,n/e,n/e,n/e,0,,n/e,n/e,0,,n/e,n/e,n/e,n/e,89,
22:00 - 23:00,70,,n/e,n/e,n/e,n/e,443,,n/e,n/e,n/e,n/e,n/e,n/e,n/e,n/e,n/e,n/e,n/e,n/e,251,,n/e,n/e,n/e,n/e,n/e,n/e,0,,n/e,n/e,0,,n/e,n/e,n/e,n/e,55,
23:00 - 00:00,70,,n/e,n/e,n/e,n/e,628,,n/e,n/e,n/e,n/e,n/e,n/e,n/e,n/e,n/e,n/e,n/e,n/e,325,,n/e,n/e,n/e,n/e,n/e,n/e,0,,n/e,n/e,0,,n/e,n/e,n/e,n/e,24,
00:00 - 01:00,68,,n/e,n/e,n/e,n/e,628,,n/e,n/e,n/e,n/e,n/e,n/e,n/e,n/e,n/e,n/e,n/e,n/e,298,,n/e,n/e,n/e,n/e,n/e,n/e,0,,n/e,n/e,0,,n/e,n/e,n/e,n/e,15,
01:00 - 02:00,70,,n/e,n/e,n/e,n/e,640,,n/e,n/e,n/e,n/e,n/e,n/e,n/e,n/e,n/e,n/e,n/e,n/e,327,,n/e,n/e,n/e,n/e,n/e,n/e,0,,n/e,n/e,0,,n/e,n/e,n/e,n/e,12,
02:00 - 03:00,67,,n/e,n/e,n/e,n/e,641,,n/e,n/e,n/e,n/e,n/e,n/e,n/e,n/e,n/e,n/e,n/e,n/e,327,,n/e,n/e,n/e,n/e,n/e,n/e,0,,n/e,n/e,0,,n/e,n/e,n/e,n/e,11,
03:00 - 04:00,65,,n/e,n/e,n/e,n/e,642,,n/e,n/e,n/e,n/e,n/e,n/e,n/e,n/e,n/e,n/e,n/e,n/e,376,,n/e,n/e,n/e,n/e,n/e,n/e,0,,n/e,n/e,0,,n/e,n/e,n/e,n/e,7,
04:00 - 05:00,64,,n/e,n/e,n/e,n/e,641,,n/e,n/e,n/e,n/e,n/e,n/e,n/e,n/e,n/e,n/e,n/e,n/e,432,,n/e,n/e,n/e,n/e,n/e,n/e,0,,n/e,n/e,0,,n/e,n/e,n/e,n/e,17,
05:00 - 06:00,65,,n/e,n/e,n/e,n/e,641,,n/e,n/e,n/e,n/e,n/e,n/e,n/e,n/e,n/e,n/e,n/e,n/e,558,,n/e,n/e,n/e,n/e,n/e,n/e,0,,n/e,n/e,0,,n/e,n/e,n/e,n/e,29,
06:00 - 07:00,66,,n/e,n/e,n/e,n/e,641,,n/e,n/e,n/e,n/e,n/e,n/e,n/e,n/e,n/e,n/e,n/e,n/e,626,,n/e,n/e,n/e,n/e,n/e,n/e,0,,n/e,n/e,0,,n/e,n/e,n/e,n/e,31,
07:00 - 08:00,65,,n/e,n/e,n/e,n/e,641,,n/e,n/e,n/e,n/e,n/e,n/e,n/e,n/e,n/e,n/e,n/e,n/e,626,,n/e,n/e,n/e,n/e,n/e,n/e,0,,n/e,n/e,1,,n/e,n/e,n/e,n/e,24,
08:00 - 09:00,66,,n/e,n/e,n/e,n/e,640,,n/e,n/e,n/e,n/e,n/e,n/e,n/e,n/e,n/e,n/e,n/e,n/e,642,,n/e,n/e,n/e,n/e,n/e,n/e,0,,n/e,n/e,5,,n/e,n/e,n/e,n/e,25,
09:00 - 10:00,66,,n/e,n/e,n/e,n/e,641,,n/e,n/e,n/e,n/e,n/e,n/e,n/e,n/e,n/e,n/e,n/e,n/e,613,,n/e,n/e,n/e,n/e,n/e,n/e,0,,n/e,n/e,7,,n/e,n/e,n/e,n/e,30,
10:00 - 11:00,68,,n/e,n/e,n/e,n/e,641,,n/e,n/e,n/e,n/e,n/e,n/e,n/e,n/e,n/e,n/e,n/e,n/e,618,,n/e,n/e,n/e,n/e,n/e,n/e,0,,n/e,n/e,7,,n/e,n/e,n/e,n/e,36,
11:00 - 12:00,69,,n/e,n/e,n/e,n/e,640,,n/e,n/e,n/e,n/e,n/e,n/e,n/e,n/e,n/e,n/e,n/e,n/e,486,,n/e,n/e,n/e,n/e,n/e,n/e,0,,n/e,n/e,6,,n/e,n/e,n/e,n/e,45,
12:00 - 13:00,67,,n/e,n/e,n/e,n/e,639,,n/e,n/e,n/e,n/e,n/e,n/e,n/e,n/e,n/e,n/e,n/e,n/e,503,,n/e,n/e,n/e,n/e,n/e,n/e,0,,n/e,n/e,3,,n/e,n/e,n/e,n/e,43,
13:00 - 14:00,67,,n/e,n/e,n/e,n/e,640,,n/e,n/e,n/e,n/e,n/e,n/e,n/e,n/e,n/e,n/e,n/e,n/e,469,,n/e,n/e,n/e,n/e,n/e,n/e,0,,n/e,n/e,1,,n/e,n/e,n/e,n/e,57,
14:00 - 15:00,68,,n/e,n/e,n/e,n/e,640,,n/e,n/e,n/e,n/e,n/e,n/e,n/e,n/e,n/e,n/e,n/e,n/e,468,,n/e,n/e,n/e,n/e,n/e,n/e,0,,n/e,n/e,0,,n/e,n/e,n/e,n/e,70,
15:00 - 16:00,69,,n/e,n/e,n/e,n/e,641,,n/e,n/e,n/e,n/e,n/e,n/e,n/e,n/e,n/e,n/e,n/e,n/e,462,,n/e,n/e,n/e,n/e,n/e,n/e,0,,n/e,n/e,0,,n/e,n/e,n/e,n/e,84,
16:00 - 17:00,68,,n/e,n/e,n/e,n/e,641,,n/e,n/e,n/e,n/e,n/e,n/e,n/e,n/e,n/e,n/e,n/e,n/e,507,,n/e,n/e,n/e,n/e,n/e,n/e,0,,n/e,n/e,0,,n/e,n/e,n/e,n/e,83,
17:00 - 18:00,68,,n/e,n/e,n/e,n/e,642,,n/e,n/e,n/e,n/e,n/e,n/e,n/e,n/e,n/e,n/e,n/e,n/e,430,,n/e,n/e,n/e,n/e,n/e,n/e,0,,n/e,n/e,0,,n/e,n/e,n/e,n/e,84,
18:00 - 19:00,68,,n/e,n/e,n/e,n/e,635,,n/e,n/e,n/e,n/e,n/e,n/e,n/e,n/e,n/e,n/e,n/e,n/e,382,,n/e,n/e,n/e,n/e,n/e,n/e,0,,n/e,n/e,0,,n/e,n/e,n/e,n/e,84,
19:00 - 20:00,69,,n/e,n/e,n/e,n/e,638,,n/e,n/e,n/e,n/e,n/e,n/e,n/e,n/e,n/e,n/e,n/e,n/e,350,,n/e,n/e,n/e,n/e,n/e,n/e,0,,n/e,n/e,0,,n/e,n/e,n/e,n/e,73,
20:00 - 21:00,70,,n/e,n/e,n/e,n/e,642,,n/e,n/e,n/e,n/e,n/e,n/e,n/e,n/e,n/e,n/e,n/e,n/e,329,,n/e,n/e,n/e,n/e,n/e,n/e,0,,n/e,n/e,0,,n/e,n/e,n/e,n/e,55,
21:00 - 22:00,70,,n/e,n/e,n/e,n/e,643,,n/e,n/e,n/e,n/e,n/e,n/e,n/e,n/e,n/e,n/e,n/e,n/e,328,,n/e,n/e,n/e,n/e,n/e,n/e,0,,n/e,n/e,0,,n/e,n/e,n/e,n/e,45,
22:00 - 23:00,71,,n/e,n/e,n/e,n/e,643,,n/e,n/e,n/e,n/e,n/e,n/e,n/e,n/e,n/e,n/e,n/e,n/e,328,,n/e,n/e,n/e,n/e,n/e,n/e,0,,n/e,n/e,0,,n/e,n/e,n/e,n/e,30,
23:00 - 00:00,70,,n/e,n/e,n/e,n/e,643,,n/e,n/e,n/e,n/e,n/e,n/e,n/e,n/e,n/e,n/e,n/e,n/e,348,,n/e,n/e,n/e,n/e,n/e,n/e,0,,n/e,n/e,0,,n/e,n/e,n/e,n/e,22,
00:00 - 01:00,68,,n/e,n/e,n/e,n/e,642,,n/e,n/e,n/e,n/e,n/e,n/e,n/e,n/e,n/e,n/e,n/e,n/e,333,,n/e,n/e,n/e,n/e,n/e,n/e,0,,n/e,n/e,0,,n/e,n/e,n/e,n/e,14,
01:00 - 02:00,70,,n/e,n/e,n/e,n/e,642,,n/e,n/e,n/e,n/e,n/e,n/e,n/e,n/e,n/e,n/e,n/e,n/e,320,,n/e,n/e,n/e,n/e,n/e,n/e,0,,n/e,n/e,0,,n/e,n/e,n/e,n/e,5,
02:00 - 03:00,69,,n/e,n/e,n/e,n/e,642,,n/e,n/e,n/e,n/e,n/e,n/e,n/e,n/e,n/e,n/e,n/e,n/e,320,,n/e,n/e,n/e,n/e,n/e,n/e,0,,n/e,n/e,0,,n/e,n/e,n/e,n/e,5,
03:00 - 04:00,69,,n/e,n/e,n/e,n/e,643,,n/e,n/e,n/e,n/e,n/e,n/e,n/e,n/e,n/e,n/e,n/e,n/e,319,,n/e,n/e,n/e,n/e,n/e,n/e,0,,n/e,n/e,0,,n/e,n/e,n/e,n/e,6,
04:00 - 05:00,69,,n/e,n/e,n/e,n/e,641,,n/e,n/e,n/e,n/e,n/e,n/e,n/e,n/e,n/e,n/e,n/e,n/e,319,,n/e,n/e,n/e,n/e,n/e,n/e,0,,n/e,n/e,0,,n/e,n/e,n/e,n/e,4,
05:00 - 06:00,69,,n/e,n/e,n/e,n/e,552,,n/e,n/e,n/e,n/e,n/e,n/e,n/e,n/e,n/e,n/e,n/e,n/e,409,,n/e,n/e,n/e,n/e,n/e,n/e,0,,n/e,n/e,0,,n/e,n/e,n/e,n/e,2,
06:00 - 07:00,70,,n/e,n/e,n/e,n/e,555,,n/e,n/e,n/e,n/e,n/e,n/e,n/e,n/e,n/e,n/e,n/e,n/e,410,,n/e,n/e,n/e,n/e,n/e,n/e,0,,n/e,n/e,0,,n/e,n/e,n/e,n/e,3,
07:00 - 08:00,69,,n/e,n/e,n/e,n/e,562,,n/e,n/e,n/e,n/e,n/e,n/e,n/e,n/e,n/e,n/e,n/e,n/e,439,,n/e,n/e,n/e,n/e,n/e,n/e,0,,n/e,n/e,1,,n/e,n/e,n/e,n/e,2,
08:00 - 09:00,70,,n/e,n/e,n/e,n/e,591,,n/e,n/e,n/e,n/e,n/e,n/e,n/e,n/e,n/e,n/e,n/e,n/e,519,,n/e,n/e,n/e,n/e,n/e,n/e,0,,n/e,n/e,2,,n/e,n/e,n/e,n/e,2,
09:00 - 10:00,70,,n/e,n/e,n/e,n/e,638,,n/e,n/e,n/e,n/e,n/e,n/e,n/e,n/e,n/e,n/e,n/e,n/e,471,,n/e,n/e,n/e,n/e,n/e,n/e,0,,n/e,n/e,4,,n/e,n/e,n/e,n/e,4,
10:00 - 11:00,71,,n/e,n/e,n/e,n/e,642,,n/e,n/e,n/e,n/e,n/e,n/e,n/e,n/e,n/e,n/e,n/e,n/e,487,,n/e,n/e,n/e,n/e,n/e,n/e,0,,n/e,n/e,4,,n/e,n/e,n/e,n/e,10,
11:00 - 12:00,68,,n/e,n/e,n/e,n/e,642,,n/e,n/e,n/e,n/e,n/e,n/e,n/e,n/e,n/e,n/e,n/e,n/e,471,,n/e,n/e,n/e,n/e,n/e,n/e,0,,n/e,n/e,3,,n/e,n/e,n/e,n/e,25,
12:00 - 13:00,67,,n/e,n/e,n/e,n/e,641,,n/e,n/e,n/e,n/e,n/e,n/e,n/e,n/e,n/e,n/e,n/e,n/e,487,,n/e,n/e,n/e,n/e,n/e,n/e,0,,n/e,n/e,2,,n/e,n/e,n/e,n/e,27,
13:00 - 14:00,69,,n/e,n/e,n/e,n/e,642,,n/e,n/e,n/e,n/e,n/e,n/e,n/e,n/e,n/e,n/e,n/e,n/e,584,,n/e,n/e,n/e,n/e,n/e,n/e,0,,n/e,n/e,1,,n/e,n/e,n/e,n/e,16,
14:00 - 15:00,70,,n/e,n/e,n/e,n/e,688,,n/e,n/e,n/e,n/e,n/e,n/e,n/e,n/e,n/e,n/e,n/e,n/e,692,,n/e,n/e,n/e,n/e,n/e,n/e,0,,n/e,n/e,0,,n/e,n/e,n/e,n/e,10,
15:00 - 16:00,71,,n/e,n/e,n/e,n/e,691,,n/e,n/e,n/e,n/e,n/e,n/e,n/e,n/e,n/e,n/e,n/e,n/e,744,,n/e,n/e,n/e,n/e,n/e,n/e,0,,n/e,n/e,0,,n/e,n/e,n/e,n/e,10,
16:00 - 17:00,71,,n/e,n/e,n/e,n/e,692,,n/e,n/e,n/e,n/e,n/e,n/e,n/e,n/e,n/e,n/e,n/e,n/e,749,,n/e,n/e,n/e,n/e,n/e,n/e,0,,n/e,n/e,0,,n/e,n/e,n/e,n/e,5,
17:00 - 18:00,71,,n/e,n/e,n/e,n/e,692,,n/e,n/e,n/e,n/e,n/e,n/e,n/e,n/e,n/e,n/e,n/e,n/e,748,,n/e,n/e,n/e,n/e,n/e,n/e,0,,n/e,n/e,0,,n/e,n/e,n/e,n/e,5,
18:00 - 19:00,71,,n/e,n/e,n/e,n/e,692,,n/e,n/e,n/e,n/e,n/e,n/e,n/e,n/e,n/e,n/e,n/e,n/e,741,,n/e,n/e,n/e,n/e,n/e,n/e,0,,n/e,n/e,0,,n/e,n/e,n/e,n/e,3,
19:00 - 20:00,72,,n/e,n/e,n/e,n/e,643,,n/e,n/e,n/e,n/e,n/e,n/e,n/e,n/e,n/e,n/e,n/e,n/e,619,,n/e,n/e,n/e,n/e,n/e,n/e,0,,n/e,n/e,0,,n/e,n/e,n/e,n/e,2,
20:00 - 21:00,72,,n/e,n/e,n/e,n/e,644,,n/e,n/e,n/e,n/e,n/e,n/e,n/e,n/e,n/e,n/e,n/e,n/e,351,,n/e,n/e,n/e,n/e,n/e,n/e,0,,n/e,n/e,0,,n/e,n/e,n/e,n/e,1,
21:00 - 22:00,71,,n/e,n/e,n/e,n/e,644,,n/e,n/e,n/e,n/e,n/e,n/e,n/e,n/e,n/e,n/e,n/e,n/e,326,,n/e,n/e,n/e,n/e,n/e,n/e,0,,n/e,n/e,0,,n/e,n/e,n/e,n/e,2,
22:00 - 23:00,70,,n/e,n/e,n/e,n/e,644,,n/e,n/e,n/e,n/e,n/e,n/e,n/e,n/e,n/e,n/e,n/e,n/e,315,,n/e,n/e,n/e,n/e,n/e,n/e,0,,n/e,n/e,0,,n/e,n/e,n/e,n/e,1,
23:00 - 00:00,70,,n/e,n/e,n/e,n/e,644,,n/e,n/e,n/e,n/e,n/e,n/e,n/e,n/e,n/e,n/e,n/e,n/e,275,,n/e,n/e,n/e,n/e,n/e,n/e,0,,n/e,n/e,0,,n/e,n/e,n/e,n/e,1,
00:00 - 01:00,69,,n/e,n/e,n/e,n/e,643,,n/e,n/e,n/e,n/e,n/e,n/e,n/e,n/e,n/e,n/e,n/e,n/e,316,,n/e,n/e,n/e,n/e,n/e,n/e,0,,n/e,n/e,0,,n/e,n/e,n/e,n/e,2,
01:00 - 02:00,69,,n/e,n/e,n/e,n/e,647,,n/e,n/e,n/e,n/e,n/e,n/e,n/e,n/e,n/e,n/e,n/e,n/e,323,,n/e,n/e,n/e,n/e,n/e,n/e,0,,n/e,n/e,0,,n/e,n/e,n/e,n/e,3,
02:00 - 03:00,68,,n/e,n/e,n/e,n/e,644,,n/e,n/e,n/e,n/e,n/e,n/e,n/e,n/e,n/e,n/e,n/e,n/e,324,,n/e,n/e,n/e,n/e,n/e,n/e,0,,n/e,n/e,0,,n/e,n/e,n/e,n/e,5,
03:00 - 04:00,68,,n/e,n/e,n/e,n/e,643,,n/e,n/e,n/e,n/e,n/e,n/e,n/e,n/e,n/e,n/e,n/e,n/e,324,,n/e,n/e,n/e,n/e,n/e,n/e,0,,n/e,n/e,0,,n/e,n/e,n/e,n/e,7,
04:00 - 05:00,68,,n/e,n/e,n/e,n/e,644,,n/e,n/e,n/e,n/e,n/e,n/e,n/e,n/e,n/e,n/e,n/e,n/e,323,,n/e,n/e,n/e,n/e,n/e,n/e,0,,n/e,n/e,0,,n/e,n/e,n/e,n/e,11,
05:00 - 06:00,68,,n/e,n/e,n/e,n/e,811,,n/e,n/e,n/e,n/e,n/e,n/e,n/e,n/e,n/e,n/e,n/e,n/e,363,,n/e,n/e,n/e,n/e,n/e,n/e,0,,n/e,n/e,0,,n/e,n/e,n/e,n/e,13,
06:00 - 07:00,68,,n/e,n/e,n/e,n/e,816,,n/e,n/e,n/e,n/e,n/e,n/e,n/e,n/e,n/e,n/e,n/e,n/e,536,,n/e,n/e,n/e,n/e,n/e,n/e,0,,n/e,n/e,0,,n/e,n/e,n/e,n/e,16,
07:00 - 08:00,69,,n/e,n/e,n/e,n/e,818,,n/e,n/e,n/e,n/e,n/e,n/e,n/e,n/e,n/e,n/e,n/e,n/e,537,,n/e,n/e,n/e,n/e,n/e,n/e,0,,n/e,n/e,0,,n/e,n/e,n/e,n/e,18,
08:00 - 09:00,69,,n/e,n/e,n/e,n/e,820,,n/e,n/e,n/e,n/e,n/e,n/e,n/e,n/e,n/e,n/e,n/e,n/e,537,,n/e,n/e,n/e,n/e,n/e,n/e,0,,n/e,n/e,1,,n/e,n/e,n/e,n/e,12,
09:00 - 10:00,70,,n/e,n/e,n/e,n/e,819,,n/e,n/e,n/e,n/e,n/e,n/e,n/e,n/e,n/e,n/e,n/e,n/e,536,,n/e,n/e,n/e,n/e,n/e,n/e,0,,n/e,n/e,1,,n/e,n/e,n/e,n/e,7,
10:00 - 11:00,68,,n/e,n/e,n/e,n/e,819,,n/e,n/e,n/e,n/e,n/e,n/e,n/e,n/e,n/e,n/e,n/e,n/e,618,,n/e,n/e,n/e,n/e,n/e,n/e,0,,n/e,n/e,2,,n/e,n/e,n/e,n/e,6,
11:00 - 12:00,69,,n/e,n/e,n/e,n/e,820,,n/e,n/e,n/e,n/e,n/e,n/e,n/e,n/e,n/e,n/e,n/e,n/e,625,,n/e,n/e,n/e,n/e,n/e,n/e,0,,n/e,n/e,3,,n/e,n/e,n/e,n/e,4,
12:00 - 13:00,67,,n/e,n/e,n/e,n/e,819,,n/e,n/e,n/e,n/e,n/e,n/e,n/e,n/e,n/e,n/e,n/e,n/e,625,,n/e,n/e,n/e,n/e,n/e,n/e,0,,n/e,n/e,2,,n/e,n/e,n/e,n/e,2,
13:00 - 14:00,69,,n/e,n/e,n/e,n/e,819,,n/e,n/e,n/e,n/e,n/e,n/e,n/e,n/e,n/e,n/e,n/e,n/e,625,,n/e,n/e,n/e,n/e,n/e,n/e,0,,n/e,n/e,1,,n/e,n/e,n/e,n/e,2,
14:00 - 15:00,70,,n/e,n/e,n/e,n/e,818,,n/e,n/e,n/e,n/e,n/e,n/e,n/e,n/e,n/e,n/e,n/e,n/e,625,,n/e,n/e,n/e,n/e,n/e,n/e,0,,n/e,n/e,0,,n/e,n/e,n/e,n/e,5,
15:00 - 16:00,69,,n/e,n/e,n/e,n/e,817,,n/e,n/e,n/e,n/e,n/e,n/e,n/e,n/e,n/e,n/e,n/e,n/e,576,,n/e,n/e,n/e,n/e,n/e,n/e,0,,n/e,n/e,0,,n/e,n/e,n/e,n/e,14,
16:00 - 17:00,69,,n/e,n/e,n/e,n/e,818,,n/e,n/e,n/e,n/e,n/e,n/e,n/e,n/e,n/e,n/e,n/e,n/e,491,,n/e,n/e,n/e,n/e,n/e,n/e,0,,n/e,n/e,0,,n/e,n/e,n/e,n/e,24,
17:00 - 18:00,69,,n/e,n/e,n/e,n/e,817,,n/e,n/e,n/e,n/e,n/e,n/e,n/e,n/e,n/e,n/e,n/e,n/e,508,,n/e,n/e,n/e,n/e,n/e,n/e,0,,n/e,n/e,0,,n/e,n/e,n/e,n/e,32,
18:00 - 19:00,69,,n/e,n/e,n/e,n/e,817,,n/e,n/e,n/e,n/e,n/e,n/e,n/e,n/e,n/e,n/e,n/e,n/e,469,,n/e,n/e,n/e,n/e,n/e,n/e,0,,n/e,n/e,0,,n/e,n/e,n/e,n/e,45,
19:00 - 20:00,69,,n/e,n/e,n/e,n/e,815,,n/e,n/e,n/e,n/e,n/e,n/e,n/e,n/e,n/e,n/e,n/e,n/e,430,,n/e,n/e,n/e,n/e,n/e,n/e,0,,n/e,n/e,0,,n/e,n/e,n/e,n/e,59,
20:00 - 21:00,68,,n/e,n/e,n/e,n/e,819,,n/e,n/e,n/e,n/e,n/e,n/e,n/e,n/e,n/e,n/e,n/e,n/e,429,,n/e,n/e,n/e,n/e,n/e,n/e,0,,n/e,n/e,0,,n/e,n/e,n/e,n/e,82,
21:00 - 22:00,67,,n/e,n/e,n/e,n/e,813,,n/e,n/e,n/e,n/e,n/e,n/e,n/e,n/e,n/e,n/e,n/e,n/e,391,,n/e,n/e,n/e,n/e,n/e,n/e,0,,n/e,n/e,0,,n/e,n/e,n/e,n/e,73,
22:00 - 23:00,66,,n/e,n/e,n/e,n/e,779,,n/e,n/e,n/e,n/e,n/e,n/e,n/e,n/e,n/e,n/e,n/e,n/e,359,,n/e,n/e,n/e,n/e,n/e,n/e,0,,n/e,n/e,0,,n/e,n/e,n/e,n/e,64,
23:00 - 00:00,66,,n/e,n/e,n/e,n/e,646,,n/e,n/e,n/e,n/e,n/e,n/e,n/e,n/e,n/e,n/e,n/e,n/e,324,,n/e,n/e,n/e,n/e,n/e,n/e,0,,n/e,n/e,0,,n/e,n/e,n/e,n/e,53,
00:00 - 01:00,64,,n/e,n/e,n/e,n/e,642,,n/e,n/e,n/e,n/e,n/e,n/e,n/e,n/e,n/e,n/e,n/e,n/e,320,,n/e,n/e,n/e,n/e,n/e,n/e,0,,n/e,n/e,0,,n/e,n/e,n/e,n/e,45,
01:00 - 02:00,66,,n/e,n/e,n/e,n/e,641,,n/e,n/e,n/e,n/e,n/e,n/e,n/e,n/e,n/e,n/e,n/e,n/e,319,,n/e,n/e,n/e,n/e,n/e,n/e,0,,n/e,n/e,0,,n/e,n/e,n/e,n/e,55,
02:00 - 03:00,66,,n/e,n/e,n/e,n/e,641,,n/e,n/e,n/e,n/e,n/e,n/e,n/e,n/e,n/e,n/e,n/e,n/e,321,,n/e,n/e,n/e,n/e,n/e,n/e,0,,n/e,n/e,0,,n/e,n/e,n/e,n/e,90,
03:00 - 04:00,66,,n/e,n/e,n/e,n/e,641,,n/e,n/e,n/e,n/e,n/e,n/e,n/e,n/e,n/e,n/e,n/e,n/e,360,,n/e,n/e,n/e,n/e,n/e,n/e,0,,n/e,n/e,0,,n/e,n/e,n/e,n/e,87,
04:00 - 05:00,65,,n/e,n/e,n/e,n/e,644,,n/e,n/e,n/e,n/e,n/e,n/e,n/e,n/e,n/e,n/e,n/e,n/e,360,,n/e,n/e,n/e,n/e,n/e,n/e,0,,n/e,n/e,0,,n/e,n/e,n/e,n/e,92,
05:00 - 06:00,66,,n/e,n/e,n/e,n/e,797,,n/e,n/e,n/e,n/e,n/e,n/e,n/e,n/e,n/e,n/e,n/e,n/e,378,,n/e,n/e,n/e,n/e,n/e,n/e,0,,n/e,n/e,0,,n/e,n/e,n/e,n/e,77,
06:00 - 07:00,68,,n/e,n/e,n/e,n/e,813,,n/e,n/e,n/e,n/e,n/e,n/e,n/e,n/e,n/e,n/e,n/e,n/e,490,,n/e,n/e,n/e,n/e,n/e,n/e,0,,n/e,n/e,0,,n/e,n/e,n/e,n/e,55,
07:00 - 08:00,71,,n/e,n/e,n/e,n/e,890,,n/e,n/e,n/e,n/e,n/e,n/e,n/e,n/e,n/e,n/e,n/e,n/e,483,,n/e,n/e,n/e,n/e,n/e,n/e,0,,n/e,n/e,0,,n/e,n/e,n/e,n/e,41,
08:00 - 09:00,71,,n/e,n/e,n/e,n/e,890,,n/e,n/e,n/e,n/e,n/e,n/e,n/e,n/e,n/e,n/e,n/e,n/e,482,,n/e,n/e,n/e,n/e,n/e,n/e,0,,n/e,n/e,1,,n/e,n/e,n/e,n/e,42,
09:00 - 10:00,70,,n/e,n/e,n/e,n/e,891,,n/e,n/e,n/e,n/e,n/e,n/e,n/e,n/e,n/e,n/e,n/e,n/e,481,,n/e,n/e,n/e,n/e,n/e,n/e,0,,n/e,n/e,2,,n/e,n/e,n/e,n/e,50,
10:00 - 11:00,69,,n/e,n/e,n/e,n/e,889,,n/e,n/e,n/e,n/e,n/e,n/e,n/e,n/e,n/e,n/e,n/e,n/e,477,,n/e,n/e,n/e,n/e,n/e,n/e,0,,n/e,n/e,3,,n/e,n/e,n/e,n/e,64,
11:00 - 12:00,67,,n/e,n/e,n/e,n/e,914,,n/e,n/e,n/e,n/e,n/e,n/e,n/e,n/e,n/e,n/e,n/e,n/e,247,,n/e,n/e,n/e,n/e,n/e,n/e,0,,n/e,n/e,3,,n/e,n/e,n/e,n/e,60,
12:00 - 13:00,67,,n/e,n/e,n/e,n/e,917,,n/e,n/e,n/e,n/e,n/e,n/e,n/e,n/e,n/e,n/e,n/e,n/e,242,,n/e,n/e,n/e,n/e,n/e,n/e,0,,n/e,n/e,2,,n/e,n/e,n/e,n/e,38,
13:00 - 14:00,69,,n/e,n/e,n/e,n/e,914,,n/e,n/e,n/e,n/e,n/e,n/e,n/e,n/e,n/e,n/e,n/e,n/e,243,,n/e,n/e,n/e,n/e,n/e,n/e,0,,n/e,n/e,1,,n/e,n/e,n/e,n/e,22,
14:00 - 15:00,71,,n/e,n/e,n/e,n/e,913,,n/e,n/e,n/e,n/e,n/e,n/e,n/e,n/e,n/e,n/e,n/e,n/e,243,,n/e,n/e,n/e,n/e,n/e,n/e,0,,n/e,n/e,0,,n/e,n/e,n/e,n/e,3,
15:00 - 16:00,70,,n/e,n/e,n/e,n/e,917,,n/e,n/e,n/e,n/e,n/e,n/e,n/e,n/e,n/e,n/e,n/e,n/e,158,,n/e,n/e,n/e,n/e,n/e,n/e,0,,n/e,n/e,0,,n/e,n/e,n/e,n/e,1,
16:00 - 17:00,71,,n/e,n/e,n/e,n/e,915,,n/e,n/e,n/e,n/e,n/e,n/e,n/e,n/e,n/e,n/e,n/e,n/e,316,,n/e,n/e,n/e,n/e,n/e,n/e,0,,n/e,n/e,0,,n/e,n/e,n/e,n/e,3,
17:00 - 18:00,71,,n/e,n/e,n/e,n/e,915,,n/e,n/e,n/e,n/e,n/e,n/e,n/e,n/e,n/e,n/e,n/e,n/e,303,,n/e,n/e,n/e,n/e,n/e,n/e,0,,n/e,n/e,0,,n/e,n/e,n/e,n/e,14,
18:00 - 19:00,71,,n/e,n/e,n/e,n/e,913,,n/e,n/e,n/e,n/e,n/e,n/e,n/e,n/e,n/e,n/e,n/e,n/e,299,,n/e,n/e,n/e,n/e,n/e,n/e,0,,n/e,n/e,0,,n/e,n/e,n/e,n/e,28,
19:00 - 20:00,71,,n/e,n/e,n/e,n/e,912,,n/e,n/e,n/e,n/e,n/e,n/e,n/e,n/e,n/e,n/e,n/e,n/e,301,,n/e,n/e,n/e,n/e,n/e,n/e,0,,n/e,n/e,0,,n/e,n/e,n/e,n/e,27,
20:00 - 21:00,70,,n/e,n/e,n/e,n/e,908,,n/e,n/e,n/e,n/e,n/e,n/e,n/e,n/e,n/e,n/e,n/e,n/e,290,,n/e,n/e,n/e,n/e,n/e,n/e,0,,n/e,n/e,0,,n/e,n/e,n/e,n/e,22,
21:00 - 22:00,70,,n/e,n/e,n/e,n/e,823,,n/e,n/e,n/e,n/e,n/e,n/e,n/e,n/e,n/e,n/e,n/e,n/e,344,,n/e,n/e,n/e,n/e,n/e,n/e,0,,n/e,n/e,0,,n/e,n/e,n/e,n/e,17,
22:00 - 23:00,70,,n/e,n/e,n/e,n/e,822,,n/e,n/e,n/e,n/e,n/e,n/e,n/e,n/e,n/e,n/e,n/e,n/e,345,,n/e,n/e,n/e,n/e,n/e,n/e,0,,n/e,n/e,0,,n/e,n/e,n/e,n/e,16,
23:00 - 00:00,68,,n/e,n/e,n/e,n/e,817,,n/e,n/e,n/e,n/e,n/e,n/e,n/e,n/e,n/e,n/e,n/e,n/e,327,,n/e,n/e,n/e,n/e,n/e,n/e,0,,n/e,n/e,0,,n/e,n/e,n/e,n/e,20,
00:00 - 01:00,66,,n/e,n/e,n/e,n/e,822,,n/e,n/e,n/e,n/e,n/e,n/e,n/e,n/e,n/e,n/e,n/e,n/e,307,,n/e,n/e,n/e,n/e,n/e,n/e,0,,n/e,n/e,0,,n/e,n/e,n/e,n/e,23,
01:00 - 02:00,68,,n/e,n/e,n/e,n/e,821,,n/e,n/e,n/e,n/e,n/e,n/e,n/e,n/e,n/e,n/e,n/e,n/e,320,,n/e,n/e,n/e,n/e,n/e,n/e,0,,n/e,n/e,0,,n/e,n/e,n/e,n/e,43,
02:00 - 03:00,67,,n/e,n/e,n/e,n/e,819,,n/e,n/e,n/e,n/e,n/e,n/e,n/e,n/e,n/e,n/e,n/e,n/e,320,,n/e,n/e,n/e,n/e,n/e,n/e,0,,n/e,n/e,0,,n/e,n/e,n/e,n/e,70,
03:00 - 04:00,67,,n/e,n/e,n/e,n/e,821,,n/e,n/e,n/e,n/e,n/e,n/e,n/e,n/e,n/e,n/e,n/e,n/e,313,,n/e,n/e,n/e,n/e,n/e,n/e,0,,n/e,n/e,0,,n/e,n/e,n/e,n/e,77,
04:00 - 05:00,67,,n/e,n/e,n/e,n/e,824,,n/e,n/e,n/e,n/e,n/e,n/e,n/e,n/e,n/e,n/e,n/e,n/e,485,,n/e,n/e,n/e,n/e,n/e,n/e,0,,n/e,n/e,0,,n/e,n/e,n/e,n/e,82,
05:00 - 06:00,68,,n/e,n/e,n/e,n/e,831,,n/e,n/e,n/e,n/e,n/e,n/e,n/e,n/e,n/e,n/e,n/e,n/e,574,,n/e,n/e,n/e,n/e,n/e,n/e,0,,n/e,n/e,0,,n/e,n/e,n/e,n/e,88,
06:00 - 07:00,69,,n/e,n/e,n/e,n/e,831,,n/e,n/e,n/e,n/e,n/e,n/e,n/e,n/e,n/e,n/e,n/e,n/e,552,,n/e,n/e,n/e,n/e,n/e,n/e,0,,n/e,n/e,0,,n/e,n/e,n/e,n/e,94,
07:00 - 08:00,68,,n/e,n/e,n/e,n/e,830,,n/e,n/e,n/e,n/e,n/e,n/e,n/e,n/e,n/e,n/e,n/e,n/e,570,,n/e,n/e,n/e,n/e,n/e,n/e,0,,n/e,n/e,1,,n/e,n/e,n/e,n/e,87,
08:00 - 09:00,67,,n/e,n/e,n/e,n/e,829,,n/e,n/e,n/e,n/e,n/e,n/e,n/e,n/e,n/e,n/e,n/e,n/e,572,,n/e,n/e,n/e,n/e,n/e,n/e,0,,n/e,n/e,4,,n/e,n/e,n/e,n/e,80,
09:00 - 10:00,67,,n/e,n/e,n/e,n/e,831,,n/e,n/e,n/e,n/e,n/e,n/e,n/e,n/e,n/e,n/e,n/e,n/e,410,,n/e,n/e,n/e,n/e,n/e,n/e,0,,n/e,n/e,7,,n/e,n/e,n/e,n/e,69,
10:00 - 11:00,66,,n/e,n/e,n/e,n/e,832,,n/e,n/e,n/e,n/e,n/e,n/e,n/e,n/e,n/e,n/e,n/e,n/e,343,,n/e,n/e,n/e,n/e,n/e,n/e,0,,n/e,n/e,9,,n/e,n/e,n/e,n/e,43,
11:00 - 12:00,66,,n/e,n/e,n/e,n/e,832,,n/e,n/e,n/e,n/e,n/e,n/e,n/e,n/e,n/e,n/e,n/e,n/e,326,,n/e,n/e,n/e,n/e,n/e,n/e,0,,n/e,n/e,9,,n/e,n/e,n/e,n/e,41,
12:00 - 13:00,66,,n/e,n/e,n/e,n/e,830,,n/e,n/e,n/e,n/e,n/e,n/e,n/e,n/e,n/e,n/e,n/e,n/e,325,,n/e,n/e,n/e,n/e,n/e,n/e,0,,n/e,n/e,6,,n/e,n/e,n/e,n/e,39,
13:00 - 14:00,69,,n/e,n/e,n/e,n/e,831,,n/e,n/e,n/e,n/e,n/e,n/e,n/e,n/e,n/e,n/e,n/e,n/e,327,,n/e,n/e,n/e,n/e,n/e,n/e,0,,n/e,n/e,2,,n/e,n/e,n/e,n/e,46,
14:00 - 15:00,69,,n/e,n/e,n/e,n/e,833,,n/e,n/e,n/e,n/e,n/e,n/e,n/e,n/e,n/e,n/e,n/e,n/e,346,,n/e,n/e,n/e,n/e,n/e,n/e,0,,n/e,n/e,0,,n/e,n/e,n/e,n/e,77,
15:00 - 16:00,70,,n/e,n/e,n/e,n/e,833,,n/e,n/e,n/e,n/e,n/e,n/e,n/e,n/e,n/e,n/e,n/e,n/e,347,,n/e,n/e,n/e,n/e,n/e,n/e,0,,n/e,n/e,0,,n/e,n/e,n/e,n/e,92,
16:00 - 17:00,70,,n/e,n/e,n/e,n/e,833,,n/e,n/e,n/e,n/e,n/e,n/e,n/e,n/e,n/e,n/e,n/e,n/e,482,,n/e,n/e,n/e,n/e,n/e,n/e,0,,n/e,n/e,0,,n/e,n/e,n/e,n/e,90,
17:00 - 18:00,71,,n/e,n/e,n/e,n/e,833,,n/e,n/e,n/e,n/e,n/e,n/e,n/e,n/e,n/e,n/e,n/e,n/e,488,,n/e,n/e,n/e,n/e,n/e,n/e,0,,n/e,n/e,0,,n/e,n/e,n/e,n/e,82,
18:00 - 19:00,70,,n/e,n/e,n/e,n/e,826,,n/e,n/e,n/e,n/e,n/e,n/e,n/e,n/e,n/e,n/e,n/e,n/e,471,,n/e,n/e,n/e,n/e,n/e,n/e,0,,n/e,n/e,0,,n/e,n/e,n/e,n/e,75,
19:00 - 20:00,70,,n/e,n/e,n/e,n/e,773,,n/e,n/e,n/e,n/e,n/e,n/e,n/e,n/e,n/e,n/e,n/e,n/e,444,,n/e,n/e,n/e,n/e,n/e,n/e,0,,n/e,n/e,0,,n/e,n/e,n/e,n/e,86,
20:00 - 21:00,69,,n/e,n/e,n/e,n/e,767,,n/e,n/e,n/e,n/e,n/e,n/e,n/e,n/e,n/e,n/e,n/e,n/e,429,,n/e,n/e,n/e,n/e,n/e,n/e,0,,n/e,n/e,0,,n/e,n/e,n/e,n/e,81,
21:00 - 22:00,69,,n/e,n/e,n/e,n/e,768,,n/e,n/e,n/e,n/e,n/e,n/e,n/e,n/e,n/e,n/e,n/e,n/e,380,,n/e,n/e,n/e,n/e,n/e,n/e,0,,n/e,n/e,0,,n/e,n/e,n/e,n/e,66,
22:00 - 23:00,66,,n/e,n/e,n/e,n/e,763,,n/e,n/e,n/e,n/e,n/e,n/e,n/e,n/e,n/e,n/e,n/e,n/e,375,,n/e,n/e,n/e,n/e,n/e,n/e,0,,n/e,n/e,0,,n/e,n/e,n/e,n/e,59,
23:00 - 00:00,64,,n/e,n/e,n/e,n/e,647,,n/e,n/e,n/e,n/e,n/e,n/e,n/e,n/e,n/e,n/e,n/e,n/e,291,,n/e,n/e,n/e,n/e,n/e,n/e,0,,n/e,n/e,0,,n/e,n/e,n/e,n/e,65,
00:00 - 01:00,64,,n/e,n/e,n/e,n/e,643,,n/e,n/e,n/e,n/e,n/e,n/e,n/e,n/e,n/e,n/e,n/e,n/e,300,,n/e,n/e,n/e,n/e,n/e,n/e,0,,n/e,n/e,0,,n/e,n/e,n/e,n/e,67,
01:00 - 02:00,65,,n/e,n/e,n/e,n/e,643,,n/e,n/e,n/e,n/e,n/e,n/e,n/e,n/e,n/e,n/e,n/e,n/e,338,,n/e,n/e,n/e,n/e,n/e,n/e,0,,n/e,n/e,0,,n/e,n/e,n/e,n/e,71,
02:00 - 03:00,65,,n/e,n/e,n/e,n/e,641,,n/e,n/e,n/e,n/e,n/e,n/e,n/e,n/e,n/e,n/e,n/e,n/e,324,,n/e,n/e,n/e,n/e,n/e,n/e,0,,n/e,n/e,0,,n/e,n/e,n/e,n/e,65,
03:00 - 04:00,64,,n/e,n/e,n/e,n/e,643,,n/e,n/e,n/e,n/e,n/e,n/e,n/e,n/e,n/e,n/e,n/e,n/e,323,,n/e,n/e,n/e,n/e,n/e,n/e,0,,n/e,n/e,0,,n/e,n/e,n/e,n/e,55,
04:00 - 05:00,64,,n/e,n/e,n/e,n/e,643,,n/e,n/e,n/e,n/e,n/e,n/e,n/e,n/e,n/e,n/e,n/e,n/e,323,,n/e,n/e,n/e,n/e,n/e,n/e,0,,n/e,n/e,0,,n/e,n/e,n/e,n/e,50,
05:00 - 06:00,64,,n/e,n/e,n/e,n/e,807,,n/e,n/e,n/e,n/e,n/e,n/e,n/e,n/e,n/e,n/e,n/e,n/e,377,,n/e,n/e,n/e,n/e,n/e,n/e,0,,n/e,n/e,0,,n/e,n/e,n/e,n/e,47,
06:00 - 07:00,68,,n/e,n/e,n/e,n/e,832,,n/e,n/e,n/e,n/e,n/e,n/e,n/e,n/e,n/e,n/e,n/e,n/e,464,,n/e,n/e,n/e,n/e,n/e,n/e,0,,n/e,n/e,0,,n/e,n/e,n/e,n/e,31,
07:00 - 08:00,69,,n/e,n/e,n/e,n/e,833,,n/e,n/e,n/e,n/e,n/e,n/e,n/e,n/e,n/e,n/e,n/e,n/e,590,,n/e,n/e,n/e,n/e,n/e,n/e,0,,n/e,n/e,0,,n/e,n/e,n/e,n/e,39,
08:00 - 09:00,68,,n/e,n/e,n/e,n/e,876,,n/e,n/e,n/e,n/e,n/e,n/e,n/e,n/e,n/e,n/e,n/e,n/e,606,,n/e,n/e,n/e,n/e,n/e,n/e,0,,n/e,n/e,1,,n/e,n/e,n/e,n/e,41,
09:00 - 10:00,69,,n/e,n/e,n/e,n/e,882,,n/e,n/e,n/e,n/e,n/e,n/e,n/e,n/e,n/e,n/e,n/e,n/e,474,,n/e,n/e,n/e,n/e,n/e,n/e,0,,n/e,n/e,2,,n/e,n/e,n/e,n/e,33,
10:00 - 11:00,69,,n/e,n/e,n/e,n/e,883,,n/e,n/e,n/e,n/e,n/e,n/e,n/e,n/e,n/e,n/e,n/e,n/e,465,,n/e,n/e,n/e,n/e,n/e,n/e,0,,n/e,n/e,4,,n/e,n/e,n/e,n/e,74,
11:00 - 12:00,67,,n/e,n/e,n/e,n/e,883,,n/e,n/e,n/e,n/e,n/e,n/e,n/e,n/e,n/e,n/e,n/e,n/e,449,,n/e,n/e,n/e,n/e,n/e,n/e,0,,n/e,n/e,5,,n/e,n/e,n/e,n/e,93,
12:00 - 13:00,68,,n/e,n/e,n/e,n/e,866,,n/e,n/e,n/e,n/e,n/e,n/e,n/e,n/e,n/e,n/e,n/e,n/e,414,,n/e,n/e,n/e,n/e,n/e,n/e,0,,n/e,n/e,5,,n/e,n/e,n/e,n/e,100,
13:00 - 14:00,69,,n/e,n/e,n/e,n/e,833,,n/e,n/e,n/e,n/e,n/e,n/e,n/e,n/e,n/e,n/e,n/e,n/e,330,,n/e,n/e,n/e,n/e,n/e,n/e,0,,n/e,n/e,2,,n/e,n/e,n/e,n/e,106,
14:00 - 15:00,69,,n/e,n/e,n/e,n/e,834,,n/e,n/e,n/e,n/e,n/e,n/e,n/e,n/e,n/e,n/e,n/e,n/e,328,,n/e,n/e,n/e,n/e,n/e,n/e,0,,n/e,n/e,0,,n/e,n/e,n/e,n/e,93,
15:00 - 16:00,68,,n/e,n/e,n/e,n/e,831,,n/e,n/e,n/e,n/e,n/e,n/e,n/e,n/e,n/e,n/e,n/e,n/e,311,,n/e,n/e,n/e,n/e,n/e,n/e,0,,n/e,n/e,0,,n/e,n/e,n/e,n/e,86,
16:00 - 17:00,68,,n/e,n/e,n/e,n/e,829,,n/e,n/e,n/e,n/e,n/e,n/e,n/e,n/e,n/e,n/e,n/e,n/e,358,,n/e,n/e,n/e,n/e,n/e,n/e,0,,n/e,n/e,0,,n/e,n/e,n/e,n/e,92,
17:00 - 18:00,69,,n/e,n/e,n/e,n/e,829,,n/e,n/e,n/e,n/e,n/e,n/e,n/e,n/e,n/e,n/e,n/e,n/e,361,,n/e,n/e,n/e,n/e,n/e,n/e,0,,n/e,n/e,0,,n/e,n/e,n/e,n/e,98,
18:00 - 19:00,68,,n/e,n/e,n/e,n/e,829,,n/e,n/e,n/e,n/e,n/e,n/e,n/e,n/e,n/e,n/e,n/e,n/e,360,,n/e,n/e,n/e,n/e,n/e,n/e,0,,n/e,n/e,0,,n/e,n/e,n/e,n/e,99,
19:00 - 20:00,69,,n/e,n/e,n/e,n/e,829,,n/e,n/e,n/e,n/e,n/e,n/e,n/e,n/e,n/e,n/e,n/e,n/e,372,,n/e,n/e,n/e,n/e,n/e,n/e,0,,n/e,n/e,0,,n/e,n/e,n/e,n/e,101,
20:00 - 21:00,69,,n/e,n/e,n/e,n/e,828,,n/e,n/e,n/e,n/e,n/e,n/e,n/e,n/e,n/e,n/e,n/e,n/e,345,,n/e,n/e,n/e,n/e,n/e,n/e,0,,n/e,n/e,0,,n/e,n/e,n/e,n/e,103,
21:00 - 22:00,69,,n/e,n/e,n/e,n/e,660,,n/e,n/e,n/e,n/e,n/e,n/e,n/e,n/e,n/e,n/e,n/e,n/e,521,,n/e,n/e,n/e,n/e,n/e,n/e,0,,n/e,n/e,0,,n/e,n/e,n/e,n/e,103,
22:00 - 23:00,65,,n/e,n/e,n/e,n/e,645,,n/e,n/e,n/e,n/e,n/e,n/e,n/e,n/e,n/e,n/e,n/e,n/e,492,,n/e,n/e,n/e,n/e,n/e,n/e,0,,n/e,n/e,0,,n/e,n/e,n/e,n/e,103,
23:00 - 00:00,65,,n/e,n/e,n/e,n/e,643,,n/e,n/e,n/e,n/e,n/e,n/e,n/e,n/e,n/e,n/e,n/e,n/e,324,,n/e,n/e,n/e,n/e,n/e,n/e,0,,n/e,n/e,0,,n/e,n/e,n/e,n/e,101,
00:00 - 01:00,63,,n/e,n/e,n/e,n/e,644,,n/e,n/e,n/e,n/e,n/e,n/e,n/e,n/e,n/e,n/e,n/e,n/e,324,,n/e,n/e,n/e,n/e,n/e,n/e,0,,n/e,n/e,0,,n/e,n/e,n/e,n/e,97,
01:00 - 02:00,50,,n/e,n/e,n/e,n/e,644,,n/e,n/e,n/e,n/e,n/e,n/e,n/e,n/e,n/e,n/e,n/e,n/e,324,,n/e,n/e,n/e,n/e,n/e,n/e,0,,n/e,n/e,0,,n/e,n/e,n/e,n/e,86,
02:00 - 03:00,48,,n/e,n/e,n/e,n/e,645,,n/e,n/e,n/e,n/e,n/e,n/e,n/e,n/e,n/e,n/e,n/e,n/e,324,,n/e,n/e,n/e,n/e,n/e,n/e,0,,n/e,n/e,0,,n/e,n/e,n/e,n/e,66,
03:00 - 04:00,47,,n/e,n/e,n/e,n/e,644,,n/e,n/e,n/e,n/e,n/e,n/e,n/e,n/e,n/e,n/e,n/e,n/e,324,,n/e,n/e,n/e,n/e,n/e,n/e,0,,n/e,n/e,0,,n/e,n/e,n/e,n/e,55,
04:00 - 05:00,45,,n/e,n/e,n/e,n/e,643,,n/e,n/e,n/e,n/e,n/e,n/e,n/e,n/e,n/e,n/e,n/e,n/e,326,,n/e,n/e,n/e,n/e,n/e,n/e,0,,n/e,n/e,0,,n/e,n/e,n/e,n/e,47,
05:00 - 06:00,46,,n/e,n/e,n/e,n/e,804,,n/e,n/e,n/e,n/e,n/e,n/e,n/e,n/e,n/e,n/e,n/e,n/e,342,,n/e,n/e,n/e,n/e,n/e,n/e,0,,n/e,n/e,0,,n/e,n/e,n/e,n/e,71,
06:00 - 07:00,49,,n/e,n/e,n/e,n/e,825,,n/e,n/e,n/e,n/e,n/e,n/e,n/e,n/e,n/e,n/e,n/e,n/e,342,,n/e,n/e,n/e,n/e,n/e,n/e,0,,n/e,n/e,0,,n/e,n/e,n/e,n/e,83,
07:00 - 08:00,51,,n/e,n/e,n/e,n/e,825,,n/e,n/e,n/e,n/e,n/e,n/e,n/e,n/e,n/e,n/e,n/e,n/e,325,,n/e,n/e,n/e,n/e,n/e,n/e,0,,n/e,n/e,2,,n/e,n/e,n/e,n/e,74,
08:00 - 09:00,53,,n/e,n/e,n/e,n/e,825,,n/e,n/e,n/e,n/e,n/e,n/e,n/e,n/e,n/e,n/e,n/e,n/e,356,,n/e,n/e,n/e,n/e,n/e,n/e,0,,n/e,n/e,5,,n/e,n/e,n/e,n/e,65,
09:00 - 10:00,52,,n/e,n/e,n/e,n/e,827,,n/e,n/e,n/e,n/e,n/e,n/e,n/e,n/e,n/e,n/e,n/e,n/e,244,,n/e,n/e,n/e,n/e,n/e,n/e,0,,n/e,n/e,7,,n/e,n/e,n/e,n/e,78,
10:00 - 11:00,51,,n/e,n/e,n/e,n/e,828,,n/e,n/e,n/e,n/e,n/e,n/e,n/e,n/e,n/e,n/e,n/e,n/e,238,,n/e,n/e,n/e,n/e,n/e,n/e,0,,n/e,n/e,5,,n/e,n/e,n/e,n/e,40,
11:00 - 12:00,51,,n/e,n/e,n/e,n/e,827,,n/e,n/e,n/e,n/e,n/e,n/e,n/e,n/e,n/e,n/e,n/e,n/e,238,,n/e,n/e,n/e,n/e,n/e,n/e,0,,n/e,n/e,4,,n/e,n/e,n/e,n/e,84,
12:00 - 13:00,49,,n/e,n/e,n/e,n/e,827,,n/e,n/e,n/e,n/e,n/e,n/e,n/e,n/e,n/e,n/e,n/e,n/e,246,,n/e,n/e,n/e,n/e,n/e,n/e,0,,n/e,n/e,3,,n/e,n/e,n/e,n/e,82,
13:00 - 14:00,49,,n/e,n/e,n/e,n/e,831,,n/e,n/e,n/e,n/e,n/e,n/e,n/e,n/e,n/e,n/e,n/e,n/e,321,,n/e,n/e,n/e,n/e,n/e,n/e,0,,n/e,n/e,2,,n/e,n/e,n/e,n/e,72,
14:00 - 15:00,48,,n/e,n/e,n/e,n/e,832,,n/e,n/e,n/e,n/e,n/e,n/e,n/e,n/e,n/e,n/e,n/e,n/e,507,,n/e,n/e,n/e,n/e,n/e,n/e,0,,n/e,n/e,0,,n/e,n/e,n/e,n/e,53,
15:00 - 16:00,49,,n/e,n/e,n/e,n/e,833,,n/e,n/e,n/e,n/e,n/e,n/e,n/e,n/e,n/e,n/e,n/e,n/e,490,,n/e,n/e,n/e,n/e,n/e,n/e,0,,n/e,n/e,0,,n/e,n/e,n/e,n/e,41,
16:00 - 17:00,51,,n/e,n/e,n/e,n/e,833,,n/e,n/e,n/e,n/e,n/e,n/e,n/e,n/e,n/e,n/e,n/e,n/e,643,,n/e,n/e,n/e,n/e,n/e,n/e,0,,n/e,n/e,0,,n/e,n/e,n/e,n/e,37,
17:00 - 18:00,52,,n/e,n/e,n/e,n/e,832,,n/e,n/e,n/e,n/e,n/e,n/e,n/e,n/e,n/e,n/e,n/e,n/e,658,,n/e,n/e,n/e,n/e,n/e,n/e,0,,n/e,n/e,0,,n/e,n/e,n/e,n/e,27,
18:00 - 19:00,53,,n/e,n/e,n/e,n/e,832,,n/e,n/e,n/e,n/e,n/e,n/e,n/e,n/e,n/e,n/e,n/e,n/e,658,,n/e,n/e,n/e,n/e,n/e,n/e,0,,n/e,n/e,0,,n/e,n/e,n/e,n/e,25,
19:00 - 20:00,52,,n/e,n/e,n/e,n/e,829,,n/e,n/e,n/e,n/e,n/e,n/e,n/e,n/e,n/e,n/e,n/e,n/e,581,,n/e,n/e,n/e,n/e,n/e,n/e,0,,n/e,n/e,0,,n/e,n/e,n/e,n/e,25,
20:00 - 21:00,51,,n/e,n/e,n/e,n/e,668,,n/e,n/e,n/e,n/e,n/e,n/e,n/e,n/e,n/e,n/e,n/e,n/e,428,,n/e,n/e,n/e,n/e,n/e,n/e,0,,n/e,n/e,0,,n/e,n/e,n/e,n/e,23,
21:00 - 22:00,52,,n/e,n/e,n/e,n/e,664,,n/e,n/e,n/e,n/e,n/e,n/e,n/e,n/e,n/e,n/e,n/e,n/e,427,,n/e,n/e,n/e,n/e,n/e,n/e,0,,n/e,n/e,0,,n/e,n/e,n/e,n/e,8,
22:00 - 23:00,46,,n/e,n/e,n/e,n/e,664,,n/e,n/e,n/e,n/e,n/e,n/e,n/e,n/e,n/e,n/e,n/e,n/e,339,,n/e,n/e,n/e,n/e,n/e,n/e,0,,n/e,n/e,0,,n/e,n/e,n/e,n/e,6,
23:00 - 00:00,45,,n/e,n/e,n/e,n/e,643,,n/e,n/e,n/e,n/e,n/e,n/e,n/e,n/e,n/e,n/e,n/e,n/e,250,,n/e,n/e,n/e,n/e,n/e,n/e,0,,n/e,n/e,0,,n/e,n/e,n/e,n/e,9,
00:00 - 01:00,45,,n/e,n/e,n/e,n/e,643,,n/e,n/e,n/e,n/e,n/e,n/e,n/e,n/e,n/e,n/e,n/e,n/e,249,,n/e,n/e,n/e,n/e,n/e,n/e,0,,n/e,n/e,0,,n/e,n/e,n/e,n/e,18,
01:00 - 02:00,44,,n/e,n/e,n/e,n/e,643,,n/e,n/e,n/e,n/e,n/e,n/e,n/e,n/e,n/e,n/e,n/e,n/e,249,,n/e,n/e,n/e,n/e,n/e,n/e,0,,n/e,n/e,0,,n/e,n/e,n/e,n/e,22,
02:00 - 03:00,44,,n/e,n/e,n/e,n/e,643,,n/e,n/e,n/e,n/e,n/e,n/e,n/e,n/e,n/e,n/e,n/e,n/e,249,,n/e,n/e,n/e,n/e,n/e,n/e,0,,n/e,n/e,0,,n/e,n/e,n/e,n/e,19,
03:00 - 04:00,44,,n/e,n/e,n/e,n/e,644,,n/e,n/e,n/e,n/e,n/e,n/e,n/e,n/e,n/e,n/e,n/e,n/e,249,,n/e,n/e,n/e,n/e,n/e,n/e,0,,n/e,n/e,0,,n/e,n/e,n/e,n/e,14,
04:00 - 05:00,44,,n/e,n/e,n/e,n/e,644,,n/e,n/e,n/e,n/e,n/e,n/e,n/e,n/e,n/e,n/e,n/e,n/e,253,,n/e,n/e,n/e,n/e,n/e,n/e,0,,n/e,n/e,0,,n/e,n/e,n/e,n/e,15,
05:00 - 06:00,44,,n/e,n/e,n/e,n/e,733,,n/e,n/e,n/e,n/e,n/e,n/e,n/e,n/e,n/e,n/e,n/e,n/e,340,,n/e,n/e,n/e,n/e,n/e,n/e,0,,n/e,n/e,0,,n/e,n/e,n/e,n/e,17,
06:00 - 07:00,47,,n/e,n/e,n/e,n/e,806,,n/e,n/e,n/e,n/e,n/e,n/e,n/e,n/e,n/e,n/e,n/e,n/e,244,,n/e,n/e,n/e,n/e,n/e,n/e,0,,n/e,n/e,0,,n/e,n/e,n/e,n/e,14,
07:00 - 08:00,49,,n/e,n/e,n/e,n/e,872,,n/e,n/e,n/e,n/e,n/e,n/e,n/e,n/e,n/e,n/e,n/e,n/e,242,,n/e,n/e,n/e,n/e,n/e,n/e,0,,n/e,n/e,1,,n/e,n/e,n/e,n/e,14,
08:00 - 09:00,49,,n/e,n/e,n/e,n/e,911,,n/e,n/e,n/e,n/e,n/e,n/e,n/e,n/e,n/e,n/e,n/e,n/e,350,,n/e,n/e,n/e,n/e,n/e,n/e,0,,n/e,n/e,2,,n/e,n/e,n/e,n/e,12,
09:00 - 10:00,49,,n/e,n/e,n/e,n/e,911,,n/e,n/e,n/e,n/e,n/e,n/e,n/e,n/e,n/e,n/e,n/e,n/e,423,,n/e,n/e,n/e,n/e,n/e,n/e,0,,n/e,n/e,2,,n/e,n/e,n/e,n/e,6,
10:00 - 11:00,48,,n/e,n/e,n/e,n/e,911,,n/e,n/e,n/e,n/e,n/e,n/e,n/e,n/e,n/e,n/e,n/e,n/e,406,,n/e,n/e,n/e,n/e,n/e,n/e,0,,n/e,n/e,2,,n/e,n/e,n/e,n/e,1,
11:00 - 12:00,49,,n/e,n/e,n/e,n/e,911,,n/e,n/e,n/e,n/e,n/e,n/e,n/e,n/e,n/e,n/e,n/e,n/e,405,,n/e,n/e,n/e,n/e,n/e,n/e,0,,n/e,n/e,2,,n/e,n/e,n/e,n/e,2,
12:00 - 13:00,50,,n/e,n/e,n/e,n/e,911,,n/e,n/e,n/e,n/e,n/e,n/e,n/e,n/e,n/e,n/e,n/e,n/e,354,,n/e,n/e,n/e,n/e,n/e,n/e,0,,n/e,n/e,1,,n/e,n/e,n/e,n/e,1,
13:00 - 14:00,50,,n/e,n/e,n/e,n/e,912,,n/e,n/e,n/e,n/e,n/e,n/e,n/e,n/e,n/e,n/e,n/e,n/e,381,,n/e,n/e,n/e,n/e,n/e,n/e,0,,n/e,n/e,1,,n/e,n/e,n/e,n/e,1,
14:00 - 15:00,50,,n/e,n/e,n/e,n/e,913,,n/e,n/e,n/e,n/e,n/e,n/e,n/e,n/e,n/e,n/e,n/e,n/e,443,,n/e,n/e,n/e,n/e,n/e,n/e,0,,n/e,n/e,0,,n/e,n/e,n/e,n/e,1,
15:00 - 16:00,50,,n/e,n/e,n/e,n/e,913,,n/e,n/e,n/e,n/e,n/e,n/e,n/e,n/e,n/e,n/e,n/e,n/e,475,,n/e,n/e,n/e,n/e,n/e,n/e,0,,n/e,n/e,0,,n/e,n/e,n/e,n/e,1,
16:00 - 17:00,50,,n/e,n/e,n/e,n/e,913,,n/e,n/e,n/e,n/e,n/e,n/e,n/e,n/e,n/e,n/e,n/e,n/e,533,,n/e,n/e,n/e,n/e,n/e,n/e,0,,n/e,n/e,0,,n/e,n/e,n/e,n/e,1,
17:00 - 18:00,49,,n/e,n/e,n/e,n/e,913,,n/e,n/e,n/e,n/e,n/e,n/e,n/e,n/e,n/e,n/e,n/e,n/e,530,,n/e,n/e,n/e,n/e,n/e,n/e,0,,n/e,n/e,0,,n/e,n/e,n/e,n/e,4,
18:00 - 19:00,48,,n/e,n/e,n/e,n/e,914,,n/e,n/e,n/e,n/e,n/e,n/e,n/e,n/e,n/e,n/e,n/e,n/e,302,,n/e,n/e,n/e,n/e,n/e,n/e,0,,n/e,n/e,0,,n/e,n/e,n/e,n/e,0,
19:00 - 20:00,48,,n/e,n/e,n/e,n/e,910,,n/e,n/e,n/e,n/e,n/e,n/e,n/e,n/e,n/e,n/e,n/e,n/e,351,,n/e,n/e,n/e,n/e,n/e,n/e,0,,n/e,n/e,0,,n/e,n/e,n/e,n/e,0,
20:00 - 21:00,48,,n/e,n/e,n/e,n/e,812,,n/e,n/e,n/e,n/e,n/e,n/e,n/e,n/e,n/e,n/e,n/e,n/e,252,,n/e,n/e,n/e,n/e,n/e,n/e,0,,n/e,n/e,0,,n/e,n/e,n/e,n/e,0,
21:00 - 22:00,46,,n/e,n/e,n/e,n/e,789,,n/e,n/e,n/e,n/e,n/e,n/e,n/e,n/e,n/e,n/e,n/e,n/e,251,,n/e,n/e,n/e,n/e,n/e,n/e,0,,n/e,n/e,0,,n/e,n/e,n/e,n/e,0,
22:00 - 23:00,46,,n/e,n/e,n/e,n/e,594,,n/e,n/e,n/e,n/e,n/e,n/e,n/e,n/e,n/e,n/e,n/e,n/e,456,,n/e,n/e,n/e,n/e,n/e,n/e,0,,n/e,n/e,0,,n/e,n/e,n/e,n/e,0,
23:00 - 00:00,44,,n/e,n/e,n/e,n/e,376,,n/e,n/e,n/e,n/e,n/e,n/e,n/e,n/e,n/e,n/e,n/e,n/e,127,,n/e,n/e,n/e,n/e,n/e,n/e,0,,n/e,n/e,0,,n/e,n/e,n/e,n/e,0,
00:00 - 01:00,43,,n/e,n/e,n/e,n/e,367,,n/e,n/e,n/e,n/e,n/e,n/e,n/e,n/e,n/e,n/e,n/e,n/e,169,,n/e,n/e,n/e,n/e,n/e,n/e,0,,n/e,n/e,0,,n/e,n/e,n/e,n/e,0,
01:00 - 02:00,44,,n/e,n/e,n/e,n/e,367,,n/e,n/e,n/e,n/e,n/e,n/e,n/e,n/e,n/e,n/e,n/e,n/e,151,,n/e,n/e,n/e,n/e,n/e,n/e,0,,n/e,n/e,0,,n/e,n/e,n/e,n/e,0,
02:00 - 03:00,44,,n/e,n/e,n/e,n/e,367,,n/e,n/e,n/e,n/e,n/e,n/e,n/e,n/e,n/e,n/e,n/e,n/e,146,,n/e,n/e,n/e,n/e,n/e,n/e,0,,n/e,n/e,0,,n/e,n/e,n/e,n/e,1,
03:00 - 04:00,44,,n/e,n/e,n/e,n/e,366,,n/e,n/e,n/e,n/e,n/e,n/e,n/e,n/e,n/e,n/e,n/e,n/e,181,,n/e,n/e,n/e,n/e,n/e,n/e,0,,n/e,n/e,0,,n/e,n/e,n/e,n/e,1,
04:00 - 05:00,44,,n/e,n/e,n/e,n/e,367,,n/e,n/e,n/e,n/e,n/e,n/e,n/e,n/e,n/e,n/e,n/e,n/e,272,,n/e,n/e,n/e,n/e,n/e,n/e,0,,n/e,n/e,0,,n/e,n/e,n/e,n/e,2,
05:00 - 06:00,45,,n/e,n/e,n/e,n/e,369,,n/e,n/e,n/e,n/e,n/e,n/e,n/e,n/e,n/e,n/e,n/e,n/e,274,,n/e,n/e,n/e,n/e,n/e,n/e,0,,n/e,n/e,0,,n/e,n/e,n/e,n/e,4,
06:00 - 07:00,45,,n/e,n/e,n/e,n/e,367,,n/e,n/e,n/e,n/e,n/e,n/e,n/e,n/e,n/e,n/e,n/e,n/e,379,,n/e,n/e,n/e,n/e,n/e,n/e,0,,n/e,n/e,0,,n/e,n/e,n/e,n/e,10,
07:00 - 08:00,45,,n/e,n/e,n/e,n/e,366,,n/e,n/e,n/e,n/e,n/e,n/e,n/e,n/e,n/e,n/e,n/e,n/e,397,,n/e,n/e,n/e,n/e,n/e,n/e,0,,n/e,n/e,2,,n/e,n/e,n/e,n/e,23,
08:00 - 09:00,45,,n/e,n/e,n/e,n/e,367,,n/e,n/e,n/e,n/e,n/e,n/e,n/e,n/e,n/e,n/e,n/e,n/e,397,,n/e,n/e,n/e,n/e,n/e,n/e,0,,n/e,n/e,4,,n/e,n/e,n/e,n/e,45,
09:00 - 10:00,44,,n/e,n/e,n/e,n/e,368,,n/e,n/e,n/e,n/e,n/e,n/e,n/e,n/e,n/e,n/e,n/e,n/e,456,,n/e,n/e,n/e,n/e,n/e,n/e,0,,n/e,n/e,8,,n/e,n/e,n/e,n/e,63,
10:00 - 11:00,44,,n/e,n/e,n/e,n/e,367,,n/e,n/e,n/e,n/e,n/e,n/e,n/e,n/e,n/e,n/e,n/e,n/e,483,,n/e,n/e,n/e,n/e,n/e,n/e,0,,n/e,n/e,10,,n/e,n/e,n/e,n/e,71,
11:00 - 12:00,45,,n/e,n/e,n/e,n/e,367,,n/e,n/e,n/e,n/e,n/e,n/e,n/e,n/e,n/e,n/e,n/e,n/e,486,,n/e,n/e,n/e,n/e,n/e,n/e,0,,n/e,n/e,9,,n/e,n/e,n/e,n/e,85,
12:00 - 13:00,45,,n/e,n/e,n/e,n/e,367,,n/e,n/e,n/e,n/e,n/e,n/e,n/e,n/e,n/e,n/e,n/e,n/e,449,,n/e,n/e,n/e,n/e,n/e,n/e,0,,n/e,n/e,5,,n/e,n/e,n/e,n/e,87,
13:00 - 14:00,45,,n/e,n/e,n/e,n/e,366,,n/e,n/e,n/e,n/e,n/e,n/e,n/e,n/e,n/e,n/e,n/e,n/e,524,,n/e,n/e,n/e,n/e,n/e,n/e,0,,n/e,n/e,1,,n/e,n/e,n/e,n/e,88,
14:00 - 15:00,46,,n/e,n/e,n/e,n/e,366,,n/e,n/e,n/e,n/e,n/e,n/e,n/e,n/e,n/e,n/e,n/e,n/e,654,,n/e,n/e,n/e,n/e,n/e,n/e,0,,n/e,n/e,0,,n/e,n/e,n/e,n/e,92,
15:00 - 16:00,46,,n/e,n/e,n/e,n/e,366,,n/e,n/e,n/e,n/e,n/e,n/e,n/e,n/e,n/e,n/e,n/e,n/e,659,,n/e,n/e,n/e,n/e,n/e,n/e,0,,n/e,n/e,0,,n/e,n/e,n/e,n/e,90,
16:00 - 17:00,46,,n/e,n/e,n/e,n/e,366,,n/e,n/e,n/e,n/e,n/e,n/e,n/e,n/e,n/e,n/e,n/e,n/e,557,,n/e,n/e,n/e,n/e,n/e,n/e,0,,n/e,n/e,0,,n/e,n/e,n/e,n/e,89,
17:00 - 18:00,47,,n/e,n/e,n/e,n/e,366,,n/e,n/e,n/e,n/e,n/e,n/e,n/e,n/e,n/e,n/e,n/e,n/e,554,,n/e,n/e,n/e,n/e,n/e,n/e,0,,n/e,n/e,0,,n/e,n/e,n/e,n/e,88,
18:00 - 19:00,47,,n/e,n/e,n/e,n/e,366,,n/e,n/e,n/e,n/e,n/e,n/e,n/e,n/e,n/e,n/e,n/e,n/e,439,,n/e,n/e,n/e,n/e,n/e,n/e,0,,n/e,n/e,0,,n/e,n/e,n/e,n/e,86,
19:00 - 20:00,46,,n/e,n/e,n/e,n/e,362,,n/e,n/e,n/e,n/e,n/e,n/e,n/e,n/e,n/e,n/e,n/e,n/e,296,,n/e,n/e,n/e,n/e,n/e,n/e,0,,n/e,n/e,0,,n/e,n/e,n/e,n/e,99,
20:00 - 21:00,44,,n/e,n/e,n/e,n/e,361,,n/e,n/e,n/e,n/e,n/e,n/e,n/e,n/e,n/e,n/e,n/e,n/e,176,,n/e,n/e,n/e,n/e,n/e,n/e,0,,n/e,n/e,0,,n/e,n/e,n/e,n/e,108,
21:00 - 22:00,44,,n/e,n/e,n/e,n/e,361,,n/e,n/e,n/e,n/e,n/e,n/e,n/e,n/e,n/e,n/e,n/e,n/e,194,,n/e,n/e,n/e,n/e,n/e,n/e,0,,n/e,n/e,0,,n/e,n/e,n/e,n/e,109,
22:00 - 23:00,42,,n/e,n/e,n/e,n/e,361,,n/e,n/e,n/e,n/e,n/e,n/e,n/e,n/e,n/e,n/e,n/e,n/e,176,,n/e,n/e,n/e,n/e,n/e,n/e,0,,n/e,n/e,0,,n/e,n/e,n/e,n/e,105,
23:00 - 00:00,41,,n/e,n/e,n/e,n/e,362,,n/e,n/e,n/e,n/e,n/e,n/e,n/e,n/e,n/e,n/e,n/e,n/e,182,,n/e,n/e,n/e,n/e,n/e,n/e,0,,n/e,n/e,0,,n/e,n/e,n/e,n/e,93,
00:00 - 01:00,41,,n/e,n/e,n/e,n/e,362,,n/e,n/e,n/e,n/e,n/e,n/e,n/e,n/e,n/e,n/e,n/e,n/e,178,,n/e,n/e,n/e,n/e,n/e,n/e,0,,n/e,n/e,0,,n/e,n/e,n/e,n/e,85,
01:00 - 02:00,41,,n/e,n/e,n/e,n/e,362,,n/e,n/e,n/e,n/e,n/e,n/e,n/e,n/e,n/e,n/e,n/e,n/e,147,,n/e,n/e,n/e,n/e,n/e,n/e,0,,n/e,n/e,0,,n/e,n/e,n/e,n/e,91,
02:00 - 03:00,42,,n/e,n/e,n/e,n/e,361,,n/e,n/e,n/e,n/e,n/e,n/e,n/e,n/e,n/e,n/e,n/e,n/e,132,,n/e,n/e,n/e,n/e,n/e,n/e,0,,n/e,n/e,0,,n/e,n/e,n/e,n/e,99,
03:00 - 04:00,44,,n/e,n/e,n/e,n/e,361,,n/e,n/e,n/e,n/e,n/e,n/e,n/e,n/e,n/e,n/e,n/e,n/e,126,,n/e,n/e,n/e,n/e,n/e,n/e,0,,n/e,n/e,0,,n/e,n/e,n/e,n/e,99,
04:00 - 05:00,44,,n/e,n/e,n/e,n/e,361,,n/e,n/e,n/e,n/e,n/e,n/e,n/e,n/e,n/e,n/e,n/e,n/e,134,,n/e,n/e,n/e,n/e,n/e,n/e,0,,n/e,n/e,0,,n/e,n/e,n/e,n/e,103,
05:00 - 06:00,47,,n/e,n/e,n/e,n/e,361,,n/e,n/e,n/e,n/e,n/e,n/e,n/e,n/e,n/e,n/e,n/e,n/e,332,,n/e,n/e,n/e,n/e,n/e,n/e,0,,n/e,n/e,0,,n/e,n/e,n/e,n/e,103,
06:00 - 07:00,48,,n/e,n/e,n/e,n/e,361,,n/e,n/e,n/e,n/e,n/e,n/e,n/e,n/e,n/e,n/e,n/e,n/e,363,,n/e,n/e,n/e,n/e,n/e,n/e,0,,n/e,n/e,0,,n/e,n/e,n/e,n/e,103,
07:00 - 08:00,48,,n/e,n/e,n/e,n/e,362,,n/e,n/e,n/e,n/e,n/e,n/e,n/e,n/e,n/e,n/e,n/e,n/e,364,,n/e,n/e,n/e,n/e,n/e,n/e,0,,n/e,n/e,0,,n/e,n/e,n/e,n/e,108,
08:00 - 09:00,47,,n/e,n/e,n/e,n/e,363,,n/e,n/e,n/e,n/e,n/e,n/e,n/e,n/e,n/e,n/e,n/e,n/e,436,,n/e,n/e,n/e,n/e,n/e,n/e,0,,n/e,n/e,1,,n/e,n/e,n/e,n/e,108,
09:00 - 10:00,48,,n/e,n/e,n/e,n/e,360,,n/e,n/e,n/e,n/e,n/e,n/e,n/e,n/e,n/e,n/e,n/e,n/e,444,,n/e,n/e,n/e,n/e,n/e,n/e,0,,n/e,n/e,2,,n/e,n/e,n/e,n/e,111,
10:00 - 11:00,47,,n/e,n/e,n/e,n/e,363,,n/e,n/e,n/e,n/e,n/e,n/e,n/e,n/e,n/e,n/e,n/e,n/e,443,,n/e,n/e,n/e,n/e,n/e,n/e,0,,n/e,n/e,3,,n/e,n/e,n/e,n/e,113,
11:00 - 12:00,48,,n/e,n/e,n/e,n/e,364,,n/e,n/e,n/e,n/e,n/e,n/e,n/e,n/e,n/e,n/e,n/e,n/e,436,,n/e,n/e,n/e,n/e,n/e,n/e,0,,n/e,n/e,3,,n/e,n/e,n/e,n/e,116,
12:00 - 13:00,48,,n/e,n/e,n/e,n/e,364,,n/e,n/e,n/e,n/e,n/e,n/e,n/e,n/e,n/e,n/e,n/e,n/e,461,,n/e,n/e,n/e,n/e,n/e,n/e,0,,n/e,n/e,2,,n/e,n/e,n/e,n/e,120,
13:00 - 14:00,47,,n/e,n/e,n/e,n/e,360,,n/e,n/e,n/e,n/e,n/e,n/e,n/e,n/e,n/e,n/e,n/e,n/e,507,,n/e,n/e,n/e,n/e,n/e,n/e,0,,n/e,n/e,1,,n/e,n/e,n/e,n/e,121,
14:00 - 15:00,47,,n/e,n/e,n/e,n/e,362,,n/e,n/e,n/e,n/e,n/e,n/e,n/e,n/e,n/e,n/e,n/e,n/e,528,,n/e,n/e,n/e,n/e,n/e,n/e,0,,n/e,n/e,0,,n/e,n/e,n/e,n/e,119,
15:00 - 16:00,50,,n/e,n/e,n/e,n/e,363,,n/e,n/e,n/e,n/e,n/e,n/e,n/e,n/e,n/e,n/e,n/e,n/e,545,,n/e,n/e,n/e,n/e,n/e,n/e,0,,n/e,n/e,0,,n/e,n/e,n/e,n/e,117,
16:00 - 17:00,50,,n/e,n/e,n/e,n/e,362,,n/e,n/e,n/e,n/e,n/e,n/e,n/e,n/e,n/e,n/e,n/e,n/e,572,,n/e,n/e,n/e,n/e,n/e,n/e,0,,n/e,n/e,0,,n/e,n/e,n/e,n/e,117,
17:00 - 18:00,48,,n/e,n/e,n/e,n/e,363,,n/e,n/e,n/e,n/e,n/e,n/e,n/e,n/e,n/e,n/e,n/e,n/e,570,,n/e,n/e,n/e,n/e,n/e,n/e,0,,n/e,n/e,0,,n/e,n/e,n/e,n/e,117,
18:00 - 19:00,46,,n/e,n/e,n/e,n/e,366,,n/e,n/e,n/e,n/e,n/e,n/e,n/e,n/e,n/e,n/e,n/e,n/e,465,,n/e,n/e,n/e,n/e,n/e,n/e,0,,n/e,n/e,0,,n/e,n/e,n/e,n/e,117,
19:00 - 20:00,48,,n/e,n/e,n/e,n/e,363,,n/e,n/e,n/e,n/e,n/e,n/e,n/e,n/e,n/e,n/e,n/e,n/e,241,,n/e,n/e,n/e,n/e,n/e,n/e,0,,n/e,n/e,0,,n/e,n/e,n/e,n/e,114,
20:00 - 21:00,46,,n/e,n/e,n/e,n/e,354,,n/e,n/e,n/e,n/e,n/e,n/e,n/e,n/e,n/e,n/e,n/e,n/e,218,,n/e,n/e,n/e,n/e,n/e,n/e,0,,n/e,n/e,0,,n/e,n/e,n/e,n/e,112,
21:00 - 22:00,44,,n/e,n/e,n/e,n/e,353,,n/e,n/e,n/e,n/e,n/e,n/e,n/e,n/e,n/e,n/e,n/e,n/e,237,,n/e,n/e,n/e,n/e,n/e,n/e,0,,n/e,n/e,0,,n/e,n/e,n/e,n/e,111,
22:00 - 23:00,44,,n/e,n/e,n/e,n/e,362,,n/e,n/e,n/e,n/e,n/e,n/e,n/e,n/e,n/e,n/e,n/e,n/e,206,,n/e,n/e,n/e,n/e,n/e,n/e,0,,n/e,n/e,0,,n/e,n/e,n/e,n/e,110,
23:00 - 00:00,43,,n/e,n/e,n/e,n/e,363,,n/e,n/e,n/e,n/e,n/e,n/e,n/e,n/e,n/e,n/e,n/e,n/e,171,,n/e,n/e,n/e,n/e,n/e,n/e,0,,n/e,n/e,0,,n/e,n/e,n/e,n/e,110,
00:00 - 01:00,42,,n/e,n/e,n/e,n/e,363,,n/e,n/e,n/e,n/e,n/e,n/e,n/e,n/e,n/e,n/e,n/e,n/e,167,,n/e,n/e,n/e,n/e,n/e,n/e,0,,n/e,n/e,0,,n/e,n/e,n/e,n/e,109,
01:00 - 02:00,41,,n/e,n/e,n/e,n/e,364,,n/e,n/e,n/e,n/e,n/e,n/e,n/e,n/e,n/e,n/e,n/e,n/e,181,,n/e,n/e,n/e,n/e,n/e,n/e,0,,n/e,n/e,0,,n/e,n/e,n/e,n/e,110,
02:00 - 03:00,42,,n/e,n/e,n/e,n/e,365,,n/e,n/e,n/e,n/e,n/e,n/e,n/e,n/e,n/e,n/e,n/e,n/e,181,,n/e,n/e,n/e,n/e,n/e,n/e,0,,n/e,n/e,0,,n/e,n/e,n/e,n/e,108,
03:00 - 04:00,42,,n/e,n/e,n/e,n/e,362,,n/e,n/e,n/e,n/e,n/e,n/e,n/e,n/e,n/e,n/e,n/e,n/e,182,,n/e,n/e,n/e,n/e,n/e,n/e,0,,n/e,n/e,0,,n/e,n/e,n/e,n/e,108,
04:00 - 05:00,43,,n/e,n/e,n/e,n/e,362,,n/e,n/e,n/e,n/e,n/e,n/e,n/e,n/e,n/e,n/e,n/e,n/e,181,,n/e,n/e,n/e,n/e,n/e,n/e,0,,n/e,n/e,0,,n/e,n/e,n/e,n/e,108,
05:00 - 06:00,48,,n/e,n/e,n/e,n/e,362,,n/e,n/e,n/e,n/e,n/e,n/e,n/e,n/e,n/e,n/e,n/e,n/e,380,,n/e,n/e,n/e,n/e,n/e,n/e,0,,n/e,n/e,0,,n/e,n/e,n/e,n/e,109,
06:00 - 07:00,49,,n/e,n/e,n/e,n/e,362,,n/e,n/e,n/e,n/e,n/e,n/e,n/e,n/e,n/e,n/e,n/e,n/e,519,,n/e,n/e,n/e,n/e,n/e,n/e,0,,n/e,n/e,0,,n/e,n/e,n/e,n/e,111,
07:00 - 08:00,49,,n/e,n/e,n/e,n/e,380,,n/e,n/e,n/e,n/e,n/e,n/e,n/e,n/e,n/e,n/e,n/e,n/e,552,,n/e,n/e,n/e,n/e,n/e,n/e,0,,n/e,n/e,2,,n/e,n/e,n/e,n/e,113,
08:00 - 09:00,46,,n/e,n/e,n/e,n/e,382,,n/e,n/e,n/e,n/e,n/e,n/e,n/e,n/e,n/e,n/e,n/e,n/e,533,,n/e,n/e,n/e,n/e,n/e,n/e,0,,n/e,n/e,5,,n/e,n/e,n/e,n/e,114,
09:00 - 10:00,46,,n/e,n/e,n/e,n/e,402,,n/e,n/e,n/e,n/e,n/e,n/e,n/e,n/e,n/e,n/e,n/e,n/e,521,,n/e,n/e,n/e,n/e,n/e,n/e,0,,n/e,n/e,8,,n/e,n/e,n/e,n/e,114,
10:00 - 11:00,43,,n/e,n/e,n/e,n/e,404,,n/e,n/e,n/e,n/e,n/e,n/e,n/e,n/e,n/e,n/e,n/e,n/e,423,,n/e,n/e,n/e,n/e,n/e,n/e,0,,n/e,n/e,9,,n/e,n/e,n/e,n/e,112,
11:00 - 12:00,43,,n/e,n/e,n/e,n/e,403,,n/e,n/e,n/e,n/e,n/e,n/e,n/e,n/e,n/e,n/e,n/e,n/e,445,,n/e,n/e,n/e,n/e,n/e,n/e,0,,n/e,n/e,8,,n/e,n/e,n/e,n/e,113,
12:00 - 13:00,43,,n/e,n/e,n/e,n/e,403,,n/e,n/e,n/e,n/e,n/e,n/e,n/e,n/e,n/e,n/e,n/e,n/e,431,,n/e,n/e,n/e,n/e,n/e,n/e,0,,n/e,n/e,5,,n/e,n/e,n/e,n/e,113,
13:00 - 14:00,46,,n/e,n/e,n/e,n/e,364,,n/e,n/e,n/e,n/e,n/e,n/e,n/e,n/e,n/e,n/e,n/e,n/e,498,,n/e,n/e,n/e,n/e,n/e,n/e,0,,n/e,n/e,2,,n/e,n/e,n/e,n/e,113,
14:00 - 15:00,47,,n/e,n/e,n/e,n/e,364,,n/e,n/e,n/e,n/e,n/e,n/e,n/e,n/e,n/e,n/e,n/e,n/e,501,,n/e,n/e,n/e,n/e,n/e,n/e,0,,n/e,n/e,0,,n/e,n/e,n/e,n/e,111,
15:00 - 16:00,47,,n/e,n/e,n/e,n/e,363,,n/e,n/e,n/e,n/e,n/e,n/e,n/e,n/e,n/e,n/e,n/e,n/e,502,,n/e,n/e,n/e,n/e,n/e,n/e,0,,n/e,n/e,0,,n/e,n/e,n/e,n/e,113,
16:00 - 17:00,47,,n/e,n/e,n/e,n/e,365,,n/e,n/e,n/e,n/e,n/e,n/e,n/e,n/e,n/e,n/e,n/e,n/e,556,,n/e,n/e,n/e,n/e,n/e,n/e,0,,n/e,n/e,0,,n/e,n/e,n/e,n/e,113,
17:00 - 18:00,45,,n/e,n/e,n/e,n/e,363,,n/e,n/e,n/e,n/e,n/e,n/e,n/e,n/e,n/e,n/e,n/e,n/e,510,,n/e,n/e,n/e,n/e,n/e,n/e,0,,n/e,n/e,0,,n/e,n/e,n/e,n/e,108,
18:00 - 19:00,45,,n/e,n/e,n/e,n/e,363,,n/e,n/e,n/e,n/e,n/e,n/e,n/e,n/e,n/e,n/e,n/e,n/e,534,,n/e,n/e,n/e,n/e,n/e,n/e,0,,n/e,n/e,0,,n/e,n/e,n/e,n/e,108,
19:00 - 20:00,46,,n/e,n/e,n/e,n/e,362,,n/e,n/e,n/e,n/e,n/e,n/e,n/e,n/e,n/e,n/e,n/e,n/e,366,,n/e,n/e,n/e,n/e,n/e,n/e,0,,n/e,n/e,0,,n/e,n/e,n/e,n/e,112,
20:00 - 21:00,44,,n/e,n/e,n/e,n/e,361,,n/e,n/e,n/e,n/e,n/e,n/e,n/e,n/e,n/e,n/e,n/e,n/e,359,,n/e,n/e,n/e,n/e,n/e,n/e,0,,n/e,n/e,0,,n/e,n/e,n/e,n/e,112,
21:00 - 22:00,43,,n/e,n/e,n/e,n/e,362,,n/e,n/e,n/e,n/e,n/e,n/e,n/e,n/e,n/e,n/e,n/e,n/e,296,,n/e,n/e,n/e,n/e,n/e,n/e,0,,n/e,n/e,0,,n/e,n/e,n/e,n/e,106,
22:00 - 23:00,43,,n/e,n/e,n/e,n/e,359,,n/e,n/e,n/e,n/e,n/e,n/e,n/e,n/e,n/e,n/e,n/e,n/e,239,,n/e,n/e,n/e,n/e,n/e,n/e,0,,n/e,n/e,0,,n/e,n/e,n/e,n/e,101,
23:00 - 00:00,44,,n/e,n/e,n/e,n/e,358,,n/e,n/e,n/e,n/e,n/e,n/e,n/e,n/e,n/e,n/e,n/e,n/e,168,,n/e,n/e,n/e,n/e,n/e,n/e,0,,n/e,n/e,0,,n/e,n/e,n/e,n/e,86,
00:00 - 01:00,44,,n/e,n/e,n/e,n/e,362,,n/e,n/e,n/e,n/e,n/e,n/e,n/e,n/e,n/e,n/e,n/e,n/e,167,,n/e,n/e,n/e,n/e,n/e,n/e,0,,n/e,n/e,0,,n/e,n/e,n/e,n/e,67,
01:00 - 02:00,43,,n/e,n/e,n/e,n/e,363,,n/e,n/e,n/e,n/e,n/e,n/e,n/e,n/e,n/e,n/e,n/e,n/e,168,,n/e,n/e,n/e,n/e,n/e,n/e,0,,n/e,n/e,0,,n/e,n/e,n/e,n/e,47,
02:00 - 03:00,43,,n/e,n/e,n/e,n/e,364,,n/e,n/e,n/e,n/e,n/e,n/e,n/e,n/e,n/e,n/e,n/e,n/e,168,,n/e,n/e,n/e,n/e,n/e,n/e,0,,n/e,n/e,0,,n/e,n/e,n/e,n/e,49,
03:00 - 04:00,43,,n/e,n/e,n/e,n/e,362,,n/e,n/e,n/e,n/e,n/e,n/e,n/e,n/e,n/e,n/e,n/e,n/e,183,,n/e,n/e,n/e,n/e,n/e,n/e,0,,n/e,n/e,0,,n/e,n/e,n/e,n/e,77,
04:00 - 05:00,44,,n/e,n/e,n/e,n/e,363,,n/e,n/e,n/e,n/e,n/e,n/e,n/e,n/e,n/e,n/e,n/e,n/e,284,,n/e,n/e,n/e,n/e,n/e,n/e,0,,n/e,n/e,0,,n/e,n/e,n/e,n/e,92,
05:00 - 06:00,45,,n/e,n/e,n/e,n/e,368,,n/e,n/e,n/e,n/e,n/e,n/e,n/e,n/e,n/e,n/e,n/e,n/e,495,,n/e,n/e,n/e,n/e,n/e,n/e,0,,n/e,n/e,0,,n/e,n/e,n/e,n/e,93,
06:00 - 07:00,47,,n/e,n/e,n/e,n/e,486,,n/e,n/e,n/e,n/e,n/e,n/e,n/e,n/e,n/e,n/e,n/e,n/e,669,,n/e,n/e,n/e,n/e,n/e,n/e,0,,n/e,n/e,0,,n/e,n/e,n/e,n/e,85,
07:00 - 08:00,49,,n/e,n/e,n/e,n/e,489,,n/e,n/e,n/e,n/e,n/e,n/e,n/e,n/e,n/e,n/e,n/e,n/e,580,,n/e,n/e,n/e,n/e,n/e,n/e,0,,n/e,n/e,2,,n/e,n/e,n/e,n/e,69,
08:00 - 09:00,47,,n/e,n/e,n/e,n/e,491,,n/e,n/e,n/e,n/e,n/e,n/e,n/e,n/e,n/e,n/e,n/e,n/e,661,,n/e,n/e,n/e,n/e,n/e,n/e,0,,n/e,n/e,3,,n/e,n/e,n/e,n/e,79,
09:00 - 10:00,48,,n/e,n/e,n/e,n/e,509,,n/e,n/e,n/e,n/e,n/e,n/e,n/e,n/e,n/e,n/e,n/e,n/e,562,,n/e,n/e,n/e,n/e,n/e,n/e,0,,n/e,n/e,3,,n/e,n/e,n/e,n/e,90,
10:00 - 11:00,48,,n/e,n/e,n/e,n/e,469,,n/e,n/e,n/e,n/e,n/e,n/e,n/e,n/e,n/e,n/e,n/e,n/e,493,,n/e,n/e,n/e,n/e,n/e,n/e,0,,n/e,n/e,3,,n/e,n/e,n/e,n/e,90,
11:00 - 12:00,49,,n/e,n/e,n/e,n/e,432,,n/e,n/e,n/e,n/e,n/e,n/e,n/e,n/e,n/e,n/e,n/e,n/e,489,,n/e,n/e,n/e,n/e,n/e,n/e,0,,n/e,n/e,4,,n/e,n/e,n/e,n/e,81,
12:00 - 13:00,48,,n/e,n/e,n/e,n/e,389,,n/e,n/e,n/e,n/e,n/e,n/e,n/e,n/e,n/e,n/e,n/e,n/e,447,,n/e,n/e,n/e,n/e,n/e,n/e,0,,n/e,n/e,3,,n/e,n/e,n/e,n/e,67,
13:00 - 14:00,49,,n/e,n/e,n/e,n/e,389,,n/e,n/e,n/e,n/e,n/e,n/e,n/e,n/e,n/e,n/e,n/e,n/e,466,,n/e,n/e,n/e,n/e,n/e,n/e,0,,n/e,n/e,1,,n/e,n/e,n/e,n/e,72,
14:00 - 15:00,48,,n/e,n/e,n/e,n/e,369,,n/e,n/e,n/e,n/e,n/e,n/e,n/e,n/e,n/e,n/e,n/e,n/e,434,,n/e,n/e,n/e,n/e,n/e,n/e,0,,n/e,n/e,0,,n/e,n/e,n/e,n/e,106,
15:00 - 16:00,48,,n/e,n/e,n/e,n/e,369,,n/e,n/e,n/e,n/e,n/e,n/e,n/e,n/e,n/e,n/e,n/e,n/e,438,,n/e,n/e,n/e,n/e,n/e,n/e,0,,n/e,n/e,0,,n/e,n/e,n/e,n/e,103,
16:00 - 17:00,49,,n/e,n/e,n/e,n/e,370,,n/e,n/e,n/e,n/e,n/e,n/e,n/e,n/e,n/e,n/e,n/e,n/e,366,,n/e,n/e,n/e,n/e,n/e,n/e,0,,n/e,n/e,0,,n/e,n/e,n/e,n/e,106,
17:00 - 18:00,50,,n/e,n/e,n/e,n/e,368,,n/e,n/e,n/e,n/e,n/e,n/e,n/e,n/e,n/e,n/e,n/e,n/e,361,,n/e,n/e,n/e,n/e,n/e,n/e,0,,n/e,n/e,0,,n/e,n/e,n/e,n/e,104,
18:00 - 19:00,48,,n/e,n/e,n/e,n/e,369,,n/e,n/e,n/e,n/e,n/e,n/e,n/e,n/e,n/e,n/e,n/e,n/e,276,,n/e,n/e,n/e,n/e,n/e,n/e,0,,n/e,n/e,0,,n/e,n/e,n/e,n/e,97,
19:00 - 20:00,47,,n/e,n/e,n/e,n/e,370,,n/e,n/e,n/e,n/e,n/e,n/e,n/e,n/e,n/e,n/e,n/e,n/e,278,,n/e,n/e,n/e,n/e,n/e,n/e,0,,n/e,n/e,0,,n/e,n/e,n/e,n/e,87,
20:00 - 21:00,45,,n/e,n/e,n/e,n/e,363,,n/e,n/e,n/e,n/e,n/e,n/e,n/e,n/e,n/e,n/e,n/e,n/e,205,,n/e,n/e,n/e,n/e,n/e,n/e,0,,n/e,n/e,0,,n/e,n/e,n/e,n/e,81,
21:00 - 22:00,42,,n/e,n/e,n/e,n/e,360,,n/e,n/e,n/e,n/e,n/e,n/e,n/e,n/e,n/e,n/e,n/e,n/e,171,,n/e,n/e,n/e,n/e,n/e,n/e,0,,n/e,n/e,0,,n/e,n/e,n/e,n/e,69,
22:00 - 23:00,42,,n/e,n/e,n/e,n/e,360,,n/e,n/e,n/e,n/e,n/e,n/e,n/e,n/e,n/e,n/e,n/e,n/e,187,,n/e,n/e,n/e,n/e,n/e,n/e,0,,n/e,n/e,0,,n/e,n/e,n/e,n/e,66,
23:00 - 00:00,42,,n/e,n/e,n/e,n/e,358,,n/e,n/e,n/e,n/e,n/e,n/e,n/e,n/e,n/e,n/e,n/e,n/e,186,,n/e,n/e,n/e,n/e,n/e,n/e,0,,n/e,n/e,0,,n/e,n/e,n/e,n/e,76,
00:00 - 01:00,42,,n/e,n/e,n/e,n/e,359,,n/e,n/e,n/e,n/e,n/e,n/e,n/e,n/e,n/e,n/e,n/e,n/e,187,,n/e,n/e,n/e,n/e,n/e,n/e,0,,n/e,n/e,0,,n/e,n/e,n/e,n/e,81,
01:00 - 02:00,41,,n/e,n/e,n/e,n/e,359,,n/e,n/e,n/e,n/e,n/e,n/e,n/e,n/e,n/e,n/e,n/e,n/e,187,,n/e,n/e,n/e,n/e,n/e,n/e,0,,n/e,n/e,0,,n/e,n/e,n/e,n/e,87,
02:00 - 03:00,42,,n/e,n/e,n/e,n/e,357,,n/e,n/e,n/e,n/e,n/e,n/e,n/e,n/e,n/e,n/e,n/e,n/e,187,,n/e,n/e,n/e,n/e,n/e,n/e,0,,n/e,n/e,0,,n/e,n/e,n/e,n/e,89,
03:00 - 04:00,41,,n/e,n/e,n/e,n/e,360,,n/e,n/e,n/e,n/e,n/e,n/e,n/e,n/e,n/e,n/e,n/e,n/e,167,,n/e,n/e,n/e,n/e,n/e,n/e,0,,n/e,n/e,0,,n/e,n/e,n/e,n/e,95,
04:00 - 05:00,44,,n/e,n/e,n/e,n/e,368,,n/e,n/e,n/e,n/e,n/e,n/e,n/e,n/e,n/e,n/e,n/e,n/e,169,,n/e,n/e,n/e,n/e,n/e,n/e,0,,n/e,n/e,0,,n/e,n/e,n/e,n/e,90,
05:00 - 06:00,47,,n/e,n/e,n/e,n/e,398,,n/e,n/e,n/e,n/e,n/e,n/e,n/e,n/e,n/e,n/e,n/e,n/e,178,,n/e,n/e,n/e,n/e,n/e,n/e,0,,n/e,n/e,0,,n/e,n/e,n/e,n/e,101,
06:00 - 07:00,48,,n/e,n/e,n/e,n/e,400,,n/e,n/e,n/e,n/e,n/e,n/e,n/e,n/e,n/e,n/e,n/e,n/e,356,,n/e,n/e,n/e,n/e,n/e,n/e,0,,n/e,n/e,0,,n/e,n/e,n/e,n/e,105,
07:00 - 08:00,49,,n/e,n/e,n/e,n/e,401,,n/e,n/e,n/e,n/e,n/e,n/e,n/e,n/e,n/e,n/e,n/e,n/e,458,,n/e,n/e,n/e,n/e,n/e,n/e,0,,n/e,n/e,2,,n/e,n/e,n/e,n/e,102,
08:00 - 09:00,48,,n/e,n/e,n/e,n/e,401,,n/e,n/e,n/e,n/e,n/e,n/e,n/e,n/e,n/e,n/e,n/e,n/e,580,,n/e,n/e,n/e,n/e,n/e,n/e,0,,n/e,n/e,4,,n/e,n/e,n/e,n/e,101,
09:00 - 10:00,48,,n/e,n/e,n/e,n/e,401,,n/e,n/e,n/e,n/e,n/e,n/e,n/e,n/e,n/e,n/e,n/e,n/e,469,,n/e,n/e,n/e,n/e,n/e,n/e,0,,n/e,n/e,7,,n/e,n/e,n/e,n/e,104,
10:00 - 11:00,48,,n/e,n/e,n/e,n/e,418,,n/e,n/e,n/e,n/e,n/e,n/e,n/e,n/e,n/e,n/e,n/e,n/e,330,,n/e,n/e,n/e,n/e,n/e,n/e,0,,n/e,n/e,9,,n/e,n/e,n/e,n/e,103,
11:00 - 12:00,48,,n/e,n/e,n/e,n/e,421,,n/e,n/e,n/e,n/e,n/e,n/e,n/e,n/e,n/e,n/e,n/e,n/e,381,,n/e,n/e,n/e,n/e,n/e,n/e,0,,n/e,n/e,8,,n/e,n/e,n/e,n/e,101,
12:00 - 13:00,47,,n/e,n/e,n/e,n/e,422,,n/e,n/e,n/e,n/e,n/e,n/e,n/e,n/e,n/e,n/e,n/e,n/e,381,,n/e,n/e,n/e,n/e,n/e,n/e,0,,n/e,n/e,5,,n/e,n/e,n/e,n/e,88,
13:00 - 14:00,47,,n/e,n/e,n/e,n/e,424,,n/e,n/e,n/e,n/e,n/e,n/e,n/e,n/e,n/e,n/e,n/e,n/e,381,,n/e,n/e,n/e,n/e,n/e,n/e,0,,n/e,n/e,2,,n/e,n/e,n/e,n/e,91,
14:00 - 15:00,47,,n/e,n/e,n/e,n/e,626,,n/e,n/e,n/e,n/e,n/e,n/e,n/e,n/e,n/e,n/e,n/e,n/e,551,,n/e,n/e,n/e,n/e,n/e,n/e,0,,n/e,n/e,0,,n/e,n/e,n/e,n/e,82,
15:00 - 16:00,49,,n/e,n/e,n/e,n/e,722,,n/e,n/e,n/e,n/e,n/e,n/e,n/e,n/e,n/e,n/e,n/e,n/e,561,,n/e,n/e,n/e,n/e,n/e,n/e,0,,n/e,n/e,0,,n/e,n/e,n/e,n/e,68,
16:00 - 17:00,49,,n/e,n/e,n/e,n/e,722,,n/e,n/e,n/e,n/e,n/e,n/e,n/e,n/e,n/e,n/e,n/e,n/e,566,,n/e,n/e,n/e,n/e,n/e,n/e,0,,n/e,n/e,0,,n/e,n/e,n/e,n/e,44,
17:00 - 18:00,49,,n/e,n/e,n/e,n/e,614,,n/e,n/e,n/e,n/e,n/e,n/e,n/e,n/e,n/e,n/e,n/e,n/e,672,,n/e,n/e,n/e,n/e,n/e,n/e,0,,n/e,n/e,0,,n/e,n/e,n/e,n/e,43,
18:00 - 19:00,48,,n/e,n/e,n/e,n/e,614,,n/e,n/e,n/e,n/e,n/e,n/e,n/e,n/e,n/e,n/e,n/e,n/e,669,,n/e,n/e,n/e,n/e,n/e,n/e,0,,n/e,n/e,0,,n/e,n/e,n/e,n/e,33,
19:00 - 20:00,49,,n/e,n/e,n/e,n/e,602,,n/e,n/e,n/e,n/e,n/e,n/e,n/e,n/e,n/e,n/e,n/e,n/e,582,,n/e,n/e,n/e,n/e,n/e,n/e,0,,n/e,n/e,0,,n/e,n/e,n/e,n/e,28,
20:00 - 21:00,50,,n/e,n/e,n/e,n/e,394,,n/e,n/e,n/e,n/e,n/e,n/e,n/e,n/e,n/e,n/e,n/e,n/e,406,,n/e,n/e,n/e,n/e,n/e,n/e,0,,n/e,n/e,0,,n/e,n/e,n/e,n/e,23,
21:00 - 22:00,51,,n/e,n/e,n/e,n/e,391,,n/e,n/e,n/e,n/e,n/e,n/e,n/e,n/e,n/e,n/e,n/e,n/e,366,,n/e,n/e,n/e,n/e,n/e,n/e,0,,n/e,n/e,0,,n/e,n/e,n/e,n/e,25,
22:00 - 23:00,50,,n/e,n/e,n/e,n/e,408,,n/e,n/e,n/e,n/e,n/e,n/e,n/e,n/e,n/e,n/e,n/e,n/e,348,,n/e,n/e,n/e,n/e,n/e,n/e,0,,n/e,n/e,0,,n/e,n/e,n/e,n/e,25,
23:00 - 00:00,50,,n/e,n/e,n/e,n/e,558,,n/e,n/e,n/e,n/e,n/e,n/e,n/e,n/e,n/e,n/e,n/e,n/e,282,,n/e,n/e,n/e,n/e,n/e,n/e,0,,n/e,n/e,0,,n/e,n/e,n/e,n/e,23,
00:00 - 01:00,49,,n/e,n/e,n/e,n/e,563,,n/e,n/e,n/e,n/e,n/e,n/e,n/e,n/e,n/e,n/e,n/e,n/e,296,,n/e,n/e,n/e,n/e,n/e,n/e,0,,n/e,n/e,0,,n/e,n/e,n/e,n/e,20,
01:00 - 02:00,49,,n/e,n/e,n/e,n/e,565,,n/e,n/e,n/e,n/e,n/e,n/e,n/e,n/e,n/e,n/e,n/e,n/e,291,,n/e,n/e,n/e,n/e,n/e,n/e,0,,n/e,n/e,0,,n/e,n/e,n/e,n/e,20,
02:00 - 03:00,48,,n/e,n/e,n/e,n/e,575,,n/e,n/e,n/e,n/e,n/e,n/e,n/e,n/e,n/e,n/e,n/e,n/e,290,,n/e,n/e,n/e,n/e,n/e,n/e,0,,n/e,n/e,0,,n/e,n/e,n/e,n/e,16,
03:00 - 04:00,48,,n/e,n/e,n/e,n/e,604,,n/e,n/e,n/e,n/e,n/e,n/e,n/e,n/e,n/e,n/e,n/e,n/e,347,,n/e,n/e,n/e,n/e,n/e,n/e,0,,n/e,n/e,0,,n/e,n/e,n/e,n/e,6,
04:00 - 05:00,48,,n/e,n/e,n/e,n/e,613,,n/e,n/e,n/e,n/e,n/e,n/e,n/e,n/e,n/e,n/e,n/e,n/e,476,,n/e,n/e,n/e,n/e,n/e,n/e,0,,n/e,n/e,0,,n/e,n/e,n/e,n/e,3,
05:00 - 06:00,49,,n/e,n/e,n/e,n/e,872,,n/e,n/e,n/e,n/e,n/e,n/e,n/e,n/e,n/e,n/e,n/e,n/e,664,,n/e,n/e,n/e,n/e,n/e,n/e,0,,n/e,n/e,0,,n/e,n/e,n/e,n/e,1,
06:00 - 07:00,50,,n/e,n/e,n/e,n/e,883,,n/e,n/e,n/e,n/e,n/e,n/e,n/e,n/e,n/e,n/e,n/e,n/e,670,,n/e,n/e,n/e,n/e,n/e,n/e,0,,n/e,n/e,0,,n/e,n/e,n/e,n/e,0,
07:00 - 08:00,48,,n/e,n/e,n/e,n/e,881,,n/e,n/e,n/e,n/e,n/e,n/e,n/e,n/e,n/e,n/e,n/e,n/e,671,,n/e,n/e,n/e,n/e,n/e,n/e,0,,n/e,n/e,2,,n/e,n/e,n/e,n/e,0,
08:00 - 09:00,47,,n/e,n/e,n/e,n/e,881,,n/e,n/e,n/e,n/e,n/e,n/e,n/e,n/e,n/e,n/e,n/e,n/e,674,,n/e,n/e,n/e,n/e,n/e,n/e,0,,n/e,n/e,7,,n/e,n/e,n/e,n/e,0,
09:00 - 10:00,48,,n/e,n/e,n/e,n/e,920,,n/e,n/e,n/e,n/e,n/e,n/e,n/e,n/e,n/e,n/e,n/e,n/e,740,,n/e,n/e,n/e,n/e,n/e,n/e,0,,n/e,n/e,12,,n/e,n/e,n/e,n/e,0,
10:00 - 11:00,48,,n/e,n/e,n/e,n/e,905,,n/e,n/e,n/e,n/e,n/e,n/e,n/e,n/e,n/e,n/e,n/e,n/e,645,,n/e,n/e,n/e,n/e,n/e,n/e,0,,n/e,n/e,14,,n/e,n/e,n/e,n/e,0,
11:00 - 12:00,48,,n/e,n/e,n/e,n/e,865,,n/e,n/e,n/e,n/e,n/e,n/e,n/e,n/e,n/e,n/e,n/e,n/e,619,,n/e,n/e,n/e,n/e,n/e,n/e,0,,n/e,n/e,12,,n/e,n/e,n/e,n/e,1,
12:00 - 13:00,47,,n/e,n/e,n/e,n/e,867,,n/e,n/e,n/e,n/e,n/e,n/e,n/e,n/e,n/e,n/e,n/e,n/e,622,,n/e,n/e,n/e,n/e,n/e,n/e,0,,n/e,n/e,7,,n/e,n/e,n/e,n/e,4,
13:00 - 14:00,50,,n/e,n/e,n/e,n/e,904,,n/e,n/e,n/e,n/e,n/e,n/e,n/e,n/e,n/e,n/e,n/e,n/e,590,,n/e,n/e,n/e,n/e,n/e,n/e,0,,n/e,n/e,3,,n/e,n/e,n/e,n/e,7,
14:00 - 15:00,50,,n/e,n/e,n/e,n/e,877,,n/e,n/e,n/e,n/e,n/e,n/e,n/e,n/e,n/e,n/e,n/e,n/e,614,,n/e,n/e,n/e,n/e,n/e,n/e,0,,n/e,n/e,0,,n/e,n/e,n/e,n/e,8,
15:00 - 16:00,51,,n/e,n/e,n/e,n/e,877,,n/e,n/e,n/e,n/e,n/e,n/e,n/e,n/e,n/e,n/e,n/e,n/e,614,,n/e,n/e,n/e,n/e,n/e,n/e,0,,n/e,n/e,0,,n/e,n/e,n/e,n/e,12,
16:00 - 17:00,49,,n/e,n/e,n/e,n/e,877,,n/e,n/e,n/e,n/e,n/e,n/e,n/e,n/e,n/e,n/e,n/e,n/e,612,,n/e,n/e,n/e,n/e,n/e,n/e,0,,n/e,n/e,0,,n/e,n/e,n/e,n/e,17,
17:00 - 18:00,49,,n/e,n/e,n/e,n/e,781,,n/e,n/e,n/e,n/e,n/e,n/e,n/e,n/e,n/e,n/e,n/e,n/e,525,,n/e,n/e,n/e,n/e,n/e,n/e,0,,n/e,n/e,0,,n/e,n/e,n/e,n/e,22,
18:00 - 19:00,50,,n/e,n/e,n/e,n/e,691,,n/e,n/e,n/e,n/e,n/e,n/e,n/e,n/e,n/e,n/e,n/e,n/e,405,,n/e,n/e,n/e,n/e,n/e,n/e,0,,n/e,n/e,0,,n/e,n/e,n/e,n/e,32,
19:00 - 20:00,50,,n/e,n/e,n/e,n/e,628,,n/e,n/e,n/e,n/e,n/e,n/e,n/e,n/e,n/e,n/e,n/e,n/e,346,,n/e,n/e,n/e,n/e,n/e,n/e,0,,n/e,n/e,0,,n/e,n/e,n/e,n/e,39,
20:00 - 21:00,51,,n/e,n/e,n/e,n/e,507,,n/e,n/e,n/e,n/e,n/e,n/e,n/e,n/e,n/e,n/e,n/e,n/e,329,,n/e,n/e,n/e,n/e,n/e,n/e,0,,n/e,n/e,0,,n/e,n/e,n/e,n/e,39,
21:00 - 22:00,52,,n/e,n/e,n/e,n/e,495,,n/e,n/e,n/e,n/e,n/e,n/e,n/e,n/e,n/e,n/e,n/e,n/e,335,,n/e,n/e,n/e,n/e,n/e,n/e,0,,n/e,n/e,0,,n/e,n/e,n/e,n/e,39,
22:00 - 23:00,51,,n/e,n/e,n/e,n/e,460,,n/e,n/e,n/e,n/e,n/e,n/e,n/e,n/e,n/e,n/e,n/e,n/e,358,,n/e,n/e,n/e,n/e,n/e,n/e,0,,n/e,n/e,0,,n/e,n/e,n/e,n/e,45,
23:00 - 00:00,51,,n/e,n/e,n/e,n/e,442,,n/e,n/e,n/e,n/e,n/e,n/e,n/e,n/e,n/e,n/e,n/e,n/e,172,,n/e,n/e,n/e,n/e,n/e,n/e,0,,n/e,n/e,0,,n/e,n/e,n/e,n/e,45,
00:00 - 01:00,53,,n/e,n/e,n/e,n/e,441,,n/e,n/e,n/e,n/e,n/e,n/e,n/e,n/e,n/e,n/e,n/e,n/e,171,,n/e,n/e,n/e,n/e,n/e,n/e,0,,n/e,n/e,0,,n/e,n/e,n/e,n/e,47,
01:00 - 02:00,52,,n/e,n/e,n/e,n/e,440,,n/e,n/e,n/e,n/e,n/e,n/e,n/e,n/e,n/e,n/e,n/e,n/e,172,,n/e,n/e,n/e,n/e,n/e,n/e,0,,n/e,n/e,0,,n/e,n/e,n/e,n/e,45,
02:00 - 03:00,51,,n/e,n/e,n/e,n/e,441,,n/e,n/e,n/e,n/e,n/e,n/e,n/e,n/e,n/e,n/e,n/e,n/e,172,,n/e,n/e,n/e,n/e,n/e,n/e,0,,n/e,n/e,0,,n/e,n/e,n/e,n/e,37,
03:00 - 04:00,51,,n/e,n/e,n/e,n/e,442,,n/e,n/e,n/e,n/e,n/e,n/e,n/e,n/e,n/e,n/e,n/e,n/e,172,,n/e,n/e,n/e,n/e,n/e,n/e,0,,n/e,n/e,0,,n/e,n/e,n/e,n/e,33,
04:00 - 05:00,52,,n/e,n/e,n/e,n/e,447,,n/e,n/e,n/e,n/e,n/e,n/e,n/e,n/e,n/e,n/e,n/e,n/e,172,,n/e,n/e,n/e,n/e,n/e,n/e,0,,n/e,n/e,0,,n/e,n/e,n/e,n/e,25,
05:00 - 06:00,53,,n/e,n/e,n/e,n/e,662,,n/e,n/e,n/e,n/e,n/e,n/e,n/e,n/e,n/e,n/e,n/e,n/e,314,,n/e,n/e,n/e,n/e,n/e,n/e,0,,n/e,n/e,0,,n/e,n/e,n/e,n/e,19,
06:00 - 07:00,52,,n/e,n/e,n/e,n/e,672,,n/e,n/e,n/e,n/e,n/e,n/e,n/e,n/e,n/e,n/e,n/e,n/e,320,,n/e,n/e,n/e,n/e,n/e,n/e,0,,n/e,n/e,0,,n/e,n/e,n/e,n/e,12,
07:00 - 08:00,52,,n/e,n/e,n/e,n/e,734,,n/e,n/e,n/e,n/e,n/e,n/e,n/e,n/e,n/e,n/e,n/e,n/e,481,,n/e,n/e,n/e,n/e,n/e,n/e,0,,n/e,n/e,3,,n/e,n/e,n/e,n/e,4,
08:00 - 09:00,52,,n/e,n/e,n/e,n/e,792,,n/e,n/e,n/e,n/e,n/e,n/e,n/e,n/e,n/e,n/e,n/e,n/e,611,,n/e,n/e,n/e,n/e,n/e,n/e,0,,n/e,n/e,7,,n/e,n/e,n/e,n/e,3,
09:00 - 10:00,52,,n/e,n/e,n/e,n/e,793,,n/e,n/e,n/e,n/e,n/e,n/e,n/e,n/e,n/e,n/e,n/e,n/e,611,,n/e,n/e,n/e,n/e,n/e,n/e,0,,n/e,n/e,11,,n/e,n/e,n/e,n/e,1,
10:00 - 11:00,53,,n/e,n/e,n/e,n/e,810,,n/e,n/e,n/e,n/e,n/e,n/e,n/e,n/e,n/e,n/e,n/e,n/e,594,,n/e,n/e,n/e,n/e,n/e,n/e,0,,n/e,n/e,16,,n/e,n/e,n/e,n/e,0,
11:00 - 12:00,53,,n/e,n/e,n/e,n/e,814,,n/e,n/e,n/e,n/e,n/e,n/e,n/e,n/e,n/e,n/e,n/e,n/e,595,,n/e,n/e,n/e,n/e,n/e,n/e,0,,n/e,n/e,16,,n/e,n/e,n/e,n/e,0,
12:00 - 13:00,54,,n/e,n/e,n/e,n/e,813,,n/e,n/e,n/e,n/e,n/e,n/e,n/e,n/e,n/e,n/e,n/e,n/e,644,,n/e,n/e,n/e,n/e,n/e,n/e,0,,n/e,n/e,10,,n/e,n/e,n/e,n/e,0,
13:00 - 14:00,54,,n/e,n/e,n/e,n/e,813,,n/e,n/e,n/e,n/e,n/e,n/e,n/e,n/e,n/e,n/e,n/e,n/e,644,,n/e,n/e,n/e,n/e,n/e,n/e,0,,n/e,n/e,4,,n/e,n/e,n/e,n/e,1,
14:00 - 15:00,54,,n/e,n/e,n/e,n/e,814,,n/e,n/e,n/e,n/e,n/e,n/e,n/e,n/e,n/e,n/e,n/e,n/e,643,,n/e,n/e,n/e,n/e,n/e,n/e,0,,n/e,n/e,0,,n/e,n/e,n/e,n/e,0,
15:00 - 16:00,56,,n/e,n/e,n/e,n/e,816,,n/e,n/e,n/e,n/e,n/e,n/e,n/e,n/e,n/e,n/e,n/e,n/e,681,,n/e,n/e,n/e,n/e,n/e,n/e,0,,n/e,n/e,0,,n/e,n/e,n/e,n/e,0,
16:00 - 17:00,56,,n/e,n/e,n/e,n/e,817,,n/e,n/e,n/e,n/e,n/e,n/e,n/e,n/e,n/e,n/e,n/e,n/e,664,,n/e,n/e,n/e,n/e,n/e,n/e,0,,n/e,n/e,0,,n/e,n/e,n/e,n/e,0,
17:00 - 18:00,53,,n/e,n/e,n/e,n/e,809,,n/e,n/e,n/e,n/e,n/e,n/e,n/e,n/e,n/e,n/e,n/e,n/e,644,,n/e,n/e,n/e,n/e,n/e,n/e,0,,n/e,n/e,0,,n/e,n/e,n/e,n/e,0,
18:00 - 19:00,53,,n/e,n/e,n/e,n/e,809,,n/e,n/e,n/e,n/e,n/e,n/e,n/e,n/e,n/e,n/e,n/e,n/e,539,,n/e,n/e,n/e,n/e,n/e,n/e,0,,n/e,n/e,0,,n/e,n/e,n/e,n/e,2,
19:00 - 20:00,54,,n/e,n/e,n/e,n/e,809,,n/e,n/e,n/e,n/e,n/e,n/e,n/e,n/e,n/e,n/e,n/e,n/e,444,,n/e,n/e,n/e,n/e,n/e,n/e,0,,n/e,n/e,0,,n/e,n/e,n/e,n/e,3,
20:00 - 21:00,53,,n/e,n/e,n/e,n/e,805,,n/e,n/e,n/e,n/e,n/e,n/e,n/e,n/e,n/e,n/e,n/e,n/e,191,,n/e,n/e,n/e,n/e,n/e,n/e,0,,n/e,n/e,0,,n/e,n/e,n/e,n/e,7,
21:00 - 22:00,54,,n/e,n/e,n/e,n/e,725,,n/e,n/e,n/e,n/e,n/e,n/e,n/e,n/e,n/e,n/e,n/e,n/e,171,,n/e,n/e,n/e,n/e,n/e,n/e,0,,n/e,n/e,0,,n/e,n/e,n/e,n/e,15,
22:00 - 23:00,54,,n/e,n/e,n/e,n/e,693,,n/e,n/e,n/e,n/e,n/e,n/e,n/e,n/e,n/e,n/e,n/e,n/e,155,,n/e,n/e,n/e,n/e,n/e,n/e,0,,n/e,n/e,0,,n/e,n/e,n/e,n/e,13,
23:00 - 00:00,54,,n/e,n/e,n/e,n/e,535,,n/e,n/e,n/e,n/e,n/e,n/e,n/e,n/e,n/e,n/e,n/e,n/e,14,,n/e,n/e,n/e,n/e,n/e,n/e,0,,n/e,n/e,0,,n/e,n/e,n/e,n/e,19,
00:00 - 01:00,54,,n/e,n/e,n/e,n/e,528,,n/e,n/e,n/e,n/e,n/e,n/e,n/e,n/e,n/e,n/e,n/e,n/e,15,,n/e,n/e,n/e,n/e,n/e,n/e,0,,n/e,n/e,0,,n/e,n/e,n/e,n/e,24,
01:00 - 02:00,53,,n/e,n/e,n/e,n/e,375,,n/e,n/e,n/e,n/e,n/e,n/e,n/e,n/e,n/e,n/e,n/e,n/e,170,,n/e,n/e,n/e,n/e,n/e,n/e,0,,n/e,n/e,0,,n/e,n/e,n/e,n/e,23,
02:00 - 03:00,52,,n/e,n/e,n/e,n/e,368,,n/e,n/e,n/e,n/e,n/e,n/e,n/e,n/e,n/e,n/e,n/e,n/e,175,,n/e,n/e,n/e,n/e,n/e,n/e,0,,n/e,n/e,0,,n/e,n/e,n/e,n/e,16,
03:00 - 04:00,51,,n/e,n/e,n/e,n/e,369,,n/e,n/e,n/e,n/e,n/e,n/e,n/e,n/e,n/e,n/e,n/e,n/e,175,,n/e,n/e,n/e,n/e,n/e,n/e,0,,n/e,n/e,0,,n/e,n/e,n/e,n/e,23,
04:00 - 05:00,57,,n/e,n/e,n/e,n/e,369,,n/e,n/e,n/e,n/e,n/e,n/e,n/e,n/e,n/e,n/e,n/e,n/e,177,,n/e,n/e,n/e,n/e,n/e,n/e,0,,n/e,n/e,0,,n/e,n/e,n/e,n/e,26,
05:00 - 06:00,56,,n/e,n/e,n/e,n/e,381,,n/e,n/e,n/e,n/e,n/e,n/e,n/e,n/e,n/e,n/e,n/e,n/e,335,,n/e,n/e,n/e,n/e,n/e,n/e,0,,n/e,n/e,0,,n/e,n/e,n/e,n/e,37,
06:00 - 07:00,51,,n/e,n/e,n/e,n/e,407,,n/e,n/e,n/e,n/e,n/e,n/e,n/e,n/e,n/e,n/e,n/e,n/e,341,,n/e,n/e,n/e,n/e,n/e,n/e,0,,n/e,n/e,0,,n/e,n/e,n/e,n/e,41,
07:00 - 08:00,50,,n/e,n/e,n/e,n/e,506,,n/e,n/e,n/e,n/e,n/e,n/e,n/e,n/e,n/e,n/e,n/e,n/e,403,,n/e,n/e,n/e,n/e,n/e,n/e,0,,n/e,n/e,2,,n/e,n/e,n/e,n/e,33,
08:00 - 09:00,51,,n/e,n/e,n/e,n/e,509,,n/e,n/e,n/e,n/e,n/e,n/e,n/e,n/e,n/e,n/e,n/e,n/e,516,,n/e,n/e,n/e,n/e,n/e,n/e,0,,n/e,n/e,7,,n/e,n/e,n/e,n/e,29,
09:00 - 10:00,52,,n/e,n/e,n/e,n/e,508,,n/e,n/e,n/e,n/e,n/e,n/e,n/e,n/e,n/e,n/e,n/e,n/e,564,,n/e,n/e,n/e,n/e,n/e,n/e,0,,n/e,n/e,11,,n/e,n/e,n/e,n/e,25,
10:00 - 11:00,52,,n/e,n/e,n/e,n/e,513,,n/e,n/e,n/e,n/e,n/e,n/e,n/e,n/e,n/e,n/e,n/e,n/e,565,,n/e,n/e,n/e,n/e,n/e,n/e,0,,n/e,n/e,9,,n/e,n/e,n/e,n/e,28,
11:00 - 12:00,51,,n/e,n/e,n/e,n/e,644,,n/e,n/e,n/e,n/e,n/e,n/e,n/e,n/e,n/e,n/e,n/e,n/e,475,,n/e,n/e,n/e,n/e,n/e,n/e,0,,n/e,n/e,8,,n/e,n/e,n/e,n/e,27,
12:00 - 13:00,51,,n/e,n/e,n/e,n/e,648,,n/e,n/e,n/e,n/e,n/e,n/e,n/e,n/e,n/e,n/e,n/e,n/e,491,,n/e,n/e,n/e,n/e,n/e,n/e,0,,n/e,n/e,6,,n/e,n/e,n/e,n/e,29,
13:00 - 14:00,53,,n/e,n/e,n/e,n/e,653,,n/e,n/e,n/e,n/e,n/e,n/e,n/e,n/e,n/e,n/e,n/e,n/e,495,,n/e,n/e,n/e,n/e,n/e,n/e,0,,n/e,n/e,3,,n/e,n/e,n/e,n/e,40,
14:00 - 15:00,52,,n/e,n/e,n/e,n/e,768,,n/e,n/e,n/e,n/e,n/e,n/e,n/e,n/e,n/e,n/e,n/e,n/e,663,,n/e,n/e,n/e,n/e,n/e,n/e,0,,n/e,n/e,0,,n/e,n/e,n/e,n/e,47,
15:00 - 16:00,53,,n/e,n/e,n/e,n/e,769,,n/e,n/e,n/e,n/e,n/e,n/e,n/e,n/e,n/e,n/e,n/e,n/e,688,,n/e,n/e,n/e,n/e,n/e,n/e,0,,n/e,n/e,0,,n/e,n/e,n/e,n/e,52,
16:00 - 17:00,53,,n/e,n/e,n/e,n/e,769,,n/e,n/e,n/e,n/e,n/e,n/e,n/e,n/e,n/e,n/e,n/e,n/e,688,,n/e,n/e,n/e,n/e,n/e,n/e,0,,n/e,n/e,0,,n/e,n/e,n/e,n/e,67,
17:00 - 18:00,54,,n/e,n/e,n/e,n/e,770,,n/e,n/e,n/e,n/e,n/e,n/e,n/e,n/e,n/e,n/e,n/e,n/e,688,,n/e,n/e,n/e,n/e,n/e,n/e,0,,n/e,n/e,0,,n/e,n/e,n/e,n/e,63,
18:00 - 19:00,54,,n/e,n/e,n/e,n/e,769,,n/e,n/e,n/e,n/e,n/e,n/e,n/e,n/e,n/e,n/e,n/e,n/e,670,,n/e,n/e,n/e,n/e,n/e,n/e,0,,n/e,n/e,0,,n/e,n/e,n/e,n/e,63,
19:00 - 20:00,54,,n/e,n/e,n/e,n/e,766,,n/e,n/e,n/e,n/e,n/e,n/e,n/e,n/e,n/e,n/e,n/e,n/e,651,,n/e,n/e,n/e,n/e,n/e,n/e,0,,n/e,n/e,0,,n/e,n/e,n/e,n/e,68,
20:00 - 21:00,54,,n/e,n/e,n/e,n/e,640,,n/e,n/e,n/e,n/e,n/e,n/e,n/e,n/e,n/e,n/e,n/e,n/e,448,,n/e,n/e,n/e,n/e,n/e,n/e,0,,n/e,n/e,0,,n/e,n/e,n/e,n/e,78,
21:00 - 22:00,54,,n/e,n/e,n/e,n/e,540,,n/e,n/e,n/e,n/e,n/e,n/e,n/e,n/e,n/e,n/e,n/e,n/e,433,,n/e,n/e,n/e,n/e,n/e,n/e,0,,n/e,n/e,0,,n/e,n/e,n/e,n/e,82,
22:00 - 23:00,52,,n/e,n/e,n/e,n/e,441,,n/e,n/e,n/e,n/e,n/e,n/e,n/e,n/e,n/e,n/e,n/e,n/e,398,,n/e,n/e,n/e,n/e,n/e,n/e,0,,n/e,n/e,0,,n/e,n/e,n/e,n/e,88,
23:00 - 00:00,50,,n/e,n/e,n/e,n/e,380,,n/e,n/e,n/e,n/e,n/e,n/e,n/e,n/e,n/e,n/e,n/e,n/e,176,,n/e,n/e,n/e,n/e,n/e,n/e,0,,n/e,n/e,0,,n/e,n/e,n/e,n/e,91,
00:00 - 01:00,50,,n/e,n/e,n/e,n/e,379,,n/e,n/e,n/e,n/e,n/e,n/e,n/e,n/e,n/e,n/e,n/e,n/e,171,,n/e,n/e,n/e,n/e,n/e,n/e,0,,n/e,n/e,0,,n/e,n/e,n/e,n/e,94,
01:00 - 02:00,50,,n/e,n/e,n/e,n/e,379,,n/e,n/e,n/e,n/e,n/e,n/e,n/e,n/e,n/e,n/e,n/e,n/e,173,,n/e,n/e,n/e,n/e,n/e,n/e,0,,n/e,n/e,0,,n/e,n/e,n/e,n/e,95,
02:00 - 03:00,49,,n/e,n/e,n/e,n/e,378,,n/e,n/e,n/e,n/e,n/e,n/e,n/e,n/e,n/e,n/e,n/e,n/e,171,,n/e,n/e,n/e,n/e,n/e,n/e,0,,n/e,n/e,0,,n/e,n/e,n/e,n/e,95,
03:00 - 04:00,50,,n/e,n/e,n/e,n/e,378,,n/e,n/e,n/e,n/e,n/e,n/e,n/e,n/e,n/e,n/e,n/e,n/e,170,,n/e,n/e,n/e,n/e,n/e,n/e,0,,n/e,n/e,0,,n/e,n/e,n/e,n/e,97,
04:00 - 05:00,51,,n/e,n/e,n/e,n/e,380,,n/e,n/e,n/e,n/e,n/e,n/e,n/e,n/e,n/e,n/e,n/e,n/e,174,,n/e,n/e,n/e,n/e,n/e,n/e,0,,n/e,n/e,0,,n/e,n/e,n/e,n/e,95,
05:00 - 06:00,53,,n/e,n/e,n/e,n/e,387,,n/e,n/e,n/e,n/e,n/e,n/e,n/e,n/e,n/e,n/e,n/e,n/e,482,,n/e,n/e,n/e,n/e,n/e,n/e,0,,n/e,n/e,0,,n/e,n/e,n/e,n/e,99,
06:00 - 07:00,54,,n/e,n/e,n/e,n/e,410,,n/e,n/e,n/e,n/e,n/e,n/e,n/e,n/e,n/e,n/e,n/e,n/e,516,,n/e,n/e,n/e,n/e,n/e,n/e,0,,n/e,n/e,1,,n/e,n/e,n/e,n/e,102,
07:00 - 08:00,55,,n/e,n/e,n/e,n/e,407,,n/e,n/e,n/e,n/e,n/e,n/e,n/e,n/e,n/e,n/e,n/e,n/e,512,,n/e,n/e,n/e,n/e,n/e,n/e,0,,n/e,n/e,5,,n/e,n/e,n/e,n/e,96,
08:00 - 09:00,56,,n/e,n/e,n/e,n/e,410,,n/e,n/e,n/e,n/e,n/e,n/e,n/e,n/e,n/e,n/e,n/e,n/e,501,,n/e,n/e,n/e,n/e,n/e,n/e,0,,n/e,n/e,16,,n/e,n/e,n/e,n/e,98,
09:00 - 10:00,56,,n/e,n/e,n/e,n/e,447,,n/e,n/e,n/e,n/e,n/e,n/e,n/e,n/e,n/e,n/e,n/e,n/e,469,,n/e,n/e,n/e,n/e,n/e,n/e,0,,n/e,n/e,30,,n/e,n/e,n/e,n/e,96,
10:00 - 11:00,57,,n/e,n/e,n/e,n/e,448,,n/e,n/e,n/e,n/e,n/e,n/e,n/e,n/e,n/e,n/e,n/e,n/e,469,,n/e,n/e,n/e,n/e,n/e,n/e,0,,n/e,n/e,38,,n/e,n/e,n/e,n/e,101,
11:00 - 12:00,57,,n/e,n/e,n/e,n/e,448,,n/e,n/e,n/e,n/e,n/e,n/e,n/e,n/e,n/e,n/e,n/e,n/e,461,,n/e,n/e,n/e,n/e,n/e,n/e,0,,n/e,n/e,29,,n/e,n/e,n/e,n/e,84,
12:00 - 13:00,57,,n/e,n/e,n/e,n/e,450,,n/e,n/e,n/e,n/e,n/e,n/e,n/e,n/e,n/e,n/e,n/e,n/e,470,,n/e,n/e,n/e,n/e,n/e,n/e,0,,n/e,n/e,27,,n/e,n/e,n/e,n/e,101,
13:00 - 14:00,56,,n/e,n/e,n/e,n/e,540,,n/e,n/e,n/e,n/e,n/e,n/e,n/e,n/e,n/e,n/e,n/e,n/e,464,,n/e,n/e,n/e,n/e,n/e,n/e,0,,n/e,n/e,15,,n/e,n/e,n/e,n/e,109,
14:00 - 15:00,56,,n/e,n/e,n/e,n/e,733,,n/e,n/e,n/e,n/e,n/e,n/e,n/e,n/e,n/e,n/e,n/e,n/e,560,,n/e,n/e,n/e,n/e,n/e,n/e,0,,n/e,n/e,2,,n/e,n/e,n/e,n/e,110,
15:00 - 16:00,57,,n/e,n/e,n/e,n/e,749,,n/e,n/e,n/e,n/e,n/e,n/e,n/e,n/e,n/e,n/e,n/e,n/e,556,,n/e,n/e,n/e,n/e,n/e,n/e,0,,n/e,n/e,0,,n/e,n/e,n/e,n/e,108,
16:00 - 17:00,57,,n/e,n/e,n/e,n/e,691,,n/e,n/e,n/e,n/e,n/e,n/e,n/e,n/e,n/e,n/e,n/e,n/e,609,,n/e,n/e,n/e,n/e,n/e,n/e,0,,n/e,n/e,0,,n/e,n/e,n/e,n/e,106,
17:00 - 18:00,57,,n/e,n/e,n/e,n/e,691,,n/e,n/e,n/e,n/e,n/e,n/e,n/e,n/e,n/e,n/e,n/e,n/e,604,,n/e,n/e,n/e,n/e,n/e,n/e,0,,n/e,n/e,0,,n/e,n/e,n/e,n/e,105,
18:00 - 19:00,57,,n/e,n/e,n/e,n/e,692,,n/e,n/e,n/e,n/e,n/e,n/e,n/e,n/e,n/e,n/e,n/e,n/e,567,,n/e,n/e,n/e,n/e,n/e,n/e,0,,n/e,n/e,0,,n/e,n/e,n/e,n/e,95,
19:00 - 20:00,56,,n/e,n/e,n/e,n/e,688,,n/e,n/e,n/e,n/e,n/e,n/e,n/e,n/e,n/e,n/e,n/e,n/e,563,,n/e,n/e,n/e,n/e,n/e,n/e,0,,n/e,n/e,0,,n/e,n/e,n/e,n/e,80,
20:00 - 21:00,57,,n/e,n/e,n/e,n/e,592,,n/e,n/e,n/e,n/e,n/e,n/e,n/e,n/e,n/e,n/e,n/e,n/e,442,,n/e,n/e,n/e,n/e,n/e,n/e,0,,n/e,n/e,0,,n/e,n/e,n/e,n/e,67,
21:00 - 22:00,56,,n/e,n/e,n/e,n/e,525,,n/e,n/e,n/e,n/e,n/e,n/e,n/e,n/e,n/e,n/e,n/e,n/e,423,,n/e,n/e,n/e,n/e,n/e,n/e,0,,n/e,n/e,0,,n/e,n/e,n/e,n/e,52,
22:00 - 23:00,55,,n/e,n/e,n/e,n/e,521,,n/e,n/e,n/e,n/e,n/e,n/e,n/e,n/e,n/e,n/e,n/e,n/e,434,,n/e,n/e,n/e,n/e,n/e,n/e,0,,n/e,n/e,0,,n/e,n/e,n/e,n/e,42,
23:00 - 00:00,54,,n/e,n/e,n/e,n/e,403,,n/e,n/e,n/e,n/e,n/e,n/e,n/e,n/e,n/e,n/e,n/e,n/e,275,,n/e,n/e,n/e,n/e,n/e,n/e,0,,n/e,n/e,0,,n/e,n/e,n/e,n/e,42,
00:00 - 01:00,55,,n/e,n/e,n/e,n/e,404,,n/e,n/e,n/e,n/e,n/e,n/e,n/e,n/e,n/e,n/e,n/e,n/e,244,,n/e,n/e,n/e,n/e,n/e,n/e,0,,n/e,n/e,0,,n/e,n/e,n/e,n/e,19,
01:00 - 02:00,55,,n/e,n/e,n/e,n/e,405,,n/e,n/e,n/e,n/e,n/e,n/e,n/e,n/e,n/e,n/e,n/e,n/e,234,,n/e,n/e,n/e,n/e,n/e,n/e,0,,n/e,n/e,0,,n/e,n/e,n/e,n/e,16,
02:00 - 03:00,55,,n/e,n/e,n/e,n/e,406,,n/e,n/e,n/e,n/e,n/e,n/e,n/e,n/e,n/e,n/e,n/e,n/e,231,,n/e,n/e,n/e,n/e,n/e,n/e,0,,n/e,n/e,0,,n/e,n/e,n/e,n/e,14,
03:00 - 04:00,54,,n/e,n/e,n/e,n/e,404,,n/e,n/e,n/e,n/e,n/e,n/e,n/e,n/e,n/e,n/e,n/e,n/e,230,,n/e,n/e,n/e,n/e,n/e,n/e,0,,n/e,n/e,0,,n/e,n/e,n/e,n/e,16,
04:00 - 05:00,54,,n/e,n/e,n/e,n/e,446,,n/e,n/e,n/e,n/e,n/e,n/e,n/e,n/e,n/e,n/e,n/e,n/e,305,,n/e,n/e,n/e,n/e,n/e,n/e,0,,n/e,n/e,0,,n/e,n/e,n/e,n/e,10,
05:00 - 06:00,55,,n/e,n/e,n/e,n/e,711,,n/e,n/e,n/e,n/e,n/e,n/e,n/e,n/e,n/e,n/e,n/e,n/e,493,,n/e,n/e,n/e,n/e,n/e,n/e,0,,n/e,n/e,0,,n/e,n/e,n/e,n/e,4,
06:00 - 07:00,56,,n/e,n/e,n/e,n/e,732,,n/e,n/e,n/e,n/e,n/e,n/e,n/e,n/e,n/e,n/e,n/e,n/e,562,,n/e,n/e,n/e,n/e,n/e,n/e,0,,n/e,n/e,0,,n/e,n/e,n/e,n/e,4,
07:00 - 08:00,57,,n/e,n/e,n/e,n/e,808,,n/e,n/e,n/e,n/e,n/e,n/e,n/e,n/e,n/e,n/e,n/e,n/e,580,,n/e,n/e,n/e,n/e,n/e,n/e,0,,n/e,n/e,4,,n/e,n/e,n/e,n/e,4,
08:00 - 09:00,55,,n/e,n/e,n/e,n/e,810,,n/e,n/e,n/e,n/e,n/e,n/e,n/e,n/e,n/e,n/e,n/e,n/e,534,,n/e,n/e,n/e,n/e,n/e,n/e,0,,n/e,n/e,13,,n/e,n/e,n/e,n/e,7,
09:00 - 10:00,55,,n/e,n/e,n/e,n/e,807,,n/e,n/e,n/e,n/e,n/e,n/e,n/e,n/e,n/e,n/e,n/e,n/e,556,,n/e,n/e,n/e,n/e,n/e,n/e,0,,n/e,n/e,24,,n/e,n/e,n/e,n/e,6,
10:00 - 11:00,55,,n/e,n/e,n/e,n/e,810,,n/e,n/e,n/e,n/e,n/e,n/e,n/e,n/e,n/e,n/e,n/e,n/e,559,,n/e,n/e,n/e,n/e,n/e,n/e,0,,n/e,n/e,32,,n/e,n/e,n/e,n/e,7,
11:00 - 12:00,56,,n/e,n/e,n/e,n/e,864,,n/e,n/e,n/e,n/e,n/e,n/e,n/e,n/e,n/e,n/e,n/e,n/e,576,,n/e,n/e,n/e,n/e,n/e,n/e,0,,n/e,n/e,29,,n/e,n/e,n/e,n/e,7,
12:00 - 13:00,55,,n/e,n/e,n/e,n/e,872,,n/e,n/e,n/e,n/e,n/e,n/e,n/e,n/e,n/e,n/e,n/e,n/e,576,,n/e,n/e,n/e,n/e,n/e,n/e,0,,n/e,n/e,20,,n/e,n/e,n/e,n/e,7,
13:00 - 14:00,56,,n/e,n/e,n/e,n/e,872,,n/e,n/e,n/e,n/e,n/e,n/e,n/e,n/e,n/e,n/e,n/e,n/e,576,,n/e,n/e,n/e,n/e,n/e,n/e,0,,n/e,n/e,8,,n/e,n/e,n/e,n/e,13,
14:00 - 15:00,56,,n/e,n/e,n/e,n/e,874,,n/e,n/e,n/e,n/e,n/e,n/e,n/e,n/e,n/e,n/e,n/e,n/e,577,,n/e,n/e,n/e,n/e,n/e,n/e,0,,n/e,n/e,1,,n/e,n/e,n/e,n/e,12,
15:00 - 16:00,56,,n/e,n/e,n/e,n/e,871,,n/e,n/e,n/e,n/e,n/e,n/e,n/e,n/e,n/e,n/e,n/e,n/e,576,,n/e,n/e,n/e,n/e,n/e,n/e,0,,n/e,n/e,0,,n/e,n/e,n/e,n/e,16,
16:00 - 17:00,56,,n/e,n/e,n/e,n/e,850,,n/e,n/e,n/e,n/e,n/e,n/e,n/e,n/e,n/e,n/e,n/e,n/e,597,,n/e,n/e,n/e,n/e,n/e,n/e,0,,n/e,n/e,0,,n/e,n/e,n/e,n/e,21,
17:00 - 18:00,56,,n/e,n/e,n/e,n/e,793,,n/e,n/e,n/e,n/e,n/e,n/e,n/e,n/e,n/e,n/e,n/e,n/e,546,,n/e,n/e,n/e,n/e,n/e,n/e,0,,n/e,n/e,0,,n/e,n/e,n/e,n/e,22,
18:00 - 19:00,56,,n/e,n/e,n/e,n/e,790,,n/e,n/e,n/e,n/e,n/e,n/e,n/e,n/e,n/e,n/e,n/e,n/e,439,,n/e,n/e,n/e,n/e,n/e,n/e,0,,n/e,n/e,0,,n/e,n/e,n/e,n/e,23,
19:00 - 20:00,58,,n/e,n/e,n/e,n/e,783,,n/e,n/e,n/e,n/e,n/e,n/e,n/e,n/e,n/e,n/e,n/e,n/e,439,,n/e,n/e,n/e,n/e,n/e,n/e,0,,n/e,n/e,0,,n/e,n/e,n/e,n/e,25,
20:00 - 21:00,57,,n/e,n/e,n/e,n/e,616,,n/e,n/e,n/e,n/e,n/e,n/e,n/e,n/e,n/e,n/e,n/e,n/e,367,,n/e,n/e,n/e,n/e,n/e,n/e,0,,n/e,n/e,0,,n/e,n/e,n/e,n/e,28,
21:00 - 22:00,55,,n/e,n/e,n/e,n/e,605,,n/e,n/e,n/e,n/e,n/e,n/e,n/e,n/e,n/e,n/e,n/e,n/e,255,,n/e,n/e,n/e,n/e,n/e,n/e,0,,n/e,n/e,0,,n/e,n/e,n/e,n/e,29,
22:00 - 23:00,55,,n/e,n/e,n/e,n/e,594,,n/e,n/e,n/e,n/e,n/e,n/e,n/e,n/e,n/e,n/e,n/e,n/e,203,,n/e,n/e,n/e,n/e,n/e,n/e,0,,n/e,n/e,0,,n/e,n/e,n/e,n/e,27,
23:00 - 00:00,54,,n/e,n/e,n/e,n/e,445,,n/e,n/e,n/e,n/e,n/e,n/e,n/e,n/e,n/e,n/e,n/e,n/e,225,,n/e,n/e,n/e,n/e,n/e,n/e,0,,n/e,n/e,0,,n/e,n/e,n/e,n/e,33,
00:00 - 01:00,54,,n/e,n/e,n/e,n/e,439,,n/e,n/e,n/e,n/e,n/e,n/e,n/e,n/e,n/e,n/e,n/e,n/e,237,,n/e,n/e,n/e,n/e,n/e,n/e,0,,n/e,n/e,0,,n/e,n/e,n/e,n/e,37,
01:00 - 02:00,54,,n/e,n/e,n/e,n/e,447,,n/e,n/e,n/e,n/e,n/e,n/e,n/e,n/e,n/e,n/e,n/e,n/e,237,,n/e,n/e,n/e,n/e,n/e,n/e,0,,n/e,n/e,0,,n/e,n/e,n/e,n/e,35,
02:00 - 03:00,53,,n/e,n/e,n/e,n/e,447,,n/e,n/e,n/e,n/e,n/e,n/e,n/e,n/e,n/e,n/e,n/e,n/e,254,,n/e,n/e,n/e,n/e,n/e,n/e,0,,n/e,n/e,0,,n/e,n/e,n/e,n/e,40,
03:00 - 04:00,52,,n/e,n/e,n/e,n/e,446,,n/e,n/e,n/e,n/e,n/e,n/e,n/e,n/e,n/e,n/e,n/e,n/e,255,,n/e,n/e,n/e,n/e,n/e,n/e,0,,n/e,n/e,0,,n/e,n/e,n/e,n/e,50,
04:00 - 05:00,52,,n/e,n/e,n/e,n/e,443,,n/e,n/e,n/e,n/e,n/e,n/e,n/e,n/e,n/e,n/e,n/e,n/e,326,,n/e,n/e,n/e,n/e,n/e,n/e,0,,n/e,n/e,0,,n/e,n/e,n/e,n/e,63,
05:00 - 06:00,52,,n/e,n/e,n/e,n/e,449,,n/e,n/e,n/e,n/e,n/e,n/e,n/e,n/e,n/e,n/e,n/e,n/e,487,,n/e,n/e,n/e,n/e,n/e,n/e,0,,n/e,n/e,0,,n/e,n/e,n/e,n/e,70,
06:00 - 07:00,54,,n/e,n/e,n/e,n/e,451,,n/e,n/e,n/e,n/e,n/e,n/e,n/e,n/e,n/e,n/e,n/e,n/e,509,,n/e,n/e,n/e,n/e,n/e,n/e,0,,n/e,n/e,0,,n/e,n/e,n/e,n/e,72,
07:00 - 08:00,55,,n/e,n/e,n/e,n/e,452,,n/e,n/e,n/e,n/e,n/e,n/e,n/e,n/e,n/e,n/e,n/e,n/e,511,,n/e,n/e,n/e,n/e,n/e,n/e,0,,n/e,n/e,1,,n/e,n/e,n/e,n/e,71,
08:00 - 09:00,55,,n/e,n/e,n/e,n/e,454,,n/e,n/e,n/e,n/e,n/e,n/e,n/e,n/e,n/e,n/e,n/e,n/e,493,,n/e,n/e,n/e,n/e,n/e,n/e,0,,n/e,n/e,3,,n/e,n/e,n/e,n/e,60,
09:00 - 10:00,55,,n/e,n/e,n/e,n/e,569,,n/e,n/e,n/e,n/e,n/e,n/e,n/e,n/e,n/e,n/e,n/e,n/e,474,,n/e,n/e,n/e,n/e,n/e,n/e,0,,n/e,n/e,6,,n/e,n/e,n/e,n/e,42,
10:00 - 11:00,55,,n/e,n/e,n/e,n/e,569,,n/e,n/e,n/e,n/e,n/e,n/e,n/e,n/e,n/e,n/e,n/e,n/e,455,,n/e,n/e,n/e,n/e,n/e,n/e,0,,n/e,n/e,6,,n/e,n/e,n/e,n/e,35,
11:00 - 12:00,54,,n/e,n/e,n/e,n/e,588,,n/e,n/e,n/e,n/e,n/e,n/e,n/e,n/e,n/e,n/e,n/e,n/e,437,,n/e,n/e,n/e,n/e,n/e,n/e,0,,n/e,n/e,5,,n/e,n/e,n/e,n/e,38,
12:00 - 13:00,54,,n/e,n/e,n/e,n/e,590,,n/e,n/e,n/e,n/e,n/e,n/e,n/e,n/e,n/e,n/e,n/e,n/e,436,,n/e,n/e,n/e,n/e,n/e,n/e,0,,n/e,n/e,3,,n/e,n/e,n/e,n/e,34,
13:00 - 14:00,54,,n/e,n/e,n/e,n/e,630,,n/e,n/e,n/e,n/e,n/e,n/e,n/e,n/e,n/e,n/e,n/e,n/e,421,,n/e,n/e,n/e,n/e,n/e,n/e,0,,n/e,n/e,1,,n/e,n/e,n/e,n/e,36,
14:00 - 15:00,55,,n/e,n/e,n/e,n/e,541,,n/e,n/e,n/e,n/e,n/e,n/e,n/e,n/e,n/e,n/e,n/e,n/e,510,,n/e,n/e,n/e,n/e,n/e,n/e,0,,n/e,n/e,0,,n/e,n/e,n/e,n/e,31,
15:00 - 16:00,52,,n/e,n/e,n/e,n/e,418,,n/e,n/e,n/e,n/e,n/e,n/e,n/e,n/e,n/e,n/e,n/e,n/e,598,,n/e,n/e,n/e,n/e,n/e,n/e,0,,n/e,n/e,0,,n/e,n/e,n/e,n/e,40,
16:00 - 17:00,54,,n/e,n/e,n/e,n/e,412,,n/e,n/e,n/e,n/e,n/e,n/e,n/e,n/e,n/e,n/e,n/e,n/e,623,,n/e,n/e,n/e,n/e,n/e,n/e,0,,n/e,n/e,0,,n/e,n/e,n/e,n/e,66,
17:00 - 18:00,54,,n/e,n/e,n/e,n/e,380,,n/e,n/e,n/e,n/e,n/e,n/e,n/e,n/e,n/e,n/e,n/e,n/e,617,,n/e,n/e,n/e,n/e,n/e,n/e,0,,n/e,n/e,0,,n/e,n/e,n/e,n/e,89,
18:00 - 19:00,54,,n/e,n/e,n/e,n/e,374,,n/e,n/e,n/e,n/e,n/e,n/e,n/e,n/e,n/e,n/e,n/e,n/e,617,,n/e,n/e,n/e,n/e,n/e,n/e,0,,n/e,n/e,0,,n/e,n/e,n/e,n/e,88,
19:00 - 20:00,53,,n/e,n/e,n/e,n/e,366,,n/e,n/e,n/e,n/e,n/e,n/e,n/e,n/e,n/e,n/e,n/e,n/e,461,,n/e,n/e,n/e,n/e,n/e,n/e,0,,n/e,n/e,0,,n/e,n/e,n/e,n/e,104,
20:00 - 21:00,47,,n/e,n/e,n/e,n/e,337,,n/e,n/e,n/e,n/e,n/e,n/e,n/e,n/e,n/e,n/e,n/e,n/e,368,,n/e,n/e,n/e,n/e,n/e,n/e,0,,n/e,n/e,0,,n/e,n/e,n/e,n/e,116,
21:00 - 22:00,44,,n/e,n/e,n/e,n/e,330,,n/e,n/e,n/e,n/e,n/e,n/e,n/e,n/e,n/e,n/e,n/e,n/e,378,,n/e,n/e,n/e,n/e,n/e,n/e,0,,n/e,n/e,0,,n/e,n/e,n/e,n/e,118,
22:00 - 23:00,45,,n/e,n/e,n/e,n/e,331,,n/e,n/e,n/e,n/e,n/e,n/e,n/e,n/e,n/e,n/e,n/e,n/e,115,,n/e,n/e,n/e,n/e,n/e,n/e,0,,n/e,n/e,0,,n/e,n/e,n/e,n/e,99,
23:00 - 00:00,45,,n/e,n/e,n/e,n/e,378,,n/e,n/e,n/e,n/e,n/e,n/e,n/e,n/e,n/e,n/e,n/e,n/e,169,,n/e,n/e,n/e,n/e,n/e,n/e,0,,n/e,n/e,0,,n/e,n/e,n/e,n/e,115,
00:00 - 01:00,45,,n/e,n/e,n/e,n/e,380,,n/e,n/e,n/e,n/e,n/e,n/e,n/e,n/e,n/e,n/e,n/e,n/e,169,,n/e,n/e,n/e,n/e,n/e,n/e,0,,n/e,n/e,0,,n/e,n/e,n/e,n/e,116,
01:00 - 02:00,46,,n/e,n/e,n/e,n/e,381,,n/e,n/e,n/e,n/e,n/e,n/e,n/e,n/e,n/e,n/e,n/e,n/e,169,,n/e,n/e,n/e,n/e,n/e,n/e,0,,n/e,n/e,0,,n/e,n/e,n/e,n/e,117,
02:00 - 03:00,45,,n/e,n/e,n/e,n/e,380,,n/e,n/e,n/e,n/e,n/e,n/e,n/e,n/e,n/e,n/e,n/e,n/e,170,,n/e,n/e,n/e,n/e,n/e,n/e,0,,n/e,n/e,0,,n/e,n/e,n/e,n/e,115,
03:00 - 04:00,44,,n/e,n/e,n/e,n/e,381,,n/e,n/e,n/e,n/e,n/e,n/e,n/e,n/e,n/e,n/e,n/e,n/e,219,,n/e,n/e,n/e,n/e,n/e,n/e,0,,n/e,n/e,0,,n/e,n/e,n/e,n/e,116,
04:00 - 05:00,44,,n/e,n/e,n/e,n/e,401,,n/e,n/e,n/e,n/e,n/e,n/e,n/e,n/e,n/e,n/e,n/e,n/e,342,,n/e,n/e,n/e,n/e,n/e,n/e,0,,n/e,n/e,0,,n/e,n/e,n/e,n/e,115,
05:00 - 06:00,51,,n/e,n/e,n/e,n/e,442,,n/e,n/e,n/e,n/e,n/e,n/e,n/e,n/e,n/e,n/e,n/e,n/e,460,,n/e,n/e,n/e,n/e,n/e,n/e,0,,n/e,n/e,0,,n/e,n/e,n/e,n/e,116,
06:00 - 07:00,55,,n/e,n/e,n/e,n/e,445,,n/e,n/e,n/e,n/e,n/e,n/e,n/e,n/e,n/e,n/e,n/e,n/e,527,,n/e,n/e,n/e,n/e,n/e,n/e,0,,n/e,n/e,0,,n/e,n/e,n/e,n/e,114,
07:00 - 08:00,56,,n/e,n/e,n/e,n/e,474,,n/e,n/e,n/e,n/e,n/e,n/e,n/e,n/e,n/e,n/e,n/e,n/e,578,,n/e,n/e,n/e,n/e,n/e,n/e,0,,n/e,n/e,1,,n/e,n/e,n/e,n/e,112,
08:00 - 09:00,52,,n/e,n/e,n/e,n/e,475,,n/e,n/e,n/e,n/e,n/e,n/e,n/e,n/e,n/e,n/e,n/e,n/e,578,,n/e,n/e,n/e,n/e,n/e,n/e,0,,n/e,n/e,12,,n/e,n/e,n/e,n/e,111,
09:00 - 10:00,55,,n/e,n/e,n/e,n/e,504,,n/e,n/e,n/e,n/e,n/e,n/e,n/e,n/e,n/e,n/e,n/e,n/e,563,,n/e,n/e,n/e,n/e,n/e,n/e,0,,n/e,n/e,25,,n/e,n/e,n/e,n/e,116,
10:00 - 11:00,55,,n/e,n/e,n/e,n/e,504,,n/e,n/e,n/e,n/e,n/e,n/e,n/e,n/e,n/e,n/e,n/e,n/e,561,,n/e,n/e,n/e,n/e,n/e,n/e,0,,n/e,n/e,32,,n/e,n/e,n/e,n/e,116,
11:00 - 12:00,55,,n/e,n/e,n/e,n/e,505,,n/e,n/e,n/e,n/e,n/e,n/e,n/e,n/e,n/e,n/e,n/e,n/e,561,,n/e,n/e,n/e,n/e,n/e,n/e,0,,n/e,n/e,17,,n/e,n/e,n/e,n/e,116,
12:00 - 13:00,55,,n/e,n/e,n/e,n/e,477,,n/e,n/e,n/e,n/e,n/e,n/e,n/e,n/e,n/e,n/e,n/e,n/e,579,,n/e,n/e,n/e,n/e,n/e,n/e,0,,n/e,n/e,9,,n/e,n/e,n/e,n/e,114,
13:00 - 14:00,46,,n/e,n/e,n/e,n/e,483,,n/e,n/e,n/e,n/e,n/e,n/e,n/e,n/e,n/e,n/e,n/e,n/e,575,,n/e,n/e,n/e,n/e,n/e,n/e,0,,n/e,n/e,4,,n/e,n/e,n/e,n/e,109,
14:00 - 15:00,45,,n/e,n/e,n/e,n/e,483,,n/e,n/e,n/e,n/e,n/e,n/e,n/e,n/e,n/e,n/e,n/e,n/e,472,,n/e,n/e,n/e,n/e,n/e,n/e,0,,n/e,n/e,1,,n/e,n/e,n/e,n/e,106,
15:00 - 16:00,50,,n/e,n/e,n/e,n/e,481,,n/e,n/e,n/e,n/e,n/e,n/e,n/e,n/e,n/e,n/e,n/e,n/e,472,,n/e,n/e,n/e,n/e,n/e,n/e,0,,n/e,n/e,0,,n/e,n/e,n/e,n/e,106,
16:00 - 17:00,51,,n/e,n/e,n/e,n/e,415,,n/e,n/e,n/e,n/e,n/e,n/e,n/e,n/e,n/e,n/e,n/e,n/e,544,,n/e,n/e,n/e,n/e,n/e,n/e,0,,n/e,n/e,0,,n/e,n/e,n/e,n/e,108,
17:00 - 18:00,54,,n/e,n/e,n/e,n/e,413,,n/e,n/e,n/e,n/e,n/e,n/e,n/e,n/e,n/e,n/e,n/e,n/e,545,,n/e,n/e,n/e,n/e,n/e,n/e,0,,n/e,n/e,0,,n/e,n/e,n/e,n/e,109,
18:00 - 19:00,54,,n/e,n/e,n/e,n/e,413,,n/e,n/e,n/e,n/e,n/e,n/e,n/e,n/e,n/e,n/e,n/e,n/e,544,,n/e,n/e,n/e,n/e,n/e,n/e,0,,n/e,n/e,0,,n/e,n/e,n/e,n/e,102,
19:00 - 20:00,54,,n/e,n/e,n/e,n/e,411,,n/e,n/e,n/e,n/e,n/e,n/e,n/e,n/e,n/e,n/e,n/e,n/e,543,,n/e,n/e,n/e,n/e,n/e,n/e,0,,n/e,n/e,0,,n/e,n/e,n/e,n/e,88,
20:00 - 21:00,50,,n/e,n/e,n/e,n/e,402,,n/e,n/e,n/e,n/e,n/e,n/e,n/e,n/e,n/e,n/e,n/e,n/e,434,,n/e,n/e,n/e,n/e,n/e,n/e,0,,n/e,n/e,0,,n/e,n/e,n/e,n/e,100,
21:00 - 22:00,47,,n/e,n/e,n/e,n/e,289,,n/e,n/e,n/e,n/e,n/e,n/e,n/e,n/e,n/e,n/e,n/e,n/e,432,,n/e,n/e,n/e,n/e,n/e,n/e,0,,n/e,n/e,0,,n/e,n/e,n/e,n/e,91,
22:00 - 23:00,48,,n/e,n/e,n/e,n/e,283,,n/e,n/e,n/e,n/e,n/e,n/e,n/e,n/e,n/e,n/e,n/e,n/e,430,,n/e,n/e,n/e,n/e,n/e,n/e,0,,n/e,n/e,0,,n/e,n/e,n/e,n/e,87,
23:00 - 00:00,49,,n/e,n/e,n/e,n/e,282,,n/e,n/e,n/e,n/e,n/e,n/e,n/e,n/e,n/e,n/e,n/e,n/e,162,,n/e,n/e,n/e,n/e,n/e,n/e,0,,n/e,n/e,0,,n/e,n/e,n/e,n/e,75,
00:00 - 01:00,52,,n/e,n/e,n/e,n/e,281,,n/e,n/e,n/e,n/e,n/e,n/e,n/e,n/e,n/e,n/e,n/e,n/e,161,,n/e,n/e,n/e,n/e,n/e,n/e,0,,n/e,n/e,0,,n/e,n/e,n/e,n/e,61,
01:00 - 02:00,48,,n/e,n/e,n/e,n/e,282,,n/e,n/e,n/e,n/e,n/e,n/e,n/e,n/e,n/e,n/e,n/e,n/e,162,,n/e,n/e,n/e,n/e,n/e,n/e,0,,n/e,n/e,0,,n/e,n/e,n/e,n/e,50,
02:00 - 03:00,42,,n/e,n/e,n/e,n/e,281,,n/e,n/e,n/e,n/e,n/e,n/e,n/e,n/e,n/e,n/e,n/e,n/e,219,,n/e,n/e,n/e,n/e,n/e,n/e,0,,n/e,n/e,0,,n/e,n/e,n/e,n/e,55,
03:00 - 04:00,42,,n/e,n/e,n/e,n/e,280,,n/e,n/e,n/e,n/e,n/e,n/e,n/e,n/e,n/e,n/e,n/e,n/e,220,,n/e,n/e,n/e,n/e,n/e,n/e,0,,n/e,n/e,0,,n/e,n/e,n/e,n/e,85,
04:00 - 05:00,42,,n/e,n/e,n/e,n/e,286,,n/e,n/e,n/e,n/e,n/e,n/e,n/e,n/e,n/e,n/e,n/e,n/e,438,,n/e,n/e,n/e,n/e,n/e,n/e,0,,n/e,n/e,0,,n/e,n/e,n/e,n/e,80,
05:00 - 06:00,50,,n/e,n/e,n/e,n/e,391,,n/e,n/e,n/e,n/e,n/e,n/e,n/e,n/e,n/e,n/e,n/e,n/e,559,,n/e,n/e,n/e,n/e,n/e,n/e,0,,n/e,n/e,0,,n/e,n/e,n/e,n/e,77,
06:00 - 07:00,51,,n/e,n/e,n/e,n/e,429,,n/e,n/e,n/e,n/e,n/e,n/e,n/e,n/e,n/e,n/e,n/e,n/e,579,,n/e,n/e,n/e,n/e,n/e,n/e,0,,n/e,n/e,1,,n/e,n/e,n/e,n/e,72,
07:00 - 08:00,52,,n/e,n/e,n/e,n/e,430,,n/e,n/e,n/e,n/e,n/e,n/e,n/e,n/e,n/e,n/e,n/e,n/e,585,,n/e,n/e,n/e,n/e,n/e,n/e,0,,n/e,n/e,18,,n/e,n/e,n/e,n/e,70,
08:00 - 09:00,55,,n/e,n/e,n/e,n/e,436,,n/e,n/e,n/e,n/e,n/e,n/e,n/e,n/e,n/e,n/e,n/e,n/e,583,,n/e,n/e,n/e,n/e,n/e,n/e,0,,n/e,n/e,50,,n/e,n/e,n/e,n/e,56,
09:00 - 10:00,56,,n/e,n/e,n/e,n/e,545,,n/e,n/e,n/e,n/e,n/e,n/e,n/e,n/e,n/e,n/e,n/e,n/e,565,,n/e,n/e,n/e,n/e,n/e,n/e,0,,n/e,n/e,74,,n/e,n/e,n/e,n/e,46,
10:00 - 11:00,55,,n/e,n/e,n/e,n/e,546,,n/e,n/e,n/e,n/e,n/e,n/e,n/e,n/e,n/e,n/e,n/e,n/e,562,,n/e,n/e,n/e,n/e,n/e,n/e,0,,n/e,n/e,73,,n/e,n/e,n/e,n/e,33,
11:00 - 12:00,56,,n/e,n/e,n/e,n/e,545,,n/e,n/e,n/e,n/e,n/e,n/e,n/e,n/e,n/e,n/e,n/e,n/e,544,,n/e,n/e,n/e,n/e,n/e,n/e,0,,n/e,n/e,71,,n/e,n/e,n/e,n/e,33,
12:00 - 13:00,55,,n/e,n/e,n/e,n/e,545,,n/e,n/e,n/e,n/e,n/e,n/e,n/e,n/e,n/e,n/e,n/e,n/e,561,,n/e,n/e,n/e,n/e,n/e,n/e,0,,n/e,n/e,50,,n/e,n/e,n/e,n/e,26,
13:00 - 14:00,55,,n/e,n/e,n/e,n/e,539,,n/e,n/e,n/e,n/e,n/e,n/e,n/e,n/e,n/e,n/e,n/e,n/e,576,,n/e,n/e,n/e,n/e,n/e,n/e,0,,n/e,n/e,21,,n/e,n/e,n/e,n/e,20,
14:00 - 15:00,55,,n/e,n/e,n/e,n/e,429,,n/e,n/e,n/e,n/e,n/e,n/e,n/e,n/e,n/e,n/e,n/e,n/e,595,,n/e,n/e,n/e,n/e,n/e,n/e,0,,n/e,n/e,3,,n/e,n/e,n/e,n/e,32,
15:00 - 16:00,54,,n/e,n/e,n/e,n/e,342,,n/e,n/e,n/e,n/e,n/e,n/e,n/e,n/e,n/e,n/e,n/e,n/e,614,,n/e,n/e,n/e,n/e,n/e,n/e,0,,n/e,n/e,0,,n/e,n/e,n/e,n/e,48,
16:00 - 17:00,53,,n/e,n/e,n/e,n/e,238,,n/e,n/e,n/e,n/e,n/e,n/e,n/e,n/e,n/e,n/e,n/e,n/e,619,,n/e,n/e,n/e,n/e,n/e,n/e,0,,n/e,n/e,0,,n/e,n/e,n/e,n/e,80,
17:00 - 18:00,54,,n/e,n/e,n/e,n/e,158,,n/e,n/e,n/e,n/e,n/e,n/e,n/e,n/e,n/e,n/e,n/e,n/e,693,,n/e,n/e,n/e,n/e,n/e,n/e,0,,n/e,n/e,0,,n/e,n/e,n/e,n/e,102,
18:00 - 19:00,54,,n/e,n/e,n/e,n/e,158,,n/e,n/e,n/e,n/e,n/e,n/e,n/e,n/e,n/e,n/e,n/e,n/e,604,,n/e,n/e,n/e,n/e,n/e,n/e,0,,n/e,n/e,0,,n/e,n/e,n/e,n/e,109,
19:00 - 20:00,54,,n/e,n/e,n/e,n/e,157,,n/e,n/e,n/e,n/e,n/e,n/e,n/e,n/e,n/e,n/e,n/e,n/e,597,,n/e,n/e,n/e,n/e,n/e,n/e,0,,n/e,n/e,0,,n/e,n/e,n/e,n/e,113,
20:00 - 21:00,47,,n/e,n/e,n/e,n/e,151,,n/e,n/e,n/e,n/e,n/e,n/e,n/e,n/e,n/e,n/e,n/e,n/e,418,,n/e,n/e,n/e,n/e,n/e,n/e,0,,n/e,n/e,0,,n/e,n/e,n/e,n/e,106,
21:00 - 22:00,47,,n/e,n/e,n/e,n/e,150,,n/e,n/e,n/e,n/e,n/e,n/e,n/e,n/e,n/e,n/e,n/e,n/e,417,,n/e,n/e,n/e,n/e,n/e,n/e,0,,n/e,n/e,0,,n/e,n/e,n/e,n/e,95,
22:00 - 23:00,46,,n/e,n/e,n/e,n/e,151,,n/e,n/e,n/e,n/e,n/e,n/e,n/e,n/e,n/e,n/e,n/e,n/e,412,,n/e,n/e,n/e,n/e,n/e,n/e,0,,n/e,n/e,0,,n/e,n/e,n/e,n/e,108,
23:00 - 00:00,44,,n/e,n/e,n/e,n/e,150,,n/e,n/e,n/e,n/e,n/e,n/e,n/e,n/e,n/e,n/e,n/e,n/e,190,,n/e,n/e,n/e,n/e,n/e,n/e,0,,n/e,n/e,0,,n/e,n/e,n/e,n/e,103,
00:00 - 01:00,44,,n/e,n/e,n/e,n/e,152,,n/e,n/e,n/e,n/e,n/e,n/e,n/e,n/e,n/e,n/e,n/e,n/e,191,,n/e,n/e,n/e,n/e,n/e,n/e,0,,n/e,n/e,0,,n/e,n/e,n/e,n/e,100,
01:00 - 02:00,44,,n/e,n/e,n/e,n/e,150,,n/e,n/e,n/e,n/e,n/e,n/e,n/e,n/e,n/e,n/e,n/e,n/e,191,,n/e,n/e,n/e,n/e,n/e,n/e,0,,n/e,n/e,0,,n/e,n/e,n/e,n/e,105,
02:00 - 03:00,45,,n/e,n/e,n/e,n/e,151,,n/e,n/e,n/e,n/e,n/e,n/e,n/e,n/e,n/e,n/e,n/e,n/e,237,,n/e,n/e,n/e,n/e,n/e,n/e,0,,n/e,n/e,0,,n/e,n/e,n/e,n/e,104,
03:00 - 04:00,42,,n/e,n/e,n/e,n/e,151,,n/e,n/e,n/e,n/e,n/e,n/e,n/e,n/e,n/e,n/e,n/e,n/e,288,,n/e,n/e,n/e,n/e,n/e,n/e,0,,n/e,n/e,0,,n/e,n/e,n/e,n/e,94,
04:00 - 05:00,42,,n/e,n/e,n/e,n/e,151,,n/e,n/e,n/e,n/e,n/e,n/e,n/e,n/e,n/e,n/e,n/e,n/e,322,,n/e,n/e,n/e,n/e,n/e,n/e,0,,n/e,n/e,0,,n/e,n/e,n/e,n/e,86,
05:00 - 06:00,42,,n/e,n/e,n/e,n/e,151,,n/e,n/e,n/e,n/e,n/e,n/e,n/e,n/e,n/e,n/e,n/e,n/e,324,,n/e,n/e,n/e,n/e,n/e,n/e,0,,n/e,n/e,0,,n/e,n/e,n/e,n/e,90,
06:00 - 07:00,44,,n/e,n/e,n/e,n/e,153,,n/e,n/e,n/e,n/e,n/e,n/e,n/e,n/e,n/e,n/e,n/e,n/e,249,,n/e,n/e,n/e,n/e,n/e,n/e,0,,n/e,n/e,0,,n/e,n/e,n/e,n/e,83,
07:00 - 08:00,45,,n/e,n/e,n/e,n/e,150,,n/e,n/e,n/e,n/e,n/e,n/e,n/e,n/e,n/e,n/e,n/e,n/e,248,,n/e,n/e,n/e,n/e,n/e,n/e,0,,n/e,n/e,3,,n/e,n/e,n/e,n/e,95,
08:00 - 09:00,46,,n/e,n/e,n/e,n/e,150,,n/e,n/e,n/e,n/e,n/e,n/e,n/e,n/e,n/e,n/e,n/e,n/e,248,,n/e,n/e,n/e,n/e,n/e,n/e,0,,n/e,n/e,9,,n/e,n/e,n/e,n/e,102,
09:00 - 10:00,48,,n/e,n/e,n/e,n/e,150,,n/e,n/e,n/e,n/e,n/e,n/e,n/e,n/e,n/e,n/e,n/e,n/e,247,,n/e,n/e,n/e,n/e,n/e,n/e,0,,n/e,n/e,13,,n/e,n/e,n/e,n/e,105,
10:00 - 11:00,45,,n/e,n/e,n/e,n/e,150,,n/e,n/e,n/e,n/e,n/e,n/e,n/e,n/e,n/e,n/e,n/e,n/e,247,,n/e,n/e,n/e,n/e,n/e,n/e,0,,n/e,n/e,18,,n/e,n/e,n/e,n/e,108,
11:00 - 12:00,45,,n/e,n/e,n/e,n/e,151,,n/e,n/e,n/e,n/e,n/e,n/e,n/e,n/e,n/e,n/e,n/e,n/e,264,,n/e,n/e,n/e,n/e,n/e,n/e,0,,n/e,n/e,24,,n/e,n/e,n/e,n/e,111,
12:00 - 13:00,45,,n/e,n/e,n/e,n/e,152,,n/e,n/e,n/e,n/e,n/e,n/e,n/e,n/e,n/e,n/e,n/e,n/e,400,,n/e,n/e,n/e,n/e,n/e,n/e,0,,n/e,n/e,24,,n/e,n/e,n/e,n/e,111,
13:00 - 14:00,46,,n/e,n/e,n/e,n/e,150,,n/e,n/e,n/e,n/e,n/e,n/e,n/e,n/e,n/e,n/e,n/e,n/e,498,,n/e,n/e,n/e,n/e,n/e,n/e,0,,n/e,n/e,13,,n/e,n/e,n/e,n/e,109,
14:00 - 15:00,47,,n/e,n/e,n/e,n/e,151,,n/e,n/e,n/e,n/e,n/e,n/e,n/e,n/e,n/e,n/e,n/e,n/e,549,,n/e,n/e,n/e,n/e,n/e,n/e,0,,n/e,n/e,3,,n/e,n/e,n/e,n/e,113,
15:00 - 16:00,48,,n/e,n/e,n/e,n/e,151,,n/e,n/e,n/e,n/e,n/e,n/e,n/e,n/e,n/e,n/e,n/e,n/e,552,,n/e,n/e,n/e,n/e,n/e,n/e,0,,n/e,n/e,0,,n/e,n/e,n/e,n/e,116,
16:00 - 17:00,48,,n/e,n/e,n/e,n/e,151,,n/e,n/e,n/e,n/e,n/e,n/e,n/e,n/e,n/e,n/e,n/e,n/e,630,,n/e,n/e,n/e,n/e,n/e,n/e,0,,n/e,n/e,0,,n/e,n/e,n/e,n/e,116,
17:00 - 18:00,48,,n/e,n/e,n/e,n/e,151,,n/e,n/e,n/e,n/e,n/e,n/e,n/e,n/e,n/e,n/e,n/e,n/e,631,,n/e,n/e,n/e,n/e,n/e,n/e,0,,n/e,n/e,0,,n/e,n/e,n/e,n/e,118,
18:00 - 19:00,48,,n/e,n/e,n/e,n/e,151,,n/e,n/e,n/e,n/e,n/e,n/e,n/e,n/e,n/e,n/e,n/e,n/e,629,,n/e,n/e,n/e,n/e,n/e,n/e,0,,n/e,n/e,0,,n/e,n/e,n/e,n/e,115,
19:00 - 20:00,49,,n/e,n/e,n/e,n/e,150,,n/e,n/e,n/e,n/e,n/e,n/e,n/e,n/e,n/e,n/e,n/e,n/e,576,,n/e,n/e,n/e,n/e,n/e,n/e,0,,n/e,n/e,0,,n/e,n/e,n/e,n/e,112,
20:00 - 21:00,43,,n/e,n/e,n/e,n/e,151,,n/e,n/e,n/e,n/e,n/e,n/e,n/e,n/e,n/e,n/e,n/e,n/e,521,,n/e,n/e,n/e,n/e,n/e,n/e,0,,n/e,n/e,0,,n/e,n/e,n/e,n/e,114,
21:00 - 22:00,42,,n/e,n/e,n/e,n/e,151,,n/e,n/e,n/e,n/e,n/e,n/e,n/e,n/e,n/e,n/e,n/e,n/e,379,,n/e,n/e,n/e,n/e,n/e,n/e,0,,n/e,n/e,0,,n/e,n/e,n/e,n/e,115,
22:00 - 23:00,42,,n/e,n/e,n/e,n/e,150,,n/e,n/e,n/e,n/e,n/e,n/e,n/e,n/e,n/e,n/e,n/e,n/e,257,,n/e,n/e,n/e,n/e,n/e,n/e,0,,n/e,n/e,0,,n/e,n/e,n/e,n/e,115,
23:00 - 00:00,42,,n/e,n/e,n/e,n/e,150,,n/e,n/e,n/e,n/e,n/e,n/e,n/e,n/e,n/e,n/e,n/e,n/e,146,,n/e,n/e,n/e,n/e,n/e,n/e,0,,n/e,n/e,0,,n/e,n/e,n/e,n/e,118,
00:00 - 01:00,42,,n/e,n/e,n/e,n/e,150,,n/e,n/e,n/e,n/e,n/e,n/e,n/e,n/e,n/e,n/e,n/e,n/e,144,,n/e,n/e,n/e,n/e,n/e,n/e,0,,n/e,n/e,0,,n/e,n/e,n/e,n/e,118,
01:00 - 02:00,42,,n/e,n/e,n/e,n/e,150,,n/e,n/e,n/e,n/e,n/e,n/e,n/e,n/e,n/e,n/e,n/e,n/e,161,,n/e,n/e,n/e,n/e,n/e,n/e,0,,n/e,n/e,0,,n/e,n/e,n/e,n/e,118,
02:00 - 03:00,42,,n/e,n/e,n/e,n/e,151,,n/e,n/e,n/e,n/e,n/e,n/e,n/e,n/e,n/e,n/e,n/e,n/e,159,,n/e,n/e,n/e,n/e,n/e,n/e,0,,n/e,n/e,0,,n/e,n/e,n/e,n/e,119,
03:00 - 04:00,41,,n/e,n/e,n/e,n/e,150,,n/e,n/e,n/e,n/e,n/e,n/e,n/e,n/e,n/e,n/e,n/e,n/e,153,,n/e,n/e,n/e,n/e,n/e,n/e,0,,n/e,n/e,0,,n/e,n/e,n/e,n/e,119,
04:00 - 05:00,40,,n/e,n/e,n/e,n/e,151,,n/e,n/e,n/e,n/e,n/e,n/e,n/e,n/e,n/e,n/e,n/e,n/e,165,,n/e,n/e,n/e,n/e,n/e,n/e,0,,n/e,n/e,0,,n/e,n/e,n/e,n/e,118,
05:00 - 06:00,40,,n/e,n/e,n/e,n/e,151,,n/e,n/e,n/e,n/e,n/e,n/e,n/e,n/e,n/e,n/e,n/e,n/e,296,,n/e,n/e,n/e,n/e,n/e,n/e,0,,n/e,n/e,0,,n/e,n/e,n/e,n/e,117,
06:00 - 07:00,41,,n/e,n/e,n/e,n/e,152,,n/e,n/e,n/e,n/e,n/e,n/e,n/e,n/e,n/e,n/e,n/e,n/e,322,,n/e,n/e,n/e,n/e,n/e,n/e,0,,n/e,n/e,1,,n/e,n/e,n/e,n/e,115,
07:00 - 08:00,41,,n/e,n/e,n/e,n/e,150,,n/e,n/e,n/e,n/e,n/e,n/e,n/e,n/e,n/e,n/e,n/e,n/e,396,,n/e,n/e,n/e,n/e,n/e,n/e,0,,n/e,n/e,12,,n/e,n/e,n/e,n/e,113,
08:00 - 09:00,41,,n/e,n/e,n/e,n/e,151,,n/e,n/e,n/e,n/e,n/e,n/e,n/e,n/e,n/e,n/e,n/e,n/e,381,,n/e,n/e,n/e,n/e,n/e,n/e,0,,n/e,n/e,32,,n/e,n/e,n/e,n/e,110,
09:00 - 10:00,41,,n/e,n/e,n/e,n/e,151,,n/e,n/e,n/e,n/e,n/e,n/e,n/e,n/e,n/e,n/e,n/e,n/e,374,,n/e,n/e,n/e,n/e,n/e,n/e,0,,n/e,n/e,58,,n/e,n/e,n/e,n/e,106,
10:00 - 11:00,41,,n/e,n/e,n/e,n/e,151,,n/e,n/e,n/e,n/e,n/e,n/e,n/e,n/e,n/e,n/e,n/e,n/e,373,,n/e,n/e,n/e,n/e,n/e,n/e,0,,n/e,n/e,72,,n/e,n/e,n/e,n/e,96,
11:00 - 12:00,40,,n/e,n/e,n/e,n/e,151,,n/e,n/e,n/e,n/e,n/e,n/e,n/e,n/e,n/e,n/e,n/e,n/e,432,,n/e,n/e,n/e,n/e,n/e,n/e,0,,n/e,n/e,59,,n/e,n/e,n/e,n/e,89,
12:00 - 13:00,40,,n/e,n/e,n/e,n/e,151,,n/e,n/e,n/e,n/e,n/e,n/e,n/e,n/e,n/e,n/e,n/e,n/e,436,,n/e,n/e,n/e,n/e,n/e,n/e,0,,n/e,n/e,32,,n/e,n/e,n/e,n/e,59,
13:00 - 14:00,37,,n/e,n/e,n/e,n/e,151,,n/e,n/e,n/e,n/e,n/e,n/e,n/e,n/e,n/e,n/e,n/e,n/e,623,,n/e,n/e,n/e,n/e,n/e,n/e,0,,n/e,n/e,9,,n/e,n/e,n/e,n/e,32,
14:00 - 15:00,45,,n/e,n/e,n/e,n/e,151,,n/e,n/e,n/e,n/e,n/e,n/e,n/e,n/e,n/e,n/e,n/e,n/e,694,,n/e,n/e,n/e,n/e,n/e,n/e,0,,n/e,n/e,1,,n/e,n/e,n/e,n/e,26,
15:00 - 16:00,48,,n/e,n/e,n/e,n/e,151,,n/e,n/e,n/e,n/e,n/e,n/e,n/e,n/e,n/e,n/e,n/e,n/e,651,,n/e,n/e,n/e,n/e,n/e,n/e,0,,n/e,n/e,0,,n/e,n/e,n/e,n/e,7,
16:00 - 17:00,49,,n/e,n/e,n/e,n/e,151,,n/e,n/e,n/e,n/e,n/e,n/e,n/e,n/e,n/e,n/e,n/e,n/e,650,,n/e,n/e,n/e,n/e,n/e,n/e,0,,n/e,n/e,0,,n/e,n/e,n/e,n/e,24,
17:00 - 18:00,49,,n/e,n/e,n/e,n/e,151,,n/e,n/e,n/e,n/e,n/e,n/e,n/e,n/e,n/e,n/e,n/e,n/e,690,,n/e,n/e,n/e,n/e,n/e,n/e,0,,n/e,n/e,0,,n/e,n/e,n/e,n/e,26,
18:00 - 19:00,48,,n/e,n/e,n/e,n/e,151,,n/e,n/e,n/e,n/e,n/e,n/e,n/e,n/e,n/e,n/e,n/e,n/e,683,,n/e,n/e,n/e,n/e,n/e,n/e,0,,n/e,n/e,0,,n/e,n/e,n/e,n/e,36,
19:00 - 20:00,49,,n/e,n/e,n/e,n/e,150,,n/e,n/e,n/e,n/e,n/e,n/e,n/e,n/e,n/e,n/e,n/e,n/e,655,,n/e,n/e,n/e,n/e,n/e,n/e,0,,n/e,n/e,0,,n/e,n/e,n/e,n/e,43,
20:00 - 21:00,48,,n/e,n/e,n/e,n/e,148,,n/e,n/e,n/e,n/e,n/e,n/e,n/e,n/e,n/e,n/e,n/e,n/e,497,,n/e,n/e,n/e,n/e,n/e,n/e,0,,n/e,n/e,0,,n/e,n/e,n/e,n/e,54,
21:00 - 22:00,46,,n/e,n/e,n/e,n/e,150,,n/e,n/e,n/e,n/e,n/e,n/e,n/e,n/e,n/e,n/e,n/e,n/e,493,,n/e,n/e,n/e,n/e,n/e,n/e,0,,n/e,n/e,0,,n/e,n/e,n/e,n/e,40,
22:00 - 23:00,43,,n/e,n/e,n/e,n/e,149,,n/e,n/e,n/e,n/e,n/e,n/e,n/e,n/e,n/e,n/e,n/e,n/e,415,,n/e,n/e,n/e,n/e,n/e,n/e,0,,n/e,n/e,0,,n/e,n/e,n/e,n/e,30,
23:00 - 00:00,40,,n/e,n/e,n/e,n/e,169,,n/e,n/e,n/e,n/e,n/e,n/e,n/e,n/e,n/e,n/e,n/e,n/e,480,,n/e,n/e,n/e,n/e,n/e,n/e,0,,n/e,n/e,0,,n/e,n/e,n/e,n/e,29,
00:00 - 01:00,40,,n/e,n/e,n/e,n/e,171,,n/e,n/e,n/e,n/e,n/e,n/e,n/e,n/e,n/e,n/e,n/e,n/e,483,,n/e,n/e,n/e,n/e,n/e,n/e,0,,n/e,n/e,0,,n/e,n/e,n/e,n/e,28,
01:00 - 02:00,40,,n/e,n/e,n/e,n/e,171,,n/e,n/e,n/e,n/e,n/e,n/e,n/e,n/e,n/e,n/e,n/e,n/e,482,,n/e,n/e,n/e,n/e,n/e,n/e,0,,n/e,n/e,0,,n/e,n/e,n/e,n/e,23,
02:00 - 03:00,39,,n/e,n/e,n/e,n/e,170,,n/e,n/e,n/e,n/e,n/e,n/e,n/e,n/e,n/e,n/e,n/e,n/e,481,,n/e,n/e,n/e,n/e,n/e,n/e,0,,n/e,n/e,0,,n/e,n/e,n/e,n/e,40,
03:00 - 04:00,38,,n/e,n/e,n/e,n/e,171,,n/e,n/e,n/e,n/e,n/e,n/e,n/e,n/e,n/e,n/e,n/e,n/e,493,,n/e,n/e,n/e,n/e,n/e,n/e,0,,n/e,n/e,0,,n/e,n/e,n/e,n/e,45,
04:00 - 05:00,42,,n/e,n/e,n/e,n/e,169,,n/e,n/e,n/e,n/e,n/e,n/e,n/e,n/e,n/e,n/e,n/e,n/e,490,,n/e,n/e,n/e,n/e,n/e,n/e,0,,n/e,n/e,0,,n/e,n/e,n/e,n/e,99,
05:00 - 06:00,46,,n/e,n/e,n/e,n/e,182,,n/e,n/e,n/e,n/e,n/e,n/e,n/e,n/e,n/e,n/e,n/e,n/e,670,,n/e,n/e,n/e,n/e,n/e,n/e,0,,n/e,n/e,0,,n/e,n/e,n/e,n/e,98,
06:00 - 07:00,47,,n/e,n/e,n/e,n/e,216,,n/e,n/e,n/e,n/e,n/e,n/e,n/e,n/e,n/e,n/e,n/e,n/e,665,,n/e,n/e,n/e,n/e,n/e,n/e,0,,n/e,n/e,0,,n/e,n/e,n/e,n/e,100,
07:00 - 08:00,48,,n/e,n/e,n/e,n/e,221,,n/e,n/e,n/e,n/e,n/e,n/e,n/e,n/e,n/e,n/e,n/e,n/e,649,,n/e,n/e,n/e,n/e,n/e,n/e,0,,n/e,n/e,2,,n/e,n/e,n/e,n/e,103,
08:00 - 09:00,48,,n/e,n/e,n/e,n/e,221,,n/e,n/e,n/e,n/e,n/e,n/e,n/e,n/e,n/e,n/e,n/e,n/e,645,,n/e,n/e,n/e,n/e,n/e,n/e,0,,n/e,n/e,7,,n/e,n/e,n/e,n/e,104,
09:00 - 10:00,48,,n/e,n/e,n/e,n/e,222,,n/e,n/e,n/e,n/e,n/e,n/e,n/e,n/e,n/e,n/e,n/e,n/e,469,,n/e,n/e,n/e,n/e,n/e,n/e,0,,n/e,n/e,17,,n/e,n/e,n/e,n/e,108,
10:00 - 11:00,48,,n/e,n/e,n/e,n/e,224,,n/e,n/e,n/e,n/e,n/e,n/e,n/e,n/e,n/e,n/e,n/e,n/e,464,,n/e,n/e,n/e,n/e,n/e,n/e,0,,n/e,n/e,25,,n/e,n/e,n/e,n/e,91,
11:00 - 12:00,46,,n/e,n/e,n/e,n/e,260,,n/e,n/e,n/e,n/e,n/e,n/e,n/e,n/e,n/e,n/e,n/e,n/e,465,,n/e,n/e,n/e,n/e,n/e,n/e,0,,n/e,n/e,20,,n/e,n/e,n/e,n/e,78,
12:00 - 13:00,47,,n/e,n/e,n/e,n/e,263,,n/e,n/e,n/e,n/e,n/e,n/e,n/e,n/e,n/e,n/e,n/e,n/e,469,,n/e,n/e,n/e,n/e,n/e,n/e,0,,n/e,n/e,18,,n/e,n/e,n/e,n/e,72,
13:00 - 14:00,49,,n/e,n/e,n/e,n/e,271,,n/e,n/e,n/e,n/e,n/e,n/e,n/e,n/e,n/e,n/e,n/e,n/e,473,,n/e,n/e,n/e,n/e,n/e,n/e,0,,n/e,n/e,13,,n/e,n/e,n/e,n/e,66,
14:00 - 15:00,49,,n/e,n/e,n/e,n/e,368,,n/e,n/e,n/e,n/e,n/e,n/e,n/e,n/e,n/e,n/e,n/e,n/e,480,,n/e,n/e,n/e,n/e,n/e,n/e,0,,n/e,n/e,3,,n/e,n/e,n/e,n/e,53,
15:00 - 16:00,50,,n/e,n/e,n/e,n/e,369,,n/e,n/e,n/e,n/e,n/e,n/e,n/e,n/e,n/e,n/e,n/e,n/e,652,,n/e,n/e,n/e,n/e,n/e,n/e,0,,n/e,n/e,0,,n/e,n/e,n/e,n/e,43,
16:00 - 17:00,50,,n/e,n/e,n/e,n/e,350,,n/e,n/e,n/e,n/e,n/e,n/e,n/e,n/e,n/e,n/e,n/e,n/e,689,,n/e,n/e,n/e,n/e,n/e,n/e,0,,n/e,n/e,0,,n/e,n/e,n/e,n/e,42,
17:00 - 18:00,51,,n/e,n/e,n/e,n/e,368,,n/e,n/e,n/e,n/e,n/e,n/e,n/e,n/e,n/e,n/e,n/e,n/e,677,,n/e,n/e,n/e,n/e,n/e,n/e,0,,n/e,n/e,0,,n/e,n/e,n/e,n/e,40,
18:00 - 19:00,50,,n/e,n/e,n/e,n/e,380,,n/e,n/e,n/e,n/e,n/e,n/e,n/e,n/e,n/e,n/e,n/e,n/e,689,,n/e,n/e,n/e,n/e,n/e,n/e,0,,n/e,n/e,0,,n/e,n/e,n/e,n/e,35,
19:00 - 20:00,51,,n/e,n/e,n/e,n/e,336,,n/e,n/e,n/e,n/e,n/e,n/e,n/e,n/e,n/e,n/e,n/e,n/e,529,,n/e,n/e,n/e,n/e,n/e,n/e,0,,n/e,n/e,0,,n/e,n/e,n/e,n/e,32,
20:00 - 21:00,49,,n/e,n/e,n/e,n/e,339,,n/e,n/e,n/e,n/e,n/e,n/e,n/e,n/e,n/e,n/e,n/e,n/e,495,,n/e,n/e,n/e,n/e,n/e,n/e,0,,n/e,n/e,0,,n/e,n/e,n/e,n/e,30,
21:00 - 22:00,49,,n/e,n/e,n/e,n/e,379,,n/e,n/e,n/e,n/e,n/e,n/e,n/e,n/e,n/e,n/e,n/e,n/e,472,,n/e,n/e,n/e,n/e,n/e,n/e,0,,n/e,n/e,0,,n/e,n/e,n/e,n/e,29,
22:00 - 23:00,48,,n/e,n/e,n/e,n/e,461,,n/e,n/e,n/e,n/e,n/e,n/e,n/e,n/e,n/e,n/e,n/e,n/e,333,,n/e,n/e,n/e,n/e,n/e,n/e,0,,n/e,n/e,0,,n/e,n/e,n/e,n/e,32,
23:00 - 00:00,48,,n/e,n/e,n/e,n/e,463,,n/e,n/e,n/e,n/e,n/e,n/e,n/e,n/e,n/e,n/e,n/e,n/e,228,,n/e,n/e,n/e,n/e,n/e,n/e,0,,n/e,n/e,0,,n/e,n/e,n/e,n/e,24,
00:00 - 01:00,49,,n/e,n/e,n/e,n/e,450,,n/e,n/e,n/e,n/e,n/e,n/e,n/e,n/e,n/e,n/e,n/e,n/e,258,,n/e,n/e,n/e,n/e,n/e,n/e,0,,n/e,n/e,0,,n/e,n/e,n/e,n/e,21,
01:00 - 02:00,50,,n/e,n/e,n/e,n/e,452,,n/e,n/e,n/e,n/e,n/e,n/e,n/e,n/e,n/e,n/e,n/e,n/e,221,,n/e,n/e,n/e,n/e,n/e,n/e,0,,n/e,n/e,0,,n/e,n/e,n/e,n/e,15,
02:00 - 03:00,50,,n/e,n/e,n/e,n/e,451,,n/e,n/e,n/e,n/e,n/e,n/e,n/e,n/e,n/e,n/e,n/e,n/e,210,,n/e,n/e,n/e,n/e,n/e,n/e,0,,n/e,n/e,0,,n/e,n/e,n/e,n/e,11,
03:00 - 04:00,51,,n/e,n/e,n/e,n/e,460,,n/e,n/e,n/e,n/e,n/e,n/e,n/e,n/e,n/e,n/e,n/e,n/e,256,,n/e,n/e,n/e,n/e,n/e,n/e,0,,n/e,n/e,0,,n/e,n/e,n/e,n/e,9,
04:00 - 05:00,52,,n/e,n/e,n/e,n/e,667,,n/e,n/e,n/e,n/e,n/e,n/e,n/e,n/e,n/e,n/e,n/e,n/e,348,,n/e,n/e,n/e,n/e,n/e,n/e,0,,n/e,n/e,0,,n/e,n/e,n/e,n/e,7,
05:00 - 06:00,51,,n/e,n/e,n/e,n/e,850,,n/e,n/e,n/e,n/e,n/e,n/e,n/e,n/e,n/e,n/e,n/e,n/e,522,,n/e,n/e,n/e,n/e,n/e,n/e,0,,n/e,n/e,0,,n/e,n/e,n/e,n/e,7,
06:00 - 07:00,51,,n/e,n/e,n/e,n/e,855,,n/e,n/e,n/e,n/e,n/e,n/e,n/e,n/e,n/e,n/e,n/e,n/e,627,,n/e,n/e,n/e,n/e,n/e,n/e,0,,n/e,n/e,1,,n/e,n/e,n/e,n/e,4,
07:00 - 08:00,50,,n/e,n/e,n/e,n/e,865,,n/e,n/e,n/e,n/e,n/e,n/e,n/e,n/e,n/e,n/e,n/e,n/e,625,,n/e,n/e,n/e,n/e,n/e,n/e,0,,n/e,n/e,5,,n/e,n/e,n/e,n/e,1,
08:00 - 09:00,53,,n/e,n/e,n/e,n/e,872,,n/e,n/e,n/e,n/e,n/e,n/e,n/e,n/e,n/e,n/e,n/e,n/e,625,,n/e,n/e,n/e,n/e,n/e,n/e,0,,n/e,n/e,12,,n/e,n/e,n/e,n/e,0,
09:00 - 10:00,52,,n/e,n/e,n/e,n/e,891,,n/e,n/e,n/e,n/e,n/e,n/e,n/e,n/e,n/e,n/e,n/e,n/e,580,,n/e,n/e,n/e,n/e,n/e,n/e,0,,n/e,n/e,17,,n/e,n/e,n/e,n/e,0,
10:00 - 11:00,52,,n/e,n/e,n/e,n/e,893,,n/e,n/e,n/e,n/e,n/e,n/e,n/e,n/e,n/e,n/e,n/e,n/e,578,,n/e,n/e,n/e,n/e,n/e,n/e,0,,n/e,n/e,22,,n/e,n/e,n/e,n/e,0,
11:00 - 12:00,52,,n/e,n/e,n/e,n/e,890,,n/e,n/e,n/e,n/e,n/e,n/e,n/e,n/e,n/e,n/e,n/e,n/e,579,,n/e,n/e,n/e,n/e,n/e,n/e,0,,n/e,n/e,23,,n/e,n/e,n/e,n/e,0,
12:00 - 13:00,53,,n/e,n/e,n/e,n/e,854,,n/e,n/e,n/e,n/e,n/e,n/e,n/e,n/e,n/e,n/e,n/e,n/e,579,,n/e,n/e,n/e,n/e,n/e,n/e,0,,n/e,n/e,16,,n/e,n/e,n/e,n/e,1,
13:00 - 14:00,53,,n/e,n/e,n/e,n/e,851,,n/e,n/e,n/e,n/e,n/e,n/e,n/e,n/e,n/e,n/e,n/e,n/e,559,,n/e,n/e,n/e,n/e,n/e,n/e,0,,n/e,n/e,8,,n/e,n/e,n/e,n/e,2,
14:00 - 15:00,53,,n/e,n/e,n/e,n/e,832,,n/e,n/e,n/e,n/e,n/e,n/e,n/e,n/e,n/e,n/e,n/e,n/e,472,,n/e,n/e,n/e,n/e,n/e,n/e,0,,n/e,n/e,1,,n/e,n/e,n/e,n/e,5,
15:00 - 16:00,54,,n/e,n/e,n/e,n/e,838,,n/e,n/e,n/e,n/e,n/e,n/e,n/e,n/e,n/e,n/e,n/e,n/e,472,,n/e,n/e,n/e,n/e,n/e,n/e,0,,n/e,n/e,0,,n/e,n/e,n/e,n/e,8,
16:00 - 17:00,56,,n/e,n/e,n/e,n/e,877,,n/e,n/e,n/e,n/e,n/e,n/e,n/e,n/e,n/e,n/e,n/e,n/e,436,,n/e,n/e,n/e,n/e,n/e,n/e,0,,n/e,n/e,0,,n/e,n/e,n/e,n/e,15,
17:00 - 18:00,55,,n/e,n/e,n/e,n/e,874,,n/e,n/e,n/e,n/e,n/e,n/e,n/e,n/e,n/e,n/e,n/e,n/e,437,,n/e,n/e,n/e,n/e,n/e,n/e,0,,n/e,n/e,0,,n/e,n/e,n/e,n/e,21,
18:00 - 19:00,52,,n/e,n/e,n/e,n/e,822,,n/e,n/e,n/e,n/e,n/e,n/e,n/e,n/e,n/e,n/e,n/e,n/e,404,,n/e,n/e,n/e,n/e,n/e,n/e,0,,n/e,n/e,0,,n/e,n/e,n/e,n/e,34,
19:00 - 20:00,52,,n/e,n/e,n/e,n/e,797,,n/e,n/e,n/e,n/e,n/e,n/e,n/e,n/e,n/e,n/e,n/e,n/e,400,,n/e,n/e,n/e,n/e,n/e,n/e,0,,n/e,n/e,0,,n/e,n/e,n/e,n/e,40,
20:00 - 21:00,53,,n/e,n/e,n/e,n/e,588,,n/e,n/e,n/e,n/e,n/e,n/e,n/e,n/e,n/e,n/e,n/e,n/e,367,,n/e,n/e,n/e,n/e,n/e,n/e,0,,n/e,n/e,0,,n/e,n/e,n/e,n/e,67,
21:00 - 22:00,54,,n/e,n/e,n/e,n/e,585,,n/e,n/e,n/e,n/e,n/e,n/e,n/e,n/e,n/e,n/e,n/e,n/e,399,,n/e,n/e,n/e,n/e,n/e,n/e,0,,n/e,n/e,0,,n/e,n/e,n/e,n/e,65,
22:00 - 23:00,52,,n/e,n/e,n/e,n/e,541,,n/e,n/e,n/e,n/e,n/e,n/e,n/e,n/e,n/e,n/e,n/e,n/e,370,,n/e,n/e,n/e,n/e,n/e,n/e,0,,n/e,n/e,0,,n/e,n/e,n/e,n/e,69,
23:00 - 00:00,53,,n/e,n/e,n/e,n/e,400,,n/e,n/e,n/e,n/e,n/e,n/e,n/e,n/e,n/e,n/e,n/e,n/e,244,,n/e,n/e,n/e,n/e,n/e,n/e,0,,n/e,n/e,0,,n/e,n/e,n/e,n/e,73,
00:00 - 01:00,52,,n/e,n/e,n/e,n/e,402,,n/e,n/e,n/e,n/e,n/e,n/e,n/e,n/e,n/e,n/e,n/e,n/e,222,,n/e,n/e,n/e,n/e,n/e,n/e,0,,n/e,n/e,0,,n/e,n/e,n/e,n/e,79,
01:00 - 02:00,51,,n/e,n/e,n/e,n/e,402,,n/e,n/e,n/e,n/e,n/e,n/e,n/e,n/e,n/e,n/e,n/e,n/e,222,,n/e,n/e,n/e,n/e,n/e,n/e,0,,n/e,n/e,0,,n/e,n/e,n/e,n/e,96,
02:00 - 03:00,51,,n/e,n/e,n/e,n/e,402,,n/e,n/e,n/e,n/e,n/e,n/e,n/e,n/e,n/e,n/e,n/e,n/e,221,,n/e,n/e,n/e,n/e,n/e,n/e,0,,n/e,n/e,0,,n/e,n/e,n/e,n/e,104,
03:00 - 04:00,50,,n/e,n/e,n/e,n/e,403,,n/e,n/e,n/e,n/e,n/e,n/e,n/e,n/e,n/e,n/e,n/e,n/e,186,,n/e,n/e,n/e,n/e,n/e,n/e,0,,n/e,n/e,0,,n/e,n/e,n/e,n/e,88,
04:00 - 05:00,51,,n/e,n/e,n/e,n/e,404,,n/e,n/e,n/e,n/e,n/e,n/e,n/e,n/e,n/e,n/e,n/e,n/e,312,,n/e,n/e,n/e,n/e,n/e,n/e,0,,n/e,n/e,0,,n/e,n/e,n/e,n/e,66,
05:00 - 06:00,49,,n/e,n/e,n/e,n/e,576,,n/e,n/e,n/e,n/e,n/e,n/e,n/e,n/e,n/e,n/e,n/e,n/e,523,,n/e,n/e,n/e,n/e,n/e,n/e,0,,n/e,n/e,0,,n/e,n/e,n/e,n/e,63,
06:00 - 07:00,52,,n/e,n/e,n/e,n/e,560,,n/e,n/e,n/e,n/e,n/e,n/e,n/e,n/e,n/e,n/e,n/e,n/e,584,,n/e,n/e,n/e,n/e,n/e,n/e,0,,n/e,n/e,0,,n/e,n/e,n/e,n/e,48,
07:00 - 08:00,53,,n/e,n/e,n/e,n/e,479,,n/e,n/e,n/e,n/e,n/e,n/e,n/e,n/e,n/e,n/e,n/e,n/e,670,,n/e,n/e,n/e,n/e,n/e,n/e,0,,n/e,n/e,1,,n/e,n/e,n/e,n/e,41,
08:00 - 09:00,53,,n/e,n/e,n/e,n/e,480,,n/e,n/e,n/e,n/e,n/e,n/e,n/e,n/e,n/e,n/e,n/e,n/e,688,,n/e,n/e,n/e,n/e,n/e,n/e,0,,n/e,n/e,4,,n/e,n/e,n/e,n/e,34,
09:00 - 10:00,53,,n/e,n/e,n/e,n/e,666,,n/e,n/e,n/e,n/e,n/e,n/e,n/e,n/e,n/e,n/e,n/e,n/e,580,,n/e,n/e,n/e,n/e,n/e,n/e,0,,n/e,n/e,5,,n/e,n/e,n/e,n/e,27,
10:00 - 11:00,53,,n/e,n/e,n/e,n/e,673,,n/e,n/e,n/e,n/e,n/e,n/e,n/e,n/e,n/e,n/e,n/e,n/e,578,,n/e,n/e,n/e,n/e,n/e,n/e,0,,n/e,n/e,8,,n/e,n/e,n/e,n/e,18,
11:00 - 12:00,54,,n/e,n/e,n/e,n/e,816,,n/e,n/e,n/e,n/e,n/e,n/e,n/e,n/e,n/e,n/e,n/e,n/e,577,,n/e,n/e,n/e,n/e,n/e,n/e,0,,n/e,n/e,11,,n/e,n/e,n/e,n/e,12,
12:00 - 13:00,53,,n/e,n/e,n/e,n/e,834,,n/e,n/e,n/e,n/e,n/e,n/e,n/e,n/e,n/e,n/e,n/e,n/e,578,,n/e,n/e,n/e,n/e,n/e,n/e,0,,n/e,n/e,10,,n/e,n/e,n/e,n/e,9,
13:00 - 14:00,54,,n/e,n/e,n/e,n/e,889,,n/e,n/e,n/e,n/e,n/e,n/e,n/e,n/e,n/e,n/e,n/e,n/e,562,,n/e,n/e,n/e,n/e,n/e,n/e,0,,n/e,n/e,5,,n/e,n/e,n/e,n/e,4,
14:00 - 15:00,54,,n/e,n/e,n/e,n/e,892,,n/e,n/e,n/e,n/e,n/e,n/e,n/e,n/e,n/e,n/e,n/e,n/e,578,,n/e,n/e,n/e,n/e,n/e,n/e,0,,n/e,n/e,1,,n/e,n/e,n/e,n/e,1,
15:00 - 16:00,54,,n/e,n/e,n/e,n/e,892,,n/e,n/e,n/e,n/e,n/e,n/e,n/e,n/e,n/e,n/e,n/e,n/e,579,,n/e,n/e,n/e,n/e,n/e,n/e,0,,n/e,n/e,0,,n/e,n/e,n/e,n/e,0,
16:00 - 17:00,54,,n/e,n/e,n/e,n/e,891,,n/e,n/e,n/e,n/e,n/e,n/e,n/e,n/e,n/e,n/e,n/e,n/e,596,,n/e,n/e,n/e,n/e,n/e,n/e,0,,n/e,n/e,0,,n/e,n/e,n/e,n/e,0,
17:00 - 18:00,55,,n/e,n/e,n/e,n/e,891,,n/e,n/e,n/e,n/e,n/e,n/e,n/e,n/e,n/e,n/e,n/e,n/e,598,,n/e,n/e,n/e,n/e,n/e,n/e,0,,n/e,n/e,0,,n/e,n/e,n/e,n/e,0,
18:00 - 19:00,54,,n/e,n/e,n/e,n/e,891,,n/e,n/e,n/e,n/e,n/e,n/e,n/e,n/e,n/e,n/e,n/e,n/e,590,,n/e,n/e,n/e,n/e,n/e,n/e,0,,n/e,n/e,0,,n/e,n/e,n/e,n/e,0,
19:00 - 20:00,55,,n/e,n/e,n/e,n/e,809,,n/e,n/e,n/e,n/e,n/e,n/e,n/e,n/e,n/e,n/e,n/e,n/e,582,,n/e,n/e,n/e,n/e,n/e,n/e,0,,n/e,n/e,0,,n/e,n/e,n/e,n/e,10,
20:00 - 21:00,54,,n/e,n/e,n/e,n/e,767,,n/e,n/e,n/e,n/e,n/e,n/e,n/e,n/e,n/e,n/e,n/e,n/e,402,,n/e,n/e,n/e,n/e,n/e,n/e,0,,n/e,n/e,0,,n/e,n/e,n/e,n/e,7,
21:00 - 22:00,55,,n/e,n/e,n/e,n/e,621,,n/e,n/e,n/e,n/e,n/e,n/e,n/e,n/e,n/e,n/e,n/e,n/e,401,,n/e,n/e,n/e,n/e,n/e,n/e,0,,n/e,n/e,0,,n/e,n/e,n/e,n/e,2,
22:00 - 23:00,55,,n/e,n/e,n/e,n/e,598,,n/e,n/e,n/e,n/e,n/e,n/e,n/e,n/e,n/e,n/e,n/e,n/e,401,,n/e,n/e,n/e,n/e,n/e,n/e,0,,n/e,n/e,0,,n/e,n/e,n/e,n/e,0,
23:00 - 00:00,55,,n/e,n/e,n/e,n/e,446,,n/e,n/e,n/e,n/e,n/e,n/e,n/e,n/e,n/e,n/e,n/e,n/e,350,,n/e,n/e,n/e,n/e,n/e,n/e,0,,n/e,n/e,0,,n/e,n/e,n/e,n/e,4,
00:00 - 01:00,55,,n/e,n/e,n/e,n/e,445,,n/e,n/e,n/e,n/e,n/e,n/e,n/e,n/e,n/e,n/e,n/e,n/e,332,,n/e,n/e,n/e,n/e,n/e,n/e,0,,n/e,n/e,0,,n/e,n/e,n/e,n/e,3,
01:00 - 02:00,55,,n/e,n/e,n/e,n/e,445,,n/e,n/e,n/e,n/e,n/e,n/e,n/e,n/e,n/e,n/e,n/e,n/e,342,,n/e,n/e,n/e,n/e,n/e,n/e,0,,n/e,n/e,0,,n/e,n/e,n/e,n/e,2,
02:00 - 03:00,55,,n/e,n/e,n/e,n/e,445,,n/e,n/e,n/e,n/e,n/e,n/e,n/e,n/e,n/e,n/e,n/e,n/e,345,,n/e,n/e,n/e,n/e,n/e,n/e,0,,n/e,n/e,0,,n/e,n/e,n/e,n/e,2,
03:00 - 04:00,53,,n/e,n/e,n/e,n/e,446,,n/e,n/e,n/e,n/e,n/e,n/e,n/e,n/e,n/e,n/e,n/e,n/e,345,,n/e,n/e,n/e,n/e,n/e,n/e,0,,n/e,n/e,0,,n/e,n/e,n/e,n/e,5,
04:00 - 05:00,52,,n/e,n/e,n/e,n/e,467,,n/e,n/e,n/e,n/e,n/e,n/e,n/e,n/e,n/e,n/e,n/e,n/e,406,,n/e,n/e,n/e,n/e,n/e,n/e,0,,n/e,n/e,0,,n/e,n/e,n/e,n/e,10,
05:00 - 06:00,53,,n/e,n/e,n/e,n/e,654,,n/e,n/e,n/e,n/e,n/e,n/e,n/e,n/e,n/e,n/e,n/e,n/e,582,,n/e,n/e,n/e,n/e,n/e,n/e,0,,n/e,n/e,0,,n/e,n/e,n/e,n/e,10,
06:00 - 07:00,52,,n/e,n/e,n/e,n/e,632,,n/e,n/e,n/e,n/e,n/e,n/e,n/e,n/e,n/e,n/e,n/e,n/e,671,,n/e,n/e,n/e,n/e,n/e,n/e,0,,n/e,n/e,0,,n/e,n/e,n/e,n/e,10,
07:00 - 08:00,53,,n/e,n/e,n/e,n/e,634,,n/e,n/e,n/e,n/e,n/e,n/e,n/e,n/e,n/e,n/e,n/e,n/e,670,,n/e,n/e,n/e,n/e,n/e,n/e,0,,n/e,n/e,1,,n/e,n/e,n/e,n/e,7,
08:00 - 09:00,53,,n/e,n/e,n/e,n/e,714,,n/e,n/e,n/e,n/e,n/e,n/e,n/e,n/e,n/e,n/e,n/e,n/e,587,,n/e,n/e,n/e,n/e,n/e,n/e,0,,n/e,n/e,3,,n/e,n/e,n/e,n/e,5,
09:00 - 10:00,52,,n/e,n/e,n/e,n/e,827,,n/e,n/e,n/e,n/e,n/e,n/e,n/e,n/e,n/e,n/e,n/e,n/e,483,,n/e,n/e,n/e,n/e,n/e,n/e,0,,n/e,n/e,4,,n/e,n/e,n/e,n/e,3,
10:00 - 11:00,52,,n/e,n/e,n/e,n/e,833,,n/e,n/e,n/e,n/e,n/e,n/e,n/e,n/e,n/e,n/e,n/e,n/e,468,,n/e,n/e,n/e,n/e,n/e,n/e,0,,n/e,n/e,5,,n/e,n/e,n/e,n/e,7,
11:00 - 12:00,54,,n/e,n/e,n/e,n/e,832,,n/e,n/e,n/e,n/e,n/e,n/e,n/e,n/e,n/e,n/e,n/e,n/e,468,,n/e,n/e,n/e,n/e,n/e,n/e,0,,n/e,n/e,7,,n/e,n/e,n/e,n/e,8,
12:00 - 13:00,54,,n/e,n/e,n/e,n/e,910,,n/e,n/e,n/e,n/e,n/e,n/e,n/e,n/e,n/e,n/e,n/e,n/e,468,,n/e,n/e,n/e,n/e,n/e,n/e,0,,n/e,n/e,6,,n/e,n/e,n/e,n/e,9,
13:00 - 14:00,54,,n/e,n/e,n/e,n/e,930,,n/e,n/e,n/e,n/e,n/e,n/e,n/e,n/e,n/e,n/e,n/e,n/e,470,,n/e,n/e,n/e,n/e,n/e,n/e,0,,n/e,n/e,3,,n/e,n/e,n/e,n/e,9,
14:00 - 15:00,52,,n/e,n/e,n/e,n/e,915,,n/e,n/e,n/e,n/e,n/e,n/e,n/e,n/e,n/e,n/e,n/e,n/e,557,,n/e,n/e,n/e,n/e,n/e,n/e,0,,n/e,n/e,1,,n/e,n/e,n/e,n/e,14,
15:00 - 16:00,53,,n/e,n/e,n/e,n/e,894,,n/e,n/e,n/e,n/e,n/e,n/e,n/e,n/e,n/e,n/e,n/e,n/e,558,,n/e,n/e,n/e,n/e,n/e,n/e,0,,n/e,n/e,0,,n/e,n/e,n/e,n/e,20,
16:00 - 17:00,54,,n/e,n/e,n/e,n/e,853,,n/e,n/e,n/e,n/e,n/e,n/e,n/e,n/e,n/e,n/e,n/e,n/e,488,,n/e,n/e,n/e,n/e,n/e,n/e,0,,n/e,n/e,0,,n/e,n/e,n/e,n/e,29,
17:00 - 18:00,53,,n/e,n/e,n/e,n/e,850,,n/e,n/e,n/e,n/e,n/e,n/e,n/e,n/e,n/e,n/e,n/e,n/e,473,,n/e,n/e,n/e,n/e,n/e,n/e,0,,n/e,n/e,0,,n/e,n/e,n/e,n/e,31,
18:00 - 19:00,53,,n/e,n/e,n/e,n/e,850,,n/e,n/e,n/e,n/e,n/e,n/e,n/e,n/e,n/e,n/e,n/e,n/e,493,,n/e,n/e,n/e,n/e,n/e,n/e,0,,n/e,n/e,0,,n/e,n/e,n/e,n/e,26,
19:00 - 20:00,52,,n/e,n/e,n/e,n/e,860,,n/e,n/e,n/e,n/e,n/e,n/e,n/e,n/e,n/e,n/e,n/e,n/e,499,,n/e,n/e,n/e,n/e,n/e,n/e,0,,n/e,n/e,0,,n/e,n/e,n/e,n/e,34,
20:00 - 21:00,52,,n/e,n/e,n/e,n/e,831,,n/e,n/e,n/e,n/e,n/e,n/e,n/e,n/e,n/e,n/e,n/e,n/e,531,,n/e,n/e,n/e,n/e,n/e,n/e,0,,n/e,n/e,0,,n/e,n/e,n/e,n/e,34,
21:00 - 22:00,52,,n/e,n/e,n/e,n/e,824,,n/e,n/e,n/e,n/e,n/e,n/e,n/e,n/e,n/e,n/e,n/e,n/e,500,,n/e,n/e,n/e,n/e,n/e,n/e,0,,n/e,n/e,0,,n/e,n/e,n/e,n/e,31,
22:00 - 23:00,52,,n/e,n/e,n/e,n/e,822,,n/e,n/e,n/e,n/e,n/e,n/e,n/e,n/e,n/e,n/e,n/e,n/e,338,,n/e,n/e,n/e,n/e,n/e,n/e,0,,n/e,n/e,0,,n/e,n/e,n/e,n/e,34,
23:00 - 00:00,52,,n/e,n/e,n/e,n/e,823,,n/e,n/e,n/e,n/e,n/e,n/e,n/e,n/e,n/e,n/e,n/e,n/e,236,,n/e,n/e,n/e,n/e,n/e,n/e,0,,n/e,n/e,0,,n/e,n/e,n/e,n/e,33,
00:00 - 01:00,52,,n/e,n/e,n/e,n/e,822,,n/e,n/e,n/e,n/e,n/e,n/e,n/e,n/e,n/e,n/e,n/e,n/e,254,,n/e,n/e,n/e,n/e,n/e,n/e,0,,n/e,n/e,0,,n/e,n/e,n/e,n/e,28,
01:00 - 02:00,52,,n/e,n/e,n/e,n/e,823,,n/e,n/e,n/e,n/e,n/e,n/e,n/e,n/e,n/e,n/e,n/e,n/e,254,,n/e,n/e,n/e,n/e,n/e,n/e,0,,n/e,n/e,0,,n/e,n/e,n/e,n/e,40,
02:00 - 03:00,52,,n/e,n/e,n/e,n/e,822,,n/e,n/e,n/e,n/e,n/e,n/e,n/e,n/e,n/e,n/e,n/e,n/e,254,,n/e,n/e,n/e,n/e,n/e,n/e,0,,n/e,n/e,0,,n/e,n/e,n/e,n/e,35,
03:00 - 04:00,51,,n/e,n/e,n/e,n/e,887,,n/e,n/e,n/e,n/e,n/e,n/e,n/e,n/e,n/e,n/e,n/e,n/e,254,,n/e,n/e,n/e,n/e,n/e,n/e,0,,n/e,n/e,0,,n/e,n/e,n/e,n/e,34,
04:00 - 05:00,51,,n/e,n/e,n/e,n/e,910,,n/e,n/e,n/e,n/e,n/e,n/e,n/e,n/e,n/e,n/e,n/e,n/e,256,,n/e,n/e,n/e,n/e,n/e,n/e,0,,n/e,n/e,0,,n/e,n/e,n/e,n/e,46,
05:00 - 06:00,53,,n/e,n/e,n/e,n/e,935,,n/e,n/e,n/e,n/e,n/e,n/e,n/e,n/e,n/e,n/e,n/e,n/e,517,,n/e,n/e,n/e,n/e,n/e,n/e,0,,n/e,n/e,0,,n/e,n/e,n/e,n/e,58,
06:00 - 07:00,54,,n/e,n/e,n/e,n/e,940,,n/e,n/e,n/e,n/e,n/e,n/e,n/e,n/e,n/e,n/e,n/e,n/e,525,,n/e,n/e,n/e,n/e,n/e,n/e,0,,n/e,n/e,0,,n/e,n/e,n/e,n/e,44,
07:00 - 08:00,56,,n/e,n/e,n/e,n/e,937,,n/e,n/e,n/e,n/e,n/e,n/e,n/e,n/e,n/e,n/e,n/e,n/e,532,,n/e,n/e,n/e,n/e,n/e,n/e,0,,n/e,n/e,2,,n/e,n/e,n/e,n/e,32,
08:00 - 09:00,57,,n/e,n/e,n/e,n/e,938,,n/e,n/e,n/e,n/e,n/e,n/e,n/e,n/e,n/e,n/e,n/e,n/e,529,,n/e,n/e,n/e,n/e,n/e,n/e,0,,n/e,n/e,4,,n/e,n/e,n/e,n/e,30,
09:00 - 10:00,54,,n/e,n/e,n/e,n/e,929,,n/e,n/e,n/e,n/e,n/e,n/e,n/e,n/e,n/e,n/e,n/e,n/e,542,,n/e,n/e,n/e,n/e,n/e,n/e,0,,n/e,n/e,6,,n/e,n/e,n/e,n/e,26,
10:00 - 11:00,53,,n/e,n/e,n/e,n/e,808,,n/e,n/e,n/e,n/e,n/e,n/e,n/e,n/e,n/e,n/e,n/e,n/e,600,,n/e,n/e,n/e,n/e,n/e,n/e,0,,n/e,n/e,8,,n/e,n/e,n/e,n/e,23,
11:00 - 12:00,53,,n/e,n/e,n/e,n/e,574,,n/e,n/e,n/e,n/e,n/e,n/e,n/e,n/e,n/e,n/e,n/e,n/e,832,,n/e,n/e,n/e,n/e,n/e,n/e,0,,n/e,n/e,8,,n/e,n/e,n/e,n/e,22,
12:00 - 13:00,54,,n/e,n/e,n/e,n/e,575,,n/e,n/e,n/e,n/e,n/e,n/e,n/e,n/e,n/e,n/e,n/e,n/e,811,,n/e,n/e,n/e,n/e,n/e,n/e,0,,n/e,n/e,6,,n/e,n/e,n/e,n/e,24,
13:00 - 14:00,54,,n/e,n/e,n/e,n/e,556,,n/e,n/e,n/e,n/e,n/e,n/e,n/e,n/e,n/e,n/e,n/e,n/e,868,,n/e,n/e,n/e,n/e,n/e,n/e,0,,n/e,n/e,2,,n/e,n/e,n/e,n/e,25,
14:00 - 15:00,56,,n/e,n/e,n/e,n/e,550,,n/e,n/e,n/e,n/e,n/e,n/e,n/e,n/e,n/e,n/e,n/e,n/e,844,,n/e,n/e,n/e,n/e,n/e,n/e,0,,n/e,n/e,0,,n/e,n/e,n/e,n/e,23,
15:00 - 16:00,57,,n/e,n/e,n/e,n/e,553,,n/e,n/e,n/e,n/e,n/e,n/e,n/e,n/e,n/e,n/e,n/e,n/e,758,,n/e,n/e,n/e,n/e,n/e,n/e,0,,n/e,n/e,0,,n/e,n/e,n/e,n/e,27,
16:00 - 17:00,57,,n/e,n/e,n/e,n/e,580,,n/e,n/e,n/e,n/e,n/e,n/e,n/e,n/e,n/e,n/e,n/e,n/e,740,,n/e,n/e,n/e,n/e,n/e,n/e,0,,n/e,n/e,0,,n/e,n/e,n/e,n/e,31,
17:00 - 18:00,56,,n/e,n/e,n/e,n/e,577,,n/e,n/e,n/e,n/e,n/e,n/e,n/e,n/e,n/e,n/e,n/e,n/e,610,,n/e,n/e,n/e,n/e,n/e,n/e,0,,n/e,n/e,0,,n/e,n/e,n/e,n/e,29,
18:00 - 19:00,55,,n/e,n/e,n/e,n/e,570,,n/e,n/e,n/e,n/e,n/e,n/e,n/e,n/e,n/e,n/e,n/e,n/e,606,,n/e,n/e,n/e,n/e,n/e,n/e,0,,n/e,n/e,0,,n/e,n/e,n/e,n/e,25,
19:00 - 20:00,55,,n/e,n/e,n/e,n/e,568,,n/e,n/e,n/e,n/e,n/e,n/e,n/e,n/e,n/e,n/e,n/e,n/e,602,,n/e,n/e,n/e,n/e,n/e,n/e,0,,n/e,n/e,0,,n/e,n/e,n/e,n/e,21,
20:00 - 21:00,54,,n/e,n/e,n/e,n/e,554,,n/e,n/e,n/e,n/e,n/e,n/e,n/e,n/e,n/e,n/e,n/e,n/e,410,,n/e,n/e,n/e,n/e,n/e,n/e,0,,n/e,n/e,0,,n/e,n/e,n/e,n/e,25,
21:00 - 22:00,54,,n/e,n/e,n/e,n/e,540,,n/e,n/e,n/e,n/e,n/e,n/e,n/e,n/e,n/e,n/e,n/e,n/e,309,,n/e,n/e,n/e,n/e,n/e,n/e,0,,n/e,n/e,0,,n/e,n/e,n/e,n/e,31,
22:00 - 23:00,53,,n/e,n/e,n/e,n/e,538,,n/e,n/e,n/e,n/e,n/e,n/e,n/e,n/e,n/e,n/e,n/e,n/e,346,,n/e,n/e,n/e,n/e,n/e,n/e,0,,n/e,n/e,0,,n/e,n/e,n/e,n/e,36,
23:00 - 00:00,52,,n/e,n/e,n/e,n/e,538,,n/e,n/e,n/e,n/e,n/e,n/e,n/e,n/e,n/e,n/e,n/e,n/e,215,,n/e,n/e,n/e,n/e,n/e,n/e,0,,n/e,n/e,0,,n/e,n/e,n/e,n/e,39,
00:00 - 01:00,52,,n/e,n/e,n/e,n/e,538,,n/e,n/e,n/e,n/e,n/e,n/e,n/e,n/e,n/e,n/e,n/e,n/e,136,,n/e,n/e,n/e,n/e,n/e,n/e,0,,n/e,n/e,0,,n/e,n/e,n/e,n/e,58,
01:00 - 02:00,51,,n/e,n/e,n/e,n/e,536,,n/e,n/e,n/e,n/e,n/e,n/e,n/e,n/e,n/e,n/e,n/e,n/e,132,,n/e,n/e,n/e,n/e,n/e,n/e,0,,n/e,n/e,0,,n/e,n/e,n/e,n/e,48,
02:00 - 03:00,51,,n/e,n/e,n/e,n/e,536,,n/e,n/e,n/e,n/e,n/e,n/e,n/e,n/e,n/e,n/e,n/e,n/e,134,,n/e,n/e,n/e,n/e,n/e,n/e,0,,n/e,n/e,0,,n/e,n/e,n/e,n/e,43,
03:00 - 04:00,50,,n/e,n/e,n/e,n/e,536,,n/e,n/e,n/e,n/e,n/e,n/e,n/e,n/e,n/e,n/e,n/e,n/e,134,,n/e,n/e,n/e,n/e,n/e,n/e,0,,n/e,n/e,0,,n/e,n/e,n/e,n/e,42,
04:00 - 05:00,50,,n/e,n/e,n/e,n/e,535,,n/e,n/e,n/e,n/e,n/e,n/e,n/e,n/e,n/e,n/e,n/e,n/e,139,,n/e,n/e,n/e,n/e,n/e,n/e,0,,n/e,n/e,0,,n/e,n/e,n/e,n/e,46,
05:00 - 06:00,52,,n/e,n/e,n/e,n/e,536,,n/e,n/e,n/e,n/e,n/e,n/e,n/e,n/e,n/e,n/e,n/e,n/e,325,,n/e,n/e,n/e,n/e,n/e,n/e,0,,n/e,n/e,0,,n/e,n/e,n/e,n/e,46,
06:00 - 07:00,51,,n/e,n/e,n/e,n/e,542,,n/e,n/e,n/e,n/e,n/e,n/e,n/e,n/e,n/e,n/e,n/e,n/e,375,,n/e,n/e,n/e,n/e,n/e,n/e,0,,n/e,n/e,0,,n/e,n/e,n/e,n/e,49,
07:00 - 08:00,53,,n/e,n/e,n/e,n/e,546,,n/e,n/e,n/e,n/e,n/e,n/e,n/e,n/e,n/e,n/e,n/e,n/e,375,,n/e,n/e,n/e,n/e,n/e,n/e,0,,n/e,n/e,3,,n/e,n/e,n/e,n/e,62,
08:00 - 09:00,53,,n/e,n/e,n/e,n/e,546,,n/e,n/e,n/e,n/e,n/e,n/e,n/e,n/e,n/e,n/e,n/e,n/e,457,,n/e,n/e,n/e,n/e,n/e,n/e,0,,n/e,n/e,6,,n/e,n/e,n/e,n/e,64,
09:00 - 10:00,53,,n/e,n/e,n/e,n/e,546,,n/e,n/e,n/e,n/e,n/e,n/e,n/e,n/e,n/e,n/e,n/e,n/e,410,,n/e,n/e,n/e,n/e,n/e,n/e,0,,n/e,n/e,7,,n/e,n/e,n/e,n/e,57,
10:00 - 11:00,51,,n/e,n/e,n/e,n/e,544,,n/e,n/e,n/e,n/e,n/e,n/e,n/e,n/e,n/e,n/e,n/e,n/e,416,,n/e,n/e,n/e,n/e,n/e,n/e,0,,n/e,n/e,7,,n/e,n/e,n/e,n/e,52,
11:00 - 12:00,52,,n/e,n/e,n/e,n/e,544,,n/e,n/e,n/e,n/e,n/e,n/e,n/e,n/e,n/e,n/e,n/e,n/e,504,,n/e,n/e,n/e,n/e,n/e,n/e,0,,n/e,n/e,6,,n/e,n/e,n/e,n/e,50,
12:00 - 13:00,52,,n/e,n/e,n/e,n/e,559,,n/e,n/e,n/e,n/e,n/e,n/e,n/e,n/e,n/e,n/e,n/e,n/e,560,,n/e,n/e,n/e,n/e,n/e,n/e,0,,n/e,n/e,5,,n/e,n/e,n/e,n/e,54,
13:00 - 14:00,53,,n/e,n/e,n/e,n/e,578,,n/e,n/e,n/e,n/e,n/e,n/e,n/e,n/e,n/e,n/e,n/e,n/e,638,,n/e,n/e,n/e,n/e,n/e,n/e,0,,n/e,n/e,3,,n/e,n/e,n/e,n/e,50,
14:00 - 15:00,53,,n/e,n/e,n/e,n/e,567,,n/e,n/e,n/e,n/e,n/e,n/e,n/e,n/e,n/e,n/e,n/e,n/e,683,,n/e,n/e,n/e,n/e,n/e,n/e,0,,n/e,n/e,1,,n/e,n/e,n/e,n/e,38,
15:00 - 16:00,55,,n/e,n/e,n/e,n/e,556,,n/e,n/e,n/e,n/e,n/e,n/e,n/e,n/e,n/e,n/e,n/e,n/e,752,,n/e,n/e,n/e,n/e,n/e,n/e,0,,n/e,n/e,0,,n/e,n/e,n/e,n/e,30,
16:00 - 17:00,55,,n/e,n/e,n/e,n/e,556,,n/e,n/e,n/e,n/e,n/e,n/e,n/e,n/e,n/e,n/e,n/e,n/e,806,,n/e,n/e,n/e,n/e,n/e,n/e,0,,n/e,n/e,0,,n/e,n/e,n/e,n/e,31,
17:00 - 18:00,56,,n/e,n/e,n/e,n/e,566,,n/e,n/e,n/e,n/e,n/e,n/e,n/e,n/e,n/e,n/e,n/e,n/e,788,,n/e,n/e,n/e,n/e,n/e,n/e,0,,n/e,n/e,0,,n/e,n/e,n/e,n/e,39,
18:00 - 19:00,55,,n/e,n/e,n/e,n/e,548,,n/e,n/e,n/e,n/e,n/e,n/e,n/e,n/e,n/e,n/e,n/e,n/e,780,,n/e,n/e,n/e,n/e,n/e,n/e,0,,n/e,n/e,0,,n/e,n/e,n/e,n/e,33,
19:00 - 20:00,54,,n/e,n/e,n/e,n/e,534,,n/e,n/e,n/e,n/e,n/e,n/e,n/e,n/e,n/e,n/e,n/e,n/e,636,,n/e,n/e,n/e,n/e,n/e,n/e,0,,n/e,n/e,0,,n/e,n/e,n/e,n/e,32,
20:00 - 21:00,54,,n/e,n/e,n/e,n/e,531,,n/e,n/e,n/e,n/e,n/e,n/e,n/e,n/e,n/e,n/e,n/e,n/e,486,,n/e,n/e,n/e,n/e,n/e,n/e,0,,n/e,n/e,0,,n/e,n/e,n/e,n/e,25,
21:00 - 22:00,55,,n/e,n/e,n/e,n/e,495,,n/e,n/e,n/e,n/e,n/e,n/e,n/e,n/e,n/e,n/e,n/e,n/e,446,,n/e,n/e,n/e,n/e,n/e,n/e,0,,n/e,n/e,0,,n/e,n/e,n/e,n/e,22,
22:00 - 23:00,54,,n/e,n/e,n/e,n/e,514,,n/e,n/e,n/e,n/e,n/e,n/e,n/e,n/e,n/e,n/e,n/e,n/e,395,,n/e,n/e,n/e,n/e,n/e,n/e,0,,n/e,n/e,0,,n/e,n/e,n/e,n/e,21,
23:00 - 00:00,54,,n/e,n/e,n/e,n/e,503,,n/e,n/e,n/e,n/e,n/e,n/e,n/e,n/e,n/e,n/e,n/e,n/e,125,,n/e,n/e,n/e,n/e,n/e,n/e,0,,n/e,n/e,0,,n/e,n/e,n/e,n/e,21,
00:00 - 01:00,55,,n/e,n/e,n/e,n/e,502,,n/e,n/e,n/e,n/e,n/e,n/e,n/e,n/e,n/e,n/e,n/e,n/e,101,,n/e,n/e,n/e,n/e,n/e,n/e,0,,n/e,n/e,0,,n/e,n/e,n/e,n/e,21,
01:00 - 02:00,54,,n/e,n/e,n/e,n/e,502,,n/e,n/e,n/e,n/e,n/e,n/e,n/e,n/e,n/e,n/e,n/e,n/e,101,,n/e,n/e,n/e,n/e,n/e,n/e,0,,n/e,n/e,0,,n/e,n/e,n/e,n/e,22,
02:00 - 03:00,54,,n/e,n/e,n/e,n/e,502,,n/e,n/e,n/e,n/e,n/e,n/e,n/e,n/e,n/e,n/e,n/e,n/e,102,,n/e,n/e,n/e,n/e,n/e,n/e,0,,n/e,n/e,0,,n/e,n/e,n/e,n/e,16,
03:00 - 04:00,52,,n/e,n/e,n/e,n/e,502,,n/e,n/e,n/e,n/e,n/e,n/e,n/e,n/e,n/e,n/e,n/e,n/e,104,,n/e,n/e,n/e,n/e,n/e,n/e,0,,n/e,n/e,0,,n/e,n/e,n/e,n/e,15,
04:00 - 05:00,51,,n/e,n/e,n/e,n/e,501,,n/e,n/e,n/e,n/e,n/e,n/e,n/e,n/e,n/e,n/e,n/e,n/e,226,,n/e,n/e,n/e,n/e,n/e,n/e,0,,n/e,n/e,0,,n/e,n/e,n/e,n/e,13,
05:00 - 06:00,52,,n/e,n/e,n/e,n/e,454,,n/e,n/e,n/e,n/e,n/e,n/e,n/e,n/e,n/e,n/e,n/e,n/e,256,,n/e,n/e,n/e,n/e,n/e,n/e,0,,n/e,n/e,0,,n/e,n/e,n/e,n/e,11,
06:00 - 07:00,54,,n/e,n/e,n/e,n/e,445,,n/e,n/e,n/e,n/e,n/e,n/e,n/e,n/e,n/e,n/e,n/e,n/e,259,,n/e,n/e,n/e,n/e,n/e,n/e,0,,n/e,n/e,0,,n/e,n/e,n/e,n/e,11,
07:00 - 08:00,54,,n/e,n/e,n/e,n/e,445,,n/e,n/e,n/e,n/e,n/e,n/e,n/e,n/e,n/e,n/e,n/e,n/e,259,,n/e,n/e,n/e,n/e,n/e,n/e,0,,n/e,n/e,1,,n/e,n/e,n/e,n/e,10,
08:00 - 09:00,54,,n/e,n/e,n/e,n/e,447,,n/e,n/e,n/e,n/e,n/e,n/e,n/e,n/e,n/e,n/e,n/e,n/e,261,,n/e,n/e,n/e,n/e,n/e,n/e,0,,n/e,n/e,2,,n/e,n/e,n/e,n/e,13,
09:00 - 10:00,54,,n/e,n/e,n/e,n/e,448,,n/e,n/e,n/e,n/e,n/e,n/e,n/e,n/e,n/e,n/e,n/e,n/e,295,,n/e,n/e,n/e,n/e,n/e,n/e,0,,n/e,n/e,4,,n/e,n/e,n/e,n/e,14,
10:00 - 11:00,54,,n/e,n/e,n/e,n/e,447,,n/e,n/e,n/e,n/e,n/e,n/e,n/e,n/e,n/e,n/e,n/e,n/e,311,,n/e,n/e,n/e,n/e,n/e,n/e,0,,n/e,n/e,5,,n/e,n/e,n/e,n/e,15,
11:00 - 12:00,55,,n/e,n/e,n/e,n/e,446,,n/e,n/e,n/e,n/e,n/e,n/e,n/e,n/e,n/e,n/e,n/e,n/e,296,,n/e,n/e,n/e,n/e,n/e,n/e,0,,n/e,n/e,6,,n/e,n/e,n/e,n/e,23,
12:00 - 13:00,54,,n/e,n/e,n/e,n/e,438,,n/e,n/e,n/e,n/e,n/e,n/e,n/e,n/e,n/e,n/e,n/e,n/e,345,,n/e,n/e,n/e,n/e,n/e,n/e,0,,n/e,n/e,5,,n/e,n/e,n/e,n/e,25,
13:00 - 14:00,54,,n/e,n/e,n/e,n/e,430,,n/e,n/e,n/e,n/e,n/e,n/e,n/e,n/e,n/e,n/e,n/e,n/e,355,,n/e,n/e,n/e,n/e,n/e,n/e,0,,n/e,n/e,2,,n/e,n/e,n/e,n/e,31,
14:00 - 15:00,54,,n/e,n/e,n/e,n/e,446,,n/e,n/e,n/e,n/e,n/e,n/e,n/e,n/e,n/e,n/e,n/e,n/e,442,,n/e,n/e,n/e,n/e,n/e,n/e,0,,n/e,n/e,0,,n/e,n/e,n/e,n/e,29,
15:00 - 16:00,54,,n/e,n/e,n/e,n/e,445,,n/e,n/e,n/e,n/e,n/e,n/e,n/e,n/e,n/e,n/e,n/e,n/e,508,,n/e,n/e,n/e,n/e,n/e,n/e,0,,n/e,n/e,0,,n/e,n/e,n/e,n/e,34,
16:00 - 17:00,53,,n/e,n/e,n/e,n/e,446,,n/e,n/e,n/e,n/e,n/e,n/e,n/e,n/e,n/e,n/e,n/e,n/e,623,,n/e,n/e,n/e,n/e,n/e,n/e,0,,n/e,n/e,0,,n/e,n/e,n/e,n/e,35,
17:00 - 18:00,53,,n/e,n/e,n/e,n/e,446,,n/e,n/e,n/e,n/e,n/e,n/e,n/e,n/e,n/e,n/e,n/e,n/e,628,,n/e,n/e,n/e,n/e,n/e,n/e,0,,n/e,n/e,0,,n/e,n/e,n/e,n/e,36,
18:00 - 19:00,54,,n/e,n/e,n/e,n/e,445,,n/e,n/e,n/e,n/e,n/e,n/e,n/e,n/e,n/e,n/e,n/e,n/e,597,,n/e,n/e,n/e,n/e,n/e,n/e,0,,n/e,n/e,0,,n/e,n/e,n/e,n/e,35,
19:00 - 20:00,55,,n/e,n/e,n/e,n/e,443,,n/e,n/e,n/e,n/e,n/e,n/e,n/e,n/e,n/e,n/e,n/e,n/e,571,,n/e,n/e,n/e,n/e,n/e,n/e,0,,n/e,n/e,0,,n/e,n/e,n/e,n/e,33,
20:00 - 21:00,55,,n/e,n/e,n/e,n/e,443,,n/e,n/e,n/e,n/e,n/e,n/e,n/e,n/e,n/e,n/e,n/e,n/e,480,,n/e,n/e,n/e,n/e,n/e,n/e,0,,n/e,n/e,0,,n/e,n/e,n/e,n/e,29,
21:00 - 22:00,55,,n/e,n/e,n/e,n/e,443,,n/e,n/e,n/e,n/e,n/e,n/e,n/e,n/e,n/e,n/e,n/e,n/e,324,,n/e,n/e,n/e,n/e,n/e,n/e,0,,n/e,n/e,0,,n/e,n/e,n/e,n/e,25,
22:00 - 23:00,54,,n/e,n/e,n/e,n/e,445,,n/e,n/e,n/e,n/e,n/e,n/e,n/e,n/e,n/e,n/e,n/e,n/e,276,,n/e,n/e,n/e,n/e,n/e,n/e,0,,n/e,n/e,0,,n/e,n/e,n/e,n/e,27,
23:00 - 00:00,54,,n/e,n/e,n/e,n/e,444,,n/e,n/e,n/e,n/e,n/e,n/e,n/e,n/e,n/e,n/e,n/e,n/e,188,,n/e,n/e,n/e,n/e,n/e,n/e,0,,n/e,n/e,0,,n/e,n/e,n/e,n/e,31,
00:00 - 01:00,53,,n/e,n/e,n/e,n/e,442,,n/e,n/e,n/e,n/e,n/e,n/e,n/e,n/e,n/e,n/e,n/e,n/e,187,,n/e,n/e,n/e,n/e,n/e,n/e,0,,n/e,n/e,0,,n/e,n/e,n/e,n/e,36,
01:00 - 02:00,52,,n/e,n/e,n/e,n/e,443,,n/e,n/e,n/e,n/e,n/e,n/e,n/e,n/e,n/e,n/e,n/e,n/e,187,,n/e,n/e,n/e,n/e,n/e,n/e,0,,n/e,n/e,0,,n/e,n/e,n/e,n/e,35,
02:00 - 03:00,52,,n/e,n/e,n/e,n/e,442,,n/e,n/e,n/e,n/e,n/e,n/e,n/e,n/e,n/e,n/e,n/e,n/e,187,,n/e,n/e,n/e,n/e,n/e,n/e,0,,n/e,n/e,0,,n/e,n/e,n/e,n/e,54,
03:00 - 04:00,51,,n/e,n/e,n/e,n/e,442,,n/e,n/e,n/e,n/e,n/e,n/e,n/e,n/e,n/e,n/e,n/e,n/e,191,,n/e,n/e,n/e,n/e,n/e,n/e,0,,n/e,n/e,0,,n/e,n/e,n/e,n/e,55,
04:00 - 05:00,50,,n/e,n/e,n/e,n/e,443,,n/e,n/e,n/e,n/e,n/e,n/e,n/e,n/e,n/e,n/e,n/e,n/e,400,,n/e,n/e,n/e,n/e,n/e,n/e,0,,n/e,n/e,0,,n/e,n/e,n/e,n/e,52,
05:00 - 06:00,51,,n/e,n/e,n/e,n/e,587,,n/e,n/e,n/e,n/e,n/e,n/e,n/e,n/e,n/e,n/e,n/e,n/e,400,,n/e,n/e,n/e,n/e,n/e,n/e,0,,n/e,n/e,0,,n/e,n/e,n/e,n/e,49,
06:00 - 07:00,52,,n/e,n/e,n/e,n/e,601,,n/e,n/e,n/e,n/e,n/e,n/e,n/e,n/e,n/e,n/e,n/e,n/e,512,,n/e,n/e,n/e,n/e,n/e,n/e,0,,n/e,n/e,0,,n/e,n/e,n/e,n/e,54,
07:00 - 08:00,52,,n/e,n/e,n/e,n/e,604,,n/e,n/e,n/e,n/e,n/e,n/e,n/e,n/e,n/e,n/e,n/e,n/e,553,,n/e,n/e,n/e,n/e,n/e,n/e,0,,n/e,n/e,2,,n/e,n/e,n/e,n/e,51,
08:00 - 09:00,52,,n/e,n/e,n/e,n/e,608,,n/e,n/e,n/e,n/e,n/e,n/e,n/e,n/e,n/e,n/e,n/e,n/e,662,,n/e,n/e,n/e,n/e,n/e,n/e,0,,n/e,n/e,4,,n/e,n/e,n/e,n/e,52,
09:00 - 10:00,53,,n/e,n/e,n/e,n/e,654,,n/e,n/e,n/e,n/e,n/e,n/e,n/e,n/e,n/e,n/e,n/e,n/e,592,,n/e,n/e,n/e,n/e,n/e,n/e,0,,n/e,n/e,5,,n/e,n/e,n/e,n/e,57,
10:00 - 11:00,53,,n/e,n/e,n/e,n/e,650,,n/e,n/e,n/e,n/e,n/e,n/e,n/e,n/e,n/e,n/e,n/e,n/e,592,,n/e,n/e,n/e,n/e,n/e,n/e,0,,n/e,n/e,6,,n/e,n/e,n/e,n/e,59,
11:00 - 12:00,53,,n/e,n/e,n/e,n/e,595,,n/e,n/e,n/e,n/e,n/e,n/e,n/e,n/e,n/e,n/e,n/e,n/e,594,,n/e,n/e,n/e,n/e,n/e,n/e,0,,n/e,n/e,5,,n/e,n/e,n/e,n/e,61,
12:00 - 13:00,53,,n/e,n/e,n/e,n/e,594,,n/e,n/e,n/e,n/e,n/e,n/e,n/e,n/e,n/e,n/e,n/e,n/e,545,,n/e,n/e,n/e,n/e,n/e,n/e,0,,n/e,n/e,4,,n/e,n/e,n/e,n/e,58,
13:00 - 14:00,52,,n/e,n/e,n/e,n/e,588,,n/e,n/e,n/e,n/e,n/e,n/e,n/e,n/e,n/e,n/e,n/e,n/e,544,,n/e,n/e,n/e,n/e,n/e,n/e,0,,n/e,n/e,3,,n/e,n/e,n/e,n/e,50,
14:00 - 15:00,52,,n/e,n/e,n/e,n/e,528,,n/e,n/e,n/e,n/e,n/e,n/e,n/e,n/e,n/e,n/e,n/e,n/e,545,,n/e,n/e,n/e,n/e,n/e,n/e,0,,n/e,n/e,1,,n/e,n/e,n/e,n/e,43,
15:00 - 16:00,53,,n/e,n/e,n/e,n/e,531,,n/e,n/e,n/e,n/e,n/e,n/e,n/e,n/e,n/e,n/e,n/e,n/e,545,,n/e,n/e,n/e,n/e,n/e,n/e,0,,n/e,n/e,0,,n/e,n/e,n/e,n/e,42,
16:00 - 17:00,53,,n/e,n/e,n/e,n/e,530,,n/e,n/e,n/e,n/e,n/e,n/e,n/e,n/e,n/e,n/e,n/e,n/e,571,,n/e,n/e,n/e,n/e,n/e,n/e,0,,n/e,n/e,0,,n/e,n/e,n/e,n/e,43,
17:00 - 18:00,52,,n/e,n/e,n/e,n/e,443,,n/e,n/e,n/e,n/e,n/e,n/e,n/e,n/e,n/e,n/e,n/e,n/e,517,,n/e,n/e,n/e,n/e,n/e,n/e,0,,n/e,n/e,0,,n/e,n/e,n/e,n/e,40,
18:00 - 19:00,54,,n/e,n/e,n/e,n/e,394,,n/e,n/e,n/e,n/e,n/e,n/e,n/e,n/e,n/e,n/e,n/e,n/e,428,,n/e,n/e,n/e,n/e,n/e,n/e,0,,n/e,n/e,0,,n/e,n/e,n/e,n/e,37,
19:00 - 20:00,54,,n/e,n/e,n/e,n/e,391,,n/e,n/e,n/e,n/e,n/e,n/e,n/e,n/e,n/e,n/e,n/e,n/e,420,,n/e,n/e,n/e,n/e,n/e,n/e,0,,n/e,n/e,0,,n/e,n/e,n/e,n/e,38,
20:00 - 21:00,53,,n/e,n/e,n/e,n/e,391,,n/e,n/e,n/e,n/e,n/e,n/e,n/e,n/e,n/e,n/e,n/e,n/e,420,,n/e,n/e,n/e,n/e,n/e,n/e,0,,n/e,n/e,0,,n/e,n/e,n/e,n/e,45,
21:00 - 22:00,52,,n/e,n/e,n/e,n/e,384,,n/e,n/e,n/e,n/e,n/e,n/e,n/e,n/e,n/e,n/e,n/e,n/e,419,,n/e,n/e,n/e,n/e,n/e,n/e,0,,n/e,n/e,0,,n/e,n/e,n/e,n/e,49,
22:00 - 23:00,52,,n/e,n/e,n/e,n/e,398,,n/e,n/e,n/e,n/e,n/e,n/e,n/e,n/e,n/e,n/e,n/e,n/e,423,,n/e,n/e,n/e,n/e,n/e,n/e,0,,n/e,n/e,0,,n/e,n/e,n/e,n/e,46,
23:00 - 00:00,52,,n/e,n/e,n/e,n/e,443,,n/e,n/e,n/e,n/e,n/e,n/e,n/e,n/e,n/e,n/e,n/e,n/e,194,,n/e,n/e,n/e,n/e,n/e,n/e,0,,n/e,n/e,0,,n/e,n/e,n/e,n/e,43,
00:00 - 01:00,51,,n/e,n/e,n/e,n/e,441,,n/e,n/e,n/e,n/e,n/e,n/e,n/e,n/e,n/e,n/e,n/e,n/e,186,,n/e,n/e,n/e,n/e,n/e,n/e,0,,n/e,n/e,0,,n/e,n/e,n/e,n/e,39,
01:00 - 02:00,51,,n/e,n/e,n/e,n/e,441,,n/e,n/e,n/e,n/e,n/e,n/e,n/e,n/e,n/e,n/e,n/e,n/e,158,,n/e,n/e,n/e,n/e,n/e,n/e,0,,n/e,n/e,0,,n/e,n/e,n/e,n/e,37,
02:00 - 03:00,51,,n/e,n/e,n/e,n/e,442,,n/e,n/e,n/e,n/e,n/e,n/e,n/e,n/e,n/e,n/e,n/e,n/e,159,,n/e,n/e,n/e,n/e,n/e,n/e,0,,n/e,n/e,0,,n/e,n/e,n/e,n/e,40,
03:00 - 04:00,51,,n/e,n/e,n/e,n/e,439,,n/e,n/e,n/e,n/e,n/e,n/e,n/e,n/e,n/e,n/e,n/e,n/e,157,,n/e,n/e,n/e,n/e,n/e,n/e,0,,n/e,n/e,0,,n/e,n/e,n/e,n/e,43,
04:00 - 05:00,50,,n/e,n/e,n/e,n/e,451,,n/e,n/e,n/e,n/e,n/e,n/e,n/e,n/e,n/e,n/e,n/e,n/e,186,,n/e,n/e,n/e,n/e,n/e,n/e,0,,n/e,n/e,0,,n/e,n/e,n/e,n/e,34,
05:00 - 06:00,50,,n/e,n/e,n/e,n/e,692,,n/e,n/e,n/e,n/e,n/e,n/e,n/e,n/e,n/e,n/e,n/e,n/e,483,,n/e,n/e,n/e,n/e,n/e,n/e,0,,n/e,n/e,0,,n/e,n/e,n/e,n/e,26,
06:00 - 07:00,52,,n/e,n/e,n/e,n/e,834,,n/e,n/e,n/e,n/e,n/e,n/e,n/e,n/e,n/e,n/e,n/e,n/e,489,,n/e,n/e,n/e,n/e,n/e,n/e,0,,n/e,n/e,0,,n/e,n/e,n/e,n/e,26,
07:00 - 08:00,55,,n/e,n/e,n/e,n/e,834,,n/e,n/e,n/e,n/e,n/e,n/e,n/e,n/e,n/e,n/e,n/e,n/e,490,,n/e,n/e,n/e,n/e,n/e,n/e,0,,n/e,n/e,3,,n/e,n/e,n/e,n/e,31,
08:00 - 09:00,52,,n/e,n/e,n/e,n/e,833,,n/e,n/e,n/e,n/e,n/e,n/e,n/e,n/e,n/e,n/e,n/e,n/e,490,,n/e,n/e,n/e,n/e,n/e,n/e,0,,n/e,n/e,7,,n/e,n/e,n/e,n/e,32,
09:00 - 10:00,51,,n/e,n/e,n/e,n/e,829,,n/e,n/e,n/e,n/e,n/e,n/e,n/e,n/e,n/e,n/e,n/e,n/e,482,,n/e,n/e,n/e,n/e,n/e,n/e,0,,n/e,n/e,10,,n/e,n/e,n/e,n/e,32,
10:00 - 11:00,49,,n/e,n/e,n/e,n/e,834,,n/e,n/e,n/e,n/e,n/e,n/e,n/e,n/e,n/e,n/e,n/e,n/e,484,,n/e,n/e,n/e,n/e,n/e,n/e,0,,n/e,n/e,10,,n/e,n/e,n/e,n/e,45,
11:00 - 12:00,51,,n/e,n/e,n/e,n/e,759,,n/e,n/e,n/e,n/e,n/e,n/e,n/e,n/e,n/e,n/e,n/e,n/e,439,,n/e,n/e,n/e,n/e,n/e,n/e,0,,n/e,n/e,10,,n/e,n/e,n/e,n/e,40,
12:00 - 13:00,51,,n/e,n/e,n/e,n/e,755,,n/e,n/e,n/e,n/e,n/e,n/e,n/e,n/e,n/e,n/e,n/e,n/e,418,,n/e,n/e,n/e,n/e,n/e,n/e,0,,n/e,n/e,7,,n/e,n/e,n/e,n/e,35,
13:00 - 14:00,51,,n/e,n/e,n/e,n/e,751,,n/e,n/e,n/e,n/e,n/e,n/e,n/e,n/e,n/e,n/e,n/e,n/e,435,,n/e,n/e,n/e,n/e,n/e,n/e,0,,n/e,n/e,4,,n/e,n/e,n/e,n/e,37,
14:00 - 15:00,51,,n/e,n/e,n/e,n/e,828,,n/e,n/e,n/e,n/e,n/e,n/e,n/e,n/e,n/e,n/e,n/e,n/e,483,,n/e,n/e,n/e,n/e,n/e,n/e,0,,n/e,n/e,1,,n/e,n/e,n/e,n/e,39,
15:00 - 16:00,52,,n/e,n/e,n/e,n/e,831,,n/e,n/e,n/e,n/e,n/e,n/e,n/e,n/e,n/e,n/e,n/e,n/e,466,,n/e,n/e,n/e,n/e,n/e,n/e,0,,n/e,n/e,0,,n/e,n/e,n/e,n/e,46,
16:00 - 17:00,53,,n/e,n/e,n/e,n/e,831,,n/e,n/e,n/e,n/e,n/e,n/e,n/e,n/e,n/e,n/e,n/e,n/e,510,,n/e,n/e,n/e,n/e,n/e,n/e,0,,n/e,n/e,0,,n/e,n/e,n/e,n/e,48,
17:00 - 18:00,53,,n/e,n/e,n/e,n/e,772,,n/e,n/e,n/e,n/e,n/e,n/e,n/e,n/e,n/e,n/e,n/e,n/e,494,,n/e,n/e,n/e,n/e,n/e,n/e,0,,n/e,n/e,0,,n/e,n/e,n/e,n/e,56,
18:00 - 19:00,54,,n/e,n/e,n/e,n/e,772,,n/e,n/e,n/e,n/e,n/e,n/e,n/e,n/e,n/e,n/e,n/e,n/e,385,,n/e,n/e,n/e,n/e,n/e,n/e,0,,n/e,n/e,0,,n/e,n/e,n/e,n/e,47,
19:00 - 20:00,54,,n/e,n/e,n/e,n/e,768,,n/e,n/e,n/e,n/e,n/e,n/e,n/e,n/e,n/e,n/e,n/e,n/e,402,,n/e,n/e,n/e,n/e,n/e,n/e,0,,n/e,n/e,0,,n/e,n/e,n/e,n/e,46,
20:00 - 21:00,52,,n/e,n/e,n/e,n/e,696,,n/e,n/e,n/e,n/e,n/e,n/e,n/e,n/e,n/e,n/e,n/e,n/e,326,,n/e,n/e,n/e,n/e,n/e,n/e,0,,n/e,n/e,0,,n/e,n/e,n/e,n/e,42,
21:00 - 22:00,52,,n/e,n/e,n/e,n/e,692,,n/e,n/e,n/e,n/e,n/e,n/e,n/e,n/e,n/e,n/e,n/e,n/e,349,,n/e,n/e,n/e,n/e,n/e,n/e,0,,n/e,n/e,0,,n/e,n/e,n/e,n/e,39,
22:00 - 23:00,52,,n/e,n/e,n/e,n/e,692,,n/e,n/e,n/e,n/e,n/e,n/e,n/e,n/e,n/e,n/e,n/e,n/e,330,,n/e,n/e,n/e,n/e,n/e,n/e,0,,n/e,n/e,0,,n/e,n/e,n/e,n/e,25,
23:00 - 00:00,52,,n/e,n/e,n/e,n/e,479,,n/e,n/e,n/e,n/e,n/e,n/e,n/e,n/e,n/e,n/e,n/e,n/e,225,,n/e,n/e,n/e,n/e,n/e,n/e,0,,n/e,n/e,0,,n/e,n/e,n/e,n/e,15,
00:00 - 01:00,50,,n/e,n/e,n/e,n/e,464,,n/e,n/e,n/e,n/e,n/e,n/e,n/e,n/e,n/e,n/e,n/e,n/e,238,,n/e,n/e,n/e,n/e,n/e,n/e,0,,n/e,n/e,0,,n/e,n/e,n/e,n/e,11,
01:00 - 02:00,51,,n/e,n/e,n/e,n/e,461,,n/e,n/e,n/e,n/e,n/e,n/e,n/e,n/e,n/e,n/e,n/e,n/e,230,,n/e,n/e,n/e,n/e,n/e,n/e,0,,n/e,n/e,0,,n/e,n/e,n/e,n/e,12,
02:00 - 03:00,50,,n/e,n/e,n/e,n/e,464,,n/e,n/e,n/e,n/e,n/e,n/e,n/e,n/e,n/e,n/e,n/e,n/e,241,,n/e,n/e,n/e,n/e,n/e,n/e,0,,n/e,n/e,0,,n/e,n/e,n/e,n/e,16,
03:00 - 04:00,50,,n/e,n/e,n/e,n/e,463,,n/e,n/e,n/e,n/e,n/e,n/e,n/e,n/e,n/e,n/e,n/e,n/e,340,,n/e,n/e,n/e,n/e,n/e,n/e,0,,n/e,n/e,0,,n/e,n/e,n/e,n/e,20,
04:00 - 05:00,49,,n/e,n/e,n/e,n/e,475,,n/e,n/e,n/e,n/e,n/e,n/e,n/e,n/e,n/e,n/e,n/e,n/e,344,,n/e,n/e,n/e,n/e,n/e,n/e,0,,n/e,n/e,0,,n/e,n/e,n/e,n/e,17,
05:00 - 06:00,49,,n/e,n/e,n/e,n/e,637,,n/e,n/e,n/e,n/e,n/e,n/e,n/e,n/e,n/e,n/e,n/e,n/e,492,,n/e,n/e,n/e,n/e,n/e,n/e,0,,n/e,n/e,0,,n/e,n/e,n/e,n/e,12,
06:00 - 07:00,52,,n/e,n/e,n/e,n/e,643,,n/e,n/e,n/e,n/e,n/e,n/e,n/e,n/e,n/e,n/e,n/e,n/e,596,,n/e,n/e,n/e,n/e,n/e,n/e,0,,n/e,n/e,1,,n/e,n/e,n/e,n/e,11,
07:00 - 08:00,55,,n/e,n/e,n/e,n/e,693,,n/e,n/e,n/e,n/e,n/e,n/e,n/e,n/e,n/e,n/e,n/e,n/e,598,,n/e,n/e,n/e,n/e,n/e,n/e,0,,n/e,n/e,6,,n/e,n/e,n/e,n/e,13,
08:00 - 09:00,53,,n/e,n/e,n/e,n/e,750,,n/e,n/e,n/e,n/e,n/e,n/e,n/e,n/e,n/e,n/e,n/e,n/e,537,,n/e,n/e,n/e,n/e,n/e,n/e,0,,n/e,n/e,13,,n/e,n/e,n/e,n/e,15,
09:00 - 10:00,51,,n/e,n/e,n/e,n/e,753,,n/e,n/e,n/e,n/e,n/e,n/e,n/e,n/e,n/e,n/e,n/e,n/e,488,,n/e,n/e,n/e,n/e,n/e,n/e,0,,n/e,n/e,19,,n/e,n/e,n/e,n/e,13,
10:00 - 11:00,53,,n/e,n/e,n/e,n/e,751,,n/e,n/e,n/e,n/e,n/e,n/e,n/e,n/e,n/e,n/e,n/e,n/e,487,,n/e,n/e,n/e,n/e,n/e,n/e,0,,n/e,n/e,22,,n/e,n/e,n/e,n/e,9,
11:00 - 12:00,55,,n/e,n/e,n/e,n/e,709,,n/e,n/e,n/e,n/e,n/e,n/e,n/e,n/e,n/e,n/e,n/e,n/e,469,,n/e,n/e,n/e,n/e,n/e,n/e,0,,n/e,n/e,22,,n/e,n/e,n/e,n/e,8,
12:00 - 13:00,54,,n/e,n/e,n/e,n/e,708,,n/e,n/e,n/e,n/e,n/e,n/e,n/e,n/e,n/e,n/e,n/e,n/e,487,,n/e,n/e,n/e,n/e,n/e,n/e,0,,n/e,n/e,19,,n/e,n/e,n/e,n/e,7,
13:00 - 14:00,55,,n/e,n/e,n/e,n/e,649,,n/e,n/e,n/e,n/e,n/e,n/e,n/e,n/e,n/e,n/e,n/e,n/e,488,,n/e,n/e,n/e,n/e,n/e,n/e,0,,n/e,n/e,13,,n/e,n/e,n/e,n/e,9,
14:00 - 15:00,54,,n/e,n/e,n/e,n/e,739,,n/e,n/e,n/e,n/e,n/e,n/e,n/e,n/e,n/e,n/e,n/e,n/e,571,,n/e,n/e,n/e,n/e,n/e,n/e,0,,n/e,n/e,3,,n/e,n/e,n/e,n/e,9,
15:00 - 16:00,55,,n/e,n/e,n/e,n/e,743,,n/e,n/e,n/e,n/e,n/e,n/e,n/e,n/e,n/e,n/e,n/e,n/e,576,,n/e,n/e,n/e,n/e,n/e,n/e,0,,n/e,n/e,0,,n/e,n/e,n/e,n/e,8,
16:00 - 17:00,55,,n/e,n/e,n/e,n/e,772,,n/e,n/e,n/e,n/e,n/e,n/e,n/e,n/e,n/e,n/e,n/e,n/e,548,,n/e,n/e,n/e,n/e,n/e,n/e,0,,n/e,n/e,0,,n/e,n/e,n/e,n/e,11,
17:00 - 18:00,54,,n/e,n/e,n/e,n/e,772,,n/e,n/e,n/e,n/e,n/e,n/e,n/e,n/e,n/e,n/e,n/e,n/e,544,,n/e,n/e,n/e,n/e,n/e,n/e,0,,n/e,n/e,0,,n/e,n/e,n/e,n/e,12,
18:00 - 19:00,54,,n/e,n/e,n/e,n/e,773,,n/e,n/e,n/e,n/e,n/e,n/e,n/e,n/e,n/e,n/e,n/e,n/e,447,,n/e,n/e,n/e,n/e,n/e,n/e,0,,n/e,n/e,0,,n/e,n/e,n/e,n/e,9,
19:00 - 20:00,55,,n/e,n/e,n/e,n/e,769,,n/e,n/e,n/e,n/e,n/e,n/e,n/e,n/e,n/e,n/e,n/e,n/e,446,,n/e,n/e,n/e,n/e,n/e,n/e,0,,n/e,n/e,0,,n/e,n/e,n/e,n/e,4,
20:00 - 21:00,54,,n/e,n/e,n/e,n/e,612,,n/e,n/e,n/e,n/e,n/e,n/e,n/e,n/e,n/e,n/e,n/e,n/e,445,,n/e,n/e,n/e,n/e,n/e,n/e,0,,n/e,n/e,0,,n/e,n/e,n/e,n/e,6,
21:00 - 22:00,52,,n/e,n/e,n/e,n/e,579,,n/e,n/e,n/e,n/e,n/e,n/e,n/e,n/e,n/e,n/e,n/e,n/e,444,,n/e,n/e,n/e,n/e,n/e,n/e,0,,n/e,n/e,0,,n/e,n/e,n/e,n/e,5,
22:00 - 23:00,51,,n/e,n/e,n/e,n/e,482,,n/e,n/e,n/e,n/e,n/e,n/e,n/e,n/e,n/e,n/e,n/e,n/e,426,,n/e,n/e,n/e,n/e,n/e,n/e,0,,n/e,n/e,0,,n/e,n/e,n/e,n/e,6,
23:00 - 00:00,52,,n/e,n/e,n/e,n/e,442,,n/e,n/e,n/e,n/e,n/e,n/e,n/e,n/e,n/e,n/e,n/e,n/e,178,,n/e,n/e,n/e,n/e,n/e,n/e,0,,n/e,n/e,0,,n/e,n/e,n/e,n/e,7,
00:00 - 01:00,52,,n/e,n/e,n/e,n/e,438,,n/e,n/e,n/e,n/e,n/e,n/e,n/e,n/e,n/e,n/e,n/e,n/e,187,,n/e,n/e,n/e,n/e,n/e,n/e,0,,n/e,n/e,0,,n/e,n/e,n/e,n/e,8,
01:00 - 02:00,52,,n/e,n/e,n/e,n/e,441,,n/e,n/e,n/e,n/e,n/e,n/e,n/e,n/e,n/e,n/e,n/e,n/e,188,,n/e,n/e,n/e,n/e,n/e,n/e,0,,n/e,n/e,0,,n/e,n/e,n/e,n/e,7,
02:00 - 03:00,52,,n/e,n/e,n/e,n/e,441,,n/e,n/e,n/e,n/e,n/e,n/e,n/e,n/e,n/e,n/e,n/e,n/e,188,,n/e,n/e,n/e,n/e,n/e,n/e,0,,n/e,n/e,0,,n/e,n/e,n/e,n/e,9,
03:00 - 04:00,52,,n/e,n/e,n/e,n/e,441,,n/e,n/e,n/e,n/e,n/e,n/e,n/e,n/e,n/e,n/e,n/e,n/e,275,,n/e,n/e,n/e,n/e,n/e,n/e,0,,n/e,n/e,0,,n/e,n/e,n/e,n/e,12,
04:00 - 05:00,51,,n/e,n/e,n/e,n/e,446,,n/e,n/e,n/e,n/e,n/e,n/e,n/e,n/e,n/e,n/e,n/e,n/e,302,,n/e,n/e,n/e,n/e,n/e,n/e,0,,n/e,n/e,0,,n/e,n/e,n/e,n/e,16,
05:00 - 06:00,52,,n/e,n/e,n/e,n/e,627,,n/e,n/e,n/e,n/e,n/e,n/e,n/e,n/e,n/e,n/e,n/e,n/e,498,,n/e,n/e,n/e,n/e,n/e,n/e,0,,n/e,n/e,0,,n/e,n/e,n/e,n/e,16,
06:00 - 07:00,53,,n/e,n/e,n/e,n/e,672,,n/e,n/e,n/e,n/e,n/e,n/e,n/e,n/e,n/e,n/e,n/e,n/e,582,,n/e,n/e,n/e,n/e,n/e,n/e,0,,n/e,n/e,2,,n/e,n/e,n/e,n/e,19,
07:00 - 08:00,54,,n/e,n/e,n/e,n/e,674,,n/e,n/e,n/e,n/e,n/e,n/e,n/e,n/e,n/e,n/e,n/e,n/e,580,,n/e,n/e,n/e,n/e,n/e,n/e,0,,n/e,n/e,10,,n/e,n/e,n/e,n/e,19,
08:00 - 09:00,55,,n/e,n/e,n/e,n/e,793,,n/e,n/e,n/e,n/e,n/e,n/e,n/e,n/e,n/e,n/e,n/e,n/e,506,,n/e,n/e,n/e,n/e,n/e,n/e,0,,n/e,n/e,18,,n/e,n/e,n/e,n/e,18,
09:00 - 10:00,54,,n/e,n/e,n/e,n/e,851,,n/e,n/e,n/e,n/e,n/e,n/e,n/e,n/e,n/e,n/e,n/e,n/e,466,,n/e,n/e,n/e,n/e,n/e,n/e,0,,n/e,n/e,22,,n/e,n/e,n/e,n/e,13,
10:00 - 11:00,53,,n/e,n/e,n/e,n/e,845,,n/e,n/e,n/e,n/e,n/e,n/e,n/e,n/e,n/e,n/e,n/e,n/e,458,,n/e,n/e,n/e,n/e,n/e,n/e,0,,n/e,n/e,20,,n/e,n/e,n/e,n/e,16,
11:00 - 12:00,54,,n/e,n/e,n/e,n/e,747,,n/e,n/e,n/e,n/e,n/e,n/e,n/e,n/e,n/e,n/e,n/e,n/e,484,,n/e,n/e,n/e,n/e,n/e,n/e,0,,n/e,n/e,17,,n/e,n/e,n/e,n/e,19,
12:00 - 13:00,55,,n/e,n/e,n/e,n/e,746,,n/e,n/e,n/e,n/e,n/e,n/e,n/e,n/e,n/e,n/e,n/e,n/e,488,,n/e,n/e,n/e,n/e,n/e,n/e,0,,n/e,n/e,12,,n/e,n/e,n/e,n/e,18,
13:00 - 14:00,54,,n/e,n/e,n/e,n/e,750,,n/e,n/e,n/e,n/e,n/e,n/e,n/e,n/e,n/e,n/e,n/e,n/e,489,,n/e,n/e,n/e,n/e,n/e,n/e,0,,n/e,n/e,6,,n/e,n/e,n/e,n/e,13,
14:00 - 15:00,55,,n/e,n/e,n/e,n/e,848,,n/e,n/e,n/e,n/e,n/e,n/e,n/e,n/e,n/e,n/e,n/e,n/e,608,,n/e,n/e,n/e,n/e,n/e,n/e,0,,n/e,n/e,2,,n/e,n/e,n/e,n/e,15,
15:00 - 16:00,57,,n/e,n/e,n/e,n/e,849,,n/e,n/e,n/e,n/e,n/e,n/e,n/e,n/e,n/e,n/e,n/e,n/e,621,,n/e,n/e,n/e,n/e,n/e,n/e,0,,n/e,n/e,0,,n/e,n/e,n/e,n/e,15,
16:00 - 17:00,59,,n/e,n/e,n/e,n/e,859,,n/e,n/e,n/e,n/e,n/e,n/e,n/e,n/e,n/e,n/e,n/e,n/e,705,,n/e,n/e,n/e,n/e,n/e,n/e,0,,n/e,n/e,0,,n/e,n/e,n/e,n/e,13,
17:00 - 18:00,60,,n/e,n/e,n/e,n/e,858,,n/e,n/e,n/e,n/e,n/e,n/e,n/e,n/e,n/e,n/e,n/e,n/e,722,,n/e,n/e,n/e,n/e,n/e,n/e,0,,n/e,n/e,0,,n/e,n/e,n/e,n/e,9,
18:00 - 19:00,62,,n/e,n/e,n/e,n/e,837,,n/e,n/e,n/e,n/e,n/e,n/e,n/e,n/e,n/e,n/e,n/e,n/e,706,,n/e,n/e,n/e,n/e,n/e,n/e,0,,n/e,n/e,0,,n/e,n/e,n/e,n/e,8,
19:00 - 20:00,64,,n/e,n/e,n/e,n/e,749,,n/e,n/e,n/e,n/e,n/e,n/e,n/e,n/e,n/e,n/e,n/e,n/e,685,,n/e,n/e,n/e,n/e,n/e,n/e,0,,n/e,n/e,0,,n/e,n/e,n/e,n/e,9,
20:00 - 21:00,64,,n/e,n/e,n/e,n/e,453,,n/e,n/e,n/e,n/e,n/e,n/e,n/e,n/e,n/e,n/e,n/e,n/e,573,,n/e,n/e,n/e,n/e,n/e,n/e,0,,n/e,n/e,0,,n/e,n/e,n/e,n/e,8,
21:00 - 22:00,63,,n/e,n/e,n/e,n/e,452,,n/e,n/e,n/e,n/e,n/e,n/e,n/e,n/e,n/e,n/e,n/e,n/e,577,,n/e,n/e,n/e,n/e,n/e,n/e,0,,n/e,n/e,0,,n/e,n/e,n/e,n/e,8,
22:00 - 23:00,64,,n/e,n/e,n/e,n/e,439,,n/e,n/e,n/e,n/e,n/e,n/e,n/e,n/e,n/e,n/e,n/e,n/e,488,,n/e,n/e,n/e,n/e,n/e,n/e,0,,n/e,n/e,0,,n/e,n/e,n/e,n/e,13,
23:00 - 00:00,63,,n/e,n/e,n/e,n/e,371,,n/e,n/e,n/e,n/e,n/e,n/e,n/e,n/e,n/e,n/e,n/e,n/e,252,,n/e,n/e,n/e,n/e,n/e,n/e,0,,n/e,n/e,0,,n/e,n/e,n/e,n/e,13,
00:00 - 01:00,64,,n/e,n/e,n/e,n/e,371,,n/e,n/e,n/e,n/e,n/e,n/e,n/e,n/e,n/e,n/e,n/e,n/e,240,,n/e,n/e,n/e,n/e,n/e,n/e,0,,n/e,n/e,0,,n/e,n/e,n/e,n/e,13,
01:00 - 02:00,66,,n/e,n/e,n/e,n/e,370,,n/e,n/e,n/e,n/e,n/e,n/e,n/e,n/e,n/e,n/e,n/e,n/e,240,,n/e,n/e,n/e,n/e,n/e,n/e,0,,n/e,n/e,0,,n/e,n/e,n/e,n/e,17,
02:00 - 03:00,67,,n/e,n/e,n/e,n/e,371,,n/e,n/e,n/e,n/e,n/e,n/e,n/e,n/e,n/e,n/e,n/e,n/e,240,,n/e,n/e,n/e,n/e,n/e,n/e,0,,n/e,n/e,0,,n/e,n/e,n/e,n/e,17,
03:00 - 04:00,67,,n/e,n/e,n/e,n/e,370,,n/e,n/e,n/e,n/e,n/e,n/e,n/e,n/e,n/e,n/e,n/e,n/e,329,,n/e,n/e,n/e,n/e,n/e,n/e,0,,n/e,n/e,0,,n/e,n/e,n/e,n/e,16,
04:00 - 05:00,69,,n/e,n/e,n/e,n/e,372,,n/e,n/e,n/e,n/e,n/e,n/e,n/e,n/e,n/e,n/e,n/e,n/e,331,,n/e,n/e,n/e,n/e,n/e,n/e,0,,n/e,n/e,0,,n/e,n/e,n/e,n/e,17,
05:00 - 06:00,69,,n/e,n/e,n/e,n/e,453,,n/e,n/e,n/e,n/e,n/e,n/e,n/e,n/e,n/e,n/e,n/e,n/e,543,,n/e,n/e,n/e,n/e,n/e,n/e,0,,n/e,n/e,0,,n/e,n/e,n/e,n/e,21,
06:00 - 07:00,68,,n/e,n/e,n/e,n/e,453,,n/e,n/e,n/e,n/e,n/e,n/e,n/e,n/e,n/e,n/e,n/e,n/e,602,,n/e,n/e,n/e,n/e,n/e,n/e,0,,n/e,n/e,1,,n/e,n/e,n/e,n/e,25,
07:00 - 08:00,70,,n/e,n/e,n/e,n/e,452,,n/e,n/e,n/e,n/e,n/e,n/e,n/e,n/e,n/e,n/e,n/e,n/e,689,,n/e,n/e,n/e,n/e,n/e,n/e,0,,n/e,n/e,3,,n/e,n/e,n/e,n/e,30,
08:00 - 09:00,70,,n/e,n/e,n/e,n/e,412,,n/e,n/e,n/e,n/e,n/e,n/e,n/e,n/e,n/e,n/e,n/e,n/e,492,,n/e,n/e,n/e,n/e,n/e,n/e,0,,n/e,n/e,7,,n/e,n/e,n/e,n/e,31,
09:00 - 10:00,69,,n/e,n/e,n/e,n/e,412,,n/e,n/e,n/e,n/e,n/e,n/e,n/e,n/e,n/e,n/e,n/e,n/e,342,,n/e,n/e,n/e,n/e,n/e,n/e,0,,n/e,n/e,10,,n/e,n/e,n/e,n/e,40,
10:00 - 11:00,68,,n/e,n/e,n/e,n/e,412,,n/e,n/e,n/e,n/e,n/e,n/e,n/e,n/e,n/e,n/e,n/e,n/e,339,,n/e,n/e,n/e,n/e,n/e,n/e,0,,n/e,n/e,11,,n/e,n/e,n/e,n/e,54,
11:00 - 12:00,66,,n/e,n/e,n/e,n/e,411,,n/e,n/e,n/e,n/e,n/e,n/e,n/e,n/e,n/e,n/e,n/e,n/e,338,,n/e,n/e,n/e,n/e,n/e,n/e,0,,n/e,n/e,10,,n/e,n/e,n/e,n/e,64,
12:00 - 13:00,66,,n/e,n/e,n/e,n/e,408,,n/e,n/e,n/e,n/e,n/e,n/e,n/e,n/e,n/e,n/e,n/e,n/e,341,,n/e,n/e,n/e,n/e,n/e,n/e,0,,n/e,n/e,9,,n/e,n/e,n/e,n/e,70,
13:00 - 14:00,67,,n/e,n/e,n/e,n/e,408,,n/e,n/e,n/e,n/e,n/e,n/e,n/e,n/e,n/e,n/e,n/e,n/e,456,,n/e,n/e,n/e,n/e,n/e,n/e,0,,n/e,n/e,7,,n/e,n/e,n/e,n/e,74,
14:00 - 15:00,67,,n/e,n/e,n/e,n/e,369,,n/e,n/e,n/e,n/e,n/e,n/e,n/e,n/e,n/e,n/e,n/e,n/e,527,,n/e,n/e,n/e,n/e,n/e,n/e,0,,n/e,n/e,3,,n/e,n/e,n/e,n/e,76,
15:00 - 16:00,68,,n/e,n/e,n/e,n/e,370,,n/e,n/e,n/e,n/e,n/e,n/e,n/e,n/e,n/e,n/e,n/e,n/e,505,,n/e,n/e,n/e,n/e,n/e,n/e,0,,n/e,n/e,0,,n/e,n/e,n/e,n/e,82,
16:00 - 17:00,69,,n/e,n/e,n/e,n/e,390,,n/e,n/e,n/e,n/e,n/e,n/e,n/e,n/e,n/e,n/e,n/e,n/e,566,,n/e,n/e,n/e,n/e,n/e,n/e,0,,n/e,n/e,0,,n/e,n/e,n/e,n/e,99,
17:00 - 18:00,69,,n/e,n/e,n/e,n/e,372,,n/e,n/e,n/e,n/e,n/e,n/e,n/e,n/e,n/e,n/e,n/e,n/e,610,,n/e,n/e,n/e,n/e,n/e,n/e,0,,n/e,n/e,0,,n/e,n/e,n/e,n/e,105,
18:00 - 19:00,67,,n/e,n/e,n/e,n/e,373,,n/e,n/e,n/e,n/e,n/e,n/e,n/e,n/e,n/e,n/e,n/e,n/e,606,,n/e,n/e,n/e,n/e,n/e,n/e,0,,n/e,n/e,0,,n/e,n/e,n/e,n/e,110,
19:00 - 20:00,57,,n/e,n/e,n/e,n/e,370,,n/e,n/e,n/e,n/e,n/e,n/e,n/e,n/e,n/e,n/e,n/e,n/e,401,,n/e,n/e,n/e,n/e,n/e,n/e,0,,n/e,n/e,0,,n/e,n/e,n/e,n/e,110,
20:00 - 21:00,52,,n/e,n/e,n/e,n/e,370,,n/e,n/e,n/e,n/e,n/e,n/e,n/e,n/e,n/e,n/e,n/e,n/e,401,,n/e,n/e,n/e,n/e,n/e,n/e,0,,n/e,n/e,0,,n/e,n/e,n/e,n/e,114,
21:00 - 22:00,52,,n/e,n/e,n/e,n/e,373,,n/e,n/e,n/e,n/e,n/e,n/e,n/e,n/e,n/e,n/e,n/e,n/e,503,,n/e,n/e,n/e,n/e,n/e,n/e,0,,n/e,n/e,0,,n/e,n/e,n/e,n/e,114,
22:00 - 23:00,50,,n/e,n/e,n/e,n/e,368,,n/e,n/e,n/e,n/e,n/e,n/e,n/e,n/e,n/e,n/e,n/e,n/e,379,,n/e,n/e,n/e,n/e,n/e,n/e,0,,n/e,n/e,0,,n/e,n/e,n/e,n/e,106,
23:00 - 00:00,50,,n/e,n/e,n/e,n/e,369,,n/e,n/e,n/e,n/e,n/e,n/e,n/e,n/e,n/e,n/e,n/e,n/e,408,,n/e,n/e,n/e,n/e,n/e,n/e,0,,n/e,n/e,0,,n/e,n/e,n/e,n/e,114,
00:00 - 01:00,49,,n/e,n/e,n/e,n/e,369,,n/e,n/e,n/e,n/e,n/e,n/e,n/e,n/e,n/e,n/e,n/e,n/e,261,,n/e,n/e,n/e,n/e,n/e,n/e,0,,n/e,n/e,0,,n/e,n/e,n/e,n/e,117,
01:00 - 02:00,47,,n/e,n/e,n/e,n/e,368,,n/e,n/e,n/e,n/e,n/e,n/e,n/e,n/e,n/e,n/e,n/e,n/e,235,,n/e,n/e,n/e,n/e,n/e,n/e,0,,n/e,n/e,0,,n/e,n/e,n/e,n/e,118,
02:00 - 03:00,46,,n/e,n/e,n/e,n/e,368,,n/e,n/e,n/e,n/e,n/e,n/e,n/e,n/e,n/e,n/e,n/e,n/e,339,,n/e,n/e,n/e,n/e,n/e,n/e,0,,n/e,n/e,0,,n/e,n/e,n/e,n/e,111,
03:00 - 04:00,45,,n/e,n/e,n/e,n/e,371,,n/e,n/e,n/e,n/e,n/e,n/e,n/e,n/e,n/e,n/e,n/e,n/e,317,,n/e,n/e,n/e,n/e,n/e,n/e,0,,n/e,n/e,0,,n/e,n/e,n/e,n/e,92,
04:00 - 05:00,45,,n/e,n/e,n/e,n/e,370,,n/e,n/e,n/e,n/e,n/e,n/e,n/e,n/e,n/e,n/e,n/e,n/e,301,,n/e,n/e,n/e,n/e,n/e,n/e,0,,n/e,n/e,0,,n/e,n/e,n/e,n/e,86,
05:00 - 06:00,50,,n/e,n/e,n/e,n/e,371,,n/e,n/e,n/e,n/e,n/e,n/e,n/e,n/e,n/e,n/e,n/e,n/e,299,,n/e,n/e,n/e,n/e,n/e,n/e,0,,n/e,n/e,0,,n/e,n/e,n/e,n/e,89,
06:00 - 07:00,58,,n/e,n/e,n/e,n/e,371,,n/e,n/e,n/e,n/e,n/e,n/e,n/e,n/e,n/e,n/e,n/e,n/e,330,,n/e,n/e,n/e,n/e,n/e,n/e,0,,n/e,n/e,0,,n/e,n/e,n/e,n/e,74,
07:00 - 08:00,61,,n/e,n/e,n/e,n/e,362,,n/e,n/e,n/e,n/e,n/e,n/e,n/e,n/e,n/e,n/e,n/e,n/e,423,,n/e,n/e,n/e,n/e,n/e,n/e,0,,n/e,n/e,2,,n/e,n/e,n/e,n/e,46,
08:00 - 09:00,62,,n/e,n/e,n/e,n/e,306,,n/e,n/e,n/e,n/e,n/e,n/e,n/e,n/e,n/e,n/e,n/e,n/e,476,,n/e,n/e,n/e,n/e,n/e,n/e,0,,n/e,n/e,5,,n/e,n/e,n/e,n/e,35,
09:00 - 10:00,62,,n/e,n/e,n/e,n/e,305,,n/e,n/e,n/e,n/e,n/e,n/e,n/e,n/e,n/e,n/e,n/e,n/e,399,,n/e,n/e,n/e,n/e,n/e,n/e,0,,n/e,n/e,9,,n/e,n/e,n/e,n/e,48,
10:00 - 11:00,63,,n/e,n/e,n/e,n/e,307,,n/e,n/e,n/e,n/e,n/e,n/e,n/e,n/e,n/e,n/e,n/e,n/e,361,,n/e,n/e,n/e,n/e,n/e,n/e,0,,n/e,n/e,11,,n/e,n/e,n/e,n/e,40,
11:00 - 12:00,61,,n/e,n/e,n/e,n/e,310,,n/e,n/e,n/e,n/e,n/e,n/e,n/e,n/e,n/e,n/e,n/e,n/e,499,,n/e,n/e,n/e,n/e,n/e,n/e,0,,n/e,n/e,14,,n/e,n/e,n/e,n/e,43,
12:00 - 13:00,61,,n/e,n/e,n/e,n/e,303,,n/e,n/e,n/e,n/e,n/e,n/e,n/e,n/e,n/e,n/e,n/e,n/e,466,,n/e,n/e,n/e,n/e,n/e,n/e,0,,n/e,n/e,12,,n/e,n/e,n/e,n/e,55,
13:00 - 14:00,63,,n/e,n/e,n/e,n/e,311,,n/e,n/e,n/e,n/e,n/e,n/e,n/e,n/e,n/e,n/e,n/e,n/e,485,,n/e,n/e,n/e,n/e,n/e,n/e,0,,n/e,n/e,7,,n/e,n/e,n/e,n/e,70,
14:00 - 15:00,65,,n/e,n/e,n/e,n/e,419,,n/e,n/e,n/e,n/e,n/e,n/e,n/e,n/e,n/e,n/e,n/e,n/e,603,,n/e,n/e,n/e,n/e,n/e,n/e,0,,n/e,n/e,3,,n/e,n/e,n/e,n/e,92,
15:00 - 16:00,65,,n/e,n/e,n/e,n/e,424,,n/e,n/e,n/e,n/e,n/e,n/e,n/e,n/e,n/e,n/e,n/e,n/e,646,,n/e,n/e,n/e,n/e,n/e,n/e,0,,n/e,n/e,0,,n/e,n/e,n/e,n/e,84,
16:00 - 17:00,66,,n/e,n/e,n/e,n/e,461,,n/e,n/e,n/e,n/e,n/e,n/e,n/e,n/e,n/e,n/e,n/e,n/e,705,,n/e,n/e,n/e,n/e,n/e,n/e,0,,n/e,n/e,0,,n/e,n/e,n/e,n/e,90,
17:00 - 18:00,66,,n/e,n/e,n/e,n/e,523,,n/e,n/e,n/e,n/e,n/e,n/e,n/e,n/e,n/e,n/e,n/e,n/e,793,,n/e,n/e,n/e,n/e,n/e,n/e,0,,n/e,n/e,0,,n/e,n/e,n/e,n/e,87,
18:00 - 19:00,66,,n/e,n/e,n/e,n/e,543,,n/e,n/e,n/e,n/e,n/e,n/e,n/e,n/e,n/e,n/e,n/e,n/e,705,,n/e,n/e,n/e,n/e,n/e,n/e,0,,n/e,n/e,0,,n/e,n/e,n/e,n/e,85,
19:00 - 20:00,66,,n/e,n/e,n/e,n/e,525,,n/e,n/e,n/e,n/e,n/e,n/e,n/e,n/e,n/e,n/e,n/e,n/e,705,,n/e,n/e,n/e,n/e,n/e,n/e,0,,n/e,n/e,0,,n/e,n/e,n/e,n/e,66,
20:00 - 21:00,60,,n/e,n/e,n/e,n/e,525,,n/e,n/e,n/e,n/e,n/e,n/e,n/e,n/e,n/e,n/e,n/e,n/e,669,,n/e,n/e,n/e,n/e,n/e,n/e,0,,n/e,n/e,0,,n/e,n/e,n/e,n/e,45,
21:00 - 22:00,59,,n/e,n/e,n/e,n/e,526,,n/e,n/e,n/e,n/e,n/e,n/e,n/e,n/e,n/e,n/e,n/e,n/e,618,,n/e,n/e,n/e,n/e,n/e,n/e,0,,n/e,n/e,0,,n/e,n/e,n/e,n/e,63,
22:00 - 23:00,59,,n/e,n/e,n/e,n/e,525,,n/e,n/e,n/e,n/e,n/e,n/e,n/e,n/e,n/e,n/e,n/e,n/e,592,,n/e,n/e,n/e,n/e,n/e,n/e,0,,n/e,n/e,0,,n/e,n/e,n/e,n/e,71,
23:00 - 00:00,60,,n/e,n/e,n/e,n/e,497,,n/e,n/e,n/e,n/e,n/e,n/e,n/e,n/e,n/e,n/e,n/e,n/e,409,,n/e,n/e,n/e,n/e,n/e,n/e,0,,n/e,n/e,0,,n/e,n/e,n/e,n/e,65,
00:00 - 01:00,62,,n/e,n/e,n/e,n/e,496,,n/e,n/e,n/e,n/e,n/e,n/e,n/e,n/e,n/e,n/e,n/e,n/e,319,,n/e,n/e,n/e,n/e,n/e,n/e,0,,n/e,n/e,0,,n/e,n/e,n/e,n/e,46,
01:00 - 02:00,63,,n/e,n/e,n/e,n/e,493,,n/e,n/e,n/e,n/e,n/e,n/e,n/e,n/e,n/e,n/e,n/e,n/e,350,,n/e,n/e,n/e,n/e,n/e,n/e,0,,n/e,n/e,0,,n/e,n/e,n/e,n/e,25,
02:00 - 03:00,63,,n/e,n/e,n/e,n/e,493,,n/e,n/e,n/e,n/e,n/e,n/e,n/e,n/e,n/e,n/e,n/e,n/e,318,,n/e,n/e,n/e,n/e,n/e,n/e,0,,n/e,n/e,0,,n/e,n/e,n/e,n/e,17,
03:00 - 04:00,62,,n/e,n/e,n/e,n/e,489,,n/e,n/e,n/e,n/e,n/e,n/e,n/e,n/e,n/e,n/e,n/e,n/e,365,,n/e,n/e,n/e,n/e,n/e,n/e,0,,n/e,n/e,0,,n/e,n/e,n/e,n/e,13,
04:00 - 05:00,63,,n/e,n/e,n/e,n/e,492,,n/e,n/e,n/e,n/e,n/e,n/e,n/e,n/e,n/e,n/e,n/e,n/e,353,,n/e,n/e,n/e,n/e,n/e,n/e,0,,n/e,n/e,0,,n/e,n/e,n/e,n/e,11,
05:00 - 06:00,65,,n/e,n/e,n/e,n/e,505,,n/e,n/e,n/e,n/e,n/e,n/e,n/e,n/e,n/e,n/e,n/e,n/e,348,,n/e,n/e,n/e,n/e,n/e,n/e,0,,n/e,n/e,0,,n/e,n/e,n/e,n/e,10,
06:00 - 07:00,67,,n/e,n/e,n/e,n/e,504,,n/e,n/e,n/e,n/e,n/e,n/e,n/e,n/e,n/e,n/e,n/e,n/e,371,,n/e,n/e,n/e,n/e,n/e,n/e,0,,n/e,n/e,13,,n/e,n/e,n/e,n/e,13,
07:00 - 08:00,67,,n/e,n/e,n/e,n/e,505,,n/e,n/e,n/e,n/e,n/e,n/e,n/e,n/e,n/e,n/e,n/e,n/e,440,,n/e,n/e,n/e,n/e,n/e,n/e,0,,n/e,n/e,54,,n/e,n/e,n/e,n/e,8,
08:00 - 09:00,68,,n/e,n/e,n/e,n/e,495,,n/e,n/e,n/e,n/e,n/e,n/e,n/e,n/e,n/e,n/e,n/e,n/e,514,,n/e,n/e,n/e,n/e,n/e,n/e,0,,n/e,n/e,98,,n/e,n/e,n/e,n/e,14,
09:00 - 10:00,68,,n/e,n/e,n/e,n/e,383,,n/e,n/e,n/e,n/e,n/e,n/e,n/e,n/e,n/e,n/e,n/e,n/e,490,,n/e,n/e,n/e,n/e,n/e,n/e,0,,n/e,n/e,126,,n/e,n/e,n/e,n/e,21,
10:00 - 11:00,68,,n/e,n/e,n/e,n/e,382,,n/e,n/e,n/e,n/e,n/e,n/e,n/e,n/e,n/e,n/e,n/e,n/e,524,,n/e,n/e,n/e,n/e,n/e,n/e,0,,n/e,n/e,128,,n/e,n/e,n/e,n/e,16,
11:00 - 12:00,66,,n/e,n/e,n/e,n/e,383,,n/e,n/e,n/e,n/e,n/e,n/e,n/e,n/e,n/e,n/e,n/e,n/e,514,,n/e,n/e,n/e,n/e,n/e,n/e,0,,n/e,n/e,122,,n/e,n/e,n/e,n/e,13,
12:00 - 13:00,65,,n/e,n/e,n/e,n/e,383,,n/e,n/e,n/e,n/e,n/e,n/e,n/e,n/e,n/e,n/e,n/e,n/e,513,,n/e,n/e,n/e,n/e,n/e,n/e,0,,n/e,n/e,93,,n/e,n/e,n/e,n/e,10,
13:00 - 14:00,67,,n/e,n/e,n/e,n/e,384,,n/e,n/e,n/e,n/e,n/e,n/e,n/e,n/e,n/e,n/e,n/e,n/e,522,,n/e,n/e,n/e,n/e,n/e,n/e,0,,n/e,n/e,55,,n/e,n/e,n/e,n/e,7,
14:00 - 15:00,67,,n/e,n/e,n/e,n/e,567,,n/e,n/e,n/e,n/e,n/e,n/e,n/e,n/e,n/e,n/e,n/e,n/e,563,,n/e,n/e,n/e,n/e,n/e,n/e,0,,n/e,n/e,18,,n/e,n/e,n/e,n/e,2,
15:00 - 16:00,68,,n/e,n/e,n/e,n/e,589,,n/e,n/e,n/e,n/e,n/e,n/e,n/e,n/e,n/e,n/e,n/e,n/e,592,,n/e,n/e,n/e,n/e,n/e,n/e,0,,n/e,n/e,1,,n/e,n/e,n/e,n/e,0,
16:00 - 17:00,70,,n/e,n/e,n/e,n/e,675,,n/e,n/e,n/e,n/e,n/e,n/e,n/e,n/e,n/e,n/e,n/e,n/e,599,,n/e,n/e,n/e,n/e,n/e,n/e,0,,n/e,n/e,0,,n/e,n/e,n/e,n/e,3,
17:00 - 18:00,69,,n/e,n/e,n/e,n/e,677,,n/e,n/e,n/e,n/e,n/e,n/e,n/e,n/e,n/e,n/e,n/e,n/e,569,,n/e,n/e,n/e,n/e,n/e,n/e,0,,n/e,n/e,0,,n/e,n/e,n/e,n/e,8,
18:00 - 19:00,69,,n/e,n/e,n/e,n/e,587,,n/e,n/e,n/e,n/e,n/e,n/e,n/e,n/e,n/e,n/e,n/e,n/e,545,,n/e,n/e,n/e,n/e,n/e,n/e,0,,n/e,n/e,0,,n/e,n/e,n/e,n/e,9,
19:00 - 20:00,69,,n/e,n/e,n/e,n/e,579,,n/e,n/e,n/e,n/e,n/e,n/e,n/e,n/e,n/e,n/e,n/e,n/e,509,,n/e,n/e,n/e,n/e,n/e,n/e,0,,n/e,n/e,0,,n/e,n/e,n/e,n/e,14,
20:00 - 21:00,68,,n/e,n/e,n/e,n/e,466,,n/e,n/e,n/e,n/e,n/e,n/e,n/e,n/e,n/e,n/e,n/e,n/e,439,,n/e,n/e,n/e,n/e,n/e,n/e,0,,n/e,n/e,0,,n/e,n/e,n/e,n/e,16,
21:00 - 22:00,67,,n/e,n/e,n/e,n/e,467,,n/e,n/e,n/e,n/e,n/e,n/e,n/e,n/e,n/e,n/e,n/e,n/e,439,,n/e,n/e,n/e,n/e,n/e,n/e,0,,n/e,n/e,0,,n/e,n/e,n/e,n/e,16,
22:00 - 23:00,65,,n/e,n/e,n/e,n/e,387,,n/e,n/e,n/e,n/e,n/e,n/e,n/e,n/e,n/e,n/e,n/e,n/e,502,,n/e,n/e,n/e,n/e,n/e,n/e,0,,n/e,n/e,0,,n/e,n/e,n/e,n/e,23,
23:00 - 00:00,61,,n/e,n/e,n/e,n/e,382,,n/e,n/e,n/e,n/e,n/e,n/e,n/e,n/e,n/e,n/e,n/e,n/e,631,,n/e,n/e,n/e,n/e,n/e,n/e,0,,n/e,n/e,0,,n/e,n/e,n/e,n/e,22,
00:00 - 01:00,60,,n/e,n/e,n/e,n/e,385,,n/e,n/e,n/e,n/e,n/e,n/e,n/e,n/e,n/e,n/e,n/e,n/e,605,,n/e,n/e,n/e,n/e,n/e,n/e,0,,n/e,n/e,0,,n/e,n/e,n/e,n/e,28,
01:00 - 02:00,61,,n/e,n/e,n/e,n/e,385,,n/e,n/e,n/e,n/e,n/e,n/e,n/e,n/e,n/e,n/e,n/e,n/e,614,,n/e,n/e,n/e,n/e,n/e,n/e,0,,n/e,n/e,0,,n/e,n/e,n/e,n/e,31,
02:00 - 03:00,60,,n/e,n/e,n/e,n/e,387,,n/e,n/e,n/e,n/e,n/e,n/e,n/e,n/e,n/e,n/e,n/e,n/e,600,,n/e,n/e,n/e,n/e,n/e,n/e,0,,n/e,n/e,0,,n/e,n/e,n/e,n/e,31,
03:00 - 04:00,61,,n/e,n/e,n/e,n/e,385,,n/e,n/e,n/e,n/e,n/e,n/e,n/e,n/e,n/e,n/e,n/e,n/e,597,,n/e,n/e,n/e,n/e,n/e,n/e,0,,n/e,n/e,0,,n/e,n/e,n/e,n/e,34,
04:00 - 05:00,61,,n/e,n/e,n/e,n/e,387,,n/e,n/e,n/e,n/e,n/e,n/e,n/e,n/e,n/e,n/e,n/e,n/e,674,,n/e,n/e,n/e,n/e,n/e,n/e,0,,n/e,n/e,0,,n/e,n/e,n/e,n/e,32,
05:00 - 06:00,65,,n/e,n/e,n/e,n/e,584,,n/e,n/e,n/e,n/e,n/e,n/e,n/e,n/e,n/e,n/e,n/e,n/e,756,,n/e,n/e,n/e,n/e,n/e,n/e,0,,n/e,n/e,0,,n/e,n/e,n/e,n/e,37,
06:00 - 07:00,68,,n/e,n/e,n/e,n/e,590,,n/e,n/e,n/e,n/e,n/e,n/e,n/e,n/e,n/e,n/e,n/e,n/e,758,,n/e,n/e,n/e,n/e,n/e,n/e,0,,n/e,n/e,6,,n/e,n/e,n/e,n/e,40,
07:00 - 08:00,67,,n/e,n/e,n/e,n/e,648,,n/e,n/e,n/e,n/e,n/e,n/e,n/e,n/e,n/e,n/e,n/e,n/e,694,,n/e,n/e,n/e,n/e,n/e,n/e,0,,n/e,n/e,22,,n/e,n/e,n/e,n/e,43,
08:00 - 09:00,68,,n/e,n/e,n/e,n/e,659,,n/e,n/e,n/e,n/e,n/e,n/e,n/e,n/e,n/e,n/e,n/e,n/e,678,,n/e,n/e,n/e,n/e,n/e,n/e,0,,n/e,n/e,40,,n/e,n/e,n/e,n/e,42,
09:00 - 10:00,68,,n/e,n/e,n/e,n/e,737,,n/e,n/e,n/e,n/e,n/e,n/e,n/e,n/e,n/e,n/e,n/e,n/e,486,,n/e,n/e,n/e,n/e,n/e,n/e,0,,n/e,n/e,46,,n/e,n/e,n/e,n/e,38,
10:00 - 11:00,68,,n/e,n/e,n/e,n/e,740,,n/e,n/e,n/e,n/e,n/e,n/e,n/e,n/e,n/e,n/e,n/e,n/e,486,,n/e,n/e,n/e,n/e,n/e,n/e,0,,n/e,n/e,45,,n/e,n/e,n/e,n/e,38,
11:00 - 12:00,65,,n/e,n/e,n/e,n/e,822,,n/e,n/e,n/e,n/e,n/e,n/e,n/e,n/e,n/e,n/e,n/e,n/e,487,,n/e,n/e,n/e,n/e,n/e,n/e,0,,n/e,n/e,38,,n/e,n/e,n/e,n/e,31,
12:00 - 13:00,64,,n/e,n/e,n/e,n/e,828,,n/e,n/e,n/e,n/e,n/e,n/e,n/e,n/e,n/e,n/e,n/e,n/e,505,,n/e,n/e,n/e,n/e,n/e,n/e,0,,n/e,n/e,26,,n/e,n/e,n/e,n/e,32,
13:00 - 14:00,65,,n/e,n/e,n/e,n/e,828,,n/e,n/e,n/e,n/e,n/e,n/e,n/e,n/e,n/e,n/e,n/e,n/e,505,,n/e,n/e,n/e,n/e,n/e,n/e,0,,n/e,n/e,15,,n/e,n/e,n/e,n/e,33,
14:00 - 15:00,66,,n/e,n/e,n/e,n/e,825,,n/e,n/e,n/e,n/e,n/e,n/e,n/e,n/e,n/e,n/e,n/e,n/e,505,,n/e,n/e,n/e,n/e,n/e,n/e,0,,n/e,n/e,6,,n/e,n/e,n/e,n/e,25,
15:00 - 16:00,67,,n/e,n/e,n/e,n/e,750,,n/e,n/e,n/e,n/e,n/e,n/e,n/e,n/e,n/e,n/e,n/e,n/e,594,,n/e,n/e,n/e,n/e,n/e,n/e,0,,n/e,n/e,0,,n/e,n/e,n/e,n/e,18,
16:00 - 17:00,68,,n/e,n/e,n/e,n/e,741,,n/e,n/e,n/e,n/e,n/e,n/e,n/e,n/e,n/e,n/e,n/e,n/e,659,,n/e,n/e,n/e,n/e,n/e,n/e,0,,n/e,n/e,0,,n/e,n/e,n/e,n/e,18,
17:00 - 18:00,69,,n/e,n/e,n/e,n/e,740,,n/e,n/e,n/e,n/e,n/e,n/e,n/e,n/e,n/e,n/e,n/e,n/e,705,,n/e,n/e,n/e,n/e,n/e,n/e,0,,n/e,n/e,0,,n/e,n/e,n/e,n/e,16,
18:00 - 19:00,68,,n/e,n/e,n/e,n/e,739,,n/e,n/e,n/e,n/e,n/e,n/e,n/e,n/e,n/e,n/e,n/e,n/e,730,,n/e,n/e,n/e,n/e,n/e,n/e,0,,n/e,n/e,0,,n/e,n/e,n/e,n/e,15,
19:00 - 20:00,68,,n/e,n/e,n/e,n/e,685,,n/e,n/e,n/e,n/e,n/e,n/e,n/e,n/e,n/e,n/e,n/e,n/e,693,,n/e,n/e,n/e,n/e,n/e,n/e,0,,n/e,n/e,0,,n/e,n/e,n/e,n/e,12,
20:00 - 21:00,68,,n/e,n/e,n/e,n/e,498,,n/e,n/e,n/e,n/e,n/e,n/e,n/e,n/e,n/e,n/e,n/e,n/e,562,,n/e,n/e,n/e,n/e,n/e,n/e,0,,n/e,n/e,0,,n/e,n/e,n/e,n/e,7,
21:00 - 22:00,66,,n/e,n/e,n/e,n/e,488,,n/e,n/e,n/e,n/e,n/e,n/e,n/e,n/e,n/e,n/e,n/e,n/e,562,,n/e,n/e,n/e,n/e,n/e,n/e,0,,n/e,n/e,0,,n/e,n/e,n/e,n/e,7,
22:00 - 23:00,66,,n/e,n/e,n/e,n/e,486,,n/e,n/e,n/e,n/e,n/e,n/e,n/e,n/e,n/e,n/e,n/e,n/e,578,,n/e,n/e,n/e,n/e,n/e,n/e,0,,n/e,n/e,0,,n/e,n/e,n/e,n/e,6,
23:00 - 00:00,64,,n/e,n/e,n/e,n/e,391,,n/e,n/e,n/e,n/e,n/e,n/e,n/e,n/e,n/e,n/e,n/e,n/e,403,,n/e,n/e,n/e,n/e,n/e,n/e,0,,n/e,n/e,0,,n/e,n/e,n/e,n/e,6,
00:00 - 01:00,64,,n/e,n/e,n/e,n/e,387,,n/e,n/e,n/e,n/e,n/e,n/e,n/e,n/e,n/e,n/e,n/e,n/e,399,,n/e,n/e,n/e,n/e,n/e,n/e,0,,n/e,n/e,0,,n/e,n/e,n/e,n/e,5,
01:00 - 02:00,64,,n/e,n/e,n/e,n/e,386,,n/e,n/e,n/e,n/e,n/e,n/e,n/e,n/e,n/e,n/e,n/e,n/e,399,,n/e,n/e,n/e,n/e,n/e,n/e,0,,n/e,n/e,0,,n/e,n/e,n/e,n/e,2,
02:00 - 03:00,64,,n/e,n/e,n/e,n/e,385,,n/e,n/e,n/e,n/e,n/e,n/e,n/e,n/e,n/e,n/e,n/e,n/e,386,,n/e,n/e,n/e,n/e,n/e,n/e,0,,n/e,n/e,0,,n/e,n/e,n/e,n/e,2,
03:00 - 04:00,65,,n/e,n/e,n/e,n/e,385,,n/e,n/e,n/e,n/e,n/e,n/e,n/e,n/e,n/e,n/e,n/e,n/e,397,,n/e,n/e,n/e,n/e,n/e,n/e,0,,n/e,n/e,0,,n/e,n/e,n/e,n/e,1,
04:00 - 05:00,65,,n/e,n/e,n/e,n/e,387,,n/e,n/e,n/e,n/e,n/e,n/e,n/e,n/e,n/e,n/e,n/e,n/e,458,,n/e,n/e,n/e,n/e,n/e,n/e,0,,n/e,n/e,0,,n/e,n/e,n/e,n/e,2,
05:00 - 06:00,66,,n/e,n/e,n/e,n/e,587,,n/e,n/e,n/e,n/e,n/e,n/e,n/e,n/e,n/e,n/e,n/e,n/e,738,,n/e,n/e,n/e,n/e,n/e,n/e,0,,n/e,n/e,0,,n/e,n/e,n/e,n/e,1,
06:00 - 07:00,66,,n/e,n/e,n/e,n/e,652,,n/e,n/e,n/e,n/e,n/e,n/e,n/e,n/e,n/e,n/e,n/e,n/e,691,,n/e,n/e,n/e,n/e,n/e,n/e,0,,n/e,n/e,2,,n/e,n/e,n/e,n/e,0,
07:00 - 08:00,66,,n/e,n/e,n/e,n/e,649,,n/e,n/e,n/e,n/e,n/e,n/e,n/e,n/e,n/e,n/e,n/e,n/e,702,,n/e,n/e,n/e,n/e,n/e,n/e,0,,n/e,n/e,7,,n/e,n/e,n/e,n/e,0,
08:00 - 09:00,67,,n/e,n/e,n/e,n/e,648,,n/e,n/e,n/e,n/e,n/e,n/e,n/e,n/e,n/e,n/e,n/e,n/e,689,,n/e,n/e,n/e,n/e,n/e,n/e,0,,n/e,n/e,14,,n/e,n/e,n/e,n/e,0,
09:00 - 10:00,69,,n/e,n/e,n/e,n/e,651,,n/e,n/e,n/e,n/e,n/e,n/e,n/e,n/e,n/e,n/e,n/e,n/e,582,,n/e,n/e,n/e,n/e,n/e,n/e,0,,n/e,n/e,17,,n/e,n/e,n/e,n/e,0,
10:00 - 11:00,68,,n/e,n/e,n/e,n/e,655,,n/e,n/e,n/e,n/e,n/e,n/e,n/e,n/e,n/e,n/e,n/e,n/e,488,,n/e,n/e,n/e,n/e,n/e,n/e,0,,n/e,n/e,17,,n/e,n/e,n/e,n/e,0,
11:00 - 12:00,67,,n/e,n/e,n/e,n/e,652,,n/e,n/e,n/e,n/e,n/e,n/e,n/e,n/e,n/e,n/e,n/e,n/e,508,,n/e,n/e,n/e,n/e,n/e,n/e,0,,n/e,n/e,16,,n/e,n/e,n/e,n/e,0,
12:00 - 13:00,66,,n/e,n/e,n/e,n/e,730,,n/e,n/e,n/e,n/e,n/e,n/e,n/e,n/e,n/e,n/e,n/e,n/e,441,,n/e,n/e,n/e,n/e,n/e,n/e,0,,n/e,n/e,11,,n/e,n/e,n/e,n/e,0,
13:00 - 14:00,67,,n/e,n/e,n/e,n/e,748,,n/e,n/e,n/e,n/e,n/e,n/e,n/e,n/e,n/e,n/e,n/e,n/e,422,,n/e,n/e,n/e,n/e,n/e,n/e,0,,n/e,n/e,6,,n/e,n/e,n/e,n/e,0,
14:00 - 15:00,67,,n/e,n/e,n/e,n/e,805,,n/e,n/e,n/e,n/e,n/e,n/e,n/e,n/e,n/e,n/e,n/e,n/e,483,,n/e,n/e,n/e,n/e,n/e,n/e,0,,n/e,n/e,2,,n/e,n/e,n/e,n/e,0,
15:00 - 16:00,68,,n/e,n/e,n/e,n/e,811,,n/e,n/e,n/e,n/e,n/e,n/e,n/e,n/e,n/e,n/e,n/e,n/e,490,,n/e,n/e,n/e,n/e,n/e,n/e,0,,n/e,n/e,0,,n/e,n/e,n/e,n/e,0,
16:00 - 17:00,67,,n/e,n/e,n/e,n/e,811,,n/e,n/e,n/e,n/e,n/e,n/e,n/e,n/e,n/e,n/e,n/e,n/e,601,,n/e,n/e,n/e,n/e,n/e,n/e,0,,n/e,n/e,0,,n/e,n/e,n/e,n/e,1,
17:00 - 18:00,68,,n/e,n/e,n/e,n/e,783,,n/e,n/e,n/e,n/e,n/e,n/e,n/e,n/e,n/e,n/e,n/e,n/e,617,,n/e,n/e,n/e,n/e,n/e,n/e,0,,n/e,n/e,0,,n/e,n/e,n/e,n/e,2,
18:00 - 19:00,69,,n/e,n/e,n/e,n/e,780,,n/e,n/e,n/e,n/e,n/e,n/e,n/e,n/e,n/e,n/e,n/e,n/e,708,,n/e,n/e,n/e,n/e,n/e,n/e,0,,n/e,n/e,0,,n/e,n/e,n/e,n/e,4,
19:00 - 20:00,70,,n/e,n/e,n/e,n/e,720,,n/e,n/e,n/e,n/e,n/e,n/e,n/e,n/e,n/e,n/e,n/e,n/e,603,,n/e,n/e,n/e,n/e,n/e,n/e,0,,n/e,n/e,0,,n/e,n/e,n/e,n/e,3,
20:00 - 21:00,69,,n/e,n/e,n/e,n/e,550,,n/e,n/e,n/e,n/e,n/e,n/e,n/e,n/e,n/e,n/e,n/e,n/e,538,,n/e,n/e,n/e,n/e,n/e,n/e,0,,n/e,n/e,0,,n/e,n/e,n/e,n/e,4,
21:00 - 22:00,69,,n/e,n/e,n/e,n/e,537,,n/e,n/e,n/e,n/e,n/e,n/e,n/e,n/e,n/e,n/e,n/e,n/e,547,,n/e,n/e,n/e,n/e,n/e,n/e,0,,n/e,n/e,0,,n/e,n/e,n/e,n/e,3,
22:00 - 23:00,68,,n/e,n/e,n/e,n/e,537,,n/e,n/e,n/e,n/e,n/e,n/e,n/e,n/e,n/e,n/e,n/e,n/e,543,,n/e,n/e,n/e,n/e,n/e,n/e,0,,n/e,n/e,0,,n/e,n/e,n/e,n/e,3,
23:00 - 00:00,65,,n/e,n/e,n/e,n/e,400,,n/e,n/e,n/e,n/e,n/e,n/e,n/e,n/e,n/e,n/e,n/e,n/e,437,,n/e,n/e,n/e,n/e,n/e,n/e,0,,n/e,n/e,0,,n/e,n/e,n/e,n/e,4,
00:00 - 01:00,65,,n/e,n/e,n/e,n/e,387,,n/e,n/e,n/e,n/e,n/e,n/e,n/e,n/e,n/e,n/e,n/e,n/e,437,,n/e,n/e,n/e,n/e,n/e,n/e,0,,n/e,n/e,0,,n/e,n/e,n/e,n/e,8,
01:00 - 02:00,65,,n/e,n/e,n/e,n/e,388,,n/e,n/e,n/e,n/e,n/e,n/e,n/e,n/e,n/e,n/e,n/e,n/e,438,,n/e,n/e,n/e,n/e,n/e,n/e,0,,n/e,n/e,0,,n/e,n/e,n/e,n/e,12,
02:00 - 03:00,65,,n/e,n/e,n/e,n/e,388,,n/e,n/e,n/e,n/e,n/e,n/e,n/e,n/e,n/e,n/e,n/e,n/e,488,,n/e,n/e,n/e,n/e,n/e,n/e,0,,n/e,n/e,0,,n/e,n/e,n/e,n/e,13,
03:00 - 04:00,65,,n/e,n/e,n/e,n/e,387,,n/e,n/e,n/e,n/e,n/e,n/e,n/e,n/e,n/e,n/e,n/e,n/e,489,,n/e,n/e,n/e,n/e,n/e,n/e,0,,n/e,n/e,0,,n/e,n/e,n/e,n/e,17,
04:00 - 05:00,65,,n/e,n/e,n/e,n/e,388,,n/e,n/e,n/e,n/e,n/e,n/e,n/e,n/e,n/e,n/e,n/e,n/e,494,,n/e,n/e,n/e,n/e,n/e,n/e,0,,n/e,n/e,0,,n/e,n/e,n/e,n/e,12,
05:00 - 06:00,67,,n/e,n/e,n/e,n/e,578,,n/e,n/e,n/e,n/e,n/e,n/e,n/e,n/e,n/e,n/e,n/e,n/e,723,,n/e,n/e,n/e,n/e,n/e,n/e,0,,n/e,n/e,0,,n/e,n/e,n/e,n/e,15,
06:00 - 07:00,68,,n/e,n/e,n/e,n/e,661,,n/e,n/e,n/e,n/e,n/e,n/e,n/e,n/e,n/e,n/e,n/e,n/e,684,,n/e,n/e,n/e,n/e,n/e,n/e,0,,n/e,n/e,3,,n/e,n/e,n/e,n/e,15,
07:00 - 08:00,69,,n/e,n/e,n/e,n/e,690,,n/e,n/e,n/e,n/e,n/e,n/e,n/e,n/e,n/e,n/e,n/e,n/e,664,,n/e,n/e,n/e,n/e,n/e,n/e,0,,n/e,n/e,9,,n/e,n/e,n/e,n/e,21,
08:00 - 09:00,68,,n/e,n/e,n/e,n/e,593,,n/e,n/e,n/e,n/e,n/e,n/e,n/e,n/e,n/e,n/e,n/e,n/e,712,,n/e,n/e,n/e,n/e,n/e,n/e,0,,n/e,n/e,17,,n/e,n/e,n/e,n/e,26,
09:00 - 10:00,66,,n/e,n/e,n/e,n/e,709,,n/e,n/e,n/e,n/e,n/e,n/e,n/e,n/e,n/e,n/e,n/e,n/e,509,,n/e,n/e,n/e,n/e,n/e,n/e,0,,n/e,n/e,21,,n/e,n/e,n/e,n/e,30,
10:00 - 11:00,65,,n/e,n/e,n/e,n/e,687,,n/e,n/e,n/e,n/e,n/e,n/e,n/e,n/e,n/e,n/e,n/e,n/e,531,,n/e,n/e,n/e,n/e,n/e,n/e,0,,n/e,n/e,20,,n/e,n/e,n/e,n/e,31,
11:00 - 12:00,65,,n/e,n/e,n/e,n/e,657,,n/e,n/e,n/e,n/e,n/e,n/e,n/e,n/e,n/e,n/e,n/e,n/e,519,,n/e,n/e,n/e,n/e,n/e,n/e,0,,n/e,n/e,17,,n/e,n/e,n/e,n/e,37,
12:00 - 13:00,62,,n/e,n/e,n/e,n/e,589,,n/e,n/e,n/e,n/e,n/e,n/e,n/e,n/e,n/e,n/e,n/e,n/e,486,,n/e,n/e,n/e,n/e,n/e,n/e,0,,n/e,n/e,13,,n/e,n/e,n/e,n/e,43,
13:00 - 14:00,63,,n/e,n/e,n/e,n/e,585,,n/e,n/e,n/e,n/e,n/e,n/e,n/e,n/e,n/e,n/e,n/e,n/e,474,,n/e,n/e,n/e,n/e,n/e,n/e,0,,n/e,n/e,8,,n/e,n/e,n/e,n/e,39,
14:00 - 15:00,64,,n/e,n/e,n/e,n/e,771,,n/e,n/e,n/e,n/e,n/e,n/e,n/e,n/e,n/e,n/e,n/e,n/e,477,,n/e,n/e,n/e,n/e,n/e,n/e,0,,n/e,n/e,3,,n/e,n/e,n/e,n/e,37,
15:00 - 16:00,65,,n/e,n/e,n/e,n/e,784,,n/e,n/e,n/e,n/e,n/e,n/e,n/e,n/e,n/e,n/e,n/e,n/e,490,,n/e,n/e,n/e,n/e,n/e,n/e,0,,n/e,n/e,0,,n/e,n/e,n/e,n/e,33,
16:00 - 17:00,69,,n/e,n/e,n/e,n/e,852,,n/e,n/e,n/e,n/e,n/e,n/e,n/e,n/e,n/e,n/e,n/e,n/e,552,,n/e,n/e,n/e,n/e,n/e,n/e,0,,n/e,n/e,0,,n/e,n/e,n/e,n/e,23,
17:00 - 18:00,69,,n/e,n/e,n/e,n/e,852,,n/e,n/e,n/e,n/e,n/e,n/e,n/e,n/e,n/e,n/e,n/e,n/e,666,,n/e,n/e,n/e,n/e,n/e,n/e,0,,n/e,n/e,0,,n/e,n/e,n/e,n/e,49,
18:00 - 19:00,69,,n/e,n/e,n/e,n/e,853,,n/e,n/e,n/e,n/e,n/e,n/e,n/e,n/e,n/e,n/e,n/e,n/e,657,,n/e,n/e,n/e,n/e,n/e,n/e,0,,n/e,n/e,0,,n/e,n/e,n/e,n/e,37,
19:00 - 20:00,68,,n/e,n/e,n/e,n/e,851,,n/e,n/e,n/e,n/e,n/e,n/e,n/e,n/e,n/e,n/e,n/e,n/e,663,,n/e,n/e,n/e,n/e,n/e,n/e,0,,n/e,n/e,0,,n/e,n/e,n/e,n/e,27,
20:00 - 21:00,65,,n/e,n/e,n/e,n/e,702,,n/e,n/e,n/e,n/e,n/e,n/e,n/e,n/e,n/e,n/e,n/e,n/e,450,,n/e,n/e,n/e,n/e,n/e,n/e,0,,n/e,n/e,0,,n/e,n/e,n/e,n/e,31,
21:00 - 22:00,63,,n/e,n/e,n/e,n/e,684,,n/e,n/e,n/e,n/e,n/e,n/e,n/e,n/e,n/e,n/e,n/e,n/e,392,,n/e,n/e,n/e,n/e,n/e,n/e,0,,n/e,n/e,0,,n/e,n/e,n/e,n/e,23,
22:00 - 23:00,57,,n/e,n/e,n/e,n/e,588,,n/e,n/e,n/e,n/e,n/e,n/e,n/e,n/e,n/e,n/e,n/e,n/e,437,,n/e,n/e,n/e,n/e,n/e,n/e,0,,n/e,n/e,0,,n/e,n/e,n/e,n/e,19,
23:00 - 00:00,54,,n/e,n/e,n/e,n/e,408,,n/e,n/e,n/e,n/e,n/e,n/e,n/e,n/e,n/e,n/e,n/e,n/e,412,,n/e,n/e,n/e,n/e,n/e,n/e,0,,n/e,n/e,0,,n/e,n/e,n/e,n/e,15,
00:00 - 01:00,53,,n/e,n/e,n/e,n/e,382,,n/e,n/e,n/e,n/e,n/e,n/e,n/e,n/e,n/e,n/e,n/e,n/e,430,,n/e,n/e,n/e,n/e,n/e,n/e,0,,n/e,n/e,0,,n/e,n/e,n/e,n/e,19,
01:00 - 02:00,54,,n/e,n/e,n/e,n/e,383,,n/e,n/e,n/e,n/e,n/e,n/e,n/e,n/e,n/e,n/e,n/e,n/e,450,,n/e,n/e,n/e,n/e,n/e,n/e,0,,n/e,n/e,0,,n/e,n/e,n/e,n/e,14,
02:00 - 03:00,56,,n/e,n/e,n/e,n/e,383,,n/e,n/e,n/e,n/e,n/e,n/e,n/e,n/e,n/e,n/e,n/e,n/e,473,,n/e,n/e,n/e,n/e,n/e,n/e,0,,n/e,n/e,0,,n/e,n/e,n/e,n/e,11,
03:00 - 04:00,57,,n/e,n/e,n/e,n/e,384,,n/e,n/e,n/e,n/e,n/e,n/e,n/e,n/e,n/e,n/e,n/e,n/e,448,,n/e,n/e,n/e,n/e,n/e,n/e,0,,n/e,n/e,0,,n/e,n/e,n/e,n/e,9,
04:00 - 05:00,60,,n/e,n/e,n/e,n/e,389,,n/e,n/e,n/e,n/e,n/e,n/e,n/e,n/e,n/e,n/e,n/e,n/e,448,,n/e,n/e,n/e,n/e,n/e,n/e,0,,n/e,n/e,0,,n/e,n/e,n/e,n/e,8,
05:00 - 06:00,64,,n/e,n/e,n/e,n/e,586,,n/e,n/e,n/e,n/e,n/e,n/e,n/e,n/e,n/e,n/e,n/e,n/e,697,,n/e,n/e,n/e,n/e,n/e,n/e,0,,n/e,n/e,0,,n/e,n/e,n/e,n/e,9,
06:00 - 07:00,64,,n/e,n/e,n/e,n/e,750,,n/e,n/e,n/e,n/e,n/e,n/e,n/e,n/e,n/e,n/e,n/e,n/e,614,,n/e,n/e,n/e,n/e,n/e,n/e,0,,n/e,n/e,3,,n/e,n/e,n/e,n/e,11,
07:00 - 08:00,65,,n/e,n/e,n/e,n/e,818,,n/e,n/e,n/e,n/e,n/e,n/e,n/e,n/e,n/e,n/e,n/e,n/e,549,,n/e,n/e,n/e,n/e,n/e,n/e,0,,n/e,n/e,10,,n/e,n/e,n/e,n/e,10,
08:00 - 09:00,65,,n/e,n/e,n/e,n/e,735,,n/e,n/e,n/e,n/e,n/e,n/e,n/e,n/e,n/e,n/e,n/e,n/e,530,,n/e,n/e,n/e,n/e,n/e,n/e,0,,n/e,n/e,21,,n/e,n/e,n/e,n/e,10,
09:00 - 10:00,63,,n/e,n/e,n/e,n/e,735,,n/e,n/e,n/e,n/e,n/e,n/e,n/e,n/e,n/e,n/e,n/e,n/e,488,,n/e,n/e,n/e,n/e,n/e,n/e,0,,n/e,n/e,26,,n/e,n/e,n/e,n/e,9,
10:00 - 11:00,61,,n/e,n/e,n/e,n/e,733,,n/e,n/e,n/e,n/e,n/e,n/e,n/e,n/e,n/e,n/e,n/e,n/e,488,,n/e,n/e,n/e,n/e,n/e,n/e,0,,n/e,n/e,25,,n/e,n/e,n/e,n/e,16,
11:00 - 12:00,60,,n/e,n/e,n/e,n/e,674,,n/e,n/e,n/e,n/e,n/e,n/e,n/e,n/e,n/e,n/e,n/e,n/e,476,,n/e,n/e,n/e,n/e,n/e,n/e,0,,n/e,n/e,21,,n/e,n/e,n/e,n/e,21,
12:00 - 13:00,60,,n/e,n/e,n/e,n/e,674,,n/e,n/e,n/e,n/e,n/e,n/e,n/e,n/e,n/e,n/e,n/e,n/e,439,,n/e,n/e,n/e,n/e,n/e,n/e,0,,n/e,n/e,18,,n/e,n/e,n/e,n/e,26,
13:00 - 14:00,63,,n/e,n/e,n/e,n/e,669,,n/e,n/e,n/e,n/e,n/e,n/e,n/e,n/e,n/e,n/e,n/e,n/e,455,,n/e,n/e,n/e,n/e,n/e,n/e,0,,n/e,n/e,13,,n/e,n/e,n/e,n/e,30,
14:00 - 15:00,63,,n/e,n/e,n/e,n/e,545,,n/e,n/e,n/e,n/e,n/e,n/e,n/e,n/e,n/e,n/e,n/e,n/e,492,,n/e,n/e,n/e,n/e,n/e,n/e,0,,n/e,n/e,5,,n/e,n/e,n/e,n/e,42,
15:00 - 16:00,64,,n/e,n/e,n/e,n/e,541,,n/e,n/e,n/e,n/e,n/e,n/e,n/e,n/e,n/e,n/e,n/e,n/e,495,,n/e,n/e,n/e,n/e,n/e,n/e,0,,n/e,n/e,0,,n/e,n/e,n/e,n/e,49,
16:00 - 17:00,65,,n/e,n/e,n/e,n/e,504,,n/e,n/e,n/e,n/e,n/e,n/e,n/e,n/e,n/e,n/e,n/e,n/e,616,,n/e,n/e,n/e,n/e,n/e,n/e,0,,n/e,n/e,0,,n/e,n/e,n/e,n/e,60,
17:00 - 18:00,65,,n/e,n/e,n/e,n/e,454,,n/e,n/e,n/e,n/e,n/e,n/e,n/e,n/e,n/e,n/e,n/e,n/e,679,,n/e,n/e,n/e,n/e,n/e,n/e,0,,n/e,n/e,0,,n/e,n/e,n/e,n/e,55,
18:00 - 19:00,64,,n/e,n/e,n/e,n/e,445,,n/e,n/e,n/e,n/e,n/e,n/e,n/e,n/e,n/e,n/e,n/e,n/e,616,,n/e,n/e,n/e,n/e,n/e,n/e,0,,n/e,n/e,0,,n/e,n/e,n/e,n/e,59,
19:00 - 20:00,59,,n/e,n/e,n/e,n/e,392,,n/e,n/e,n/e,n/e,n/e,n/e,n/e,n/e,n/e,n/e,n/e,n/e,652,,n/e,n/e,n/e,n/e,n/e,n/e,0,,n/e,n/e,0,,n/e,n/e,n/e,n/e,61,
20:00 - 21:00,52,,n/e,n/e,n/e,n/e,312,,n/e,n/e,n/e,n/e,n/e,n/e,n/e,n/e,n/e,n/e,n/e,n/e,583,,n/e,n/e,n/e,n/e,n/e,n/e,0,,n/e,n/e,0,,n/e,n/e,n/e,n/e,58,
21:00 - 22:00,51,,n/e,n/e,n/e,n/e,313,,n/e,n/e,n/e,n/e,n/e,n/e,n/e,n/e,n/e,n/e,n/e,n/e,542,,n/e,n/e,n/e,n/e,n/e,n/e,0,,n/e,n/e,0,,n/e,n/e,n/e,n/e,65,
22:00 - 23:00,50,,n/e,n/e,n/e,n/e,219,,n/e,n/e,n/e,n/e,n/e,n/e,n/e,n/e,n/e,n/e,n/e,n/e,266,,n/e,n/e,n/e,n/e,n/e,n/e,0,,n/e,n/e,0,,n/e,n/e,n/e,n/e,59,
23:00 - 00:00,49,,n/e,n/e,n/e,n/e,214,,n/e,n/e,n/e,n/e,n/e,n/e,n/e,n/e,n/e,n/e,n/e,n/e,470,,n/e,n/e,n/e,n/e,n/e,n/e,0,,n/e,n/e,0,,n/e,n/e,n/e,n/e,58,
00:00 - 01:00,49,,n/e,n/e,n/e,n/e,214,,n/e,n/e,n/e,n/e,n/e,n/e,n/e,n/e,n/e,n/e,n/e,n/e,404,,n/e,n/e,n/e,n/e,n/e,n/e,0,,n/e,n/e,0,,n/e,n/e,n/e,n/e,57,
01:00 - 02:00,47,,n/e,n/e,n/e,n/e,214,,n/e,n/e,n/e,n/e,n/e,n/e,n/e,n/e,n/e,n/e,n/e,n/e,404,,n/e,n/e,n/e,n/e,n/e,n/e,0,,n/e,n/e,0,,n/e,n/e,n/e,n/e,69,
02:00 - 03:00,46,,n/e,n/e,n/e,n/e,214,,n/e,n/e,n/e,n/e,n/e,n/e,n/e,n/e,n/e,n/e,n/e,n/e,383,,n/e,n/e,n/e,n/e,n/e,n/e,0,,n/e,n/e,0,,n/e,n/e,n/e,n/e,81,
03:00 - 04:00,46,,n/e,n/e,n/e,n/e,214,,n/e,n/e,n/e,n/e,n/e,n/e,n/e,n/e,n/e,n/e,n/e,n/e,378,,n/e,n/e,n/e,n/e,n/e,n/e,0,,n/e,n/e,0,,n/e,n/e,n/e,n/e,88,
04:00 - 05:00,46,,n/e,n/e,n/e,n/e,219,,n/e,n/e,n/e,n/e,n/e,n/e,n/e,n/e,n/e,n/e,n/e,n/e,466,,n/e,n/e,n/e,n/e,n/e,n/e,0,,n/e,n/e,0,,n/e,n/e,n/e,n/e,96,
05:00 - 06:00,52,,n/e,n/e,n/e,n/e,315,,n/e,n/e,n/e,n/e,n/e,n/e,n/e,n/e,n/e,n/e,n/e,n/e,672,,n/e,n/e,n/e,n/e,n/e,n/e,0,,n/e,n/e,0,,n/e,n/e,n/e,n/e,98,
06:00 - 07:00,59,,n/e,n/e,n/e,n/e,361,,n/e,n/e,n/e,n/e,n/e,n/e,n/e,n/e,n/e,n/e,n/e,n/e,629,,n/e,n/e,n/e,n/e,n/e,n/e,0,,n/e,n/e,3,,n/e,n/e,n/e,n/e,95,
07:00 - 08:00,63,,n/e,n/e,n/e,n/e,381,,n/e,n/e,n/e,n/e,n/e,n/e,n/e,n/e,n/e,n/e,n/e,n/e,545,,n/e,n/e,n/e,n/e,n/e,n/e,0,,n/e,n/e,8,,n/e,n/e,n/e,n/e,87,
08:00 - 09:00,63,,n/e,n/e,n/e,n/e,381,,n/e,n/e,n/e,n/e,n/e,n/e,n/e,n/e,n/e,n/e,n/e,n/e,584,,n/e,n/e,n/e,n/e,n/e,n/e,0,,n/e,n/e,13,,n/e,n/e,n/e,n/e,77,
09:00 - 10:00,62,,n/e,n/e,n/e,n/e,381,,n/e,n/e,n/e,n/e,n/e,n/e,n/e,n/e,n/e,n/e,n/e,n/e,538,,n/e,n/e,n/e,n/e,n/e,n/e,0,,n/e,n/e,14,,n/e,n/e,n/e,n/e,80,
10:00 - 11:00,60,,n/e,n/e,n/e,n/e,383,,n/e,n/e,n/e,n/e,n/e,n/e,n/e,n/e,n/e,n/e,n/e,n/e,497,,n/e,n/e,n/e,n/e,n/e,n/e,0,,n/e,n/e,11,,n/e,n/e,n/e,n/e,70,
11:00 - 12:00,61,,n/e,n/e,n/e,n/e,421,,n/e,n/e,n/e,n/e,n/e,n/e,n/e,n/e,n/e,n/e,n/e,n/e,488,,n/e,n/e,n/e,n/e,n/e,n/e,0,,n/e,n/e,8,,n/e,n/e,n/e,n/e,57,
12:00 - 13:00,61,,n/e,n/e,n/e,n/e,421,,n/e,n/e,n/e,n/e,n/e,n/e,n/e,n/e,n/e,n/e,n/e,n/e,525,,n/e,n/e,n/e,n/e,n/e,n/e,0,,n/e,n/e,6,,n/e,n/e,n/e,n/e,56,
13:00 - 14:00,61,,n/e,n/e,n/e,n/e,422,,n/e,n/e,n/e,n/e,n/e,n/e,n/e,n/e,n/e,n/e,n/e,n/e,537,,n/e,n/e,n/e,n/e,n/e,n/e,0,,n/e,n/e,5,,n/e,n/e,n/e,n/e,56,
14:00 - 15:00,62,,n/e,n/e,n/e,n/e,423,,n/e,n/e,n/e,n/e,n/e,n/e,n/e,n/e,n/e,n/e,n/e,n/e,615,,n/e,n/e,n/e,n/e,n/e,n/e,0,,n/e,n/e,2,,n/e,n/e,n/e,n/e,44,
15:00 - 16:00,62,,n/e,n/e,n/e,n/e,423,,n/e,n/e,n/e,n/e,n/e,n/e,n/e,n/e,n/e,n/e,n/e,n/e,503,,n/e,n/e,n/e,n/e,n/e,n/e,0,,n/e,n/e,0,,n/e,n/e,n/e,n/e,40,
16:00 - 17:00,62,,n/e,n/e,n/e,n/e,423,,n/e,n/e,n/e,n/e,n/e,n/e,n/e,n/e,n/e,n/e,n/e,n/e,545,,n/e,n/e,n/e,n/e,n/e,n/e,0,,n/e,n/e,0,,n/e,n/e,n/e,n/e,39,
17:00 - 18:00,62,,n/e,n/e,n/e,n/e,423,,n/e,n/e,n/e,n/e,n/e,n/e,n/e,n/e,n/e,n/e,n/e,n/e,604,,n/e,n/e,n/e,n/e,n/e,n/e,0,,n/e,n/e,0,,n/e,n/e,n/e,n/e,46,
18:00 - 19:00,63,,n/e,n/e,n/e,n/e,423,,n/e,n/e,n/e,n/e,n/e,n/e,n/e,n/e,n/e,n/e,n/e,n/e,603,,n/e,n/e,n/e,n/e,n/e,n/e,0,,n/e,n/e,0,,n/e,n/e,n/e,n/e,35,
19:00 - 20:00,61,,n/e,n/e,n/e,n/e,422,,n/e,n/e,n/e,n/e,n/e,n/e,n/e,n/e,n/e,n/e,n/e,n/e,522,,n/e,n/e,n/e,n/e,n/e,n/e,0,,n/e,n/e,0,,n/e,n/e,n/e,n/e,27,
20:00 - 21:00,59,,n/e,n/e,n/e,n/e,421,,n/e,n/e,n/e,n/e,n/e,n/e,n/e,n/e,n/e,n/e,n/e,n/e,501,,n/e,n/e,n/e,n/e,n/e,n/e,0,,n/e,n/e,0,,n/e,n/e,n/e,n/e,27,
21:00 - 22:00,57,,n/e,n/e,n/e,n/e,415,,n/e,n/e,n/e,n/e,n/e,n/e,n/e,n/e,n/e,n/e,n/e,n/e,500,,n/e,n/e,n/e,n/e,n/e,n/e,0,,n/e,n/e,0,,n/e,n/e,n/e,n/e,20,
22:00 - 23:00,58,,n/e,n/e,n/e,n/e,309,,n/e,n/e,n/e,n/e,n/e,n/e,n/e,n/e,n/e,n/e,n/e,n/e,528,,n/e,n/e,n/e,n/e,n/e,n/e,0,,n/e,n/e,0,,n/e,n/e,n/e,n/e,18,
23:00 - 00:00,59,,n/e,n/e,n/e,n/e,232,,n/e,n/e,n/e,n/e,n/e,n/e,n/e,n/e,n/e,n/e,n/e,n/e,422,,n/e,n/e,n/e,n/e,n/e,n/e,0,,n/e,n/e,0,,n/e,n/e,n/e,n/e,17,
00:00 - 01:00,59,,n/e,n/e,n/e,n/e,232,,n/e,n/e,n/e,n/e,n/e,n/e,n/e,n/e,n/e,n/e,n/e,n/e,437,,n/e,n/e,n/e,n/e,n/e,n/e,0,,n/e,n/e,0,,n/e,n/e,n/e,n/e,21,
01:00 - 02:00,60,,n/e,n/e,n/e,n/e,232,,n/e,n/e,n/e,n/e,n/e,n/e,n/e,n/e,n/e,n/e,n/e,n/e,441,,n/e,n/e,n/e,n/e,n/e,n/e,0,,n/e,n/e,0,,n/e,n/e,n/e,n/e,25,
02:00 - 03:00,60,,n/e,n/e,n/e,n/e,232,,n/e,n/e,n/e,n/e,n/e,n/e,n/e,n/e,n/e,n/e,n/e,n/e,422,,n/e,n/e,n/e,n/e,n/e,n/e,0,,n/e,n/e,0,,n/e,n/e,n/e,n/e,38,
03:00 - 04:00,61,,n/e,n/e,n/e,n/e,232,,n/e,n/e,n/e,n/e,n/e,n/e,n/e,n/e,n/e,n/e,n/e,n/e,397,,n/e,n/e,n/e,n/e,n/e,n/e,0,,n/e,n/e,0,,n/e,n/e,n/e,n/e,43,
04:00 - 05:00,62,,n/e,n/e,n/e,n/e,227,,n/e,n/e,n/e,n/e,n/e,n/e,n/e,n/e,n/e,n/e,n/e,n/e,421,,n/e,n/e,n/e,n/e,n/e,n/e,0,,n/e,n/e,0,,n/e,n/e,n/e,n/e,55,
05:00 - 06:00,64,,n/e,n/e,n/e,n/e,215,,n/e,n/e,n/e,n/e,n/e,n/e,n/e,n/e,n/e,n/e,n/e,n/e,553,,n/e,n/e,n/e,n/e,n/e,n/e,0,,n/e,n/e,0,,n/e,n/e,n/e,n/e,45,
06:00 - 07:00,64,,n/e,n/e,n/e,n/e,212,,n/e,n/e,n/e,n/e,n/e,n/e,n/e,n/e,n/e,n/e,n/e,n/e,564,,n/e,n/e,n/e,n/e,n/e,n/e,0,,n/e,n/e,2,,n/e,n/e,n/e,n/e,51,
07:00 - 08:00,64,,n/e,n/e,n/e,n/e,213,,n/e,n/e,n/e,n/e,n/e,n/e,n/e,n/e,n/e,n/e,n/e,n/e,751,,n/e,n/e,n/e,n/e,n/e,n/e,0,,n/e,n/e,4,,n/e,n/e,n/e,n/e,27,
08:00 - 09:00,64,,n/e,n/e,n/e,n/e,213,,n/e,n/e,n/e,n/e,n/e,n/e,n/e,n/e,n/e,n/e,n/e,n/e,754,,n/e,n/e,n/e,n/e,n/e,n/e,0,,n/e,n/e,5,,n/e,n/e,n/e,n/e,28,
09:00 - 10:00,62,,n/e,n/e,n/e,n/e,213,,n/e,n/e,n/e,n/e,n/e,n/e,n/e,n/e,n/e,n/e,n/e,n/e,684,,n/e,n/e,n/e,n/e,n/e,n/e,0,,n/e,n/e,6,,n/e,n/e,n/e,n/e,35,
10:00 - 11:00,62,,n/e,n/e,n/e,n/e,213,,n/e,n/e,n/e,n/e,n/e,n/e,n/e,n/e,n/e,n/e,n/e,n/e,595,,n/e,n/e,n/e,n/e,n/e,n/e,0,,n/e,n/e,7,,n/e,n/e,n/e,n/e,46,
11:00 - 12:00,61,,n/e,n/e,n/e,n/e,213,,n/e,n/e,n/e,n/e,n/e,n/e,n/e,n/e,n/e,n/e,n/e,n/e,536,,n/e,n/e,n/e,n/e,n/e,n/e,0,,n/e,n/e,8,,n/e,n/e,n/e,n/e,42,
12:00 - 13:00,61,,n/e,n/e,n/e,n/e,213,,n/e,n/e,n/e,n/e,n/e,n/e,n/e,n/e,n/e,n/e,n/e,n/e,537,,n/e,n/e,n/e,n/e,n/e,n/e,0,,n/e,n/e,6,,n/e,n/e,n/e,n/e,43,
13:00 - 14:00,60,,n/e,n/e,n/e,n/e,213,,n/e,n/e,n/e,n/e,n/e,n/e,n/e,n/e,n/e,n/e,n/e,n/e,549,,n/e,n/e,n/e,n/e,n/e,n/e,0,,n/e,n/e,4,,n/e,n/e,n/e,n/e,57,
14:00 - 15:00,58,,n/e,n/e,n/e,n/e,213,,n/e,n/e,n/e,n/e,n/e,n/e,n/e,n/e,n/e,n/e,n/e,n/e,553,,n/e,n/e,n/e,n/e,n/e,n/e,0,,n/e,n/e,1,,n/e,n/e,n/e,n/e,71,
15:00 - 16:00,60,,n/e,n/e,n/e,n/e,213,,n/e,n/e,n/e,n/e,n/e,n/e,n/e,n/e,n/e,n/e,n/e,n/e,576,,n/e,n/e,n/e,n/e,n/e,n/e,0,,n/e,n/e,0,,n/e,n/e,n/e,n/e,85,
16:00 - 17:00,61,,n/e,n/e,n/e,n/e,214,,n/e,n/e,n/e,n/e,n/e,n/e,n/e,n/e,n/e,n/e,n/e,n/e,803,,n/e,n/e,n/e,n/e,n/e,n/e,0,,n/e,n/e,0,,n/e,n/e,n/e,n/e,116,
17:00 - 18:00,62,,n/e,n/e,n/e,n/e,178,,n/e,n/e,n/e,n/e,n/e,n/e,n/e,n/e,n/e,n/e,n/e,n/e,987,,n/e,n/e,n/e,n/e,n/e,n/e,0,,n/e,n/e,0,,n/e,n/e,n/e,n/e,113,
18:00 - 19:00,63,,n/e,n/e,n/e,n/e,64,,n/e,n/e,n/e,n/e,n/e,n/e,n/e,n/e,n/e,n/e,n/e,n/e,1050,,n/e,n/e,n/e,n/e,n/e,n/e,0,,n/e,n/e,0,,n/e,n/e,n/e,n/e,104,
19:00 - 20:00,64,,n/e,n/e,n/e,n/e,64,,n/e,n/e,n/e,n/e,n/e,n/e,n/e,n/e,n/e,n/e,n/e,n/e,954,,n/e,n/e,n/e,n/e,n/e,n/e,0,,n/e,n/e,0,,n/e,n/e,n/e,n/e,90,
20:00 - 21:00,61,,n/e,n/e,n/e,n/e,64,,n/e,n/e,n/e,n/e,n/e,n/e,n/e,n/e,n/e,n/e,n/e,n/e,930,,n/e,n/e,n/e,n/e,n/e,n/e,0,,n/e,n/e,0,,n/e,n/e,n/e,n/e,54,
21:00 - 22:00,60,,n/e,n/e,n/e,n/e,64,,n/e,n/e,n/e,n/e,n/e,n/e,n/e,n/e,n/e,n/e,n/e,n/e,899,,n/e,n/e,n/e,n/e,n/e,n/e,0,,n/e,n/e,0,,n/e,n/e,n/e,n/e,42,
22:00 - 23:00,58,,n/e,n/e,n/e,n/e,62,,n/e,n/e,n/e,n/e,n/e,n/e,n/e,n/e,n/e,n/e,n/e,n/e,881,,n/e,n/e,n/e,n/e,n/e,n/e,0,,n/e,n/e,0,,n/e,n/e,n/e,n/e,47,
23:00 - 00:00,57,,n/e,n/e,n/e,n/e,62,,n/e,n/e,n/e,n/e,n/e,n/e,n/e,n/e,n/e,n/e,n/e,n/e,879,,n/e,n/e,n/e,n/e,n/e,n/e,0,,n/e,n/e,0,,n/e,n/e,n/e,n/e,41,
00:00 - 01:00,57,,n/e,n/e,n/e,n/e,62,,n/e,n/e,n/e,n/e,n/e,n/e,n/e,n/e,n/e,n/e,n/e,n/e,836,,n/e,n/e,n/e,n/e,n/e,n/e,0,,n/e,n/e,0,,n/e,n/e,n/e,n/e,29,
01:00 - 02:00,57,,n/e,n/e,n/e,n/e,62,,n/e,n/e,n/e,n/e,n/e,n/e,n/e,n/e,n/e,n/e,n/e,n/e,801,,n/e,n/e,n/e,n/e,n/e,n/e,0,,n/e,n/e,0,,n/e,n/e,n/e,n/e,37,
02:00 - 03:00,58,,n/e,n/e,n/e,n/e,85,,n/e,n/e,n/e,n/e,n/e,n/e,n/e,n/e,n/e,n/e,n/e,n/e,794,,n/e,n/e,n/e,n/e,n/e,n/e,0,,n/e,n/e,0,,n/e,n/e,n/e,n/e,39,
03:00 - 04:00,57,,n/e,n/e,n/e,n/e,192,,n/e,n/e,n/e,n/e,n/e,n/e,n/e,n/e,n/e,n/e,n/e,n/e,665,,n/e,n/e,n/e,n/e,n/e,n/e,0,,n/e,n/e,0,,n/e,n/e,n/e,n/e,38,
04:00 - 05:00,59,,n/e,n/e,n/e,n/e,212,,n/e,n/e,n/e,n/e,n/e,n/e,n/e,n/e,n/e,n/e,n/e,n/e,632,,n/e,n/e,n/e,n/e,n/e,n/e,0,,n/e,n/e,0,,n/e,n/e,n/e,n/e,36,
05:00 - 06:00,60,,n/e,n/e,n/e,n/e,231,,n/e,n/e,n/e,n/e,n/e,n/e,n/e,n/e,n/e,n/e,n/e,n/e,649,,n/e,n/e,n/e,n/e,n/e,n/e,0,,n/e,n/e,0,,n/e,n/e,n/e,n/e,41,
06:00 - 07:00,61,,n/e,n/e,n/e,n/e,232,,n/e,n/e,n/e,n/e,n/e,n/e,n/e,n/e,n/e,n/e,n/e,n/e,649,,n/e,n/e,n/e,n/e,n/e,n/e,0,,n/e,n/e,7,,n/e,n/e,n/e,n/e,43,
07:00 - 08:00,62,,n/e,n/e,n/e,n/e,212,,n/e,n/e,n/e,n/e,n/e,n/e,n/e,n/e,n/e,n/e,n/e,n/e,667,,n/e,n/e,n/e,n/e,n/e,n/e,0,,n/e,n/e,24,,n/e,n/e,n/e,n/e,33,
08:00 - 09:00,63,,n/e,n/e,n/e,n/e,212,,n/e,n/e,n/e,n/e,n/e,n/e,n/e,n/e,n/e,n/e,n/e,n/e,668,,n/e,n/e,n/e,n/e,n/e,n/e,0,,n/e,n/e,49,,n/e,n/e,n/e,n/e,34,
09:00 - 10:00,61,,n/e,n/e,n/e,n/e,213,,n/e,n/e,n/e,n/e,n/e,n/e,n/e,n/e,n/e,n/e,n/e,n/e,668,,n/e,n/e,n/e,n/e,n/e,n/e,0,,n/e,n/e,85,,n/e,n/e,n/e,n/e,49,
10:00 - 11:00,62,,n/e,n/e,n/e,n/e,213,,n/e,n/e,n/e,n/e,n/e,n/e,n/e,n/e,n/e,n/e,n/e,n/e,668,,n/e,n/e,n/e,n/e,n/e,n/e,0,,n/e,n/e,109,,n/e,n/e,n/e,n/e,40,
11:00 - 12:00,62,,n/e,n/e,n/e,n/e,212,,n/e,n/e,n/e,n/e,n/e,n/e,n/e,n/e,n/e,n/e,n/e,n/e,668,,n/e,n/e,n/e,n/e,n/e,n/e,0,,n/e,n/e,117,,n/e,n/e,n/e,n/e,35,
12:00 - 13:00,61,,n/e,n/e,n/e,n/e,212,,n/e,n/e,n/e,n/e,n/e,n/e,n/e,n/e,n/e,n/e,n/e,n/e,668,,n/e,n/e,n/e,n/e,n/e,n/e,0,,n/e,n/e,102,,n/e,n/e,n/e,n/e,29,
13:00 - 14:00,61,,n/e,n/e,n/e,n/e,213,,n/e,n/e,n/e,n/e,n/e,n/e,n/e,n/e,n/e,n/e,n/e,n/e,668,,n/e,n/e,n/e,n/e,n/e,n/e,0,,n/e,n/e,66,,n/e,n/e,n/e,n/e,11,
14:00 - 15:00,61,,n/e,n/e,n/e,n/e,216,,n/e,n/e,n/e,n/e,n/e,n/e,n/e,n/e,n/e,n/e,n/e,n/e,741,,n/e,n/e,n/e,n/e,n/e,n/e,0,,n/e,n/e,25,,n/e,n/e,n/e,n/e,3,
15:00 - 16:00,62,,n/e,n/e,n/e,n/e,221,,n/e,n/e,n/e,n/e,n/e,n/e,n/e,n/e,n/e,n/e,n/e,n/e,888,,n/e,n/e,n/e,n/e,n/e,n/e,0,,n/e,n/e,2,,n/e,n/e,n/e,n/e,8,
16:00 - 17:00,64,,n/e,n/e,n/e,n/e,268,,n/e,n/e,n/e,n/e,n/e,n/e,n/e,n/e,n/e,n/e,n/e,n/e,887,,n/e,n/e,n/e,n/e,n/e,n/e,0,,n/e,n/e,0,,n/e,n/e,n/e,n/e,14,
17:00 - 18:00,65,,n/e,n/e,n/e,n/e,267,,n/e,n/e,n/e,n/e,n/e,n/e,n/e,n/e,n/e,n/e,n/e,n/e,964,,n/e,n/e,n/e,n/e,n/e,n/e,0,,n/e,n/e,0,,n/e,n/e,n/e,n/e,30,
18:00 - 19:00,65,,n/e,n/e,n/e,n/e,267,,n/e,n/e,n/e,n/e,n/e,n/e,n/e,n/e,n/e,n/e,n/e,n/e,878,,n/e,n/e,n/e,n/e,n/e,n/e,0,,n/e,n/e,0,,n/e,n/e,n/e,n/e,32,
19:00 - 20:00,65,,n/e,n/e,n/e,n/e,267,,n/e,n/e,n/e,n/e,n/e,n/e,n/e,n/e,n/e,n/e,n/e,n/e,875,,n/e,n/e,n/e,n/e,n/e,n/e,0,,n/e,n/e,0,,n/e,n/e,n/e,n/e,28,
20:00 - 21:00,65,,n/e,n/e,n/e,n/e,267,,n/e,n/e,n/e,n/e,n/e,n/e,n/e,n/e,n/e,n/e,n/e,n/e,833,,n/e,n/e,n/e,n/e,n/e,n/e,0,,n/e,n/e,0,,n/e,n/e,n/e,n/e,25,
21:00 - 22:00,63,,n/e,n/e,n/e,n/e,263,,n/e,n/e,n/e,n/e,n/e,n/e,n/e,n/e,n/e,n/e,n/e,n/e,739,,n/e,n/e,n/e,n/e,n/e,n/e,0,,n/e,n/e,0,,n/e,n/e,n/e,n/e,23,
22:00 - 23:00,60,,n/e,n/e,n/e,n/e,261,,n/e,n/e,n/e,n/e,n/e,n/e,n/e,n/e,n/e,n/e,n/e,n/e,723,,n/e,n/e,n/e,n/e,n/e,n/e,0,,n/e,n/e,0,,n/e,n/e,n/e,n/e,27,
23:00 - 00:00,59,,n/e,n/e,n/e,n/e,212,,n/e,n/e,n/e,n/e,n/e,n/e,n/e,n/e,n/e,n/e,n/e,n/e,664,,n/e,n/e,n/e,n/e,n/e,n/e,0,,n/e,n/e,0,,n/e,n/e,n/e,n/e,24,
00:00 - 01:00,59,,n/e,n/e,n/e,n/e,212,,n/e,n/e,n/e,n/e,n/e,n/e,n/e,n/e,n/e,n/e,n/e,n/e,676,,n/e,n/e,n/e,n/e,n/e,n/e,0,,n/e,n/e,0,,n/e,n/e,n/e,n/e,15,
01:00 - 02:00,61,,n/e,n/e,n/e,n/e,212,,n/e,n/e,n/e,n/e,n/e,n/e,n/e,n/e,n/e,n/e,n/e,n/e,672,,n/e,n/e,n/e,n/e,n/e,n/e,0,,n/e,n/e,0,,n/e,n/e,n/e,n/e,13,
02:00 - 03:00,63,,n/e,n/e,n/e,n/e,212,,n/e,n/e,n/e,n/e,n/e,n/e,n/e,n/e,n/e,n/e,n/e,n/e,667,,n/e,n/e,n/e,n/e,n/e,n/e,0,,n/e,n/e,0,,n/e,n/e,n/e,n/e,5,
03:00 - 04:00,64,,n/e,n/e,n/e,n/e,212,,n/e,n/e,n/e,n/e,n/e,n/e,n/e,n/e,n/e,n/e,n/e,n/e,681,,n/e,n/e,n/e,n/e,n/e,n/e,0,,n/e,n/e,0,,n/e,n/e,n/e,n/e,9,
04:00 - 05:00,64,,n/e,n/e,n/e,n/e,223,,n/e,n/e,n/e,n/e,n/e,n/e,n/e,n/e,n/e,n/e,n/e,n/e,670,,n/e,n/e,n/e,n/e,n/e,n/e,0,,n/e,n/e,0,,n/e,n/e,n/e,n/e,6,
05:00 - 06:00,64,,n/e,n/e,n/e,n/e,291,,n/e,n/e,n/e,n/e,n/e,n/e,n/e,n/e,n/e,n/e,n/e,n/e,850,,n/e,n/e,n/e,n/e,n/e,n/e,0,,n/e,n/e,0,,n/e,n/e,n/e,n/e,4,
06:00 - 07:00,65,,n/e,n/e,n/e,n/e,296,,n/e,n/e,n/e,n/e,n/e,n/e,n/e,n/e,n/e,n/e,n/e,n/e,860,,n/e,n/e,n/e,n/e,n/e,n/e,0,,n/e,n/e,2,,n/e,n/e,n/e,n/e,10,
07:00 - 08:00,66,,n/e,n/e,n/e,n/e,298,,n/e,n/e,n/e,n/e,n/e,n/e,n/e,n/e,n/e,n/e,n/e,n/e,859,,n/e,n/e,n/e,n/e,n/e,n/e,0,,n/e,n/e,7,,n/e,n/e,n/e,n/e,5,
08:00 - 09:00,64,,n/e,n/e,n/e,n/e,298,,n/e,n/e,n/e,n/e,n/e,n/e,n/e,n/e,n/e,n/e,n/e,n/e,859,,n/e,n/e,n/e,n/e,n/e,n/e,0,,n/e,n/e,12,,n/e,n/e,n/e,n/e,1,
09:00 - 10:00,61,,n/e,n/e,n/e,n/e,299,,n/e,n/e,n/e,n/e,n/e,n/e,n/e,n/e,n/e,n/e,n/e,n/e,853,,n/e,n/e,n/e,n/e,n/e,n/e,0,,n/e,n/e,14,,n/e,n/e,n/e,n/e,0,
10:00 - 11:00,60,,n/e,n/e,n/e,n/e,299,,n/e,n/e,n/e,n/e,n/e,n/e,n/e,n/e,n/e,n/e,n/e,n/e,919,,n/e,n/e,n/e,n/e,n/e,n/e,0,,n/e,n/e,15,,n/e,n/e,n/e,n/e,0,
11:00 - 12:00,60,,n/e,n/e,n/e,n/e,299,,n/e,n/e,n/e,n/e,n/e,n/e,n/e,n/e,n/e,n/e,n/e,n/e,912,,n/e,n/e,n/e,n/e,n/e,n/e,0,,n/e,n/e,14,,n/e,n/e,n/e,n/e,0,
12:00 - 13:00,59,,n/e,n/e,n/e,n/e,300,,n/e,n/e,n/e,n/e,n/e,n/e,n/e,n/e,n/e,n/e,n/e,n/e,908,,n/e,n/e,n/e,n/e,n/e,n/e,0,,n/e,n/e,14,,n/e,n/e,n/e,n/e,0,
13:00 - 14:00,60,,n/e,n/e,n/e,n/e,340,,n/e,n/e,n/e,n/e,n/e,n/e,n/e,n/e,n/e,n/e,n/e,n/e,899,,n/e,n/e,n/e,n/e,n/e,n/e,0,,n/e,n/e,14,,n/e,n/e,n/e,n/e,0,
14:00 - 15:00,59,,n/e,n/e,n/e,n/e,379,,n/e,n/e,n/e,n/e,n/e,n/e,n/e,n/e,n/e,n/e,n/e,n/e,804,,n/e,n/e,n/e,n/e,n/e,n/e,0,,n/e,n/e,7,,n/e,n/e,n/e,n/e,0,
15:00 - 16:00,59,,n/e,n/e,n/e,n/e,409,,n/e,n/e,n/e,n/e,n/e,n/e,n/e,n/e,n/e,n/e,n/e,n/e,793,,n/e,n/e,n/e,n/e,n/e,n/e,0,,n/e,n/e,1,,n/e,n/e,n/e,n/e,0,
16:00 - 17:00,61,,n/e,n/e,n/e,n/e,409,,n/e,n/e,n/e,n/e,n/e,n/e,n/e,n/e,n/e,n/e,n/e,n/e,848,,n/e,n/e,n/e,n/e,n/e,n/e,0,,n/e,n/e,0,,n/e,n/e,n/e,n/e,0,
17:00 - 18:00,63,,n/e,n/e,n/e,n/e,409,,n/e,n/e,n/e,n/e,n/e,n/e,n/e,n/e,n/e,n/e,n/e,n/e,850,,n/e,n/e,n/e,n/e,n/e,n/e,0,,n/e,n/e,0,,n/e,n/e,n/e,n/e,0,
18:00 - 19:00,64,,n/e,n/e,n/e,n/e,409,,n/e,n/e,n/e,n/e,n/e,n/e,n/e,n/e,n/e,n/e,n/e,n/e,935,,n/e,n/e,n/e,n/e,n/e,n/e,0,,n/e,n/e,0,,n/e,n/e,n/e,n/e,0,
19:00 - 20:00,64,,n/e,n/e,n/e,n/e,409,,n/e,n/e,n/e,n/e,n/e,n/e,n/e,n/e,n/e,n/e,n/e,n/e,848,,n/e,n/e,n/e,n/e,n/e,n/e,0,,n/e,n/e,0,,n/e,n/e,n/e,n/e,0,
20:00 - 21:00,63,,n/e,n/e,n/e,n/e,340,,n/e,n/e,n/e,n/e,n/e,n/e,n/e,n/e,n/e,n/e,n/e,n/e,646,,n/e,n/e,n/e,n/e,n/e,n/e,0,,n/e,n/e,0,,n/e,n/e,n/e,n/e,0,
21:00 - 22:00,62,,n/e,n/e,n/e,n/e,302,,n/e,n/e,n/e,n/e,n/e,n/e,n/e,n/e,n/e,n/e,n/e,n/e,637,,n/e,n/e,n/e,n/e,n/e,n/e,0,,n/e,n/e,0,,n/e,n/e,n/e,n/e,0,
22:00 - 23:00,62,,n/e,n/e,n/e,n/e,287,,n/e,n/e,n/e,n/e,n/e,n/e,n/e,n/e,n/e,n/e,n/e,n/e,637,,n/e,n/e,n/e,n/e,n/e,n/e,0,,n/e,n/e,0,,n/e,n/e,n/e,n/e,0,
23:00 - 00:00,61,,n/e,n/e,n/e,n/e,203,,n/e,n/e,n/e,n/e,n/e,n/e,n/e,n/e,n/e,n/e,n/e,n/e,559,,n/e,n/e,n/e,n/e,n/e,n/e,0,,n/e,n/e,0,,n/e,n/e,n/e,n/e,0,
00:00 - 01:00,60,,n/e,n/e,n/e,n/e,202,,n/e,n/e,n/e,n/e,n/e,n/e,n/e,n/e,n/e,n/e,n/e,n/e,552,,n/e,n/e,n/e,n/e,n/e,n/e,0,,n/e,n/e,0,,n/e,n/e,n/e,n/e,1,
01:00 - 02:00,62,,n/e,n/e,n/e,n/e,202,,n/e,n/e,n/e,n/e,n/e,n/e,n/e,n/e,n/e,n/e,n/e,n/e,545,,n/e,n/e,n/e,n/e,n/e,n/e,0,,n/e,n/e,0,,n/e,n/e,n/e,n/e,1,
02:00 - 03:00,61,,n/e,n/e,n/e,n/e,203,,n/e,n/e,n/e,n/e,n/e,n/e,n/e,n/e,n/e,n/e,n/e,n/e,551,,n/e,n/e,n/e,n/e,n/e,n/e,0,,n/e,n/e,0,,n/e,n/e,n/e,n/e,3,
03:00 - 04:00,62,,n/e,n/e,n/e,n/e,203,,n/e,n/e,n/e,n/e,n/e,n/e,n/e,n/e,n/e,n/e,n/e,n/e,556,,n/e,n/e,n/e,n/e,n/e,n/e,0,,n/e,n/e,0,,n/e,n/e,n/e,n/e,3,
04:00 - 05:00,64,,n/e,n/e,n/e,n/e,208,,n/e,n/e,n/e,n/e,n/e,n/e,n/e,n/e,n/e,n/e,n/e,n/e,567,,n/e,n/e,n/e,n/e,n/e,n/e,0,,n/e,n/e,0,,n/e,n/e,n/e,n/e,4,
05:00 - 06:00,65,,n/e,n/e,n/e,n/e,251,,n/e,n/e,n/e,n/e,n/e,n/e,n/e,n/e,n/e,n/e,n/e,n/e,812,,n/e,n/e,n/e,n/e,n/e,n/e,0,,n/e,n/e,0,,n/e,n/e,n/e,n/e,2,
06:00 - 07:00,66,,n/e,n/e,n/e,n/e,261,,n/e,n/e,n/e,n/e,n/e,n/e,n/e,n/e,n/e,n/e,n/e,n/e,818,,n/e,n/e,n/e,n/e,n/e,n/e,0,,n/e,n/e,2,,n/e,n/e,n/e,n/e,3,
07:00 - 08:00,67,,n/e,n/e,n/e,n/e,307,,n/e,n/e,n/e,n/e,n/e,n/e,n/e,n/e,n/e,n/e,n/e,n/e,843,,n/e,n/e,n/e,n/e,n/e,n/e,0,,n/e,n/e,5,,n/e,n/e,n/e,n/e,2,
08:00 - 09:00,67,,n/e,n/e,n/e,n/e,312,,n/e,n/e,n/e,n/e,n/e,n/e,n/e,n/e,n/e,n/e,n/e,n/e,825,,n/e,n/e,n/e,n/e,n/e,n/e,0,,n/e,n/e,8,,n/e,n/e,n/e,n/e,1,
09:00 - 10:00,67,,n/e,n/e,n/e,n/e,295,,n/e,n/e,n/e,n/e,n/e,n/e,n/e,n/e,n/e,n/e,n/e,n/e,773,,n/e,n/e,n/e,n/e,n/e,n/e,0,,n/e,n/e,11,,n/e,n/e,n/e,n/e,1,
10:00 - 11:00,66,,n/e,n/e,n/e,n/e,293,,n/e,n/e,n/e,n/e,n/e,n/e,n/e,n/e,n/e,n/e,n/e,n/e,840,,n/e,n/e,n/e,n/e,n/e,n/e,0,,n/e,n/e,12,,n/e,n/e,n/e,n/e,1,
11:00 - 12:00,63,,n/e,n/e,n/e,n/e,273,,n/e,n/e,n/e,n/e,n/e,n/e,n/e,n/e,n/e,n/e,n/e,n/e,823,,n/e,n/e,n/e,n/e,n/e,n/e,0,,n/e,n/e,11,,n/e,n/e,n/e,n/e,2,
12:00 - 13:00,61,,n/e,n/e,n/e,n/e,272,,n/e,n/e,n/e,n/e,n/e,n/e,n/e,n/e,n/e,n/e,n/e,n/e,804,,n/e,n/e,n/e,n/e,n/e,n/e,0,,n/e,n/e,10,,n/e,n/e,n/e,n/e,1,
13:00 - 14:00,62,,n/e,n/e,n/e,n/e,272,,n/e,n/e,n/e,n/e,n/e,n/e,n/e,n/e,n/e,n/e,n/e,n/e,807,,n/e,n/e,n/e,n/e,n/e,n/e,0,,n/e,n/e,8,,n/e,n/e,n/e,n/e,1,
14:00 - 15:00,63,,n/e,n/e,n/e,n/e,293,,n/e,n/e,n/e,n/e,n/e,n/e,n/e,n/e,n/e,n/e,n/e,n/e,837,,n/e,n/e,n/e,n/e,n/e,n/e,0,,n/e,n/e,4,,n/e,n/e,n/e,n/e,1,
15:00 - 16:00,65,,n/e,n/e,n/e,n/e,334,,n/e,n/e,n/e,n/e,n/e,n/e,n/e,n/e,n/e,n/e,n/e,n/e,928,,n/e,n/e,n/e,n/e,n/e,n/e,0,,n/e,n/e,1,,n/e,n/e,n/e,n/e,0,
16:00 - 17:00,68,,n/e,n/e,n/e,n/e,334,,n/e,n/e,n/e,n/e,n/e,n/e,n/e,n/e,n/e,n/e,n/e,n/e,934,,n/e,n/e,n/e,n/e,n/e,n/e,0,,n/e,n/e,0,,n/e,n/e,n/e,n/e,0,
17:00 - 18:00,69,,n/e,n/e,n/e,n/e,335,,n/e,n/e,n/e,n/e,n/e,n/e,n/e,n/e,n/e,n/e,n/e,n/e,1020,,n/e,n/e,n/e,n/e,n/e,n/e,0,,n/e,n/e,0,,n/e,n/e,n/e,n/e,0,
18:00 - 19:00,68,,n/e,n/e,n/e,n/e,334,,n/e,n/e,n/e,n/e,n/e,n/e,n/e,n/e,n/e,n/e,n/e,n/e,1024,,n/e,n/e,n/e,n/e,n/e,n/e,0,,n/e,n/e,0,,n/e,n/e,n/e,n/e,0,
19:00 - 20:00,65,,n/e,n/e,n/e,n/e,232,,n/e,n/e,n/e,n/e,n/e,n/e,n/e,n/e,n/e,n/e,n/e,n/e,1111,,n/e,n/e,n/e,n/e,n/e,n/e,0,,n/e,n/e,0,,n/e,n/e,n/e,n/e,0,
20:00 - 21:00,62,,n/e,n/e,n/e,n/e,226,,n/e,n/e,n/e,n/e,n/e,n/e,n/e,n/e,n/e,n/e,n/e,n/e,1167,,n/e,n/e,n/e,n/e,n/e,n/e,0,,n/e,n/e,0,,n/e,n/e,n/e,n/e,0,
21:00 - 22:00,62,,n/e,n/e,n/e,n/e,218,,n/e,n/e,n/e,n/e,n/e,n/e,n/e,n/e,n/e,n/e,n/e,n/e,1165,,n/e,n/e,n/e,n/e,n/e,n/e,0,,n/e,n/e,0,,n/e,n/e,n/e,n/e,0,
22:00 - 23:00,61,,n/e,n/e,n/e,n/e,213,,n/e,n/e,n/e,n/e,n/e,n/e,n/e,n/e,n/e,n/e,n/e,n/e,1165,,n/e,n/e,n/e,n/e,n/e,n/e,0,,n/e,n/e,0,,n/e,n/e,n/e,n/e,0,
23:00 - 00:00,59,,n/e,n/e,n/e,n/e,212,,n/e,n/e,n/e,n/e,n/e,n/e,n/e,n/e,n/e,n/e,n/e,n/e,1165,,n/e,n/e,n/e,n/e,n/e,n/e,0,,n/e,n/e,0,,n/e,n/e,n/e,n/e,0,
00:00 - 01:00,59,,n/e,n/e,n/e,n/e,212,,n/e,n/e,n/e,n/e,n/e,n/e,n/e,n/e,n/e,n/e,n/e,n/e,1164,,n/e,n/e,n/e,n/e,n/e,n/e,0,,n/e,n/e,0,,n/e,n/e,n/e,n/e,0,
01:00 - 02:00,59,,n/e,n/e,n/e,n/e,212,,n/e,n/e,n/e,n/e,n/e,n/e,n/e,n/e,n/e,n/e,n/e,n/e,1162,,n/e,n/e,n/e,n/e,n/e,n/e,0,,n/e,n/e,0,,n/e,n/e,n/e,n/e,0,
02:00 - 03:00,60,,n/e,n/e,n/e,n/e,212,,n/e,n/e,n/e,n/e,n/e,n/e,n/e,n/e,n/e,n/e,n/e,n/e,1165,,n/e,n/e,n/e,n/e,n/e,n/e,0,,n/e,n/e,0,,n/e,n/e,n/e,n/e,0,
03:00 - 04:00,60,,n/e,n/e,n/e,n/e,212,,n/e,n/e,n/e,n/e,n/e,n/e,n/e,n/e,n/e,n/e,n/e,n/e,1165,,n/e,n/e,n/e,n/e,n/e,n/e,0,,n/e,n/e,0,,n/e,n/e,n/e,n/e,0,
04:00 - 05:00,61,,n/e,n/e,n/e,n/e,221,,n/e,n/e,n/e,n/e,n/e,n/e,n/e,n/e,n/e,n/e,n/e,n/e,1165,,n/e,n/e,n/e,n/e,n/e,n/e,0,,n/e,n/e,0,,n/e,n/e,n/e,n/e,0,
05:00 - 06:00,63,,n/e,n/e,n/e,n/e,345,,n/e,n/e,n/e,n/e,n/e,n/e,n/e,n/e,n/e,n/e,n/e,n/e,1164,,n/e,n/e,n/e,n/e,n/e,n/e,0,,n/e,n/e,0,,n/e,n/e,n/e,n/e,0,
06:00 - 07:00,65,,n/e,n/e,n/e,n/e,352,,n/e,n/e,n/e,n/e,n/e,n/e,n/e,n/e,n/e,n/e,n/e,n/e,1164,,n/e,n/e,n/e,n/e,n/e,n/e,0,,n/e,n/e,3,,n/e,n/e,n/e,n/e,0,
07:00 - 08:00,63,,n/e,n/e,n/e,n/e,353,,n/e,n/e,n/e,n/e,n/e,n/e,n/e,n/e,n/e,n/e,n/e,n/e,1163,,n/e,n/e,n/e,n/e,n/e,n/e,0,,n/e,n/e,7,,n/e,n/e,n/e,n/e,0,
08:00 - 09:00,62,,n/e,n/e,n/e,n/e,353,,n/e,n/e,n/e,n/e,n/e,n/e,n/e,n/e,n/e,n/e,n/e,n/e,1164,,n/e,n/e,n/e,n/e,n/e,n/e,0,,n/e,n/e,12,,n/e,n/e,n/e,n/e,0,
09:00 - 10:00,60,,n/e,n/e,n/e,n/e,342,,n/e,n/e,n/e,n/e,n/e,n/e,n/e,n/e,n/e,n/e,n/e,n/e,1166,,n/e,n/e,n/e,n/e,n/e,n/e,0,,n/e,n/e,14,,n/e,n/e,n/e,n/e,1,
10:00 - 11:00,58,,n/e,n/e,n/e,n/e,251,,n/e,n/e,n/e,n/e,n/e,n/e,n/e,n/e,n/e,n/e,n/e,n/e,1169,,n/e,n/e,n/e,n/e,n/e,n/e,0,,n/e,n/e,15,,n/e,n/e,n/e,n/e,1,
11:00 - 12:00,57,,n/e,n/e,n/e,n/e,250,,n/e,n/e,n/e,n/e,n/e,n/e,n/e,n/e,n/e,n/e,n/e,n/e,1168,,n/e,n/e,n/e,n/e,n/e,n/e,0,,n/e,n/e,13,,n/e,n/e,n/e,n/e,1,
12:00 - 13:00,57,,n/e,n/e,n/e,n/e,251,,n/e,n/e,n/e,n/e,n/e,n/e,n/e,n/e,n/e,n/e,n/e,n/e,1169,,n/e,n/e,n/e,n/e,n/e,n/e,0,,n/e,n/e,10,,n/e,n/e,n/e,n/e,1,
13:00 - 14:00,60,,n/e,n/e,n/e,n/e,253,,n/e,n/e,n/e,n/e,n/e,n/e,n/e,n/e,n/e,n/e,n/e,n/e,1163,,n/e,n/e,n/e,n/e,n/e,n/e,0,,n/e,n/e,6,,n/e,n/e,n/e,n/e,5,
14:00 - 15:00,62,,n/e,n/e,n/e,n/e,348,,n/e,n/e,n/e,n/e,n/e,n/e,n/e,n/e,n/e,n/e,n/e,n/e,1161,,n/e,n/e,n/e,n/e,n/e,n/e,0,,n/e,n/e,3,,n/e,n/e,n/e,n/e,2,
15:00 - 16:00,64,,n/e,n/e,n/e,n/e,351,,n/e,n/e,n/e,n/e,n/e,n/e,n/e,n/e,n/e,n/e,n/e,n/e,1160,,n/e,n/e,n/e,n/e,n/e,n/e,0,,n/e,n/e,0,,n/e,n/e,n/e,n/e,1,
16:00 - 17:00,68,,n/e,n/e,n/e,n/e,349,,n/e,n/e,n/e,n/e,n/e,n/e,n/e,n/e,n/e,n/e,n/e,n/e,1159,,n/e,n/e,n/e,n/e,n/e,n/e,0,,n/e,n/e,0,,n/e,n/e,n/e,n/e,3,
17:00 - 18:00,70,,n/e,n/e,n/e,n/e,349,,n/e,n/e,n/e,n/e,n/e,n/e,n/e,n/e,n/e,n/e,n/e,n/e,1158,,n/e,n/e,n/e,n/e,n/e,n/e,0,,n/e,n/e,0,,n/e,n/e,n/e,n/e,10,
18:00 - 19:00,72,,n/e,n/e,n/e,n/e,349,,n/e,n/e,n/e,n/e,n/e,n/e,n/e,n/e,n/e,n/e,n/e,n/e,1158,,n/e,n/e,n/e,n/e,n/e,n/e,0,,n/e,n/e,0,,n/e,n/e,n/e,n/e,14,
19:00 - 20:00,73,,n/e,n/e,n/e,n/e,340,,n/e,n/e,n/e,n/e,n/e,n/e,n/e,n/e,n/e,n/e,n/e,n/e,1155,,n/e,n/e,n/e,n/e,n/e,n/e,0,,n/e,n/e,0,,n/e,n/e,n/e,n/e,15,
20:00 - 21:00,72,,n/e,n/e,n/e,n/e,221,,n/e,n/e,n/e,n/e,n/e,n/e,n/e,n/e,n/e,n/e,n/e,n/e,1071,,n/e,n/e,n/e,n/e,n/e,n/e,0,,n/e,n/e,0,,n/e,n/e,n/e,n/e,8,
21:00 - 22:00,70,,n/e,n/e,n/e,n/e,215,,n/e,n/e,n/e,n/e,n/e,n/e,n/e,n/e,n/e,n/e,n/e,n/e,1070,,n/e,n/e,n/e,n/e,n/e,n/e,0,,n/e,n/e,0,,n/e,n/e,n/e,n/e,13,
22:00 - 23:00,66,,n/e,n/e,n/e,n/e,213,,n/e,n/e,n/e,n/e,n/e,n/e,n/e,n/e,n/e,n/e,n/e,n/e,1068,,n/e,n/e,n/e,n/e,n/e,n/e,0,,n/e,n/e,0,,n/e,n/e,n/e,n/e,14,
23:00 - 00:00,57,,n/e,n/e,n/e,n/e,211,,n/e,n/e,n/e,n/e,n/e,n/e,n/e,n/e,n/e,n/e,n/e,n/e,1152,,n/e,n/e,n/e,n/e,n/e,n/e,0,,n/e,n/e,0,,n/e,n/e,n/e,n/e,9,
00:00 - 01:00,57,,n/e,n/e,n/e,n/e,211,,n/e,n/e,n/e,n/e,n/e,n/e,n/e,n/e,n/e,n/e,n/e,n/e,1153,,n/e,n/e,n/e,n/e,n/e,n/e,0,,n/e,n/e,0,,n/e,n/e,n/e,n/e,9,
01:00 - 02:00,57,,n/e,n/e,n/e,n/e,211,,n/e,n/e,n/e,n/e,n/e,n/e,n/e,n/e,n/e,n/e,n/e,n/e,1153,,n/e,n/e,n/e,n/e,n/e,n/e,0,,n/e,n/e,0,,n/e,n/e,n/e,n/e,11,
02:00 - 03:00,58,,n/e,n/e,n/e,n/e,211,,n/e,n/e,n/e,n/e,n/e,n/e,n/e,n/e,n/e,n/e,n/e,n/e,1153,,n/e,n/e,n/e,n/e,n/e,n/e,0,,n/e,n/e,0,,n/e,n/e,n/e,n/e,12,
03:00 - 04:00,65,,n/e,n/e,n/e,n/e,213,,n/e,n/e,n/e,n/e,n/e,n/e,n/e,n/e,n/e,n/e,n/e,n/e,1153,,n/e,n/e,n/e,n/e,n/e,n/e,0,,n/e,n/e,0,,n/e,n/e,n/e,n/e,13,
04:00 - 05:00,67,,n/e,n/e,n/e,n/e,214,,n/e,n/e,n/e,n/e,n/e,n/e,n/e,n/e,n/e,n/e,n/e,n/e,1154,,n/e,n/e,n/e,n/e,n/e,n/e,0,,n/e,n/e,0,,n/e,n/e,n/e,n/e,10,
05:00 - 06:00,69,,n/e,n/e,n/e,n/e,320,,n/e,n/e,n/e,n/e,n/e,n/e,n/e,n/e,n/e,n/e,n/e,n/e,1155,,n/e,n/e,n/e,n/e,n/e,n/e,0,,n/e,n/e,0,,n/e,n/e,n/e,n/e,7,
06:00 - 07:00,70,,n/e,n/e,n/e,n/e,329,,n/e,n/e,n/e,n/e,n/e,n/e,n/e,n/e,n/e,n/e,n/e,n/e,1155,,n/e,n/e,n/e,n/e,n/e,n/e,0,,n/e,n/e,3,,n/e,n/e,n/e,n/e,10,
07:00 - 08:00,69,,n/e,n/e,n/e,n/e,329,,n/e,n/e,n/e,n/e,n/e,n/e,n/e,n/e,n/e,n/e,n/e,n/e,1156,,n/e,n/e,n/e,n/e,n/e,n/e,0,,n/e,n/e,7,,n/e,n/e,n/e,n/e,14,
08:00 - 09:00,68,,n/e,n/e,n/e,n/e,340,,n/e,n/e,n/e,n/e,n/e,n/e,n/e,n/e,n/e,n/e,n/e,n/e,1156,,n/e,n/e,n/e,n/e,n/e,n/e,0,,n/e,n/e,11,,n/e,n/e,n/e,n/e,20,
09:00 - 10:00,65,,n/e,n/e,n/e,n/e,342,,n/e,n/e,n/e,n/e,n/e,n/e,n/e,n/e,n/e,n/e,n/e,n/e,1156,,n/e,n/e,n/e,n/e,n/e,n/e,0,,n/e,n/e,16,,n/e,n/e,n/e,n/e,22,
10:00 - 11:00,63,,n/e,n/e,n/e,n/e,342,,n/e,n/e,n/e,n/e,n/e,n/e,n/e,n/e,n/e,n/e,n/e,n/e,1156,,n/e,n/e,n/e,n/e,n/e,n/e,0,,n/e,n/e,17,,n/e,n/e,n/e,n/e,25,
11:00 - 12:00,61,,n/e,n/e,n/e,n/e,248,,n/e,n/e,n/e,n/e,n/e,n/e,n/e,n/e,n/e,n/e,n/e,n/e,1156,,n/e,n/e,n/e,n/e,n/e,n/e,0,,n/e,n/e,16,,n/e,n/e,n/e,n/e,27,
12:00 - 13:00,60,,n/e,n/e,n/e,n/e,252,,n/e,n/e,n/e,n/e,n/e,n/e,n/e,n/e,n/e,n/e,n/e,n/e,1156,,n/e,n/e,n/e,n/e,n/e,n/e,0,,n/e,n/e,13,,n/e,n/e,n/e,n/e,21,
13:00 - 14:00,62,,n/e,n/e,n/e,n/e,263,,n/e,n/e,n/e,n/e,n/e,n/e,n/e,n/e,n/e,n/e,n/e,n/e,1156,,n/e,n/e,n/e,n/e,n/e,n/e,0,,n/e,n/e,8,,n/e,n/e,n/e,n/e,21,
14:00 - 15:00,62,,n/e,n/e,n/e,n/e,271,,n/e,n/e,n/e,n/e,n/e,n/e,n/e,n/e,n/e,n/e,n/e,n/e,1157,,n/e,n/e,n/e,n/e,n/e,n/e,0,,n/e,n/e,3,,n/e,n/e,n/e,n/e,17,
15:00 - 16:00,64,,n/e,n/e,n/e,n/e,273,,n/e,n/e,n/e,n/e,n/e,n/e,n/e,n/e,n/e,n/e,n/e,n/e,1157,,n/e,n/e,n/e,n/e,n/e,n/e,0,,n/e,n/e,0,,n/e,n/e,n/e,n/e,14,
16:00 - 17:00,66,,n/e,n/e,n/e,n/e,272,,n/e,n/e,n/e,n/e,n/e,n/e,n/e,n/e,n/e,n/e,n/e,n/e,1157,,n/e,n/e,n/e,n/e,n/e,n/e,0,,n/e,n/e,0,,n/e,n/e,n/e,n/e,13,
17:00 - 18:00,68,,n/e,n/e,n/e,n/e,270,,n/e,n/e,n/e,n/e,n/e,n/e,n/e,n/e,n/e,n/e,n/e,n/e,1158,,n/e,n/e,n/e,n/e,n/e,n/e,0,,n/e,n/e,0,,n/e,n/e,n/e,n/e,22,
18:00 - 19:00,67,,n/e,n/e,n/e,n/e,270,,n/e,n/e,n/e,n/e,n/e,n/e,n/e,n/e,n/e,n/e,n/e,n/e,1158,,n/e,n/e,n/e,n/e,n/e,n/e,0,,n/e,n/e,0,,n/e,n/e,n/e,n/e,31,
19:00 - 20:00,65,,n/e,n/e,n/e,n/e,269,,n/e,n/e,n/e,n/e,n/e,n/e,n/e,n/e,n/e,n/e,n/e,n/e,1159,,n/e,n/e,n/e,n/e,n/e,n/e,0,,n/e,n/e,0,,n/e,n/e,n/e,n/e,25,
20:00 - 21:00,63,,n/e,n/e,n/e,n/e,239,,n/e,n/e,n/e,n/e,n/e,n/e,n/e,n/e,n/e,n/e,n/e,n/e,1159,,n/e,n/e,n/e,n/e,n/e,n/e,0,,n/e,n/e,0,,n/e,n/e,n/e,n/e,34,
21:00 - 22:00,57,,n/e,n/e,n/e,n/e,233,,n/e,n/e,n/e,n/e,n/e,n/e,n/e,n/e,n/e,n/e,n/e,n/e,1159,,n/e,n/e,n/e,n/e,n/e,n/e,0,,n/e,n/e,0,,n/e,n/e,n/e,n/e,46,
22:00 - 23:00,54,,n/e,n/e,n/e,n/e,251,,n/e,n/e,n/e,n/e,n/e,n/e,n/e,n/e,n/e,n/e,n/e,n/e,1160,,n/e,n/e,n/e,n/e,n/e,n/e,0,,n/e,n/e,0,,n/e,n/e,n/e,n/e,45,
23:00 - 00:00,55,,n/e,n/e,n/e,n/e,214,,n/e,n/e,n/e,n/e,n/e,n/e,n/e,n/e,n/e,n/e,n/e,n/e,1160,,n/e,n/e,n/e,n/e,n/e,n/e,0,,n/e,n/e,0,,n/e,n/e,n/e,n/e,47,
00:00 - 01:00,54,,n/e,n/e,n/e,n/e,214,,n/e,n/e,n/e,n/e,n/e,n/e,n/e,n/e,n/e,n/e,n/e,n/e,1160,,n/e,n/e,n/e,n/e,n/e,n/e,0,,n/e,n/e,0,,n/e,n/e,n/e,n/e,43,
01:00 - 02:00,54,,n/e,n/e,n/e,n/e,213,,n/e,n/e,n/e,n/e,n/e,n/e,n/e,n/e,n/e,n/e,n/e,n/e,1161,,n/e,n/e,n/e,n/e,n/e,n/e,0,,n/e,n/e,0,,n/e,n/e,n/e,n/e,35,
02:00 - 03:00,54,,n/e,n/e,n/e,n/e,212,,n/e,n/e,n/e,n/e,n/e,n/e,n/e,n/e,n/e,n/e,n/e,n/e,1161,,n/e,n/e,n/e,n/e,n/e,n/e,0,,n/e,n/e,0,,n/e,n/e,n/e,n/e,30,
03:00 - 04:00,54,,n/e,n/e,n/e,n/e,212,,n/e,n/e,n/e,n/e,n/e,n/e,n/e,n/e,n/e,n/e,n/e,n/e,1164,,n/e,n/e,n/e,n/e,n/e,n/e,0,,n/e,n/e,0,,n/e,n/e,n/e,n/e,34,
04:00 - 05:00,57,,n/e,n/e,n/e,n/e,214,,n/e,n/e,n/e,n/e,n/e,n/e,n/e,n/e,n/e,n/e,n/e,n/e,1165,,n/e,n/e,n/e,n/e,n/e,n/e,0,,n/e,n/e,0,,n/e,n/e,n/e,n/e,35,
05:00 - 06:00,64,,n/e,n/e,n/e,n/e,215,,n/e,n/e,n/e,n/e,n/e,n/e,n/e,n/e,n/e,n/e,n/e,n/e,1166,,n/e,n/e,n/e,n/e,n/e,n/e,0,,n/e,n/e,0,,n/e,n/e,n/e,n/e,31,
06:00 - 07:00,67,,n/e,n/e,n/e,n/e,215,,n/e,n/e,n/e,n/e,n/e,n/e,n/e,n/e,n/e,n/e,n/e,n/e,1165,,n/e,n/e,n/e,n/e,n/e,n/e,0,,n/e,n/e,4,,n/e,n/e,n/e,n/e,21,
07:00 - 08:00,66,,n/e,n/e,n/e,n/e,216,,n/e,n/e,n/e,n/e,n/e,n/e,n/e,n/e,n/e,n/e,n/e,n/e,1250,,n/e,n/e,n/e,n/e,n/e,n/e,0,,n/e,n/e,12,,n/e,n/e,n/e,n/e,27,
08:00 - 09:00,67,,n/e,n/e,n/e,n/e,216,,n/e,n/e,n/e,n/e,n/e,n/e,n/e,n/e,n/e,n/e,n/e,n/e,1251,,n/e,n/e,n/e,n/e,n/e,n/e,0,,n/e,n/e,30,,n/e,n/e,n/e,n/e,20,
09:00 - 10:00,67,,n/e,n/e,n/e,n/e,215,,n/e,n/e,n/e,n/e,n/e,n/e,n/e,n/e,n/e,n/e,n/e,n/e,1253,,n/e,n/e,n/e,n/e,n/e,n/e,0,,n/e,n/e,55,,n/e,n/e,n/e,n/e,24,
10:00 - 11:00,65,,n/e,n/e,n/e,n/e,215,,n/e,n/e,n/e,n/e,n/e,n/e,n/e,n/e,n/e,n/e,n/e,n/e,1254,,n/e,n/e,n/e,n/e,n/e,n/e,0,,n/e,n/e,94,,n/e,n/e,n/e,n/e,34,
11:00 - 12:00,60,,n/e,n/e,n/e,n/e,215,,n/e,n/e,n/e,n/e,n/e,n/e,n/e,n/e,n/e,n/e,n/e,n/e,1250,,n/e,n/e,n/e,n/e,n/e,n/e,0,,n/e,n/e,126,,n/e,n/e,n/e,n/e,47,
12:00 - 13:00,59,,n/e,n/e,n/e,n/e,215,,n/e,n/e,n/e,n/e,n/e,n/e,n/e,n/e,n/e,n/e,n/e,n/e,1249,,n/e,n/e,n/e,n/e,n/e,n/e,0,,n/e,n/e,117,,n/e,n/e,n/e,n/e,53,
13:00 - 14:00,58,,n/e,n/e,n/e,n/e,215,,n/e,n/e,n/e,n/e,n/e,n/e,n/e,n/e,n/e,n/e,n/e,n/e,1246,,n/e,n/e,n/e,n/e,n/e,n/e,0,,n/e,n/e,79,,n/e,n/e,n/e,n/e,51,
14:00 - 15:00,56,,n/e,n/e,n/e,n/e,215,,n/e,n/e,n/e,n/e,n/e,n/e,n/e,n/e,n/e,n/e,n/e,n/e,1246,,n/e,n/e,n/e,n/e,n/e,n/e,0,,n/e,n/e,37,,n/e,n/e,n/e,n/e,50,
15:00 - 16:00,62,,n/e,n/e,n/e,n/e,215,,n/e,n/e,n/e,n/e,n/e,n/e,n/e,n/e,n/e,n/e,n/e,n/e,1171,,n/e,n/e,n/e,n/e,n/e,n/e,0,,n/e,n/e,5,,n/e,n/e,n/e,n/e,46,
16:00 - 17:00,64,,n/e,n/e,n/e,n/e,215,,n/e,n/e,n/e,n/e,n/e,n/e,n/e,n/e,n/e,n/e,n/e,n/e,1244,,n/e,n/e,n/e,n/e,n/e,n/e,0,,n/e,n/e,0,,n/e,n/e,n/e,n/e,61,
17:00 - 18:00,66,,n/e,n/e,n/e,n/e,215,,n/e,n/e,n/e,n/e,n/e,n/e,n/e,n/e,n/e,n/e,n/e,n/e,1381,,n/e,n/e,n/e,n/e,n/e,n/e,0,,n/e,n/e,0,,n/e,n/e,n/e,n/e,80,
18:00 - 19:00,66,,n/e,n/e,n/e,n/e,215,,n/e,n/e,n/e,n/e,n/e,n/e,n/e,n/e,n/e,n/e,n/e,n/e,1381,,n/e,n/e,n/e,n/e,n/e,n/e,0,,n/e,n/e,0,,n/e,n/e,n/e,n/e,86,
19:00 - 20:00,57,,n/e,n/e,n/e,n/e,213,,n/e,n/e,n/e,n/e,n/e,n/e,n/e,n/e,n/e,n/e,n/e,n/e,1384,,n/e,n/e,n/e,n/e,n/e,n/e,0,,n/e,n/e,0,,n/e,n/e,n/e,n/e,65,
20:00 - 21:00,54,,n/e,n/e,n/e,n/e,213,,n/e,n/e,n/e,n/e,n/e,n/e,n/e,n/e,n/e,n/e,n/e,n/e,1463,,n/e,n/e,n/e,n/e,n/e,n/e,0,,n/e,n/e,0,,n/e,n/e,n/e,n/e,65,
21:00 - 22:00,52,,n/e,n/e,n/e,n/e,211,,n/e,n/e,n/e,n/e,n/e,n/e,n/e,n/e,n/e,n/e,n/e,n/e,1461,,n/e,n/e,n/e,n/e,n/e,n/e,0,,n/e,n/e,0,,n/e,n/e,n/e,n/e,69,
22:00 - 23:00,52,,n/e,n/e,n/e,n/e,202,,n/e,n/e,n/e,n/e,n/e,n/e,n/e,n/e,n/e,n/e,n/e,n/e,1459,,n/e,n/e,n/e,n/e,n/e,n/e,0,,n/e,n/e,0,,n/e,n/e,n/e,n/e,64,
23:00 - 00:00,51,,n/e,n/e,n/e,n/e,204,,n/e,n/e,n/e,n/e,n/e,n/e,n/e,n/e,n/e,n/e,n/e,n/e,1458,,n/e,n/e,n/e,n/e,n/e,n/e,0,,n/e,n/e,0,,n/e,n/e,n/e,n/e,61,
00:00 - 01:00,53,,n/e,n/e,n/e,n/e,203,,n/e,n/e,n/e,n/e,n/e,n/e,n/e,n/e,n/e,n/e,n/e,n/e,1458,,n/e,n/e,n/e,n/e,n/e,n/e,0,,n/e,n/e,0,,n/e,n/e,n/e,n/e,42,
01:00 - 02:00,53,,n/e,n/e,n/e,n/e,204,,n/e,n/e,n/e,n/e,n/e,n/e,n/e,n/e,n/e,n/e,n/e,n/e,1457,,n/e,n/e,n/e,n/e,n/e,n/e,0,,n/e,n/e,0,,n/e,n/e,n/e,n/e,39,
02:00 - 03:00,52,,n/e,n/e,n/e,n/e,203,,n/e,n/e,n/e,n/e,n/e,n/e,n/e,n/e,n/e,n/e,n/e,n/e,1457,,n/e,n/e,n/e,n/e,n/e,n/e,0,,n/e,n/e,0,,n/e,n/e,n/e,n/e,53,
03:00 - 04:00,52,,n/e,n/e,n/e,n/e,203,,n/e,n/e,n/e,n/e,n/e,n/e,n/e,n/e,n/e,n/e,n/e,n/e,1457,,n/e,n/e,n/e,n/e,n/e,n/e,0,,n/e,n/e,0,,n/e,n/e,n/e,n/e,55,
04:00 - 05:00,52,,n/e,n/e,n/e,n/e,203,,n/e,n/e,n/e,n/e,n/e,n/e,n/e,n/e,n/e,n/e,n/e,n/e,1456,,n/e,n/e,n/e,n/e,n/e,n/e,0,,n/e,n/e,0,,n/e,n/e,n/e,n/e,42,
05:00 - 06:00,52,,n/e,n/e,n/e,n/e,203,,n/e,n/e,n/e,n/e,n/e,n/e,n/e,n/e,n/e,n/e,n/e,n/e,1454,,n/e,n/e,n/e,n/e,n/e,n/e,0,,n/e,n/e,4,,n/e,n/e,n/e,n/e,46,
06:00 - 07:00,54,,n/e,n/e,n/e,n/e,203,,n/e,n/e,n/e,n/e,n/e,n/e,n/e,n/e,n/e,n/e,n/e,n/e,1451,,n/e,n/e,n/e,n/e,n/e,n/e,0,,n/e,n/e,25,,n/e,n/e,n/e,n/e,65,
07:00 - 08:00,56,,n/e,n/e,n/e,n/e,203,,n/e,n/e,n/e,n/e,n/e,n/e,n/e,n/e,n/e,n/e,n/e,n/e,1451,,n/e,n/e,n/e,n/e,n/e,n/e,0,,n/e,n/e,59,,n/e,n/e,n/e,n/e,68,
08:00 - 09:00,57,,n/e,n/e,n/e,n/e,204,,n/e,n/e,n/e,n/e,n/e,n/e,n/e,n/e,n/e,n/e,n/e,n/e,1451,,n/e,n/e,n/e,n/e,n/e,n/e,0,,n/e,n/e,98,,n/e,n/e,n/e,n/e,58,
09:00 - 10:00,57,,n/e,n/e,n/e,n/e,204,,n/e,n/e,n/e,n/e,n/e,n/e,n/e,n/e,n/e,n/e,n/e,n/e,1368,,n/e,n/e,n/e,n/e,n/e,n/e,0,,n/e,n/e,126,,n/e,n/e,n/e,n/e,52,
10:00 - 11:00,58,,n/e,n/e,n/e,n/e,207,,n/e,n/e,n/e,n/e,n/e,n/e,n/e,n/e,n/e,n/e,n/e,n/e,1368,,n/e,n/e,n/e,n/e,n/e,n/e,0,,n/e,n/e,134,,n/e,n/e,n/e,n/e,59,
11:00 - 12:00,57,,n/e,n/e,n/e,n/e,205,,n/e,n/e,n/e,n/e,n/e,n/e,n/e,n/e,n/e,n/e,n/e,n/e,1367,,n/e,n/e,n/e,n/e,n/e,n/e,0,,n/e,n/e,130,,n/e,n/e,n/e,n/e,64,
12:00 - 13:00,57,,n/e,n/e,n/e,n/e,206,,n/e,n/e,n/e,n/e,n/e,n/e,n/e,n/e,n/e,n/e,n/e,n/e,1369,,n/e,n/e,n/e,n/e,n/e,n/e,0,,n/e,n/e,112,,n/e,n/e,n/e,n/e,59,
13:00 - 14:00,56,,n/e,n/e,n/e,n/e,206,,n/e,n/e,n/e,n/e,n/e,n/e,n/e,n/e,n/e,n/e,n/e,n/e,1370,,n/e,n/e,n/e,n/e,n/e,n/e,0,,n/e,n/e,67,,n/e,n/e,n/e,n/e,46,
14:00 - 15:00,58,,n/e,n/e,n/e,n/e,204,,n/e,n/e,n/e,n/e,n/e,n/e,n/e,n/e,n/e,n/e,n/e,n/e,1370,,n/e,n/e,n/e,n/e,n/e,n/e,0,,n/e,n/e,20,,n/e,n/e,n/e,n/e,38,
15:00 - 16:00,63,,n/e,n/e,n/e,n/e,204,,n/e,n/e,n/e,n/e,n/e,n/e,n/e,n/e,n/e,n/e,n/e,n/e,1370,,n/e,n/e,n/e,n/e,n/e,n/e,0,,n/e,n/e,2,,n/e,n/e,n/e,n/e,34,
16:00 - 17:00,64,,n/e,n/e,n/e,n/e,203,,n/e,n/e,n/e,n/e,n/e,n/e,n/e,n/e,n/e,n/e,n/e,n/e,1370,,n/e,n/e,n/e,n/e,n/e,n/e,0,,n/e,n/e,0,,n/e,n/e,n/e,n/e,37,
17:00 - 18:00,65,,n/e,n/e,n/e,n/e,203,,n/e,n/e,n/e,n/e,n/e,n/e,n/e,n/e,n/e,n/e,n/e,n/e,1370,,n/e,n/e,n/e,n/e,n/e,n/e,0,,n/e,n/e,0,,n/e,n/e,n/e,n/e,37,
18:00 - 19:00,64,,n/e,n/e,n/e,n/e,203,,n/e,n/e,n/e,n/e,n/e,n/e,n/e,n/e,n/e,n/e,n/e,n/e,1369,,n/e,n/e,n/e,n/e,n/e,n/e,0,,n/e,n/e,0,,n/e,n/e,n/e,n/e,36,
19:00 - 20:00,61,,n/e,n/e,n/e,n/e,203,,n/e,n/e,n/e,n/e,n/e,n/e,n/e,n/e,n/e,n/e,n/e,n/e,1369,,n/e,n/e,n/e,n/e,n/e,n/e,0,,n/e,n/e,0,,n/e,n/e,n/e,n/e,33,
20:00 - 21:00,60,,n/e,n/e,n/e,n/e,203,,n/e,n/e,n/e,n/e,n/e,n/e,n/e,n/e,n/e,n/e,n/e,n/e,1370,,n/e,n/e,n/e,n/e,n/e,n/e,0,,n/e,n/e,0,,n/e,n/e,n/e,n/e,30,
21:00 - 22:00,57,,n/e,n/e,n/e,n/e,203,,n/e,n/e,n/e,n/e,n/e,n/e,n/e,n/e,n/e,n/e,n/e,n/e,1367,,n/e,n/e,n/e,n/e,n/e,n/e,0,,n/e,n/e,0,,n/e,n/e,n/e,n/e,31,
22:00 - 23:00,56,,n/e,n/e,n/e,n/e,203,,n/e,n/e,n/e,n/e,n/e,n/e,n/e,n/e,n/e,n/e,n/e,n/e,1286,,n/e,n/e,n/e,n/e,n/e,n/e,0,,n/e,n/e,0,,n/e,n/e,n/e,n/e,25,
23:00 - 00:00,57,,n/e,n/e,n/e,n/e,203,,n/e,n/e,n/e,n/e,n/e,n/e,n/e,n/e,n/e,n/e,n/e,n/e,1286,,n/e,n/e,n/e,n/e,n/e,n/e,0,,n/e,n/e,0,,n/e,n/e,n/e,n/e,29,
00:00 - 01:00,57,,n/e,n/e,n/e,n/e,203,,n/e,n/e,n/e,n/e,n/e,n/e,n/e,n/e,n/e,n/e,n/e,n/e,1287,,n/e,n/e,n/e,n/e,n/e,n/e,0,,n/e,n/e,0,,n/e,n/e,n/e,n/e,27,
01:00 - 02:00,57,,n/e,n/e,n/e,n/e,203,,n/e,n/e,n/e,n/e,n/e,n/e,n/e,n/e,n/e,n/e,n/e,n/e,1289,,n/e,n/e,n/e,n/e,n/e,n/e,0,,n/e,n/e,0,,n/e,n/e,n/e,n/e,31,
02:00 - 03:00,58,,n/e,n/e,n/e,n/e,203,,n/e,n/e,n/e,n/e,n/e,n/e,n/e,n/e,n/e,n/e,n/e,n/e,1290,,n/e,n/e,n/e,n/e,n/e,n/e,0,,n/e,n/e,0,,n/e,n/e,n/e,n/e,36,
03:00 - 04:00,57,,n/e,n/e,n/e,n/e,203,,n/e,n/e,n/e,n/e,n/e,n/e,n/e,n/e,n/e,n/e,n/e,n/e,1291,,n/e,n/e,n/e,n/e,n/e,n/e,0,,n/e,n/e,0,,n/e,n/e,n/e,n/e,40,
04:00 - 05:00,58,,n/e,n/e,n/e,n/e,202,,n/e,n/e,n/e,n/e,n/e,n/e,n/e,n/e,n/e,n/e,n/e,n/e,1291,,n/e,n/e,n/e,n/e,n/e,n/e,0,,n/e,n/e,0,,n/e,n/e,n/e,n/e,48,
05:00 - 06:00,57,,n/e,n/e,n/e,n/e,202,,n/e,n/e,n/e,n/e,n/e,n/e,n/e,n/e,n/e,n/e,n/e,n/e,1291,,n/e,n/e,n/e,n/e,n/e,n/e,0,,n/e,n/e,4,,n/e,n/e,n/e,n/e,42,
06:00 - 07:00,59,,n/e,n/e,n/e,n/e,203,,n/e,n/e,n/e,n/e,n/e,n/e,n/e,n/e,n/e,n/e,n/e,n/e,1291,,n/e,n/e,n/e,n/e,n/e,n/e,0,,n/e,n/e,37,,n/e,n/e,n/e,n/e,30,
07:00 - 08:00,60,,n/e,n/e,n/e,n/e,203,,n/e,n/e,n/e,n/e,n/e,n/e,n/e,n/e,n/e,n/e,n/e,n/e,1291,,n/e,n/e,n/e,n/e,n/e,n/e,0,,n/e,n/e,91,,n/e,n/e,n/e,n/e,20,
08:00 - 09:00,61,,n/e,n/e,n/e,n/e,203,,n/e,n/e,n/e,n/e,n/e,n/e,n/e,n/e,n/e,n/e,n/e,n/e,1297,,n/e,n/e,n/e,n/e,n/e,n/e,0,,n/e,n/e,143,,n/e,n/e,n/e,n/e,21,
09:00 - 10:00,59,,n/e,n/e,n/e,n/e,203,,n/e,n/e,n/e,n/e,n/e,n/e,n/e,n/e,n/e,n/e,n/e,n/e,1292,,n/e,n/e,n/e,n/e,n/e,n/e,0,,n/e,n/e,177,,n/e,n/e,n/e,n/e,33,
10:00 - 11:00,59,,n/e,n/e,n/e,n/e,201,,n/e,n/e,n/e,n/e,n/e,n/e,n/e,n/e,n/e,n/e,n/e,n/e,1291,,n/e,n/e,n/e,n/e,n/e,n/e,0,,n/e,n/e,190,,n/e,n/e,n/e,n/e,52,
11:00 - 12:00,59,,n/e,n/e,n/e,n/e,220,,n/e,n/e,n/e,n/e,n/e,n/e,n/e,n/e,n/e,n/e,n/e,n/e,1356,,n/e,n/e,n/e,n/e,n/e,n/e,0,,n/e,n/e,183,,n/e,n/e,n/e,n/e,66,
12:00 - 13:00,58,,n/e,n/e,n/e,n/e,221,,n/e,n/e,n/e,n/e,n/e,n/e,n/e,n/e,n/e,n/e,n/e,n/e,1360,,n/e,n/e,n/e,n/e,n/e,n/e,0,,n/e,n/e,153,,n/e,n/e,n/e,n/e,43,
13:00 - 14:00,59,,n/e,n/e,n/e,n/e,209,,n/e,n/e,n/e,n/e,n/e,n/e,n/e,n/e,n/e,n/e,n/e,n/e,1311,,n/e,n/e,n/e,n/e,n/e,n/e,0,,n/e,n/e,107,,n/e,n/e,n/e,n/e,31,
14:00 - 15:00,61,,n/e,n/e,n/e,n/e,203,,n/e,n/e,n/e,n/e,n/e,n/e,n/e,n/e,n/e,n/e,n/e,n/e,1333,,n/e,n/e,n/e,n/e,n/e,n/e,0,,n/e,n/e,51,,n/e,n/e,n/e,n/e,29,
15:00 - 16:00,62,,n/e,n/e,n/e,n/e,203,,n/e,n/e,n/e,n/e,n/e,n/e,n/e,n/e,n/e,n/e,n/e,n/e,1374,,n/e,n/e,n/e,n/e,n/e,n/e,0,,n/e,n/e,8,,n/e,n/e,n/e,n/e,33,
16:00 - 17:00,65,,n/e,n/e,n/e,n/e,208,,n/e,n/e,n/e,n/e,n/e,n/e,n/e,n/e,n/e,n/e,n/e,n/e,1303,,n/e,n/e,n/e,n/e,n/e,n/e,0,,n/e,n/e,0,,n/e,n/e,n/e,n/e,40,
17:00 - 18:00,68,,n/e,n/e,n/e,n/e,214,,n/e,n/e,n/e,n/e,n/e,n/e,n/e,n/e,n/e,n/e,n/e,n/e,1288,,n/e,n/e,n/e,n/e,n/e,n/e,0,,n/e,n/e,0,,n/e,n/e,n/e,n/e,36,
18:00 - 19:00,68,,n/e,n/e,n/e,n/e,214,,n/e,n/e,n/e,n/e,n/e,n/e,n/e,n/e,n/e,n/e,n/e,n/e,1291,,n/e,n/e,n/e,n/e,n/e,n/e,0,,n/e,n/e,0,,n/e,n/e,n/e,n/e,35,
19:00 - 20:00,69,,n/e,n/e,n/e,n/e,214,,n/e,n/e,n/e,n/e,n/e,n/e,n/e,n/e,n/e,n/e,n/e,n/e,1370,,n/e,n/e,n/e,n/e,n/e,n/e,0,,n/e,n/e,0,,n/e,n/e,n/e,n/e,39,
20:00 - 21:00,68,,n/e,n/e,n/e,n/e,206,,n/e,n/e,n/e,n/e,n/e,n/e,n/e,n/e,n/e,n/e,n/e,n/e,1370,,n/e,n/e,n/e,n/e,n/e,n/e,0,,n/e,n/e,0,,n/e,n/e,n/e,n/e,23,
21:00 - 22:00,67,,n/e,n/e,n/e,n/e,195,,n/e,n/e,n/e,n/e,n/e,n/e,n/e,n/e,n/e,n/e,n/e,n/e,1369,,n/e,n/e,n/e,n/e,n/e,n/e,0,,n/e,n/e,0,,n/e,n/e,n/e,n/e,25,
22:00 - 23:00,66,,n/e,n/e,n/e,n/e,180,,n/e,n/e,n/e,n/e,n/e,n/e,n/e,n/e,n/e,n/e,n/e,n/e,1369,,n/e,n/e,n/e,n/e,n/e,n/e,0,,n/e,n/e,0,,n/e,n/e,n/e,n/e,27,
23:00 - 00:00,65,,n/e,n/e,n/e,n/e,153,,n/e,n/e,n/e,n/e,n/e,n/e,n/e,n/e,n/e,n/e,n/e,n/e,1209,,n/e,n/e,n/e,n/e,n/e,n/e,0,,n/e,n/e,0,,n/e,n/e,n/e,n/e,30,
00:00 - 01:00,64,,n/e,n/e,n/e,n/e,151,,n/e,n/e,n/e,n/e,n/e,n/e,n/e,n/e,n/e,n/e,n/e,n/e,1204,,n/e,n/e,n/e,n/e,n/e,n/e,0,,n/e,n/e,0,,n/e,n/e,n/e,n/e,32,
01:00 - 02:00,64,,n/e,n/e,n/e,n/e,151,,n/e,n/e,n/e,n/e,n/e,n/e,n/e,n/e,n/e,n/e,n/e,n/e,1204,,n/e,n/e,n/e,n/e,n/e,n/e,0,,n/e,n/e,0,,n/e,n/e,n/e,n/e,34,
02:00 - 03:00,64,,n/e,n/e,n/e,n/e,151,,n/e,n/e,n/e,n/e,n/e,n/e,n/e,n/e,n/e,n/e,n/e,n/e,1205,,n/e,n/e,n/e,n/e,n/e,n/e,0,,n/e,n/e,0,,n/e,n/e,n/e,n/e,30,
03:00 - 04:00,64,,n/e,n/e,n/e,n/e,152,,n/e,n/e,n/e,n/e,n/e,n/e,n/e,n/e,n/e,n/e,n/e,n/e,1124,,n/e,n/e,n/e,n/e,n/e,n/e,0,,n/e,n/e,0,,n/e,n/e,n/e,n/e,26,
04:00 - 05:00,66,,n/e,n/e,n/e,n/e,156,,n/e,n/e,n/e,n/e,n/e,n/e,n/e,n/e,n/e,n/e,n/e,n/e,1118,,n/e,n/e,n/e,n/e,n/e,n/e,0,,n/e,n/e,0,,n/e,n/e,n/e,n/e,26,
05:00 - 06:00,66,,n/e,n/e,n/e,n/e,202,,n/e,n/e,n/e,n/e,n/e,n/e,n/e,n/e,n/e,n/e,n/e,n/e,1282,,n/e,n/e,n/e,n/e,n/e,n/e,0,,n/e,n/e,4,,n/e,n/e,n/e,n/e,27,
06:00 - 07:00,68,,n/e,n/e,n/e,n/e,288,,n/e,n/e,n/e,n/e,n/e,n/e,n/e,n/e,n/e,n/e,n/e,n/e,1291,,n/e,n/e,n/e,n/e,n/e,n/e,0,,n/e,n/e,33,,n/e,n/e,n/e,n/e,20,
07:00 - 08:00,69,,n/e,n/e,n/e,n/e,289,,n/e,n/e,n/e,n/e,n/e,n/e,n/e,n/e,n/e,n/e,n/e,n/e,1291,,n/e,n/e,n/e,n/e,n/e,n/e,0,,n/e,n/e,82,,n/e,n/e,n/e,n/e,8,
08:00 - 09:00,69,,n/e,n/e,n/e,n/e,289,,n/e,n/e,n/e,n/e,n/e,n/e,n/e,n/e,n/e,n/e,n/e,n/e,1291,,n/e,n/e,n/e,n/e,n/e,n/e,0,,n/e,n/e,131,,n/e,n/e,n/e,n/e,5,
09:00 - 10:00,68,,n/e,n/e,n/e,n/e,284,,n/e,n/e,n/e,n/e,n/e,n/e,n/e,n/e,n/e,n/e,n/e,n/e,1290,,n/e,n/e,n/e,n/e,n/e,n/e,0,,n/e,n/e,166,,n/e,n/e,n/e,n/e,14,
10:00 - 11:00,67,,n/e,n/e,n/e,n/e,227,,n/e,n/e,n/e,n/e,n/e,n/e,n/e,n/e,n/e,n/e,n/e,n/e,1257,,n/e,n/e,n/e,n/e,n/e,n/e,0,,n/e,n/e,179,,n/e,n/e,n/e,n/e,31,
11:00 - 12:00,65,,n/e,n/e,n/e,n/e,227,,n/e,n/e,n/e,n/e,n/e,n/e,n/e,n/e,n/e,n/e,n/e,n/e,1257,,n/e,n/e,n/e,n/e,n/e,n/e,0,,n/e,n/e,168,,n/e,n/e,n/e,n/e,34,
12:00 - 13:00,64,,n/e,n/e,n/e,n/e,227,,n/e,n/e,n/e,n/e,n/e,n/e,n/e,n/e,n/e,n/e,n/e,n/e,1257,,n/e,n/e,n/e,n/e,n/e,n/e,0,,n/e,n/e,142,,n/e,n/e,n/e,n/e,26,
13:00 - 14:00,62,,n/e,n/e,n/e,n/e,227,,n/e,n/e,n/e,n/e,n/e,n/e,n/e,n/e,n/e,n/e,n/e,n/e,1247,,n/e,n/e,n/e,n/e,n/e,n/e,0,,n/e,n/e,98,,n/e,n/e,n/e,n/e,32,
14:00 - 15:00,64,,n/e,n/e,n/e,n/e,235,,n/e,n/e,n/e,n/e,n/e,n/e,n/e,n/e,n/e,n/e,n/e,n/e,1224,,n/e,n/e,n/e,n/e,n/e,n/e,0,,n/e,n/e,45,,n/e,n/e,n/e,n/e,55,
15:00 - 16:00,66,,n/e,n/e,n/e,n/e,318,,n/e,n/e,n/e,n/e,n/e,n/e,n/e,n/e,n/e,n/e,n/e,n/e,1247,,n/e,n/e,n/e,n/e,n/e,n/e,0,,n/e,n/e,8,,n/e,n/e,n/e,n/e,36,
16:00 - 17:00,67,,n/e,n/e,n/e,n/e,244,,n/e,n/e,n/e,n/e,n/e,n/e,n/e,n/e,n/e,n/e,n/e,n/e,1335,,n/e,n/e,n/e,n/e,n/e,n/e,0,,n/e,n/e,0,,n/e,n/e,n/e,n/e,31,
17:00 - 18:00,69,,n/e,n/e,n/e,n/e,229,,n/e,n/e,n/e,n/e,n/e,n/e,n/e,n/e,n/e,n/e,n/e,n/e,1363,,n/e,n/e,n/e,n/e,n/e,n/e,0,,n/e,n/e,0,,n/e,n/e,n/e,n/e,34,
18:00 - 19:00,68,,n/e,n/e,n/e,n/e,282,,n/e,n/e,n/e,n/e,n/e,n/e,n/e,n/e,n/e,n/e,n/e,n/e,1211,,n/e,n/e,n/e,n/e,n/e,n/e,0,,n/e,n/e,0,,n/e,n/e,n/e,n/e,40,
19:00 - 20:00,68,,n/e,n/e,n/e,n/e,227,,n/e,n/e,n/e,n/e,n/e,n/e,n/e,n/e,n/e,n/e,n/e,n/e,1267,,n/e,n/e,n/e,n/e,n/e,n/e,0,,n/e,n/e,0,,n/e,n/e,n/e,n/e,31,
20:00 - 21:00,68,,n/e,n/e,n/e,n/e,155,,n/e,n/e,n/e,n/e,n/e,n/e,n/e,n/e,n/e,n/e,n/e,n/e,1124,,n/e,n/e,n/e,n/e,n/e,n/e,0,,n/e,n/e,0,,n/e,n/e,n/e,n/e,37,
21:00 - 22:00,66,,n/e,n/e,n/e,n/e,152,,n/e,n/e,n/e,n/e,n/e,n/e,n/e,n/e,n/e,n/e,n/e,n/e,1120,,n/e,n/e,n/e,n/e,n/e,n/e,0,,n/e,n/e,0,,n/e,n/e,n/e,n/e,40,
22:00 - 23:00,66,,n/e,n/e,n/e,n/e,152,,n/e,n/e,n/e,n/e,n/e,n/e,n/e,n/e,n/e,n/e,n/e,n/e,1205,,n/e,n/e,n/e,n/e,n/e,n/e,0,,n/e,n/e,0,,n/e,n/e,n/e,n/e,36,
23:00 - 00:00,64,,n/e,n/e,n/e,n/e,152,,n/e,n/e,n/e,n/e,n/e,n/e,n/e,n/e,n/e,n/e,n/e,n/e,1207,,n/e,n/e,n/e,n/e,n/e,n/e,0,,n/e,n/e,0,,n/e,n/e,n/e,n/e,43,
00:00 - 01:00,62,,n/e,n/e,n/e,n/e,152,,n/e,n/e,n/e,n/e,n/e,n/e,n/e,n/e,n/e,n/e,n/e,n/e,1207,,n/e,n/e,n/e,n/e,n/e,n/e,0,,n/e,n/e,0,,n/e,n/e,n/e,n/e,39,
01:00 - 02:00,60,,n/e,n/e,n/e,n/e,152,,n/e,n/e,n/e,n/e,n/e,n/e,n/e,n/e,n/e,n/e,n/e,n/e,1207,,n/e,n/e,n/e,n/e,n/e,n/e,0,,n/e,n/e,0,,n/e,n/e,n/e,n/e,37,
02:00 - 03:00,60,,n/e,n/e,n/e,n/e,152,,n/e,n/e,n/e,n/e,n/e,n/e,n/e,n/e,n/e,n/e,n/e,n/e,1206,,n/e,n/e,n/e,n/e,n/e,n/e,0,,n/e,n/e,0,,n/e,n/e,n/e,n/e,43,
03:00 - 04:00,60,,n/e,n/e,n/e,n/e,152,,n/e,n/e,n/e,n/e,n/e,n/e,n/e,n/e,n/e,n/e,n/e,n/e,1206,,n/e,n/e,n/e,n/e,n/e,n/e,0,,n/e,n/e,0,,n/e,n/e,n/e,n/e,44,
04:00 - 05:00,59,,n/e,n/e,n/e,n/e,152,,n/e,n/e,n/e,n/e,n/e,n/e,n/e,n/e,n/e,n/e,n/e,n/e,1288,,n/e,n/e,n/e,n/e,n/e,n/e,0,,n/e,n/e,0,,n/e,n/e,n/e,n/e,47,
05:00 - 06:00,61,,n/e,n/e,n/e,n/e,153,,n/e,n/e,n/e,n/e,n/e,n/e,n/e,n/e,n/e,n/e,n/e,n/e,1290,,n/e,n/e,n/e,n/e,n/e,n/e,0,,n/e,n/e,6,,n/e,n/e,n/e,n/e,45,
06:00 - 07:00,63,,n/e,n/e,n/e,n/e,153,,n/e,n/e,n/e,n/e,n/e,n/e,n/e,n/e,n/e,n/e,n/e,n/e,1288,,n/e,n/e,n/e,n/e,n/e,n/e,0,,n/e,n/e,39,,n/e,n/e,n/e,n/e,40,
07:00 - 08:00,64,,n/e,n/e,n/e,n/e,153,,n/e,n/e,n/e,n/e,n/e,n/e,n/e,n/e,n/e,n/e,n/e,n/e,1226,,n/e,n/e,n/e,n/e,n/e,n/e,0,,n/e,n/e,91,,n/e,n/e,n/e,n/e,34,
08:00 - 09:00,65,,n/e,n/e,n/e,n/e,153,,n/e,n/e,n/e,n/e,n/e,n/e,n/e,n/e,n/e,n/e,n/e,n/e,1209,,n/e,n/e,n/e,n/e,n/e,n/e,0,,n/e,n/e,143,,n/e,n/e,n/e,n/e,39,
09:00 - 10:00,65,,n/e,n/e,n/e,n/e,153,,n/e,n/e,n/e,n/e,n/e,n/e,n/e,n/e,n/e,n/e,n/e,n/e,1227,,n/e,n/e,n/e,n/e,n/e,n/e,0,,n/e,n/e,180,,n/e,n/e,n/e,n/e,44,
10:00 - 11:00,63,,n/e,n/e,n/e,n/e,153,,n/e,n/e,n/e,n/e,n/e,n/e,n/e,n/e,n/e,n/e,n/e,n/e,1291,,n/e,n/e,n/e,n/e,n/e,n/e,0,,n/e,n/e,193,,n/e,n/e,n/e,n/e,55,
11:00 - 12:00,59,,n/e,n/e,n/e,n/e,154,,n/e,n/e,n/e,n/e,n/e,n/e,n/e,n/e,n/e,n/e,n/e,n/e,1290,,n/e,n/e,n/e,n/e,n/e,n/e,0,,n/e,n/e,186,,n/e,n/e,n/e,n/e,62,
12:00 - 13:00,57,,n/e,n/e,n/e,n/e,184,,n/e,n/e,n/e,n/e,n/e,n/e,n/e,n/e,n/e,n/e,n/e,n/e,1291,,n/e,n/e,n/e,n/e,n/e,n/e,0,,n/e,n/e,161,,n/e,n/e,n/e,n/e,60,
13:00 - 14:00,58,,n/e,n/e,n/e,n/e,188,,n/e,n/e,n/e,n/e,n/e,n/e,n/e,n/e,n/e,n/e,n/e,n/e,1293,,n/e,n/e,n/e,n/e,n/e,n/e,0,,n/e,n/e,115,,n/e,n/e,n/e,n/e,57,
14:00 - 15:00,62,,n/e,n/e,n/e,n/e,189,,n/e,n/e,n/e,n/e,n/e,n/e,n/e,n/e,n/e,n/e,n/e,n/e,1293,,n/e,n/e,n/e,n/e,n/e,n/e,0,,n/e,n/e,58,,n/e,n/e,n/e,n/e,63,
15:00 - 16:00,63,,n/e,n/e,n/e,n/e,283,,n/e,n/e,n/e,n/e,n/e,n/e,n/e,n/e,n/e,n/e,n/e,n/e,1293,,n/e,n/e,n/e,n/e,n/e,n/e,0,,n/e,n/e,10,,n/e,n/e,n/e,n/e,63,
16:00 - 17:00,65,,n/e,n/e,n/e,n/e,290,,n/e,n/e,n/e,n/e,n/e,n/e,n/e,n/e,n/e,n/e,n/e,n/e,1295,,n/e,n/e,n/e,n/e,n/e,n/e,0,,n/e,n/e,0,,n/e,n/e,n/e,n/e,60,
17:00 - 18:00,68,,n/e,n/e,n/e,n/e,290,,n/e,n/e,n/e,n/e,n/e,n/e,n/e,n/e,n/e,n/e,n/e,n/e,1295,,n/e,n/e,n/e,n/e,n/e,n/e,0,,n/e,n/e,0,,n/e,n/e,n/e,n/e,62,
18:00 - 19:00,68,,n/e,n/e,n/e,n/e,290,,n/e,n/e,n/e,n/e,n/e,n/e,n/e,n/e,n/e,n/e,n/e,n/e,1295,,n/e,n/e,n/e,n/e,n/e,n/e,0,,n/e,n/e,0,,n/e,n/e,n/e,n/e,52,
19:00 - 20:00,68,,n/e,n/e,n/e,n/e,290,,n/e,n/e,n/e,n/e,n/e,n/e,n/e,n/e,n/e,n/e,n/e,n/e,1295,,n/e,n/e,n/e,n/e,n/e,n/e,0,,n/e,n/e,0,,n/e,n/e,n/e,n/e,53,
20:00 - 21:00,65,,n/e,n/e,n/e,n/e,285,,n/e,n/e,n/e,n/e,n/e,n/e,n/e,n/e,n/e,n/e,n/e,n/e,1295,,n/e,n/e,n/e,n/e,n/e,n/e,0,,n/e,n/e,0,,n/e,n/e,n/e,n/e,55,
21:00 - 22:00,63,,n/e,n/e,n/e,n/e,186,,n/e,n/e,n/e,n/e,n/e,n/e,n/e,n/e,n/e,n/e,n/e,n/e,1295,,n/e,n/e,n/e,n/e,n/e,n/e,0,,n/e,n/e,0,,n/e,n/e,n/e,n/e,46,
22:00 - 23:00,61,,n/e,n/e,n/e,n/e,188,,n/e,n/e,n/e,n/e,n/e,n/e,n/e,n/e,n/e,n/e,n/e,n/e,1213,,n/e,n/e,n/e,n/e,n/e,n/e,0,,n/e,n/e,0,,n/e,n/e,n/e,n/e,34,
23:00 - 00:00,59,,n/e,n/e,n/e,n/e,275,,n/e,n/e,n/e,n/e,n/e,n/e,n/e,n/e,n/e,n/e,n/e,n/e,1211,,n/e,n/e,n/e,n/e,n/e,n/e,0,,n/e,n/e,0,,n/e,n/e,n/e,n/e,21,
00:00 - 01:00,59,,n/e,n/e,n/e,n/e,283,,n/e,n/e,n/e,n/e,n/e,n/e,n/e,n/e,n/e,n/e,n/e,n/e,1210,,n/e,n/e,n/e,n/e,n/e,n/e,0,,n/e,n/e,0,,n/e,n/e,n/e,n/e,24,
01:00 - 02:00,60,,n/e,n/e,n/e,n/e,283,,n/e,n/e,n/e,n/e,n/e,n/e,n/e,n/e,n/e,n/e,n/e,n/e,1210,,n/e,n/e,n/e,n/e,n/e,n/e,0,,n/e,n/e,0,,n/e,n/e,n/e,n/e,19,
02:00 - 03:00,60,,n/e,n/e,n/e,n/e,283,,n/e,n/e,n/e,n/e,n/e,n/e,n/e,n/e,n/e,n/e,n/e,n/e,1210,,n/e,n/e,n/e,n/e,n/e,n/e,0,,n/e,n/e,0,,n/e,n/e,n/e,n/e,19,
03:00 - 04:00,62,,n/e,n/e,n/e,n/e,283,,n/e,n/e,n/e,n/e,n/e,n/e,n/e,n/e,n/e,n/e,n/e,n/e,1209,,n/e,n/e,n/e,n/e,n/e,n/e,0,,n/e,n/e,0,,n/e,n/e,n/e,n/e,22,
04:00 - 05:00,64,,n/e,n/e,n/e,n/e,283,,n/e,n/e,n/e,n/e,n/e,n/e,n/e,n/e,n/e,n/e,n/e,n/e,1208,,n/e,n/e,n/e,n/e,n/e,n/e,0,,n/e,n/e,0,,n/e,n/e,n/e,n/e,29,
05:00 - 06:00,65,,n/e,n/e,n/e,n/e,287,,n/e,n/e,n/e,n/e,n/e,n/e,n/e,n/e,n/e,n/e,n/e,n/e,1207,,n/e,n/e,n/e,n/e,n/e,n/e,0,,n/e,n/e,7,,n/e,n/e,n/e,n/e,28,
06:00 - 07:00,68,,n/e,n/e,n/e,n/e,289,,n/e,n/e,n/e,n/e,n/e,n/e,n/e,n/e,n/e,n/e,n/e,n/e,1209,,n/e,n/e,n/e,n/e,n/e,n/e,0,,n/e,n/e,47,,n/e,n/e,n/e,n/e,17,
07:00 - 08:00,69,,n/e,n/e,n/e,n/e,290,,n/e,n/e,n/e,n/e,n/e,n/e,n/e,n/e,n/e,n/e,n/e,n/e,1293,,n/e,n/e,n/e,n/e,n/e,n/e,0,,n/e,n/e,104,,n/e,n/e,n/e,n/e,9,
08:00 - 09:00,69,,n/e,n/e,n/e,n/e,287,,n/e,n/e,n/e,n/e,n/e,n/e,n/e,n/e,n/e,n/e,n/e,n/e,1276,,n/e,n/e,n/e,n/e,n/e,n/e,0,,n/e,n/e,154,,n/e,n/e,n/e,n/e,9,
09:00 - 10:00,68,,n/e,n/e,n/e,n/e,287,,n/e,n/e,n/e,n/e,n/e,n/e,n/e,n/e,n/e,n/e,n/e,n/e,1258,,n/e,n/e,n/e,n/e,n/e,n/e,0,,n/e,n/e,187,,n/e,n/e,n/e,n/e,18,
10:00 - 11:00,68,,n/e,n/e,n/e,n/e,287,,n/e,n/e,n/e,n/e,n/e,n/e,n/e,n/e,n/e,n/e,n/e,n/e,1268,,n/e,n/e,n/e,n/e,n/e,n/e,0,,n/e,n/e,199,,n/e,n/e,n/e,n/e,15,
11:00 - 12:00,65,,n/e,n/e,n/e,n/e,287,,n/e,n/e,n/e,n/e,n/e,n/e,n/e,n/e,n/e,n/e,n/e,n/e,1273,,n/e,n/e,n/e,n/e,n/e,n/e,0,,n/e,n/e,191,,n/e,n/e,n/e,n/e,13,
12:00 - 13:00,66,,n/e,n/e,n/e,n/e,287,,n/e,n/e,n/e,n/e,n/e,n/e,n/e,n/e,n/e,n/e,n/e,n/e,1276,,n/e,n/e,n/e,n/e,n/e,n/e,0,,n/e,n/e,165,,n/e,n/e,n/e,n/e,10,
13:00 - 14:00,67,,n/e,n/e,n/e,n/e,287,,n/e,n/e,n/e,n/e,n/e,n/e,n/e,n/e,n/e,n/e,n/e,n/e,1279,,n/e,n/e,n/e,n/e,n/e,n/e,0,,n/e,n/e,120,,n/e,n/e,n/e,n/e,8,
14:00 - 15:00,67,,n/e,n/e,n/e,n/e,288,,n/e,n/e,n/e,n/e,n/e,n/e,n/e,n/e,n/e,n/e,n/e,n/e,1279,,n/e,n/e,n/e,n/e,n/e,n/e,0,,n/e,n/e,62,,n/e,n/e,n/e,n/e,6,
15:00 - 16:00,69,,n/e,n/e,n/e,n/e,288,,n/e,n/e,n/e,n/e,n/e,n/e,n/e,n/e,n/e,n/e,n/e,n/e,1279,,n/e,n/e,n/e,n/e,n/e,n/e,0,,n/e,n/e,12,,n/e,n/e,n/e,n/e,7,
16:00 - 17:00,70,,n/e,n/e,n/e,n/e,288,,n/e,n/e,n/e,n/e,n/e,n/e,n/e,n/e,n/e,n/e,n/e,n/e,1293,,n/e,n/e,n/e,n/e,n/e,n/e,0,,n/e,n/e,0,,n/e,n/e,n/e,n/e,10,
17:00 - 18:00,71,,n/e,n/e,n/e,n/e,288,,n/e,n/e,n/e,n/e,n/e,n/e,n/e,n/e,n/e,n/e,n/e,n/e,1295,,n/e,n/e,n/e,n/e,n/e,n/e,0,,n/e,n/e,0,,n/e,n/e,n/e,n/e,13,
18:00 - 19:00,70,,n/e,n/e,n/e,n/e,288,,n/e,n/e,n/e,n/e,n/e,n/e,n/e,n/e,n/e,n/e,n/e,n/e,1295,,n/e,n/e,n/e,n/e,n/e,n/e,0,,n/e,n/e,0,,n/e,n/e,n/e,n/e,11,
19:00 - 20:00,71,,n/e,n/e,n/e,n/e,288,,n/e,n/e,n/e,n/e,n/e,n/e,n/e,n/e,n/e,n/e,n/e,n/e,1211,,n/e,n/e,n/e,n/e,n/e,n/e,0,,n/e,n/e,0,,n/e,n/e,n/e,n/e,9,
20:00 - 21:00,70,,n/e,n/e,n/e,n/e,288,,n/e,n/e,n/e,n/e,n/e,n/e,n/e,n/e,n/e,n/e,n/e,n/e,1209,,n/e,n/e,n/e,n/e,n/e,n/e,0,,n/e,n/e,0,,n/e,n/e,n/e,n/e,5,
21:00 - 22:00,68,,n/e,n/e,n/e,n/e,284,,n/e,n/e,n/e,n/e,n/e,n/e,n/e,n/e,n/e,n/e,n/e,n/e,1208,,n/e,n/e,n/e,n/e,n/e,n/e,0,,n/e,n/e,0,,n/e,n/e,n/e,n/e,3,
22:00 - 23:00,67,,n/e,n/e,n/e,n/e,282,,n/e,n/e,n/e,n/e,n/e,n/e,n/e,n/e,n/e,n/e,n/e,n/e,1210,,n/e,n/e,n/e,n/e,n/e,n/e,0,,n/e,n/e,0,,n/e,n/e,n/e,n/e,2,
23:00 - 00:00,66,,n/e,n/e,n/e,n/e,283,,n/e,n/e,n/e,n/e,n/e,n/e,n/e,n/e,n/e,n/e,n/e,n/e,1258,,n/e,n/e,n/e,n/e,n/e,n/e,0,,n/e,n/e,0,,n/e,n/e,n/e,n/e,1,
00:00 - 01:00,65,,n/e,n/e,n/e,n/e,283,,n/e,n/e,n/e,n/e,n/e,n/e,n/e,n/e,n/e,n/e,n/e,n/e,1258,,n/e,n/e,n/e,n/e,n/e,n/e,0,,n/e,n/e,0,,n/e,n/e,n/e,n/e,0,
01:00 - 02:00,65,,n/e,n/e,n/e,n/e,283,,n/e,n/e,n/e,n/e,n/e,n/e,n/e,n/e,n/e,n/e,n/e,n/e,1258,,n/e,n/e,n/e,n/e,n/e,n/e,0,,n/e,n/e,0,,n/e,n/e,n/e,n/e,0,
02:00 - 03:00,65,,n/e,n/e,n/e,n/e,283,,n/e,n/e,n/e,n/e,n/e,n/e,n/e,n/e,n/e,n/e,n/e,n/e,1257,,n/e,n/e,n/e,n/e,n/e,n/e,0,,n/e,n/e,0,,n/e,n/e,n/e,n/e,1,
03:00 - 04:00,66,,n/e,n/e,n/e,n/e,283,,n/e,n/e,n/e,n/e,n/e,n/e,n/e,n/e,n/e,n/e,n/e,n/e,1257,,n/e,n/e,n/e,n/e,n/e,n/e,0,,n/e,n/e,0,,n/e,n/e,n/e,n/e,1,
04:00 - 05:00,66,,n/e,n/e,n/e,n/e,287,,n/e,n/e,n/e,n/e,n/e,n/e,n/e,n/e,n/e,n/e,n/e,n/e,1256,,n/e,n/e,n/e,n/e,n/e,n/e,0,,n/e,n/e,0,,n/e,n/e,n/e,n/e,2,
05:00 - 06:00,71,,n/e,n/e,n/e,n/e,291,,n/e,n/e,n/e,n/e,n/e,n/e,n/e,n/e,n/e,n/e,n/e,n/e,1257,,n/e,n/e,n/e,n/e,n/e,n/e,0,,n/e,n/e,7,,n/e,n/e,n/e,n/e,2,
06:00 - 07:00,74,,n/e,n/e,n/e,n/e,290,,n/e,n/e,n/e,n/e,n/e,n/e,n/e,n/e,n/e,n/e,n/e,n/e,1258,,n/e,n/e,n/e,n/e,n/e,n/e,0,,n/e,n/e,37,,n/e,n/e,n/e,n/e,3,
07:00 - 08:00,75,,n/e,n/e,n/e,n/e,203,,n/e,n/e,n/e,n/e,n/e,n/e,n/e,n/e,n/e,n/e,n/e,n/e,1291,,n/e,n/e,n/e,n/e,n/e,n/e,0,,n/e,n/e,75,,n/e,n/e,n/e,n/e,1,
08:00 - 09:00,72,,n/e,n/e,n/e,n/e,198,,n/e,n/e,n/e,n/e,n/e,n/e,n/e,n/e,n/e,n/e,n/e,n/e,1291,,n/e,n/e,n/e,n/e,n/e,n/e,0,,n/e,n/e,122,,n/e,n/e,n/e,n/e,2,
09:00 - 10:00,69,,n/e,n/e,n/e,n/e,198,,n/e,n/e,n/e,n/e,n/e,n/e,n/e,n/e,n/e,n/e,n/e,n/e,1291,,n/e,n/e,n/e,n/e,n/e,n/e,0,,n/e,n/e,156,,n/e,n/e,n/e,n/e,3,
10:00 - 11:00,67,,n/e,n/e,n/e,n/e,238,,n/e,n/e,n/e,n/e,n/e,n/e,n/e,n/e,n/e,n/e,n/e,n/e,1292,,n/e,n/e,n/e,n/e,n/e,n/e,0,,n/e,n/e,165,,n/e,n/e,n/e,n/e,5,
11:00 - 12:00,66,,n/e,n/e,n/e,n/e,287,,n/e,n/e,n/e,n/e,n/e,n/e,n/e,n/e,n/e,n/e,n/e,n/e,1292,,n/e,n/e,n/e,n/e,n/e,n/e,0,,n/e,n/e,151,,n/e,n/e,n/e,n/e,10,
12:00 - 13:00,65,,n/e,n/e,n/e,n/e,297,,n/e,n/e,n/e,n/e,n/e,n/e,n/e,n/e,n/e,n/e,n/e,n/e,1281,,n/e,n/e,n/e,n/e,n/e,n/e,0,,n/e,n/e,135,,n/e,n/e,n/e,n/e,9,
13:00 - 14:00,65,,n/e,n/e,n/e,n/e,308,,n/e,n/e,n/e,n/e,n/e,n/e,n/e,n/e,n/e,n/e,n/e,n/e,1266,,n/e,n/e,n/e,n/e,n/e,n/e,0,,n/e,n/e,103,,n/e,n/e,n/e,n/e,8,
14:00 - 15:00,67,,n/e,n/e,n/e,n/e,357,,n/e,n/e,n/e,n/e,n/e,n/e,n/e,n/e,n/e,n/e,n/e,n/e,1265,,n/e,n/e,n/e,n/e,n/e,n/e,0,,n/e,n/e,55,,n/e,n/e,n/e,n/e,7,
15:00 - 16:00,68,,n/e,n/e,n/e,n/e,348,,n/e,n/e,n/e,n/e,n/e,n/e,n/e,n/e,n/e,n/e,n/e,n/e,1271,,n/e,n/e,n/e,n/e,n/e,n/e,0,,n/e,n/e,11,,n/e,n/e,n/e,n/e,7,
16:00 - 17:00,70,,n/e,n/e,n/e,n/e,369,,n/e,n/e,n/e,n/e,n/e,n/e,n/e,n/e,n/e,n/e,n/e,n/e,1248,,n/e,n/e,n/e,n/e,n/e,n/e,0,,n/e,n/e,0,,n/e,n/e,n/e,n/e,6,
17:00 - 18:00,71,,n/e,n/e,n/e,n/e,348,,n/e,n/e,n/e,n/e,n/e,n/e,n/e,n/e,n/e,n/e,n/e,n/e,1178,,n/e,n/e,n/e,n/e,n/e,n/e,0,,n/e,n/e,0,,n/e,n/e,n/e,n/e,7,
18:00 - 19:00,70,,n/e,n/e,n/e,n/e,348,,n/e,n/e,n/e,n/e,n/e,n/e,n/e,n/e,n/e,n/e,n/e,n/e,1180,,n/e,n/e,n/e,n/e,n/e,n/e,0,,n/e,n/e,0,,n/e,n/e,n/e,n/e,6,
19:00 - 20:00,71,,n/e,n/e,n/e,n/e,349,,n/e,n/e,n/e,n/e,n/e,n/e,n/e,n/e,n/e,n/e,n/e,n/e,1133,,n/e,n/e,n/e,n/e,n/e,n/e,0,,n/e,n/e,0,,n/e,n/e,n/e,n/e,5,
20:00 - 21:00,70,,n/e,n/e,n/e,n/e,349,,n/e,n/e,n/e,n/e,n/e,n/e,n/e,n/e,n/e,n/e,n/e,n/e,1135,,n/e,n/e,n/e,n/e,n/e,n/e,0,,n/e,n/e,0,,n/e,n/e,n/e,n/e,3,
21:00 - 22:00,69,,n/e,n/e,n/e,n/e,344,,n/e,n/e,n/e,n/e,n/e,n/e,n/e,n/e,n/e,n/e,n/e,n/e,1134,,n/e,n/e,n/e,n/e,n/e,n/e,0,,n/e,n/e,0,,n/e,n/e,n/e,n/e,3,
22:00 - 23:00,67,,n/e,n/e,n/e,n/e,338,,n/e,n/e,n/e,n/e,n/e,n/e,n/e,n/e,n/e,n/e,n/e,n/e,1155,,n/e,n/e,n/e,n/e,n/e,n/e,0,,n/e,n/e,0,,n/e,n/e,n/e,n/e,2,
23:00 - 00:00,65,,n/e,n/e,n/e,n/e,283,,n/e,n/e,n/e,n/e,n/e,n/e,n/e,n/e,n/e,n/e,n/e,n/e,1288,,n/e,n/e,n/e,n/e,n/e,n/e,0,,n/e,n/e,0,,n/e,n/e,n/e,n/e,1,
00:00 - 01:00,64,,n/e,n/e,n/e,n/e,283,,n/e,n/e,n/e,n/e,n/e,n/e,n/e,n/e,n/e,n/e,n/e,n/e,1288,,n/e,n/e,n/e,n/e,n/e,n/e,0,,n/e,n/e,0,,n/e,n/e,n/e,n/e,0,
01:00 - 02:00,64,,n/e,n/e,n/e,n/e,283,,n/e,n/e,n/e,n/e,n/e,n/e,n/e,n/e,n/e,n/e,n/e,n/e,1288,,n/e,n/e,n/e,n/e,n/e,n/e,0,,n/e,n/e,0,,n/e,n/e,n/e,n/e,0,
02:00 - 03:00,64,,n/e,n/e,n/e,n/e,283,,n/e,n/e,n/e,n/e,n/e,n/e,n/e,n/e,n/e,n/e,n/e,n/e,1289,,n/e,n/e,n/e,n/e,n/e,n/e,0,,n/e,n/e,0,,n/e,n/e,n/e,n/e,0,
03:00 - 04:00,65,,n/e,n/e,n/e,n/e,283,,n/e,n/e,n/e,n/e,n/e,n/e,n/e,n/e,n/e,n/e,n/e,n/e,1289,,n/e,n/e,n/e,n/e,n/e,n/e,0,,n/e,n/e,0,,n/e,n/e,n/e,n/e,0,
04:00 - 05:00,67,,n/e,n/e,n/e,n/e,284,,n/e,n/e,n/e,n/e,n/e,n/e,n/e,n/e,n/e,n/e,n/e,n/e,1289,,n/e,n/e,n/e,n/e,n/e,n/e,0,,n/e,n/e,0,,n/e,n/e,n/e,n/e,1,
05:00 - 06:00,68,,n/e,n/e,n/e,n/e,290,,n/e,n/e,n/e,n/e,n/e,n/e,n/e,n/e,n/e,n/e,n/e,n/e,1290,,n/e,n/e,n/e,n/e,n/e,n/e,0,,n/e,n/e,1,,n/e,n/e,n/e,n/e,1,
06:00 - 07:00,69,,n/e,n/e,n/e,n/e,298,,n/e,n/e,n/e,n/e,n/e,n/e,n/e,n/e,n/e,n/e,n/e,n/e,1289,,n/e,n/e,n/e,n/e,n/e,n/e,0,,n/e,n/e,6,,n/e,n/e,n/e,n/e,1,
07:00 - 08:00,69,,n/e,n/e,n/e,n/e,331,,n/e,n/e,n/e,n/e,n/e,n/e,n/e,n/e,n/e,n/e,n/e,n/e,1256,,n/e,n/e,n/e,n/e,n/e,n/e,0,,n/e,n/e,13,,n/e,n/e,n/e,n/e,1,
08:00 - 09:00,71,,n/e,n/e,n/e,n/e,331,,n/e,n/e,n/e,n/e,n/e,n/e,n/e,n/e,n/e,n/e,n/e,n/e,1256,,n/e,n/e,n/e,n/e,n/e,n/e,0,,n/e,n/e,20,,n/e,n/e,n/e,n/e,0,
09:00 - 10:00,67,,n/e,n/e,n/e,n/e,320,,n/e,n/e,n/e,n/e,n/e,n/e,n/e,n/e,n/e,n/e,n/e,n/e,1242,,n/e,n/e,n/e,n/e,n/e,n/e,0,,n/e,n/e,27,,n/e,n/e,n/e,n/e,0,
10:00 - 11:00,65,,n/e,n/e,n/e,n/e,235,,n/e,n/e,n/e,n/e,n/e,n/e,n/e,n/e,n/e,n/e,n/e,n/e,1239,,n/e,n/e,n/e,n/e,n/e,n/e,0,,n/e,n/e,34,,n/e,n/e,n/e,n/e,0,
11:00 - 12:00,63,,n/e,n/e,n/e,n/e,240,,n/e,n/e,n/e,n/e,n/e,n/e,n/e,n/e,n/e,n/e,n/e,n/e,1239,,n/e,n/e,n/e,n/e,n/e,n/e,0,,n/e,n/e,39,,n/e,n/e,n/e,n/e,1,
12:00 - 13:00,62,,n/e,n/e,n/e,n/e,238,,n/e,n/e,n/e,n/e,n/e,n/e,n/e,n/e,n/e,n/e,n/e,n/e,1239,,n/e,n/e,n/e,n/e,n/e,n/e,0,,n/e,n/e,43,,n/e,n/e,n/e,n/e,1,
13:00 - 14:00,65,,n/e,n/e,n/e,n/e,266,,n/e,n/e,n/e,n/e,n/e,n/e,n/e,n/e,n/e,n/e,n/e,n/e,1205,,n/e,n/e,n/e,n/e,n/e,n/e,0,,n/e,n/e,34,,n/e,n/e,n/e,n/e,2,
14:00 - 15:00,65,,n/e,n/e,n/e,n/e,269,,n/e,n/e,n/e,n/e,n/e,n/e,n/e,n/e,n/e,n/e,n/e,n/e,1207,,n/e,n/e,n/e,n/e,n/e,n/e,0,,n/e,n/e,19,,n/e,n/e,n/e,n/e,2,
15:00 - 16:00,70,,n/e,n/e,n/e,n/e,290,,n/e,n/e,n/e,n/e,n/e,n/e,n/e,n/e,n/e,n/e,n/e,n/e,1292,,n/e,n/e,n/e,n/e,n/e,n/e,0,,n/e,n/e,4,,n/e,n/e,n/e,n/e,1,
16:00 - 17:00,70,,n/e,n/e,n/e,n/e,290,,n/e,n/e,n/e,n/e,n/e,n/e,n/e,n/e,n/e,n/e,n/e,n/e,1292,,n/e,n/e,n/e,n/e,n/e,n/e,0,,n/e,n/e,0,,n/e,n/e,n/e,n/e,0,
17:00 - 18:00,70,,n/e,n/e,n/e,n/e,291,,n/e,n/e,n/e,n/e,n/e,n/e,n/e,n/e,n/e,n/e,n/e,n/e,1293,,n/e,n/e,n/e,n/e,n/e,n/e,0,,n/e,n/e,0,,n/e,n/e,n/e,n/e,0,
18:00 - 19:00,70,,n/e,n/e,n/e,n/e,299,,n/e,n/e,n/e,n/e,n/e,n/e,n/e,n/e,n/e,n/e,n/e,n/e,1122,,n/e,n/e,n/e,n/e,n/e,n/e,0,,n/e,n/e,0,,n/e,n/e,n/e,n/e,1,
19:00 - 20:00,70,,n/e,n/e,n/e,n/e,333,,n/e,n/e,n/e,n/e,n/e,n/e,n/e,n/e,n/e,n/e,n/e,n/e,1079,,n/e,n/e,n/e,n/e,n/e,n/e,0,,n/e,n/e,0,,n/e,n/e,n/e,n/e,1,
20:00 - 21:00,70,,n/e,n/e,n/e,n/e,330,,n/e,n/e,n/e,n/e,n/e,n/e,n/e,n/e,n/e,n/e,n/e,n/e,1077,,n/e,n/e,n/e,n/e,n/e,n/e,0,,n/e,n/e,0,,n/e,n/e,n/e,n/e,2,
21:00 - 22:00,68,,n/e,n/e,n/e,n/e,287,,n/e,n/e,n/e,n/e,n/e,n/e,n/e,n/e,n/e,n/e,n/e,n/e,1112,,n/e,n/e,n/e,n/e,n/e,n/e,0,,n/e,n/e,0,,n/e,n/e,n/e,n/e,4,
22:00 - 23:00,71,,n/e,n/e,n/e,n/e,284,,n/e,n/e,n/e,n/e,n/e,n/e,n/e,n/e,n/e,n/e,n/e,n/e,1114,,n/e,n/e,n/e,n/e,n/e,n/e,0,,n/e,n/e,0,,n/e,n/e,n/e,n/e,5,
23:00 - 00:00,71,,n/e,n/e,n/e,n/e,341,,n/e,n/e,n/e,n/e,n/e,n/e,n/e,n/e,n/e,n/e,n/e,n/e,1116,,n/e,n/e,n/e,n/e,n/e,n/e,0,,n/e,n/e,0,,n/e,n/e,n/e,n/e,5,
00:00 - 01:00,69,,n/e,n/e,n/e,n/e,323,,n/e,n/e,n/e,n/e,n/e,n/e,n/e,n/e,n/e,n/e,n/e,n/e,1135,,n/e,n/e,n/e,n/e,n/e,n/e,0,,n/e,n/e,0,,n/e,n/e,n/e,n/e,2,
01:00 - 02:00,69,,n/e,n/e,n/e,n/e,323,,n/e,n/e,n/e,n/e,n/e,n/e,n/e,n/e,n/e,n/e,n/e,n/e,1135,,n/e,n/e,n/e,n/e,n/e,n/e,0,,n/e,n/e,0,,n/e,n/e,n/e,n/e,3,
02:00 - 03:00,69,,n/e,n/e,n/e,n/e,341,,n/e,n/e,n/e,n/e,n/e,n/e,n/e,n/e,n/e,n/e,n/e,n/e,1192,,n/e,n/e,n/e,n/e,n/e,n/e,0,,n/e,n/e,0,,n/e,n/e,n/e,n/e,2,
03:00 - 04:00,68,,n/e,n/e,n/e,n/e,343,,n/e,n/e,n/e,n/e,n/e,n/e,n/e,n/e,n/e,n/e,n/e,n/e,1195,,n/e,n/e,n/e,n/e,n/e,n/e,0,,n/e,n/e,0,,n/e,n/e,n/e,n/e,1,
04:00 - 05:00,70,,n/e,n/e,n/e,n/e,343,,n/e,n/e,n/e,n/e,n/e,n/e,n/e,n/e,n/e,n/e,n/e,n/e,1194,,n/e,n/e,n/e,n/e,n/e,n/e,0,,n/e,n/e,0,,n/e,n/e,n/e,n/e,1,
05:00 - 06:00,69,,n/e,n/e,n/e,n/e,349,,n/e,n/e,n/e,n/e,n/e,n/e,n/e,n/e,n/e,n/e,n/e,n/e,1192,,n/e,n/e,n/e,n/e,n/e,n/e,0,,n/e,n/e,1,,n/e,n/e,n/e,n/e,1,
06:00 - 07:00,68,,n/e,n/e,n/e,n/e,363,,n/e,n/e,n/e,n/e,n/e,n/e,n/e,n/e,n/e,n/e,n/e,n/e,1170,,n/e,n/e,n/e,n/e,n/e,n/e,0,,n/e,n/e,5,,n/e,n/e,n/e,n/e,1,
07:00 - 08:00,68,,n/e,n/e,n/e,n/e,364,,n/e,n/e,n/e,n/e,n/e,n/e,n/e,n/e,n/e,n/e,n/e,n/e,1177,,n/e,n/e,n/e,n/e,n/e,n/e,0,,n/e,n/e,12,,n/e,n/e,n/e,n/e,2,
08:00 - 09:00,68,,n/e,n/e,n/e,n/e,363,,n/e,n/e,n/e,n/e,n/e,n/e,n/e,n/e,n/e,n/e,n/e,n/e,1174,,n/e,n/e,n/e,n/e,n/e,n/e,0,,n/e,n/e,16,,n/e,n/e,n/e,n/e,3,
09:00 - 10:00,68,,n/e,n/e,n/e,n/e,363,,n/e,n/e,n/e,n/e,n/e,n/e,n/e,n/e,n/e,n/e,n/e,n/e,1178,,n/e,n/e,n/e,n/e,n/e,n/e,0,,n/e,n/e,19,,n/e,n/e,n/e,n/e,2,
10:00 - 11:00,66,,n/e,n/e,n/e,n/e,363,,n/e,n/e,n/e,n/e,n/e,n/e,n/e,n/e,n/e,n/e,n/e,n/e,1122,,n/e,n/e,n/e,n/e,n/e,n/e,0,,n/e,n/e,20,,n/e,n/e,n/e,n/e,2,
11:00 - 12:00,64,,n/e,n/e,n/e,n/e,363,,n/e,n/e,n/e,n/e,n/e,n/e,n/e,n/e,n/e,n/e,n/e,n/e,1212,,n/e,n/e,n/e,n/e,n/e,n/e,0,,n/e,n/e,19,,n/e,n/e,n/e,n/e,2,
12:00 - 13:00,66,,n/e,n/e,n/e,n/e,365,,n/e,n/e,n/e,n/e,n/e,n/e,n/e,n/e,n/e,n/e,n/e,n/e,1215,,n/e,n/e,n/e,n/e,n/e,n/e,0,,n/e,n/e,17,,n/e,n/e,n/e,n/e,2,
13:00 - 14:00,66,,n/e,n/e,n/e,n/e,369,,n/e,n/e,n/e,n/e,n/e,n/e,n/e,n/e,n/e,n/e,n/e,n/e,1224,,n/e,n/e,n/e,n/e,n/e,n/e,0,,n/e,n/e,12,,n/e,n/e,n/e,n/e,2,
14:00 - 15:00,66,,n/e,n/e,n/e,n/e,368,,n/e,n/e,n/e,n/e,n/e,n/e,n/e,n/e,n/e,n/e,n/e,n/e,1188,,n/e,n/e,n/e,n/e,n/e,n/e,0,,n/e,n/e,7,,n/e,n/e,n/e,n/e,2,
15:00 - 16:00,67,,n/e,n/e,n/e,n/e,348,,n/e,n/e,n/e,n/e,n/e,n/e,n/e,n/e,n/e,n/e,n/e,n/e,1262,,n/e,n/e,n/e,n/e,n/e,n/e,0,,n/e,n/e,2,,n/e,n/e,n/e,n/e,5,
16:00 - 17:00,68,,n/e,n/e,n/e,n/e,349,,n/e,n/e,n/e,n/e,n/e,n/e,n/e,n/e,n/e,n/e,n/e,n/e,1271,,n/e,n/e,n/e,n/e,n/e,n/e,0,,n/e,n/e,0,,n/e,n/e,n/e,n/e,8,
17:00 - 18:00,69,,n/e,n/e,n/e,n/e,349,,n/e,n/e,n/e,n/e,n/e,n/e,n/e,n/e,n/e,n/e,n/e,n/e,1272,,n/e,n/e,n/e,n/e,n/e,n/e,0,,n/e,n/e,0,,n/e,n/e,n/e,n/e,13,
18:00 - 19:00,68,,n/e,n/e,n/e,n/e,347,,n/e,n/e,n/e,n/e,n/e,n/e,n/e,n/e,n/e,n/e,n/e,n/e,1192,,n/e,n/e,n/e,n/e,n/e,n/e,0,,n/e,n/e,0,,n/e,n/e,n/e,n/e,23,
19:00 - 20:00,68,,n/e,n/e,n/e,n/e,347,,n/e,n/e,n/e,n/e,n/e,n/e,n/e,n/e,n/e,n/e,n/e,n/e,1082,,n/e,n/e,n/e,n/e,n/e,n/e,0,,n/e,n/e,0,,n/e,n/e,n/e,n/e,17,
20:00 - 21:00,68,,n/e,n/e,n/e,n/e,298,,n/e,n/e,n/e,n/e,n/e,n/e,n/e,n/e,n/e,n/e,n/e,n/e,976,,n/e,n/e,n/e,n/e,n/e,n/e,0,,n/e,n/e,0,,n/e,n/e,n/e,n/e,16,
21:00 - 22:00,67,,n/e,n/e,n/e,n/e,292,,n/e,n/e,n/e,n/e,n/e,n/e,n/e,n/e,n/e,n/e,n/e,n/e,985,,n/e,n/e,n/e,n/e,n/e,n/e,0,,n/e,n/e,0,,n/e,n/e,n/e,n/e,19,
22:00 - 23:00,64,,n/e,n/e,n/e,n/e,289,,n/e,n/e,n/e,n/e,n/e,n/e,n/e,n/e,n/e,n/e,n/e,n/e,1054,,n/e,n/e,n/e,n/e,n/e,n/e,0,,n/e,n/e,0,,n/e,n/e,n/e,n/e,23,
23:00 - 00:00,63,,n/e,n/e,n/e,n/e,175,,n/e,n/e,n/e,n/e,n/e,n/e,n/e,n/e,n/e,n/e,n/e,n/e,870,,n/e,n/e,n/e,n/e,n/e,n/e,0,,n/e,n/e,0,,n/e,n/e,n/e,n/e,28,
00:00 - 01:00,62,,n/e,n/e,n/e,n/e,170,,n/e,n/e,n/e,n/e,n/e,n/e,n/e,n/e,n/e,n/e,n/e,n/e,870,,n/e,n/e,n/e,n/e,n/e,n/e,0,,n/e,n/e,0,,n/e,n/e,n/e,n/e,28,
01:00 - 02:00,64,,n/e,n/e,n/e,n/e,170,,n/e,n/e,n/e,n/e,n/e,n/e,n/e,n/e,n/e,n/e,n/e,n/e,871,,n/e,n/e,n/e,n/e,n/e,n/e,0,,n/e,n/e,0,,n/e,n/e,n/e,n/e,26,
02:00 - 03:00,65,,n/e,n/e,n/e,n/e,170,,n/e,n/e,n/e,n/e,n/e,n/e,n/e,n/e,n/e,n/e,n/e,n/e,873,,n/e,n/e,n/e,n/e,n/e,n/e,0,,n/e,n/e,0,,n/e,n/e,n/e,n/e,23,
03:00 - 04:00,68,,n/e,n/e,n/e,n/e,172,,n/e,n/e,n/e,n/e,n/e,n/e,n/e,n/e,n/e,n/e,n/e,n/e,874,,n/e,n/e,n/e,n/e,n/e,n/e,0,,n/e,n/e,0,,n/e,n/e,n/e,n/e,14,
04:00 - 05:00,68,,n/e,n/e,n/e,n/e,172,,n/e,n/e,n/e,n/e,n/e,n/e,n/e,n/e,n/e,n/e,n/e,n/e,875,,n/e,n/e,n/e,n/e,n/e,n/e,0,,n/e,n/e,0,,n/e,n/e,n/e,n/e,19,
05:00 - 06:00,65,,n/e,n/e,n/e,n/e,172,,n/e,n/e,n/e,n/e,n/e,n/e,n/e,n/e,n/e,n/e,n/e,n/e,875,,n/e,n/e,n/e,n/e,n/e,n/e,0,,n/e,n/e,13,,n/e,n/e,n/e,n/e,22,
06:00 - 07:00,62,,n/e,n/e,n/e,n/e,171,,n/e,n/e,n/e,n/e,n/e,n/e,n/e,n/e,n/e,n/e,n/e,n/e,873,,n/e,n/e,n/e,n/e,n/e,n/e,0,,n/e,n/e,59,,n/e,n/e,n/e,n/e,24,
07:00 - 08:00,62,,n/e,n/e,n/e,n/e,219,,n/e,n/e,n/e,n/e,n/e,n/e,n/e,n/e,n/e,n/e,n/e,n/e,913,,n/e,n/e,n/e,n/e,n/e,n/e,0,,n/e,n/e,117,,n/e,n/e,n/e,n/e,39,
08:00 - 09:00,58,,n/e,n/e,n/e,n/e,220,,n/e,n/e,n/e,n/e,n/e,n/e,n/e,n/e,n/e,n/e,n/e,n/e,913,,n/e,n/e,n/e,n/e,n/e,n/e,0,,n/e,n/e,169,,n/e,n/e,n/e,n/e,63,
09:00 - 10:00,57,,n/e,n/e,n/e,n/e,220,,n/e,n/e,n/e,n/e,n/e,n/e,n/e,n/e,n/e,n/e,n/e,n/e,912,,n/e,n/e,n/e,n/e,n/e,n/e,0,,n/e,n/e,202,,n/e,n/e,n/e,n/e,58,
10:00 - 11:00,55,,n/e,n/e,n/e,n/e,219,,n/e,n/e,n/e,n/e,n/e,n/e,n/e,n/e,n/e,n/e,n/e,n/e,912,,n/e,n/e,n/e,n/e,n/e,n/e,0,,n/e,n/e,213,,n/e,n/e,n/e,n/e,50,
11:00 - 12:00,54,,n/e,n/e,n/e,n/e,152,,n/e,n/e,n/e,n/e,n/e,n/e,n/e,n/e,n/e,n/e,n/e,n/e,982,,n/e,n/e,n/e,n/e,n/e,n/e,0,,n/e,n/e,206,,n/e,n/e,n/e,n/e,54,
12:00 - 13:00,54,,n/e,n/e,n/e,n/e,150,,n/e,n/e,n/e,n/e,n/e,n/e,n/e,n/e,n/e,n/e,n/e,n/e,982,,n/e,n/e,n/e,n/e,n/e,n/e,0,,n/e,n/e,180,,n/e,n/e,n/e,n/e,53,
13:00 - 14:00,53,,n/e,n/e,n/e,n/e,150,,n/e,n/e,n/e,n/e,n/e,n/e,n/e,n/e,n/e,n/e,n/e,n/e,983,,n/e,n/e,n/e,n/e,n/e,n/e,0,,n/e,n/e,132,,n/e,n/e,n/e,n/e,46,
14:00 - 15:00,52,,n/e,n/e,n/e,n/e,150,,n/e,n/e,n/e,n/e,n/e,n/e,n/e,n/e,n/e,n/e,n/e,n/e,926,,n/e,n/e,n/e,n/e,n/e,n/e,0,,n/e,n/e,72,,n/e,n/e,n/e,n/e,47,
15:00 - 16:00,58,,n/e,n/e,n/e,n/e,151,,n/e,n/e,n/e,n/e,n/e,n/e,n/e,n/e,n/e,n/e,n/e,n/e,972,,n/e,n/e,n/e,n/e,n/e,n/e,0,,n/e,n/e,17,,n/e,n/e,n/e,n/e,53,
16:00 - 17:00,63,,n/e,n/e,n/e,n/e,152,,n/e,n/e,n/e,n/e,n/e,n/e,n/e,n/e,n/e,n/e,n/e,n/e,954,,n/e,n/e,n/e,n/e,n/e,n/e,0,,n/e,n/e,0,,n/e,n/e,n/e,n/e,60,
17:00 - 18:00,67,,n/e,n/e,n/e,n/e,152,,n/e,n/e,n/e,n/e,n/e,n/e,n/e,n/e,n/e,n/e,n/e,n/e,942,,n/e,n/e,n/e,n/e,n/e,n/e,0,,n/e,n/e,0,,n/e,n/e,n/e,n/e,63,
18:00 - 19:00,69,,n/e,n/e,n/e,n/e,152,,n/e,n/e,n/e,n/e,n/e,n/e,n/e,n/e,n/e,n/e,n/e,n/e,842,,n/e,n/e,n/e,n/e,n/e,n/e,0,,n/e,n/e,0,,n/e,n/e,n/e,n/e,56,
19:00 - 20:00,70,,n/e,n/e,n/e,n/e,152,,n/e,n/e,n/e,n/e,n/e,n/e,n/e,n/e,n/e,n/e,n/e,n/e,789,,n/e,n/e,n/e,n/e,n/e,n/e,0,,n/e,n/e,0,,n/e,n/e,n/e,n/e,51,
20:00 - 21:00,70,,n/e,n/e,n/e,n/e,152,,n/e,n/e,n/e,n/e,n/e,n/e,n/e,n/e,n/e,n/e,n/e,n/e,789,,n/e,n/e,n/e,n/e,n/e,n/e,0,,n/e,n/e,0,,n/e,n/e,n/e,n/e,63,
21:00 - 22:00,68,,n/e,n/e,n/e,n/e,152,,n/e,n/e,n/e,n/e,n/e,n/e,n/e,n/e,n/e,n/e,n/e,n/e,788,,n/e,n/e,n/e,n/e,n/e,n/e,0,,n/e,n/e,0,,n/e,n/e,n/e,n/e,74,
22:00 - 23:00,67,,n/e,n/e,n/e,n/e,150,,n/e,n/e,n/e,n/e,n/e,n/e,n/e,n/e,n/e,n/e,n/e,n/e,789,,n/e,n/e,n/e,n/e,n/e,n/e,0,,n/e,n/e,0,,n/e,n/e,n/e,n/e,76,
23:00 - 00:00,65,,n/e,n/e,n/e,n/e,150,,n/e,n/e,n/e,n/e,n/e,n/e,n/e,n/e,n/e,n/e,n/e,n/e,924,,n/e,n/e,n/e,n/e,n/e,n/e,0,,n/e,n/e,0,,n/e,n/e,n/e,n/e,84,
00:00 - 01:00,65,,n/e,n/e,n/e,n/e,150,,n/e,n/e,n/e,n/e,n/e,n/e,n/e,n/e,n/e,n/e,n/e,n/e,924,,n/e,n/e,n/e,n/e,n/e,n/e,0,,n/e,n/e,0,,n/e,n/e,n/e,n/e,78,
01:00 - 02:00,66,,n/e,n/e,n/e,n/e,150,,n/e,n/e,n/e,n/e,n/e,n/e,n/e,n/e,n/e,n/e,n/e,n/e,924,,n/e,n/e,n/e,n/e,n/e,n/e,0,,n/e,n/e,0,,n/e,n/e,n/e,n/e,80,
02:00 - 03:00,67,,n/e,n/e,n/e,n/e,150,,n/e,n/e,n/e,n/e,n/e,n/e,n/e,n/e,n/e,n/e,n/e,n/e,923,,n/e,n/e,n/e,n/e,n/e,n/e,0,,n/e,n/e,0,,n/e,n/e,n/e,n/e,68,
03:00 - 04:00,69,,n/e,n/e,n/e,n/e,152,,n/e,n/e,n/e,n/e,n/e,n/e,n/e,n/e,n/e,n/e,n/e,n/e,924,,n/e,n/e,n/e,n/e,n/e,n/e,0,,n/e,n/e,0,,n/e,n/e,n/e,n/e,57,
04:00 - 05:00,68,,n/e,n/e,n/e,n/e,153,,n/e,n/e,n/e,n/e,n/e,n/e,n/e,n/e,n/e,n/e,n/e,n/e,925,,n/e,n/e,n/e,n/e,n/e,n/e,0,,n/e,n/e,0,,n/e,n/e,n/e,n/e,53,
05:00 - 06:00,68,,n/e,n/e,n/e,n/e,275,,n/e,n/e,n/e,n/e,n/e,n/e,n/e,n/e,n/e,n/e,n/e,n/e,973,,n/e,n/e,n/e,n/e,n/e,n/e,0,,n/e,n/e,14,,n/e,n/e,n/e,n/e,43,
06:00 - 07:00,69,,n/e,n/e,n/e,n/e,283,,n/e,n/e,n/e,n/e,n/e,n/e,n/e,n/e,n/e,n/e,n/e,n/e,974,,n/e,n/e,n/e,n/e,n/e,n/e,0,,n/e,n/e,62,,n/e,n/e,n/e,n/e,35,
07:00 - 08:00,68,,n/e,n/e,n/e,n/e,283,,n/e,n/e,n/e,n/e,n/e,n/e,n/e,n/e,n/e,n/e,n/e,n/e,975,,n/e,n/e,n/e,n/e,n/e,n/e,0,,n/e,n/e,121,,n/e,n/e,n/e,n/e,36,
08:00 - 09:00,67,,n/e,n/e,n/e,n/e,283,,n/e,n/e,n/e,n/e,n/e,n/e,n/e,n/e,n/e,n/e,n/e,n/e,976,,n/e,n/e,n/e,n/e,n/e,n/e,0,,n/e,n/e,170,,n/e,n/e,n/e,n/e,33,
09:00 - 10:00,65,,n/e,n/e,n/e,n/e,283,,n/e,n/e,n/e,n/e,n/e,n/e,n/e,n/e,n/e,n/e,n/e,n/e,1054,,n/e,n/e,n/e,n/e,n/e,n/e,0,,n/e,n/e,201,,n/e,n/e,n/e,n/e,41,
10:00 - 11:00,65,,n/e,n/e,n/e,n/e,283,,n/e,n/e,n/e,n/e,n/e,n/e,n/e,n/e,n/e,n/e,n/e,n/e,928,,n/e,n/e,n/e,n/e,n/e,n/e,0,,n/e,n/e,212,,n/e,n/e,n/e,n/e,41,
11:00 - 12:00,63,,n/e,n/e,n/e,n/e,283,,n/e,n/e,n/e,n/e,n/e,n/e,n/e,n/e,n/e,n/e,n/e,n/e,898,,n/e,n/e,n/e,n/e,n/e,n/e,0,,n/e,n/e,204,,n/e,n/e,n/e,n/e,44,
12:00 - 13:00,63,,n/e,n/e,n/e,n/e,283,,n/e,n/e,n/e,n/e,n/e,n/e,n/e,n/e,n/e,n/e,n/e,n/e,992,,n/e,n/e,n/e,n/e,n/e,n/e,0,,n/e,n/e,178,,n/e,n/e,n/e,n/e,55,
13:00 - 14:00,60,,n/e,n/e,n/e,n/e,296,,n/e,n/e,n/e,n/e,n/e,n/e,n/e,n/e,n/e,n/e,n/e,n/e,1021,,n/e,n/e,n/e,n/e,n/e,n/e,0,,n/e,n/e,131,,n/e,n/e,n/e,n/e,66,
14:00 - 15:00,59,,n/e,n/e,n/e,n/e,302,,n/e,n/e,n/e,n/e,n/e,n/e,n/e,n/e,n/e,n/e,n/e,n/e,1057,,n/e,n/e,n/e,n/e,n/e,n/e,0,,n/e,n/e,71,,n/e,n/e,n/e,n/e,66,
15:00 - 16:00,61,,n/e,n/e,n/e,n/e,297,,n/e,n/e,n/e,n/e,n/e,n/e,n/e,n/e,n/e,n/e,n/e,n/e,1119,,n/e,n/e,n/e,n/e,n/e,n/e,0,,n/e,n/e,16,,n/e,n/e,n/e,n/e,58,
16:00 - 17:00,67,,n/e,n/e,n/e,n/e,287,,n/e,n/e,n/e,n/e,n/e,n/e,n/e,n/e,n/e,n/e,n/e,n/e,1132,,n/e,n/e,n/e,n/e,n/e,n/e,0,,n/e,n/e,0,,n/e,n/e,n/e,n/e,55,
17:00 - 18:00,68,,n/e,n/e,n/e,n/e,289,,n/e,n/e,n/e,n/e,n/e,n/e,n/e,n/e,n/e,n/e,n/e,n/e,1115,,n/e,n/e,n/e,n/e,n/e,n/e,0,,n/e,n/e,0,,n/e,n/e,n/e,n/e,51,
18:00 - 19:00,67,,n/e,n/e,n/e,n/e,289,,n/e,n/e,n/e,n/e,n/e,n/e,n/e,n/e,n/e,n/e,n/e,n/e,1146,,n/e,n/e,n/e,n/e,n/e,n/e,0,,n/e,n/e,0,,n/e,n/e,n/e,n/e,63,
19:00 - 20:00,67,,n/e,n/e,n/e,n/e,289,,n/e,n/e,n/e,n/e,n/e,n/e,n/e,n/e,n/e,n/e,n/e,n/e,1064,,n/e,n/e,n/e,n/e,n/e,n/e,0,,n/e,n/e,0,,n/e,n/e,n/e,n/e,56,
20:00 - 21:00,67,,n/e,n/e,n/e,n/e,290,,n/e,n/e,n/e,n/e,n/e,n/e,n/e,n/e,n/e,n/e,n/e,n/e,1065,,n/e,n/e,n/e,n/e,n/e,n/e,0,,n/e,n/e,0,,n/e,n/e,n/e,n/e,48,
21:00 - 22:00,66,,n/e,n/e,n/e,n/e,287,,n/e,n/e,n/e,n/e,n/e,n/e,n/e,n/e,n/e,n/e,n/e,n/e,1064,,n/e,n/e,n/e,n/e,n/e,n/e,0,,n/e,n/e,0,,n/e,n/e,n/e,n/e,43,
22:00 - 23:00,65,,n/e,n/e,n/e,n/e,304,,n/e,n/e,n/e,n/e,n/e,n/e,n/e,n/e,n/e,n/e,n/e,n/e,1003,,n/e,n/e,n/e,n/e,n/e,n/e,0,,n/e,n/e,0,,n/e,n/e,n/e,n/e,35,
23:00 - 00:00,66,,n/e,n/e,n/e,n/e,305,,n/e,n/e,n/e,n/e,n/e,n/e,n/e,n/e,n/e,n/e,n/e,n/e,899,,n/e,n/e,n/e,n/e,n/e,n/e,0,,n/e,n/e,0,,n/e,n/e,n/e,n/e,35,
00:00 - 01:00,68,,n/e,n/e,n/e,n/e,324,,n/e,n/e,n/e,n/e,n/e,n/e,n/e,n/e,n/e,n/e,n/e,n/e,898,,n/e,n/e,n/e,n/e,n/e,n/e,0,,n/e,n/e,0,,n/e,n/e,n/e,n/e,23,
01:00 - 02:00,69,,n/e,n/e,n/e,n/e,325,,n/e,n/e,n/e,n/e,n/e,n/e,n/e,n/e,n/e,n/e,n/e,n/e,945,,n/e,n/e,n/e,n/e,n/e,n/e,0,,n/e,n/e,0,,n/e,n/e,n/e,n/e,19,
02:00 - 03:00,69,,n/e,n/e,n/e,n/e,325,,n/e,n/e,n/e,n/e,n/e,n/e,n/e,n/e,n/e,n/e,n/e,n/e,945,,n/e,n/e,n/e,n/e,n/e,n/e,0,,n/e,n/e,0,,n/e,n/e,n/e,n/e,22,
03:00 - 04:00,69,,n/e,n/e,n/e,n/e,325,,n/e,n/e,n/e,n/e,n/e,n/e,n/e,n/e,n/e,n/e,n/e,n/e,948,,n/e,n/e,n/e,n/e,n/e,n/e,0,,n/e,n/e,0,,n/e,n/e,n/e,n/e,23,
04:00 - 05:00,69,,n/e,n/e,n/e,n/e,325,,n/e,n/e,n/e,n/e,n/e,n/e,n/e,n/e,n/e,n/e,n/e,n/e,949,,n/e,n/e,n/e,n/e,n/e,n/e,0,,n/e,n/e,0,,n/e,n/e,n/e,n/e,17,
05:00 - 06:00,70,,n/e,n/e,n/e,n/e,330,,n/e,n/e,n/e,n/e,n/e,n/e,n/e,n/e,n/e,n/e,n/e,n/e,950,,n/e,n/e,n/e,n/e,n/e,n/e,0,,n/e,n/e,6,,n/e,n/e,n/e,n/e,18,
06:00 - 07:00,72,,n/e,n/e,n/e,n/e,346,,n/e,n/e,n/e,n/e,n/e,n/e,n/e,n/e,n/e,n/e,n/e,n/e,978,,n/e,n/e,n/e,n/e,n/e,n/e,0,,n/e,n/e,24,,n/e,n/e,n/e,n/e,30,
07:00 - 08:00,73,,n/e,n/e,n/e,n/e,350,,n/e,n/e,n/e,n/e,n/e,n/e,n/e,n/e,n/e,n/e,n/e,n/e,978,,n/e,n/e,n/e,n/e,n/e,n/e,0,,n/e,n/e,49,,n/e,n/e,n/e,n/e,20,
08:00 - 09:00,70,,n/e,n/e,n/e,n/e,349,,n/e,n/e,n/e,n/e,n/e,n/e,n/e,n/e,n/e,n/e,n/e,n/e,978,,n/e,n/e,n/e,n/e,n/e,n/e,0,,n/e,n/e,76,,n/e,n/e,n/e,n/e,20,
09:00 - 10:00,69,,n/e,n/e,n/e,n/e,320,,n/e,n/e,n/e,n/e,n/e,n/e,n/e,n/e,n/e,n/e,n/e,n/e,992,,n/e,n/e,n/e,n/e,n/e,n/e,0,,n/e,n/e,91,,n/e,n/e,n/e,n/e,17,
10:00 - 11:00,67,,n/e,n/e,n/e,n/e,320,,n/e,n/e,n/e,n/e,n/e,n/e,n/e,n/e,n/e,n/e,n/e,n/e,982,,n/e,n/e,n/e,n/e,n/e,n/e,0,,n/e,n/e,90,,n/e,n/e,n/e,n/e,20,
11:00 - 12:00,63,,n/e,n/e,n/e,n/e,320,,n/e,n/e,n/e,n/e,n/e,n/e,n/e,n/e,n/e,n/e,n/e,n/e,1006,,n/e,n/e,n/e,n/e,n/e,n/e,0,,n/e,n/e,87,,n/e,n/e,n/e,n/e,18,
12:00 - 13:00,63,,n/e,n/e,n/e,n/e,323,,n/e,n/e,n/e,n/e,n/e,n/e,n/e,n/e,n/e,n/e,n/e,n/e,1009,,n/e,n/e,n/e,n/e,n/e,n/e,0,,n/e,n/e,86,,n/e,n/e,n/e,n/e,22,
13:00 - 14:00,66,,n/e,n/e,n/e,n/e,323,,n/e,n/e,n/e,n/e,n/e,n/e,n/e,n/e,n/e,n/e,n/e,n/e,1000,,n/e,n/e,n/e,n/e,n/e,n/e,0,,n/e,n/e,56,,n/e,n/e,n/e,n/e,22,
14:00 - 15:00,67,,n/e,n/e,n/e,n/e,320,,n/e,n/e,n/e,n/e,n/e,n/e,n/e,n/e,n/e,n/e,n/e,n/e,985,,n/e,n/e,n/e,n/e,n/e,n/e,0,,n/e,n/e,27,,n/e,n/e,n/e,n/e,14,
15:00 - 16:00,71,,n/e,n/e,n/e,n/e,320,,n/e,n/e,n/e,n/e,n/e,n/e,n/e,n/e,n/e,n/e,n/e,n/e,1008,,n/e,n/e,n/e,n/e,n/e,n/e,0,,n/e,n/e,6,,n/e,n/e,n/e,n/e,7,
16:00 - 17:00,73,,n/e,n/e,n/e,n/e,322,,n/e,n/e,n/e,n/e,n/e,n/e,n/e,n/e,n/e,n/e,n/e,n/e,1008,,n/e,n/e,n/e,n/e,n/e,n/e,0,,n/e,n/e,0,,n/e,n/e,n/e,n/e,3,
17:00 - 18:00,74,,n/e,n/e,n/e,n/e,324,,n/e,n/e,n/e,n/e,n/e,n/e,n/e,n/e,n/e,n/e,n/e,n/e,1019,,n/e,n/e,n/e,n/e,n/e,n/e,0,,n/e,n/e,0,,n/e,n/e,n/e,n/e,7,
18:00 - 19:00,74,,n/e,n/e,n/e,n/e,325,,n/e,n/e,n/e,n/e,n/e,n/e,n/e,n/e,n/e,n/e,n/e,n/e,1012,,n/e,n/e,n/e,n/e,n/e,n/e,0,,n/e,n/e,0,,n/e,n/e,n/e,n/e,8,
19:00 - 20:00,73,,n/e,n/e,n/e,n/e,325,,n/e,n/e,n/e,n/e,n/e,n/e,n/e,n/e,n/e,n/e,n/e,n/e,1006,,n/e,n/e,n/e,n/e,n/e,n/e,0,,n/e,n/e,0,,n/e,n/e,n/e,n/e,9,
20:00 - 21:00,72,,n/e,n/e,n/e,n/e,323,,n/e,n/e,n/e,n/e,n/e,n/e,n/e,n/e,n/e,n/e,n/e,n/e,957,,n/e,n/e,n/e,n/e,n/e,n/e,0,,n/e,n/e,0,,n/e,n/e,n/e,n/e,7,
21:00 - 22:00,71,,n/e,n/e,n/e,n/e,320,,n/e,n/e,n/e,n/e,n/e,n/e,n/e,n/e,n/e,n/e,n/e,n/e,954,,n/e,n/e,n/e,n/e,n/e,n/e,0,,n/e,n/e,0,,n/e,n/e,n/e,n/e,3,
22:00 - 23:00,69,,n/e,n/e,n/e,n/e,316,,n/e,n/e,n/e,n/e,n/e,n/e,n/e,n/e,n/e,n/e,n/e,n/e,952,,n/e,n/e,n/e,n/e,n/e,n/e,0,,n/e,n/e,0,,n/e,n/e,n/e,n/e,3,
23:00 - 00:00,66,,n/e,n/e,n/e,n/e,230,,n/e,n/e,n/e,n/e,n/e,n/e,n/e,n/e,n/e,n/e,n/e,n/e,836,,n/e,n/e,n/e,n/e,n/e,n/e,0,,n/e,n/e,0,,n/e,n/e,n/e,n/e,6,
00:00 - 01:00,65,,n/e,n/e,n/e,n/e,216,,n/e,n/e,n/e,n/e,n/e,n/e,n/e,n/e,n/e,n/e,n/e,n/e,819,,n/e,n/e,n/e,n/e,n/e,n/e,0,,n/e,n/e,0,,n/e,n/e,n/e,n/e,5,
01:00 - 02:00,65,,n/e,n/e,n/e,n/e,216,,n/e,n/e,n/e,n/e,n/e,n/e,n/e,n/e,n/e,n/e,n/e,n/e,819,,n/e,n/e,n/e,n/e,n/e,n/e,0,,n/e,n/e,0,,n/e,n/e,n/e,n/e,4,
02:00 - 03:00,66,,n/e,n/e,n/e,n/e,216,,n/e,n/e,n/e,n/e,n/e,n/e,n/e,n/e,n/e,n/e,n/e,n/e,820,,n/e,n/e,n/e,n/e,n/e,n/e,0,,n/e,n/e,0,,n/e,n/e,n/e,n/e,4,
03:00 - 04:00,67,,n/e,n/e,n/e,n/e,216,,n/e,n/e,n/e,n/e,n/e,n/e,n/e,n/e,n/e,n/e,n/e,n/e,821,,n/e,n/e,n/e,n/e,n/e,n/e,0,,n/e,n/e,0,,n/e,n/e,n/e,n/e,2,
04:00 - 05:00,68,,n/e,n/e,n/e,n/e,217,,n/e,n/e,n/e,n/e,n/e,n/e,n/e,n/e,n/e,n/e,n/e,n/e,821,,n/e,n/e,n/e,n/e,n/e,n/e,0,,n/e,n/e,0,,n/e,n/e,n/e,n/e,0,
05:00 - 06:00,70,,n/e,n/e,n/e,n/e,345,,n/e,n/e,n/e,n/e,n/e,n/e,n/e,n/e,n/e,n/e,n/e,n/e,930,,n/e,n/e,n/e,n/e,n/e,n/e,0,,n/e,n/e,2,,n/e,n/e,n/e,n/e,1,
06:00 - 07:00,73,,n/e,n/e,n/e,n/e,355,,n/e,n/e,n/e,n/e,n/e,n/e,n/e,n/e,n/e,n/e,n/e,n/e,959,,n/e,n/e,n/e,n/e,n/e,n/e,0,,n/e,n/e,6,,n/e,n/e,n/e,n/e,2,
07:00 - 08:00,74,,n/e,n/e,n/e,n/e,357,,n/e,n/e,n/e,n/e,n/e,n/e,n/e,n/e,n/e,n/e,n/e,n/e,913,,n/e,n/e,n/e,n/e,n/e,n/e,0,,n/e,n/e,11,,n/e,n/e,n/e,n/e,1,
08:00 - 09:00,74,,n/e,n/e,n/e,n/e,367,,n/e,n/e,n/e,n/e,n/e,n/e,n/e,n/e,n/e,n/e,n/e,n/e,929,,n/e,n/e,n/e,n/e,n/e,n/e,0,,n/e,n/e,19,,n/e,n/e,n/e,n/e,3,
09:00 - 10:00,72,,n/e,n/e,n/e,n/e,362,,n/e,n/e,n/e,n/e,n/e,n/e,n/e,n/e,n/e,n/e,n/e,n/e,928,,n/e,n/e,n/e,n/e,n/e,n/e,0,,n/e,n/e,27,,n/e,n/e,n/e,n/e,3,
10:00 - 11:00,69,,n/e,n/e,n/e,n/e,353,,n/e,n/e,n/e,n/e,n/e,n/e,n/e,n/e,n/e,n/e,n/e,n/e,961,,n/e,n/e,n/e,n/e,n/e,n/e,0,,n/e,n/e,32,,n/e,n/e,n/e,n/e,3,
11:00 - 12:00,65,,n/e,n/e,n/e,n/e,353,,n/e,n/e,n/e,n/e,n/e,n/e,n/e,n/e,n/e,n/e,n/e,n/e,942,,n/e,n/e,n/e,n/e,n/e,n/e,0,,n/e,n/e,32,,n/e,n/e,n/e,n/e,4,
12:00 - 13:00,65,,n/e,n/e,n/e,n/e,353,,n/e,n/e,n/e,n/e,n/e,n/e,n/e,n/e,n/e,n/e,n/e,n/e,1013,,n/e,n/e,n/e,n/e,n/e,n/e,0,,n/e,n/e,29,,n/e,n/e,n/e,n/e,4,
13:00 - 14:00,68,,n/e,n/e,n/e,n/e,354,,n/e,n/e,n/e,n/e,n/e,n/e,n/e,n/e,n/e,n/e,n/e,n/e,992,,n/e,n/e,n/e,n/e,n/e,n/e,0,,n/e,n/e,18,,n/e,n/e,n/e,n/e,3,
14:00 - 15:00,69,,n/e,n/e,n/e,n/e,374,,n/e,n/e,n/e,n/e,n/e,n/e,n/e,n/e,n/e,n/e,n/e,n/e,1015,,n/e,n/e,n/e,n/e,n/e,n/e,0,,n/e,n/e,9,,n/e,n/e,n/e,n/e,2,
15:00 - 16:00,73,,n/e,n/e,n/e,n/e,437,,n/e,n/e,n/e,n/e,n/e,n/e,n/e,n/e,n/e,n/e,n/e,n/e,1018,,n/e,n/e,n/e,n/e,n/e,n/e,0,,n/e,n/e,2,,n/e,n/e,n/e,n/e,3,
16:00 - 17:00,73,,n/e,n/e,n/e,n/e,441,,n/e,n/e,n/e,n/e,n/e,n/e,n/e,n/e,n/e,n/e,n/e,n/e,1019,,n/e,n/e,n/e,n/e,n/e,n/e,0,,n/e,n/e,0,,n/e,n/e,n/e,n/e,6,
17:00 - 18:00,73,,n/e,n/e,n/e,n/e,443,,n/e,n/e,n/e,n/e,n/e,n/e,n/e,n/e,n/e,n/e,n/e,n/e,1019,,n/e,n/e,n/e,n/e,n/e,n/e,0,,n/e,n/e,0,,n/e,n/e,n/e,n/e,13,
18:00 - 19:00,70,,n/e,n/e,n/e,n/e,440,,n/e,n/e,n/e,n/e,n/e,n/e,n/e,n/e,n/e,n/e,n/e,n/e,1003,,n/e,n/e,n/e,n/e,n/e,n/e,0,,n/e,n/e,0,,n/e,n/e,n/e,n/e,7,
19:00 - 20:00,70,,n/e,n/e,n/e,n/e,440,,n/e,n/e,n/e,n/e,n/e,n/e,n/e,n/e,n/e,n/e,n/e,n/e,1000,,n/e,n/e,n/e,n/e,n/e,n/e,0,,n/e,n/e,0,,n/e,n/e,n/e,n/e,8,
20:00 - 21:00,68,,n/e,n/e,n/e,n/e,307,,n/e,n/e,n/e,n/e,n/e,n/e,n/e,n/e,n/e,n/e,n/e,n/e,842,,n/e,n/e,n/e,n/e,n/e,n/e,0,,n/e,n/e,0,,n/e,n/e,n/e,n/e,18,
21:00 - 22:00,65,,n/e,n/e,n/e,n/e,280,,n/e,n/e,n/e,n/e,n/e,n/e,n/e,n/e,n/e,n/e,n/e,n/e,789,,n/e,n/e,n/e,n/e,n/e,n/e,0,,n/e,n/e,0,,n/e,n/e,n/e,n/e,18,
22:00 - 23:00,63,,n/e,n/e,n/e,n/e,249,,n/e,n/e,n/e,n/e,n/e,n/e,n/e,n/e,n/e,n/e,n/e,n/e,815,,n/e,n/e,n/e,n/e,n/e,n/e,0,,n/e,n/e,0,,n/e,n/e,n/e,n/e,14,
23:00 - 00:00,58,,n/e,n/e,n/e,n/e,245,,n/e,n/e,n/e,n/e,n/e,n/e,n/e,n/e,n/e,n/e,n/e,n/e,683,,n/e,n/e,n/e,n/e,n/e,n/e,0,,n/e,n/e,0,,n/e,n/e,n/e,n/e,21,
00:00 - 01:00,59,,n/e,n/e,n/e,n/e,245,,n/e,n/e,n/e,n/e,n/e,n/e,n/e,n/e,n/e,n/e,n/e,n/e,682,,n/e,n/e,n/e,n/e,n/e,n/e,0,,n/e,n/e,0,,n/e,n/e,n/e,n/e,30,
01:00 - 02:00,59,,n/e,n/e,n/e,n/e,245,,n/e,n/e,n/e,n/e,n/e,n/e,n/e,n/e,n/e,n/e,n/e,n/e,713,,n/e,n/e,n/e,n/e,n/e,n/e,0,,n/e,n/e,0,,n/e,n/e,n/e,n/e,39,
02:00 - 03:00,59,,n/e,n/e,n/e,n/e,246,,n/e,n/e,n/e,n/e,n/e,n/e,n/e,n/e,n/e,n/e,n/e,n/e,753,,n/e,n/e,n/e,n/e,n/e,n/e,0,,n/e,n/e,0,,n/e,n/e,n/e,n/e,33,
03:00 - 04:00,58,,n/e,n/e,n/e,n/e,245,,n/e,n/e,n/e,n/e,n/e,n/e,n/e,n/e,n/e,n/e,n/e,n/e,752,,n/e,n/e,n/e,n/e,n/e,n/e,0,,n/e,n/e,0,,n/e,n/e,n/e,n/e,35,
04:00 - 05:00,59,,n/e,n/e,n/e,n/e,248,,n/e,n/e,n/e,n/e,n/e,n/e,n/e,n/e,n/e,n/e,n/e,n/e,726,,n/e,n/e,n/e,n/e,n/e,n/e,0,,n/e,n/e,0,,n/e,n/e,n/e,n/e,47,
05:00 - 06:00,60,,n/e,n/e,n/e,n/e,300,,n/e,n/e,n/e,n/e,n/e,n/e,n/e,n/e,n/e,n/e,n/e,n/e,837,,n/e,n/e,n/e,n/e,n/e,n/e,0,,n/e,n/e,3,,n/e,n/e,n/e,n/e,53,
06:00 - 07:00,63,,n/e,n/e,n/e,n/e,300,,n/e,n/e,n/e,n/e,n/e,n/e,n/e,n/e,n/e,n/e,n/e,n/e,859,,n/e,n/e,n/e,n/e,n/e,n/e,0,,n/e,n/e,11,,n/e,n/e,n/e,n/e,51,
07:00 - 08:00,64,,n/e,n/e,n/e,n/e,301,,n/e,n/e,n/e,n/e,n/e,n/e,n/e,n/e,n/e,n/e,n/e,n/e,805,,n/e,n/e,n/e,n/e,n/e,n/e,0,,n/e,n/e,31,,n/e,n/e,n/e,n/e,57,
08:00 - 09:00,62,,n/e,n/e,n/e,n/e,301,,n/e,n/e,n/e,n/e,n/e,n/e,n/e,n/e,n/e,n/e,n/e,n/e,801,,n/e,n/e,n/e,n/e,n/e,n/e,0,,n/e,n/e,56,,n/e,n/e,n/e,n/e,70,
09:00 - 10:00,61,,n/e,n/e,n/e,n/e,289,,n/e,n/e,n/e,n/e,n/e,n/e,n/e,n/e,n/e,n/e,n/e,n/e,795,,n/e,n/e,n/e,n/e,n/e,n/e,0,,n/e,n/e,84,,n/e,n/e,n/e,n/e,79,
10:00 - 11:00,59,,n/e,n/e,n/e,n/e,288,,n/e,n/e,n/e,n/e,n/e,n/e,n/e,n/e,n/e,n/e,n/e,n/e,797,,n/e,n/e,n/e,n/e,n/e,n/e,0,,n/e,n/e,98,,n/e,n/e,n/e,n/e,90,
11:00 - 12:00,60,,n/e,n/e,n/e,n/e,270,,n/e,n/e,n/e,n/e,n/e,n/e,n/e,n/e,n/e,n/e,n/e,n/e,806,,n/e,n/e,n/e,n/e,n/e,n/e,0,,n/e,n/e,111,,n/e,n/e,n/e,n/e,102,
12:00 - 13:00,61,,n/e,n/e,n/e,n/e,270,,n/e,n/e,n/e,n/e,n/e,n/e,n/e,n/e,n/e,n/e,n/e,n/e,800,,n/e,n/e,n/e,n/e,n/e,n/e,0,,n/e,n/e,100,,n/e,n/e,n/e,n/e,99,
13:00 - 14:00,62,,n/e,n/e,n/e,n/e,267,,n/e,n/e,n/e,n/e,n/e,n/e,n/e,n/e,n/e,n/e,n/e,n/e,798,,n/e,n/e,n/e,n/e,n/e,n/e,0,,n/e,n/e,80,,n/e,n/e,n/e,n/e,108,
14:00 - 15:00,64,,n/e,n/e,n/e,n/e,286,,n/e,n/e,n/e,n/e,n/e,n/e,n/e,n/e,n/e,n/e,n/e,n/e,863,,n/e,n/e,n/e,n/e,n/e,n/e,0,,n/e,n/e,41,,n/e,n/e,n/e,n/e,114,
15:00 - 16:00,65,,n/e,n/e,n/e,n/e,296,,n/e,n/e,n/e,n/e,n/e,n/e,n/e,n/e,n/e,n/e,n/e,n/e,1018,,n/e,n/e,n/e,n/e,n/e,n/e,0,,n/e,n/e,11,,n/e,n/e,n/e,n/e,114,
16:00 - 17:00,69,,n/e,n/e,n/e,n/e,296,,n/e,n/e,n/e,n/e,n/e,n/e,n/e,n/e,n/e,n/e,n/e,n/e,1108,,n/e,n/e,n/e,n/e,n/e,n/e,0,,n/e,n/e,0,,n/e,n/e,n/e,n/e,104,
17:00 - 18:00,68,,n/e,n/e,n/e,n/e,296,,n/e,n/e,n/e,n/e,n/e,n/e,n/e,n/e,n/e,n/e,n/e,n/e,1103,,n/e,n/e,n/e,n/e,n/e,n/e,0,,n/e,n/e,0,,n/e,n/e,n/e,n/e,95,
18:00 - 19:00,64,,n/e,n/e,n/e,n/e,290,,n/e,n/e,n/e,n/e,n/e,n/e,n/e,n/e,n/e,n/e,n/e,n/e,959,,n/e,n/e,n/e,n/e,n/e,n/e,0,,n/e,n/e,0,,n/e,n/e,n/e,n/e,93,
19:00 - 20:00,63,,n/e,n/e,n/e,n/e,161,,n/e,n/e,n/e,n/e,n/e,n/e,n/e,n/e,n/e,n/e,n/e,n/e,871,,n/e,n/e,n/e,n/e,n/e,n/e,0,,n/e,n/e,0,,n/e,n/e,n/e,n/e,99,
20:00 - 21:00,54,,n/e,n/e,n/e,n/e,150,,n/e,n/e,n/e,n/e,n/e,n/e,n/e,n/e,n/e,n/e,n/e,n/e,743,,n/e,n/e,n/e,n/e,n/e,n/e,0,,n/e,n/e,0,,n/e,n/e,n/e,n/e,95,
21:00 - 22:00,50,,n/e,n/e,n/e,n/e,150,,n/e,n/e,n/e,n/e,n/e,n/e,n/e,n/e,n/e,n/e,n/e,n/e,745,,n/e,n/e,n/e,n/e,n/e,n/e,0,,n/e,n/e,0,,n/e,n/e,n/e,n/e,93,
22:00 - 23:00,50,,n/e,n/e,n/e,n/e,150,,n/e,n/e,n/e,n/e,n/e,n/e,n/e,n/e,n/e,n/e,n/e,n/e,737,,n/e,n/e,n/e,n/e,n/e,n/e,0,,n/e,n/e,0,,n/e,n/e,n/e,n/e,93,
23:00 - 00:00,49,,n/e,n/e,n/e,n/e,150,,n/e,n/e,n/e,n/e,n/e,n/e,n/e,n/e,n/e,n/e,n/e,n/e,585,,n/e,n/e,n/e,n/e,n/e,n/e,0,,n/e,n/e,0,,n/e,n/e,n/e,n/e,104,
00:00 - 01:00,49,,n/e,n/e,n/e,n/e,150,,n/e,n/e,n/e,n/e,n/e,n/e,n/e,n/e,n/e,n/e,n/e,n/e,586,,n/e,n/e,n/e,n/e,n/e,n/e,0,,n/e,n/e,0,,n/e,n/e,n/e,n/e,97,
01:00 - 02:00,47,,n/e,n/e,n/e,n/e,150,,n/e,n/e,n/e,n/e,n/e,n/e,n/e,n/e,n/e,n/e,n/e,n/e,595,,n/e,n/e,n/e,n/e,n/e,n/e,0,,n/e,n/e,0,,n/e,n/e,n/e,n/e,96,
02:00 - 03:00,47,,n/e,n/e,n/e,n/e,150,,n/e,n/e,n/e,n/e,n/e,n/e,n/e,n/e,n/e,n/e,n/e,n/e,613,,n/e,n/e,n/e,n/e,n/e,n/e,0,,n/e,n/e,0,,n/e,n/e,n/e,n/e,86,
03:00 - 04:00,51,,n/e,n/e,n/e,n/e,152,,n/e,n/e,n/e,n/e,n/e,n/e,n/e,n/e,n/e,n/e,n/e,n/e,614,,n/e,n/e,n/e,n/e,n/e,n/e,0,,n/e,n/e,0,,n/e,n/e,n/e,n/e,80,
04:00 - 05:00,54,,n/e,n/e,n/e,n/e,152,,n/e,n/e,n/e,n/e,n/e,n/e,n/e,n/e,n/e,n/e,n/e,n/e,639,,n/e,n/e,n/e,n/e,n/e,n/e,0,,n/e,n/e,0,,n/e,n/e,n/e,n/e,78,
05:00 - 06:00,58,,n/e,n/e,n/e,n/e,152,,n/e,n/e,n/e,n/e,n/e,n/e,n/e,n/e,n/e,n/e,n/e,n/e,718,,n/e,n/e,n/e,n/e,n/e,n/e,0,,n/e,n/e,2,,n/e,n/e,n/e,n/e,64,
06:00 - 07:00,59,,n/e,n/e,n/e,n/e,152,,n/e,n/e,n/e,n/e,n/e,n/e,n/e,n/e,n/e,n/e,n/e,n/e,832,,n/e,n/e,n/e,n/e,n/e,n/e,0,,n/e,n/e,7,,n/e,n/e,n/e,n/e,58,
07:00 - 08:00,58,,n/e,n/e,n/e,n/e,152,,n/e,n/e,n/e,n/e,n/e,n/e,n/e,n/e,n/e,n/e,n/e,n/e,804,,n/e,n/e,n/e,n/e,n/e,n/e,0,,n/e,n/e,19,,n/e,n/e,n/e,n/e,74,
08:00 - 09:00,58,,n/e,n/e,n/e,n/e,152,,n/e,n/e,n/e,n/e,n/e,n/e,n/e,n/e,n/e,n/e,n/e,n/e,742,,n/e,n/e,n/e,n/e,n/e,n/e,0,,n/e,n/e,50,,n/e,n/e,n/e,n/e,79,
09:00 - 10:00,60,,n/e,n/e,n/e,n/e,152,,n/e,n/e,n/e,n/e,n/e,n/e,n/e,n/e,n/e,n/e,n/e,n/e,711,,n/e,n/e,n/e,n/e,n/e,n/e,0,,n/e,n/e,93,,n/e,n/e,n/e,n/e,88,
10:00 - 11:00,60,,n/e,n/e,n/e,n/e,152,,n/e,n/e,n/e,n/e,n/e,n/e,n/e,n/e,n/e,n/e,n/e,n/e,712,,n/e,n/e,n/e,n/e,n/e,n/e,0,,n/e,n/e,119,,n/e,n/e,n/e,n/e,100,
11:00 - 12:00,60,,n/e,n/e,n/e,n/e,152,,n/e,n/e,n/e,n/e,n/e,n/e,n/e,n/e,n/e,n/e,n/e,n/e,714,,n/e,n/e,n/e,n/e,n/e,n/e,0,,n/e,n/e,125,,n/e,n/e,n/e,n/e,92,
12:00 - 13:00,61,,n/e,n/e,n/e,n/e,151,,n/e,n/e,n/e,n/e,n/e,n/e,n/e,n/e,n/e,n/e,n/e,n/e,718,,n/e,n/e,n/e,n/e,n/e,n/e,0,,n/e,n/e,101,,n/e,n/e,n/e,n/e,80,
13:00 - 14:00,58,,n/e,n/e,n/e,n/e,152,,n/e,n/e,n/e,n/e,n/e,n/e,n/e,n/e,n/e,n/e,n/e,n/e,861,,n/e,n/e,n/e,n/e,n/e,n/e,0,,n/e,n/e,61,,n/e,n/e,n/e,n/e,84,
14:00 - 15:00,57,,n/e,n/e,n/e,n/e,154,,n/e,n/e,n/e,n/e,n/e,n/e,n/e,n/e,n/e,n/e,n/e,n/e,919,,n/e,n/e,n/e,n/e,n/e,n/e,0,,n/e,n/e,33,,n/e,n/e,n/e,n/e,81,
15:00 - 16:00,61,,n/e,n/e,n/e,n/e,155,,n/e,n/e,n/e,n/e,n/e,n/e,n/e,n/e,n/e,n/e,n/e,n/e,911,,n/e,n/e,n/e,n/e,n/e,n/e,0,,n/e,n/e,10,,n/e,n/e,n/e,n/e,77,
16:00 - 17:00,63,,n/e,n/e,n/e,n/e,153,,n/e,n/e,n/e,n/e,n/e,n/e,n/e,n/e,n/e,n/e,n/e,n/e,879,,n/e,n/e,n/e,n/e,n/e,n/e,0,,n/e,n/e,1,,n/e,n/e,n/e,n/e,90,
17:00 - 18:00,63,,n/e,n/e,n/e,n/e,153,,n/e,n/e,n/e,n/e,n/e,n/e,n/e,n/e,n/e,n/e,n/e,n/e,904,,n/e,n/e,n/e,n/e,n/e,n/e,0,,n/e,n/e,0,,n/e,n/e,n/e,n/e,69,
18:00 - 19:00,62,,n/e,n/e,n/e,n/e,153,,n/e,n/e,n/e,n/e,n/e,n/e,n/e,n/e,n/e,n/e,n/e,n/e,800,,n/e,n/e,n/e,n/e,n/e,n/e,0,,n/e,n/e,0,,n/e,n/e,n/e,n/e,80,
19:00 - 20:00,58,,n/e,n/e,n/e,n/e,153,,n/e,n/e,n/e,n/e,n/e,n/e,n/e,n/e,n/e,n/e,n/e,n/e,653,,n/e,n/e,n/e,n/e,n/e,n/e,0,,n/e,n/e,0,,n/e,n/e,n/e,n/e,102,
20:00 - 21:00,55,,n/e,n/e,n/e,n/e,150,,n/e,n/e,n/e,n/e,n/e,n/e,n/e,n/e,n/e,n/e,n/e,n/e,684,,n/e,n/e,n/e,n/e,n/e,n/e,0,,n/e,n/e,0,,n/e,n/e,n/e,n/e,99,
21:00 - 22:00,56,,n/e,n/e,n/e,n/e,150,,n/e,n/e,n/e,n/e,n/e,n/e,n/e,n/e,n/e,n/e,n/e,n/e,638,,n/e,n/e,n/e,n/e,n/e,n/e,0,,n/e,n/e,0,,n/e,n/e,n/e,n/e,94,
22:00 - 23:00,55,,n/e,n/e,n/e,n/e,150,,n/e,n/e,n/e,n/e,n/e,n/e,n/e,n/e,n/e,n/e,n/e,n/e,648,,n/e,n/e,n/e,n/e,n/e,n/e,0,,n/e,n/e,0,,n/e,n/e,n/e,n/e,90,
23:00 - 00:00,54,,n/e,n/e,n/e,n/e,150,,n/e,n/e,n/e,n/e,n/e,n/e,n/e,n/e,n/e,n/e,n/e,n/e,650,,n/e,n/e,n/e,n/e,n/e,n/e,0,,n/e,n/e,0,,n/e,n/e,n/e,n/e,85,
00:00 - 01:00,54,,n/e,n/e,n/e,n/e,150,,n/e,n/e,n/e,n/e,n/e,n/e,n/e,n/e,n/e,n/e,n/e,n/e,647,,n/e,n/e,n/e,n/e,n/e,n/e,0,,n/e,n/e,0,,n/e,n/e,n/e,n/e,75,
01:00 - 02:00,55,,n/e,n/e,n/e,n/e,150,,n/e,n/e,n/e,n/e,n/e,n/e,n/e,n/e,n/e,n/e,n/e,n/e,647,,n/e,n/e,n/e,n/e,n/e,n/e,0,,n/e,n/e,0,,n/e,n/e,n/e,n/e,62,
02:00 - 03:00,55,,n/e,n/e,n/e,n/e,150,,n/e,n/e,n/e,n/e,n/e,n/e,n/e,n/e,n/e,n/e,n/e,n/e,648,,n/e,n/e,n/e,n/e,n/e,n/e,0,,n/e,n/e,0,,n/e,n/e,n/e,n/e,51,
03:00 - 04:00,55,,n/e,n/e,n/e,n/e,150,,n/e,n/e,n/e,n/e,n/e,n/e,n/e,n/e,n/e,n/e,n/e,n/e,631,,n/e,n/e,n/e,n/e,n/e,n/e,0,,n/e,n/e,0,,n/e,n/e,n/e,n/e,44,
04:00 - 05:00,56,,n/e,n/e,n/e,n/e,150,,n/e,n/e,n/e,n/e,n/e,n/e,n/e,n/e,n/e,n/e,n/e,n/e,630,,n/e,n/e,n/e,n/e,n/e,n/e,0,,n/e,n/e,0,,n/e,n/e,n/e,n/e,38,
05:00 - 06:00,56,,n/e,n/e,n/e,n/e,150,,n/e,n/e,n/e,n/e,n/e,n/e,n/e,n/e,n/e,n/e,n/e,n/e,630,,n/e,n/e,n/e,n/e,n/e,n/e,0,,n/e,n/e,9,,n/e,n/e,n/e,n/e,31,
06:00 - 07:00,60,,n/e,n/e,n/e,n/e,151,,n/e,n/e,n/e,n/e,n/e,n/e,n/e,n/e,n/e,n/e,n/e,n/e,629,,n/e,n/e,n/e,n/e,n/e,n/e,0,,n/e,n/e,32,,n/e,n/e,n/e,n/e,29,
07:00 - 08:00,62,,n/e,n/e,n/e,n/e,152,,n/e,n/e,n/e,n/e,n/e,n/e,n/e,n/e,n/e,n/e,n/e,n/e,644,,n/e,n/e,n/e,n/e,n/e,n/e,0,,n/e,n/e,49,,n/e,n/e,n/e,n/e,28,
08:00 - 09:00,61,,n/e,n/e,n/e,n/e,152,,n/e,n/e,n/e,n/e,n/e,n/e,n/e,n/e,n/e,n/e,n/e,n/e,643,,n/e,n/e,n/e,n/e,n/e,n/e,0,,n/e,n/e,49,,n/e,n/e,n/e,n/e,25,
09:00 - 10:00,59,,n/e,n/e,n/e,n/e,152,,n/e,n/e,n/e,n/e,n/e,n/e,n/e,n/e,n/e,n/e,n/e,n/e,691,,n/e,n/e,n/e,n/e,n/e,n/e,0,,n/e,n/e,56,,n/e,n/e,n/e,n/e,23,
10:00 - 11:00,59,,n/e,n/e,n/e,n/e,152,,n/e,n/e,n/e,n/e,n/e,n/e,n/e,n/e,n/e,n/e,n/e,n/e,675,,n/e,n/e,n/e,n/e,n/e,n/e,0,,n/e,n/e,76,,n/e,n/e,n/e,n/e,26,
11:00 - 12:00,57,,n/e,n/e,n/e,n/e,153,,n/e,n/e,n/e,n/e,n/e,n/e,n/e,n/e,n/e,n/e,n/e,n/e,674,,n/e,n/e,n/e,n/e,n/e,n/e,0,,n/e,n/e,99,,n/e,n/e,n/e,n/e,38,
12:00 - 13:00,54,,n/e,n/e,n/e,n/e,152,,n/e,n/e,n/e,n/e,n/e,n/e,n/e,n/e,n/e,n/e,n/e,n/e,691,,n/e,n/e,n/e,n/e,n/e,n/e,0,,n/e,n/e,72,,n/e,n/e,n/e,n/e,54,
13:00 - 14:00,55,,n/e,n/e,n/e,n/e,152,,n/e,n/e,n/e,n/e,n/e,n/e,n/e,n/e,n/e,n/e,n/e,n/e,695,,n/e,n/e,n/e,n/e,n/e,n/e,0,,n/e,n/e,46,,n/e,n/e,n/e,n/e,50,
14:00 - 15:00,56,,n/e,n/e,n/e,n/e,153,,n/e,n/e,n/e,n/e,n/e,n/e,n/e,n/e,n/e,n/e,n/e,n/e,855,,n/e,n/e,n/e,n/e,n/e,n/e,0,,n/e,n/e,24,,n/e,n/e,n/e,n/e,35,
15:00 - 16:00,59,,n/e,n/e,n/e,n/e,156,,n/e,n/e,n/e,n/e,n/e,n/e,n/e,n/e,n/e,n/e,n/e,n/e,1062,,n/e,n/e,n/e,n/e,n/e,n/e,0,,n/e,n/e,5,,n/e,n/e,n/e,n/e,27,
16:00 - 17:00,59,,n/e,n/e,n/e,n/e,155,,n/e,n/e,n/e,n/e,n/e,n/e,n/e,n/e,n/e,n/e,n/e,n/e,1054,,n/e,n/e,n/e,n/e,n/e,n/e,0,,n/e,n/e,0,,n/e,n/e,n/e,n/e,32,
17:00 - 18:00,61,,n/e,n/e,n/e,n/e,153,,n/e,n/e,n/e,n/e,n/e,n/e,n/e,n/e,n/e,n/e,n/e,n/e,907,,n/e,n/e,n/e,n/e,n/e,n/e,0,,n/e,n/e,0,,n/e,n/e,n/e,n/e,34,
18:00 - 19:00,61,,n/e,n/e,n/e,n/e,154,,n/e,n/e,n/e,n/e,n/e,n/e,n/e,n/e,n/e,n/e,n/e,n/e,886,,n/e,n/e,n/e,n/e,n/e,n/e,0,,n/e,n/e,0,,n/e,n/e,n/e,n/e,65,
19:00 - 20:00,61,,n/e,n/e,n/e,n/e,153,,n/e,n/e,n/e,n/e,n/e,n/e,n/e,n/e,n/e,n/e,n/e,n/e,885,,n/e,n/e,n/e,n/e,n/e,n/e,0,,n/e,n/e,0,,n/e,n/e,n/e,n/e,52,
20:00 - 21:00,57,,n/e,n/e,n/e,n/e,151,,n/e,n/e,n/e,n/e,n/e,n/e,n/e,n/e,n/e,n/e,n/e,n/e,856,,n/e,n/e,n/e,n/e,n/e,n/e,0,,n/e,n/e,0,,n/e,n/e,n/e,n/e,36,
21:00 - 22:00,57,,n/e,n/e,n/e,n/e,150,,n/e,n/e,n/e,n/e,n/e,n/e,n/e,n/e,n/e,n/e,n/e,n/e,752,,n/e,n/e,n/e,n/e,n/e,n/e,0,,n/e,n/e,0,,n/e,n/e,n/e,n/e,37,
22:00 - 23:00,54,,n/e,n/e,n/e,n/e,150,,n/e,n/e,n/e,n/e,n/e,n/e,n/e,n/e,n/e,n/e,n/e,n/e,612,,n/e,n/e,n/e,n/e,n/e,n/e,0,,n/e,n/e,0,,n/e,n/e,n/e,n/e,34,
23:00 - 00:00,54,,n/e,n/e,n/e,n/e,150,,n/e,n/e,n/e,n/e,n/e,n/e,n/e,n/e,n/e,n/e,n/e,n/e,576,,n/e,n/e,n/e,n/e,n/e,n/e,0,,n/e,n/e,0,,n/e,n/e,n/e,n/e,37,
00:00 - 01:00,53,,n/e,n/e,n/e,n/e,150,,n/e,n/e,n/e,n/e,n/e,n/e,n/e,n/e,n/e,n/e,n/e,n/e,645,,n/e,n/e,n/e,n/e,n/e,n/e,0,,n/e,n/e,0,,n/e,n/e,n/e,n/e,50,
01:00 - 02:00,53,,n/e,n/e,n/e,n/e,150,,n/e,n/e,n/e,n/e,n/e,n/e,n/e,n/e,n/e,n/e,n/e,n/e,633,,n/e,n/e,n/e,n/e,n/e,n/e,0,,n/e,n/e,0,,n/e,n/e,n/e,n/e,46,
02:00 - 03:00,52,,n/e,n/e,n/e,n/e,151,,n/e,n/e,n/e,n/e,n/e,n/e,n/e,n/e,n/e,n/e,n/e,n/e,540,,n/e,n/e,n/e,n/e,n/e,n/e,0,,n/e,n/e,0,,n/e,n/e,n/e,n/e,46,
03:00 - 04:00,51,,n/e,n/e,n/e,n/e,151,,n/e,n/e,n/e,n/e,n/e,n/e,n/e,n/e,n/e,n/e,n/e,n/e,540,,n/e,n/e,n/e,n/e,n/e,n/e,0,,n/e,n/e,0,,n/e,n/e,n/e,n/e,38,
04:00 - 05:00,52,,n/e,n/e,n/e,n/e,151,,n/e,n/e,n/e,n/e,n/e,n/e,n/e,n/e,n/e,n/e,n/e,n/e,540,,n/e,n/e,n/e,n/e,n/e,n/e,0,,n/e,n/e,0,,n/e,n/e,n/e,n/e,40,
05:00 - 06:00,54,,n/e,n/e,n/e,n/e,151,,n/e,n/e,n/e,n/e,n/e,n/e,n/e,n/e,n/e,n/e,n/e,n/e,539,,n/e,n/e,n/e,n/e,n/e,n/e,0,,n/e,n/e,6,,n/e,n/e,n/e,n/e,36,
06:00 - 07:00,56,,n/e,n/e,n/e,n/e,152,,n/e,n/e,n/e,n/e,n/e,n/e,n/e,n/e,n/e,n/e,n/e,n/e,624,,n/e,n/e,n/e,n/e,n/e,n/e,0,,n/e,n/e,19,,n/e,n/e,n/e,n/e,26,
07:00 - 08:00,58,,n/e,n/e,n/e,n/e,153,,n/e,n/e,n/e,n/e,n/e,n/e,n/e,n/e,n/e,n/e,n/e,n/e,651,,n/e,n/e,n/e,n/e,n/e,n/e,0,,n/e,n/e,37,,n/e,n/e,n/e,n/e,27,
08:00 - 09:00,56,,n/e,n/e,n/e,n/e,155,,n/e,n/e,n/e,n/e,n/e,n/e,n/e,n/e,n/e,n/e,n/e,n/e,654,,n/e,n/e,n/e,n/e,n/e,n/e,0,,n/e,n/e,43,,n/e,n/e,n/e,n/e,27,
09:00 - 10:00,57,,n/e,n/e,n/e,n/e,154,,n/e,n/e,n/e,n/e,n/e,n/e,n/e,n/e,n/e,n/e,n/e,n/e,594,,n/e,n/e,n/e,n/e,n/e,n/e,0,,n/e,n/e,49,,n/e,n/e,n/e,n/e,19,
10:00 - 11:00,57,,n/e,n/e,n/e,n/e,152,,n/e,n/e,n/e,n/e,n/e,n/e,n/e,n/e,n/e,n/e,n/e,n/e,594,,n/e,n/e,n/e,n/e,n/e,n/e,0,,n/e,n/e,46,,n/e,n/e,n/e,n/e,18,
11:00 - 12:00,56,,n/e,n/e,n/e,n/e,152,,n/e,n/e,n/e,n/e,n/e,n/e,n/e,n/e,n/e,n/e,n/e,n/e,692,,n/e,n/e,n/e,n/e,n/e,n/e,0,,n/e,n/e,36,,n/e,n/e,n/e,n/e,20,
12:00 - 13:00,55,,n/e,n/e,n/e,n/e,153,,n/e,n/e,n/e,n/e,n/e,n/e,n/e,n/e,n/e,n/e,n/e,n/e,710,,n/e,n/e,n/e,n/e,n/e,n/e,0,,n/e,n/e,29,,n/e,n/e,n/e,n/e,37,
13:00 - 14:00,54,,n/e,n/e,n/e,n/e,157,,n/e,n/e,n/e,n/e,n/e,n/e,n/e,n/e,n/e,n/e,n/e,n/e,674,,n/e,n/e,n/e,n/e,n/e,n/e,0,,n/e,n/e,21,,n/e,n/e,n/e,n/e,61,
14:00 - 15:00,57,,n/e,n/e,n/e,n/e,157,,n/e,n/e,n/e,n/e,n/e,n/e,n/e,n/e,n/e,n/e,n/e,n/e,778,,n/e,n/e,n/e,n/e,n/e,n/e,0,,n/e,n/e,12,,n/e,n/e,n/e,n/e,82,
15:00 - 16:00,59,,n/e,n/e,n/e,n/e,157,,n/e,n/e,n/e,n/e,n/e,n/e,n/e,n/e,n/e,n/e,n/e,n/e,867,,n/e,n/e,n/e,n/e,n/e,n/e,0,,n/e,n/e,4,,n/e,n/e,n/e,n/e,88,
16:00 - 17:00,62,,n/e,n/e,n/e,n/e,158,,n/e,n/e,n/e,n/e,n/e,n/e,n/e,n/e,n/e,n/e,n/e,n/e,865,,n/e,n/e,n/e,n/e,n/e,n/e,0,,n/e,n/e,0,,n/e,n/e,n/e,n/e,99,
17:00 - 18:00,62,,n/e,n/e,n/e,n/e,158,,n/e,n/e,n/e,n/e,n/e,n/e,n/e,n/e,n/e,n/e,n/e,n/e,947,,n/e,n/e,n/e,n/e,n/e,n/e,0,,n/e,n/e,0,,n/e,n/e,n/e,n/e,99,
18:00 - 19:00,62,,n/e,n/e,n/e,n/e,160,,n/e,n/e,n/e,n/e,n/e,n/e,n/e,n/e,n/e,n/e,n/e,n/e,893,,n/e,n/e,n/e,n/e,n/e,n/e,0,,n/e,n/e,0,,n/e,n/e,n/e,n/e,91,
19:00 - 20:00,63,,n/e,n/e,n/e,n/e,161,,n/e,n/e,n/e,n/e,n/e,n/e,n/e,n/e,n/e,n/e,n/e,n/e,898,,n/e,n/e,n/e,n/e,n/e,n/e,0,,n/e,n/e,0,,n/e,n/e,n/e,n/e,85,
20:00 - 21:00,63,,n/e,n/e,n/e,n/e,158,,n/e,n/e,n/e,n/e,n/e,n/e,n/e,n/e,n/e,n/e,n/e,n/e,820,,n/e,n/e,n/e,n/e,n/e,n/e,0,,n/e,n/e,0,,n/e,n/e,n/e,n/e,89,
21:00 - 22:00,62,,n/e,n/e,n/e,n/e,152,,n/e,n/e,n/e,n/e,n/e,n/e,n/e,n/e,n/e,n/e,n/e,n/e,800,,n/e,n/e,n/e,n/e,n/e,n/e,0,,n/e,n/e,0,,n/e,n/e,n/e,n/e,85,
22:00 - 23:00,60,,n/e,n/e,n/e,n/e,150,,n/e,n/e,n/e,n/e,n/e,n/e,n/e,n/e,n/e,n/e,n/e,n/e,604,,n/e,n/e,n/e,n/e,n/e,n/e,0,,n/e,n/e,0,,n/e,n/e,n/e,n/e,78,
23:00 - 00:00,59,,n/e,n/e,n/e,n/e,151,,n/e,n/e,n/e,n/e,n/e,n/e,n/e,n/e,n/e,n/e,n/e,n/e,681,,n/e,n/e,n/e,n/e,n/e,n/e,0,,n/e,n/e,0,,n/e,n/e,n/e,n/e,66,
00:00 - 01:00,59,,n/e,n/e,n/e,n/e,151,,n/e,n/e,n/e,n/e,n/e,n/e,n/e,n/e,n/e,n/e,n/e,n/e,681,,n/e,n/e,n/e,n/e,n/e,n/e,0,,n/e,n/e,0,,n/e,n/e,n/e,n/e,50,
01:00 - 02:00,62,,n/e,n/e,n/e,n/e,151,,n/e,n/e,n/e,n/e,n/e,n/e,n/e,n/e,n/e,n/e,n/e,n/e,681,,n/e,n/e,n/e,n/e,n/e,n/e,0,,n/e,n/e,0,,n/e,n/e,n/e,n/e,42,
02:00 - 03:00,63,,n/e,n/e,n/e,n/e,151,,n/e,n/e,n/e,n/e,n/e,n/e,n/e,n/e,n/e,n/e,n/e,n/e,681,,n/e,n/e,n/e,n/e,n/e,n/e,0,,n/e,n/e,0,,n/e,n/e,n/e,n/e,32,
03:00 - 04:00,64,,n/e,n/e,n/e,n/e,151,,n/e,n/e,n/e,n/e,n/e,n/e,n/e,n/e,n/e,n/e,n/e,n/e,695,,n/e,n/e,n/e,n/e,n/e,n/e,0,,n/e,n/e,0,,n/e,n/e,n/e,n/e,30,
04:00 - 05:00,65,,n/e,n/e,n/e,n/e,154,,n/e,n/e,n/e,n/e,n/e,n/e,n/e,n/e,n/e,n/e,n/e,n/e,685,,n/e,n/e,n/e,n/e,n/e,n/e,0,,n/e,n/e,0,,n/e,n/e,n/e,n/e,28,
05:00 - 06:00,66,,n/e,n/e,n/e,n/e,154,,n/e,n/e,n/e,n/e,n/e,n/e,n/e,n/e,n/e,n/e,n/e,n/e,759,,n/e,n/e,n/e,n/e,n/e,n/e,0,,n/e,n/e,5,,n/e,n/e,n/e,n/e,24,
06:00 - 07:00,67,,n/e,n/e,n/e,n/e,194,,n/e,n/e,n/e,n/e,n/e,n/e,n/e,n/e,n/e,n/e,n/e,n/e,774,,n/e,n/e,n/e,n/e,n/e,n/e,0,,n/e,n/e,14,,n/e,n/e,n/e,n/e,18,
07:00 - 08:00,67,,n/e,n/e,n/e,n/e,216,,n/e,n/e,n/e,n/e,n/e,n/e,n/e,n/e,n/e,n/e,n/e,n/e,860,,n/e,n/e,n/e,n/e,n/e,n/e,0,,n/e,n/e,22,,n/e,n/e,n/e,n/e,16,
08:00 - 09:00,63,,n/e,n/e,n/e,n/e,246,,n/e,n/e,n/e,n/e,n/e,n/e,n/e,n/e,n/e,n/e,n/e,n/e,803,,n/e,n/e,n/e,n/e,n/e,n/e,0,,n/e,n/e,33,,n/e,n/e,n/e,n/e,17,
09:00 - 10:00,62,,n/e,n/e,n/e,n/e,251,,n/e,n/e,n/e,n/e,n/e,n/e,n/e,n/e,n/e,n/e,n/e,n/e,797,,n/e,n/e,n/e,n/e,n/e,n/e,0,,n/e,n/e,43,,n/e,n/e,n/e,n/e,14,
10:00 - 11:00,62,,n/e,n/e,n/e,n/e,253,,n/e,n/e,n/e,n/e,n/e,n/e,n/e,n/e,n/e,n/e,n/e,n/e,796,,n/e,n/e,n/e,n/e,n/e,n/e,0,,n/e,n/e,47,,n/e,n/e,n/e,n/e,10,
11:00 - 12:00,61,,n/e,n/e,n/e,n/e,328,,n/e,n/e,n/e,n/e,n/e,n/e,n/e,n/e,n/e,n/e,n/e,n/e,771,,n/e,n/e,n/e,n/e,n/e,n/e,0,,n/e,n/e,44,,n/e,n/e,n/e,n/e,8,
12:00 - 13:00,62,,n/e,n/e,n/e,n/e,348,,n/e,n/e,n/e,n/e,n/e,n/e,n/e,n/e,n/e,n/e,n/e,n/e,765,,n/e,n/e,n/e,n/e,n/e,n/e,0,,n/e,n/e,38,,n/e,n/e,n/e,n/e,5,
13:00 - 14:00,64,,n/e,n/e,n/e,n/e,352,,n/e,n/e,n/e,n/e,n/e,n/e,n/e,n/e,n/e,n/e,n/e,n/e,766,,n/e,n/e,n/e,n/e,n/e,n/e,0,,n/e,n/e,26,,n/e,n/e,n/e,n/e,4,
14:00 - 15:00,65,,n/e,n/e,n/e,n/e,354,,n/e,n/e,n/e,n/e,n/e,n/e,n/e,n/e,n/e,n/e,n/e,n/e,834,,n/e,n/e,n/e,n/e,n/e,n/e,0,,n/e,n/e,13,,n/e,n/e,n/e,n/e,3,
15:00 - 16:00,68,,n/e,n/e,n/e,n/e,373,,n/e,n/e,n/e,n/e,n/e,n/e,n/e,n/e,n/e,n/e,n/e,n/e,929,,n/e,n/e,n/e,n/e,n/e,n/e,0,,n/e,n/e,4,,n/e,n/e,n/e,n/e,2,
16:00 - 17:00,70,,n/e,n/e,n/e,n/e,372,,n/e,n/e,n/e,n/e,n/e,n/e,n/e,n/e,n/e,n/e,n/e,n/e,914,,n/e,n/e,n/e,n/e,n/e,n/e,0,,n/e,n/e,0,,n/e,n/e,n/e,n/e,2,
17:00 - 18:00,71,,n/e,n/e,n/e,n/e,391,,n/e,n/e,n/e,n/e,n/e,n/e,n/e,n/e,n/e,n/e,n/e,n/e,982,,n/e,n/e,n/e,n/e,n/e,n/e,0,,n/e,n/e,0,,n/e,n/e,n/e,n/e,1,
18:00 - 19:00,70,,n/e,n/e,n/e,n/e,395,,n/e,n/e,n/e,n/e,n/e,n/e,n/e,n/e,n/e,n/e,n/e,n/e,984,,n/e,n/e,n/e,n/e,n/e,n/e,0,,n/e,n/e,0,,n/e,n/e,n/e,n/e,1,
19:00 - 20:00,71,,n/e,n/e,n/e,n/e,383,,n/e,n/e,n/e,n/e,n/e,n/e,n/e,n/e,n/e,n/e,n/e,n/e,983,,n/e,n/e,n/e,n/e,n/e,n/e,0,,n/e,n/e,0,,n/e,n/e,n/e,n/e,0,
20:00 - 21:00,67,,n/e,n/e,n/e,n/e,261,,n/e,n/e,n/e,n/e,n/e,n/e,n/e,n/e,n/e,n/e,n/e,n/e,844,,n/e,n/e,n/e,n/e,n/e,n/e,0,,n/e,n/e,0,,n/e,n/e,n/e,n/e,0,
21:00 - 22:00,65,,n/e,n/e,n/e,n/e,254,,n/e,n/e,n/e,n/e,n/e,n/e,n/e,n/e,n/e,n/e,n/e,n/e,725,,n/e,n/e,n/e,n/e,n/e,n/e,0,,n/e,n/e,0,,n/e,n/e,n/e,n/e,0,
22:00 - 23:00,63,,n/e,n/e,n/e,n/e,252,,n/e,n/e,n/e,n/e,n/e,n/e,n/e,n/e,n/e,n/e,n/e,n/e,709,,n/e,n/e,n/e,n/e,n/e,n/e,0,,n/e,n/e,0,,n/e,n/e,n/e,n/e,0,
23:00 - 00:00,62,,n/e,n/e,n/e,n/e,234,,n/e,n/e,n/e,n/e,n/e,n/e,n/e,n/e,n/e,n/e,n/e,n/e,542,,n/e,n/e,n/e,n/e,n/e,n/e,0,,n/e,n/e,0,,n/e,n/e,n/e,n/e,0,
00:00 - 01:00,61,,n/e,n/e,n/e,n/e,234,,n/e,n/e,n/e,n/e,n/e,n/e,n/e,n/e,n/e,n/e,n/e,n/e,528,,n/e,n/e,n/e,n/e,n/e,n/e,0,,n/e,n/e,0,,n/e,n/e,n/e,n/e,0,
01:00 - 02:00,61,,n/e,n/e,n/e,n/e,234,,n/e,n/e,n/e,n/e,n/e,n/e,n/e,n/e,n/e,n/e,n/e,n/e,543,,n/e,n/e,n/e,n/e,n/e,n/e,0,,n/e,n/e,0,,n/e,n/e,n/e,n/e,0,
02:00 - 03:00,61,,n/e,n/e,n/e,n/e,234,,n/e,n/e,n/e,n/e,n/e,n/e,n/e,n/e,n/e,n/e,n/e,n/e,543,,n/e,n/e,n/e,n/e,n/e,n/e,0,,n/e,n/e,0,,n/e,n/e,n/e,n/e,0,
03:00 - 04:00,61,,n/e,n/e,n/e,n/e,234,,n/e,n/e,n/e,n/e,n/e,n/e,n/e,n/e,n/e,n/e,n/e,n/e,543,,n/e,n/e,n/e,n/e,n/e,n/e,0,,n/e,n/e,0,,n/e,n/e,n/e,n/e,0,
04:00 - 05:00,60,,n/e,n/e,n/e,n/e,275,,n/e,n/e,n/e,n/e,n/e,n/e,n/e,n/e,n/e,n/e,n/e,n/e,546,,n/e,n/e,n/e,n/e,n/e,n/e,0,,n/e,n/e,0,,n/e,n/e,n/e,n/e,0,
05:00 - 06:00,67,,n/e,n/e,n/e,n/e,328,,n/e,n/e,n/e,n/e,n/e,n/e,n/e,n/e,n/e,n/e,n/e,n/e,780,,n/e,n/e,n/e,n/e,n/e,n/e,0,,n/e,n/e,3,,n/e,n/e,n/e,n/e,0,
06:00 - 07:00,68,,n/e,n/e,n/e,n/e,374,,n/e,n/e,n/e,n/e,n/e,n/e,n/e,n/e,n/e,n/e,n/e,n/e,855,,n/e,n/e,n/e,n/e,n/e,n/e,0,,n/e,n/e,9,,n/e,n/e,n/e,n/e,0,
07:00 - 08:00,68,,n/e,n/e,n/e,n/e,375,,n/e,n/e,n/e,n/e,n/e,n/e,n/e,n/e,n/e,n/e,n/e,n/e,878,,n/e,n/e,n/e,n/e,n/e,n/e,0,,n/e,n/e,18,,n/e,n/e,n/e,n/e,0,
08:00 - 09:00,67,,n/e,n/e,n/e,n/e,378,,n/e,n/e,n/e,n/e,n/e,n/e,n/e,n/e,n/e,n/e,n/e,n/e,750,,n/e,n/e,n/e,n/e,n/e,n/e,0,,n/e,n/e,26,,n/e,n/e,n/e,n/e,0,
09:00 - 10:00,66,,n/e,n/e,n/e,n/e,378,,n/e,n/e,n/e,n/e,n/e,n/e,n/e,n/e,n/e,n/e,n/e,n/e,780,,n/e,n/e,n/e,n/e,n/e,n/e,0,,n/e,n/e,34,,n/e,n/e,n/e,n/e,0,
10:00 - 11:00,65,,n/e,n/e,n/e,n/e,378,,n/e,n/e,n/e,n/e,n/e,n/e,n/e,n/e,n/e,n/e,n/e,n/e,643,,n/e,n/e,n/e,n/e,n/e,n/e,0,,n/e,n/e,44,,n/e,n/e,n/e,n/e,0,
11:00 - 12:00,61,,n/e,n/e,n/e,n/e,378,,n/e,n/e,n/e,n/e,n/e,n/e,n/e,n/e,n/e,n/e,n/e,n/e,647,,n/e,n/e,n/e,n/e,n/e,n/e,0,,n/e,n/e,46,,n/e,n/e,n/e,n/e,0,
12:00 - 13:00,61,,n/e,n/e,n/e,n/e,378,,n/e,n/e,n/e,n/e,n/e,n/e,n/e,n/e,n/e,n/e,n/e,n/e,645,,n/e,n/e,n/e,n/e,n/e,n/e,0,,n/e,n/e,42,,n/e,n/e,n/e,n/e,0,
13:00 - 14:00,62,,n/e,n/e,n/e,n/e,426,,n/e,n/e,n/e,n/e,n/e,n/e,n/e,n/e,n/e,n/e,n/e,n/e,648,,n/e,n/e,n/e,n/e,n/e,n/e,0,,n/e,n/e,35,,n/e,n/e,n/e,n/e,1,
14:00 - 15:00,62,,n/e,n/e,n/e,n/e,428,,n/e,n/e,n/e,n/e,n/e,n/e,n/e,n/e,n/e,n/e,n/e,n/e,686,,n/e,n/e,n/e,n/e,n/e,n/e,0,,n/e,n/e,19,,n/e,n/e,n/e,n/e,1,
15:00 - 16:00,64,,n/e,n/e,n/e,n/e,428,,n/e,n/e,n/e,n/e,n/e,n/e,n/e,n/e,n/e,n/e,n/e,n/e,793,,n/e,n/e,n/e,n/e,n/e,n/e,0,,n/e,n/e,5,,n/e,n/e,n/e,n/e,0,
16:00 - 17:00,66,,n/e,n/e,n/e,n/e,427,,n/e,n/e,n/e,n/e,n/e,n/e,n/e,n/e,n/e,n/e,n/e,n/e,793,,n/e,n/e,n/e,n/e,n/e,n/e,0,,n/e,n/e,0,,n/e,n/e,n/e,n/e,0,
17:00 - 18:00,68,,n/e,n/e,n/e,n/e,434,,n/e,n/e,n/e,n/e,n/e,n/e,n/e,n/e,n/e,n/e,n/e,n/e,880,,n/e,n/e,n/e,n/e,n/e,n/e,0,,n/e,n/e,0,,n/e,n/e,n/e,n/e,0,
18:00 - 19:00,67,,n/e,n/e,n/e,n/e,434,,n/e,n/e,n/e,n/e,n/e,n/e,n/e,n/e,n/e,n/e,n/e,n/e,916,,n/e,n/e,n/e,n/e,n/e,n/e,0,,n/e,n/e,0,,n/e,n/e,n/e,n/e,0,
19:00 - 20:00,66,,n/e,n/e,n/e,n/e,375,,n/e,n/e,n/e,n/e,n/e,n/e,n/e,n/e,n/e,n/e,n/e,n/e,872,,n/e,n/e,n/e,n/e,n/e,n/e,0,,n/e,n/e,0,,n/e,n/e,n/e,n/e,0,
20:00 - 21:00,63,,n/e,n/e,n/e,n/e,351,,n/e,n/e,n/e,n/e,n/e,n/e,n/e,n/e,n/e,n/e,n/e,n/e,475,,n/e,n/e,n/e,n/e,n/e,n/e,0,,n/e,n/e,0,,n/e,n/e,n/e,n/e,1,
21:00 - 22:00,61,,n/e,n/e,n/e,n/e,350,,n/e,n/e,n/e,n/e,n/e,n/e,n/e,n/e,n/e,n/e,n/e,n/e,430,,n/e,n/e,n/e,n/e,n/e,n/e,0,,n/e,n/e,0,,n/e,n/e,n/e,n/e,1,
22:00 - 23:00,60,,n/e,n/e,n/e,n/e,343,,n/e,n/e,n/e,n/e,n/e,n/e,n/e,n/e,n/e,n/e,n/e,n/e,402,,n/e,n/e,n/e,n/e,n/e,n/e,0,,n/e,n/e,0,,n/e,n/e,n/e,n/e,1,
23:00 - 00:00,57,,n/e,n/e,n/e,n/e,342,,n/e,n/e,n/e,n/e,n/e,n/e,n/e,n/e,n/e,n/e,n/e,n/e,533,,n/e,n/e,n/e,n/e,n/e,n/e,0,,n/e,n/e,0,,n/e,n/e,n/e,n/e,2,
00:00 - 01:00,56,,n/e,n/e,n/e,n/e,342,,n/e,n/e,n/e,n/e,n/e,n/e,n/e,n/e,n/e,n/e,n/e,n/e,542,,n/e,n/e,n/e,n/e,n/e,n/e,0,,n/e,n/e,0,,n/e,n/e,n/e,n/e,4,
01:00 - 02:00,56,,n/e,n/e,n/e,n/e,344,,n/e,n/e,n/e,n/e,n/e,n/e,n/e,n/e,n/e,n/e,n/e,n/e,507,,n/e,n/e,n/e,n/e,n/e,n/e,0,,n/e,n/e,0,,n/e,n/e,n/e,n/e,3,
02:00 - 03:00,57,,n/e,n/e,n/e,n/e,344,,n/e,n/e,n/e,n/e,n/e,n/e,n/e,n/e,n/e,n/e,n/e,n/e,539,,n/e,n/e,n/e,n/e,n/e,n/e,0,,n/e,n/e,0,,n/e,n/e,n/e,n/e,5,
03:00 - 04:00,62,,n/e,n/e,n/e,n/e,349,,n/e,n/e,n/e,n/e,n/e,n/e,n/e,n/e,n/e,n/e,n/e,n/e,531,,n/e,n/e,n/e,n/e,n/e,n/e,0,,n/e,n/e,0,,n/e,n/e,n/e,n/e,4,
04:00 - 05:00,65,,n/e,n/e,n/e,n/e,352,,n/e,n/e,n/e,n/e,n/e,n/e,n/e,n/e,n/e,n/e,n/e,n/e,586,,n/e,n/e,n/e,n/e,n/e,n/e,0,,n/e,n/e,0,,n/e,n/e,n/e,n/e,7,
05:00 - 06:00,66,,n/e,n/e,n/e,n/e,438,,n/e,n/e,n/e,n/e,n/e,n/e,n/e,n/e,n/e,n/e,n/e,n/e,714,,n/e,n/e,n/e,n/e,n/e,n/e,0,,n/e,n/e,3,,n/e,n/e,n/e,n/e,11,
06:00 - 07:00,70,,n/e,n/e,n/e,n/e,445,,n/e,n/e,n/e,n/e,n/e,n/e,n/e,n/e,n/e,n/e,n/e,n/e,773,,n/e,n/e,n/e,n/e,n/e,n/e,0,,n/e,n/e,11,,n/e,n/e,n/e,n/e,10,
07:00 - 08:00,69,,n/e,n/e,n/e,n/e,445,,n/e,n/e,n/e,n/e,n/e,n/e,n/e,n/e,n/e,n/e,n/e,n/e,747,,n/e,n/e,n/e,n/e,n/e,n/e,0,,n/e,n/e,21,,n/e,n/e,n/e,n/e,12,
08:00 - 09:00,67,,n/e,n/e,n/e,n/e,442,,n/e,n/e,n/e,n/e,n/e,n/e,n/e,n/e,n/e,n/e,n/e,n/e,688,,n/e,n/e,n/e,n/e,n/e,n/e,0,,n/e,n/e,33,,n/e,n/e,n/e,n/e,17,
09:00 - 10:00,63,,n/e,n/e,n/e,n/e,382,,n/e,n/e,n/e,n/e,n/e,n/e,n/e,n/e,n/e,n/e,n/e,n/e,673,,n/e,n/e,n/e,n/e,n/e,n/e,0,,n/e,n/e,43,,n/e,n/e,n/e,n/e,15,
10:00 - 11:00,60,,n/e,n/e,n/e,n/e,379,,n/e,n/e,n/e,n/e,n/e,n/e,n/e,n/e,n/e,n/e,n/e,n/e,600,,n/e,n/e,n/e,n/e,n/e,n/e,0,,n/e,n/e,48,,n/e,n/e,n/e,n/e,13,
11:00 - 12:00,56,,n/e,n/e,n/e,n/e,375,,n/e,n/e,n/e,n/e,n/e,n/e,n/e,n/e,n/e,n/e,n/e,n/e,676,,n/e,n/e,n/e,n/e,n/e,n/e,0,,n/e,n/e,49,,n/e,n/e,n/e,n/e,12,
12:00 - 13:00,54,,n/e,n/e,n/e,n/e,394,,n/e,n/e,n/e,n/e,n/e,n/e,n/e,n/e,n/e,n/e,n/e,n/e,624,,n/e,n/e,n/e,n/e,n/e,n/e,0,,n/e,n/e,51,,n/e,n/e,n/e,n/e,11,
13:00 - 14:00,56,,n/e,n/e,n/e,n/e,430,,n/e,n/e,n/e,n/e,n/e,n/e,n/e,n/e,n/e,n/e,n/e,n/e,661,,n/e,n/e,n/e,n/e,n/e,n/e,0,,n/e,n/e,44,,n/e,n/e,n/e,n/e,6,
14:00 - 15:00,59,,n/e,n/e,n/e,n/e,423,,n/e,n/e,n/e,n/e,n/e,n/e,n/e,n/e,n/e,n/e,n/e,n/e,667,,n/e,n/e,n/e,n/e,n/e,n/e,0,,n/e,n/e,31,,n/e,n/e,n/e,n/e,10,
15:00 - 16:00,65,,n/e,n/e,n/e,n/e,418,,n/e,n/e,n/e,n/e,n/e,n/e,n/e,n/e,n/e,n/e,n/e,n/e,724,,n/e,n/e,n/e,n/e,n/e,n/e,0,,n/e,n/e,11,,n/e,n/e,n/e,n/e,10,
16:00 - 17:00,68,,n/e,n/e,n/e,n/e,420,,n/e,n/e,n/e,n/e,n/e,n/e,n/e,n/e,n/e,n/e,n/e,n/e,837,,n/e,n/e,n/e,n/e,n/e,n/e,0,,n/e,n/e,1,,n/e,n/e,n/e,n/e,13,
17:00 - 18:00,69,,n/e,n/e,n/e,n/e,421,,n/e,n/e,n/e,n/e,n/e,n/e,n/e,n/e,n/e,n/e,n/e,n/e,859,,n/e,n/e,n/e,n/e,n/e,n/e,0,,n/e,n/e,0,,n/e,n/e,n/e,n/e,21,
18:00 - 19:00,69,,n/e,n/e,n/e,n/e,420,,n/e,n/e,n/e,n/e,n/e,n/e,n/e,n/e,n/e,n/e,n/e,n/e,855,,n/e,n/e,n/e,n/e,n/e,n/e,0,,n/e,n/e,0,,n/e,n/e,n/e,n/e,14,
19:00 - 20:00,69,,n/e,n/e,n/e,n/e,411,,n/e,n/e,n/e,n/e,n/e,n/e,n/e,n/e,n/e,n/e,n/e,n/e,787,,n/e,n/e,n/e,n/e,n/e,n/e,0,,n/e,n/e,0,,n/e,n/e,n/e,n/e,17,
20:00 - 21:00,68,,n/e,n/e,n/e,n/e,397,,n/e,n/e,n/e,n/e,n/e,n/e,n/e,n/e,n/e,n/e,n/e,n/e,786,,n/e,n/e,n/e,n/e,n/e,n/e,0,,n/e,n/e,0,,n/e,n/e,n/e,n/e,21,
21:00 - 22:00,65,,n/e,n/e,n/e,n/e,358,,n/e,n/e,n/e,n/e,n/e,n/e,n/e,n/e,n/e,n/e,n/e,n/e,653,,n/e,n/e,n/e,n/e,n/e,n/e,0,,n/e,n/e,0,,n/e,n/e,n/e,n/e,18,
22:00 - 23:00,62,,n/e,n/e,n/e,n/e,347,,n/e,n/e,n/e,n/e,n/e,n/e,n/e,n/e,n/e,n/e,n/e,n/e,631,,n/e,n/e,n/e,n/e,n/e,n/e,0,,n/e,n/e,0,,n/e,n/e,n/e,n/e,22,
23:00 - 00:00,59,,n/e,n/e,n/e,n/e,344,,n/e,n/e,n/e,n/e,n/e,n/e,n/e,n/e,n/e,n/e,n/e,n/e,544,,n/e,n/e,n/e,n/e,n/e,n/e,0,,n/e,n/e,0,,n/e,n/e,n/e,n/e,20,
00:00 - 01:00,56,,n/e,n/e,n/e,n/e,344,,n/e,n/e,n/e,n/e,n/e,n/e,n/e,n/e,n/e,n/e,n/e,n/e,569,,n/e,n/e,n/e,n/e,n/e,n/e,0,,n/e,n/e,0,,n/e,n/e,n/e,n/e,18,
01:00 - 02:00,56,,n/e,n/e,n/e,n/e,344,,n/e,n/e,n/e,n/e,n/e,n/e,n/e,n/e,n/e,n/e,n/e,n/e,545,,n/e,n/e,n/e,n/e,n/e,n/e,0,,n/e,n/e,0,,n/e,n/e,n/e,n/e,21,
02:00 - 03:00,55,,n/e,n/e,n/e,n/e,344,,n/e,n/e,n/e,n/e,n/e,n/e,n/e,n/e,n/e,n/e,n/e,n/e,542,,n/e,n/e,n/e,n/e,n/e,n/e,0,,n/e,n/e,0,,n/e,n/e,n/e,n/e,16,
03:00 - 04:00,54,,n/e,n/e,n/e,n/e,343,,n/e,n/e,n/e,n/e,n/e,n/e,n/e,n/e,n/e,n/e,n/e,n/e,542,,n/e,n/e,n/e,n/e,n/e,n/e,0,,n/e,n/e,0,,n/e,n/e,n/e,n/e,17,
04:00 - 05:00,55,,n/e,n/e,n/e,n/e,344,,n/e,n/e,n/e,n/e,n/e,n/e,n/e,n/e,n/e,n/e,n/e,n/e,502,,n/e,n/e,n/e,n/e,n/e,n/e,0,,n/e,n/e,1,,n/e,n/e,n/e,n/e,14,
05:00 - 06:00,58,,n/e,n/e,n/e,n/e,269,,n/e,n/e,n/e,n/e,n/e,n/e,n/e,n/e,n/e,n/e,n/e,n/e,612,,n/e,n/e,n/e,n/e,n/e,n/e,0,,n/e,n/e,11,,n/e,n/e,n/e,n/e,14,
06:00 - 07:00,62,,n/e,n/e,n/e,n/e,266,,n/e,n/e,n/e,n/e,n/e,n/e,n/e,n/e,n/e,n/e,n/e,n/e,621,,n/e,n/e,n/e,n/e,n/e,n/e,0,,n/e,n/e,30,,n/e,n/e,n/e,n/e,13,
07:00 - 08:00,65,,n/e,n/e,n/e,n/e,266,,n/e,n/e,n/e,n/e,n/e,n/e,n/e,n/e,n/e,n/e,n/e,n/e,674,,n/e,n/e,n/e,n/e,n/e,n/e,0,,n/e,n/e,53,,n/e,n/e,n/e,n/e,12,
08:00 - 09:00,66,,n/e,n/e,n/e,n/e,264,,n/e,n/e,n/e,n/e,n/e,n/e,n/e,n/e,n/e,n/e,n/e,n/e,626,,n/e,n/e,n/e,n/e,n/e,n/e,0,,n/e,n/e,66,,n/e,n/e,n/e,n/e,23,
09:00 - 10:00,67,,n/e,n/e,n/e,n/e,267,,n/e,n/e,n/e,n/e,n/e,n/e,n/e,n/e,n/e,n/e,n/e,n/e,627,,n/e,n/e,n/e,n/e,n/e,n/e,0,,n/e,n/e,66,,n/e,n/e,n/e,n/e,26,
10:00 - 11:00,68,,n/e,n/e,n/e,n/e,366,,n/e,n/e,n/e,n/e,n/e,n/e,n/e,n/e,n/e,n/e,n/e,n/e,805,,n/e,n/e,n/e,n/e,n/e,n/e,0,,n/e,n/e,61,,n/e,n/e,n/e,n/e,18,
11:00 - 12:00,70,,n/e,n/e,n/e,n/e,429,,n/e,n/e,n/e,n/e,n/e,n/e,n/e,n/e,n/e,n/e,n/e,n/e,778,,n/e,n/e,n/e,n/e,n/e,n/e,0,,n/e,n/e,52,,n/e,n/e,n/e,n/e,20,
12:00 - 13:00,69,,n/e,n/e,n/e,n/e,429,,n/e,n/e,n/e,n/e,n/e,n/e,n/e,n/e,n/e,n/e,n/e,n/e,810,,n/e,n/e,n/e,n/e,n/e,n/e,0,,n/e,n/e,36,,n/e,n/e,n/e,n/e,22,
13:00 - 14:00,70,,n/e,n/e,n/e,n/e,429,,n/e,n/e,n/e,n/e,n/e,n/e,n/e,n/e,n/e,n/e,n/e,n/e,833,,n/e,n/e,n/e,n/e,n/e,n/e,0,,n/e,n/e,21,,n/e,n/e,n/e,n/e,23,
14:00 - 15:00,70,,n/e,n/e,n/e,n/e,429,,n/e,n/e,n/e,n/e,n/e,n/e,n/e,n/e,n/e,n/e,n/e,n/e,851,,n/e,n/e,n/e,n/e,n/e,n/e,0,,n/e,n/e,13,,n/e,n/e,n/e,n/e,22,
15:00 - 16:00,69,,n/e,n/e,n/e,n/e,393,,n/e,n/e,n/e,n/e,n/e,n/e,n/e,n/e,n/e,n/e,n/e,n/e,758,,n/e,n/e,n/e,n/e,n/e,n/e,0,,n/e,n/e,5,,n/e,n/e,n/e,n/e,11,
16:00 - 17:00,68,,n/e,n/e,n/e,n/e,393,,n/e,n/e,n/e,n/e,n/e,n/e,n/e,n/e,n/e,n/e,n/e,n/e,769,,n/e,n/e,n/e,n/e,n/e,n/e,0,,n/e,n/e,0,,n/e,n/e,n/e,n/e,4,
17:00 - 18:00,69,,n/e,n/e,n/e,n/e,396,,n/e,n/e,n/e,n/e,n/e,n/e,n/e,n/e,n/e,n/e,n/e,n/e,687,,n/e,n/e,n/e,n/e,n/e,n/e,0,,n/e,n/e,0,,n/e,n/e,n/e,n/e,4,
18:00 - 19:00,68,,n/e,n/e,n/e,n/e,359,,n/e,n/e,n/e,n/e,n/e,n/e,n/e,n/e,n/e,n/e,n/e,n/e,738,,n/e,n/e,n/e,n/e,n/e,n/e,0,,n/e,n/e,0,,n/e,n/e,n/e,n/e,3,
19:00 - 20:00,67,,n/e,n/e,n/e,n/e,352,,n/e,n/e,n/e,n/e,n/e,n/e,n/e,n/e,n/e,n/e,n/e,n/e,737,,n/e,n/e,n/e,n/e,n/e,n/e,0,,n/e,n/e,0,,n/e,n/e,n/e,n/e,3,
20:00 - 21:00,65,,n/e,n/e,n/e,n/e,257,,n/e,n/e,n/e,n/e,n/e,n/e,n/e,n/e,n/e,n/e,n/e,n/e,562,,n/e,n/e,n/e,n/e,n/e,n/e,0,,n/e,n/e,0,,n/e,n/e,n/e,n/e,6,
21:00 - 22:00,63,,n/e,n/e,n/e,n/e,249,,n/e,n/e,n/e,n/e,n/e,n/e,n/e,n/e,n/e,n/e,n/e,n/e,544,,n/e,n/e,n/e,n/e,n/e,n/e,0,,n/e,n/e,0,,n/e,n/e,n/e,n/e,11,
22:00 - 23:00,60,,n/e,n/e,n/e,n/e,235,,n/e,n/e,n/e,n/e,n/e,n/e,n/e,n/e,n/e,n/e,n/e,n/e,543,,n/e,n/e,n/e,n/e,n/e,n/e,0,,n/e,n/e,0,,n/e,n/e,n/e,n/e,8,
23:00 - 00:00,57,,n/e,n/e,n/e,n/e,202,,n/e,n/e,n/e,n/e,n/e,n/e,n/e,n/e,n/e,n/e,n/e,n/e,631,,n/e,n/e,n/e,n/e,n/e,n/e,0,,n/e,n/e,0,,n/e,n/e,n/e,n/e,10,
00:00 - 01:00,57,,n/e,n/e,n/e,n/e,202,,n/e,n/e,n/e,n/e,n/e,n/e,n/e,n/e,n/e,n/e,n/e,n/e,631,,n/e,n/e,n/e,n/e,n/e,n/e,0,,n/e,n/e,0,,n/e,n/e,n/e,n/e,8,
01:00 - 02:00,58,,n/e,n/e,n/e,n/e,202,,n/e,n/e,n/e,n/e,n/e,n/e,n/e,n/e,n/e,n/e,n/e,n/e,631,,n/e,n/e,n/e,n/e,n/e,n/e,0,,n/e,n/e,0,,n/e,n/e,n/e,n/e,9,
02:00 - 03:00,58,,n/e,n/e,n/e,n/e,202,,n/e,n/e,n/e,n/e,n/e,n/e,n/e,n/e,n/e,n/e,n/e,n/e,632,,n/e,n/e,n/e,n/e,n/e,n/e,0,,n/e,n/e,0,,n/e,n/e,n/e,n/e,7,
03:00 - 04:00,59,,n/e,n/e,n/e,n/e,201,,n/e,n/e,n/e,n/e,n/e,n/e,n/e,n/e,n/e,n/e,n/e,n/e,703,,n/e,n/e,n/e,n/e,n/e,n/e,0,,n/e,n/e,0,,n/e,n/e,n/e,n/e,12,
04:00 - 05:00,60,,n/e,n/e,n/e,n/e,204,,n/e,n/e,n/e,n/e,n/e,n/e,n/e,n/e,n/e,n/e,n/e,n/e,680,,n/e,n/e,n/e,n/e,n/e,n/e,0,,n/e,n/e,0,,n/e,n/e,n/e,n/e,20,
05:00 - 06:00,61,,n/e,n/e,n/e,n/e,213,,n/e,n/e,n/e,n/e,n/e,n/e,n/e,n/e,n/e,n/e,n/e,n/e,992,,n/e,n/e,n/e,n/e,n/e,n/e,0,,n/e,n/e,4,,n/e,n/e,n/e,n/e,31,
06:00 - 07:00,64,,n/e,n/e,n/e,n/e,213,,n/e,n/e,n/e,n/e,n/e,n/e,n/e,n/e,n/e,n/e,n/e,n/e,1048,,n/e,n/e,n/e,n/e,n/e,n/e,0,,n/e,n/e,11,,n/e,n/e,n/e,n/e,43,
07:00 - 08:00,65,,n/e,n/e,n/e,n/e,211,,n/e,n/e,n/e,n/e,n/e,n/e,n/e,n/e,n/e,n/e,n/e,n/e,1019,,n/e,n/e,n/e,n/e,n/e,n/e,0,,n/e,n/e,16,,n/e,n/e,n/e,n/e,41,
08:00 - 09:00,63,,n/e,n/e,n/e,n/e,211,,n/e,n/e,n/e,n/e,n/e,n/e,n/e,n/e,n/e,n/e,n/e,n/e,865,,n/e,n/e,n/e,n/e,n/e,n/e,0,,n/e,n/e,18,,n/e,n/e,n/e,n/e,40,
09:00 - 10:00,60,,n/e,n/e,n/e,n/e,209,,n/e,n/e,n/e,n/e,n/e,n/e,n/e,n/e,n/e,n/e,n/e,n/e,756,,n/e,n/e,n/e,n/e,n/e,n/e,0,,n/e,n/e,23,,n/e,n/e,n/e,n/e,65,
10:00 - 11:00,59,,n/e,n/e,n/e,n/e,210,,n/e,n/e,n/e,n/e,n/e,n/e,n/e,n/e,n/e,n/e,n/e,n/e,564,,n/e,n/e,n/e,n/e,n/e,n/e,0,,n/e,n/e,28,,n/e,n/e,n/e,n/e,102,
11:00 - 12:00,56,,n/e,n/e,n/e,n/e,211,,n/e,n/e,n/e,n/e,n/e,n/e,n/e,n/e,n/e,n/e,n/e,n/e,535,,n/e,n/e,n/e,n/e,n/e,n/e,0,,n/e,n/e,24,,n/e,n/e,n/e,n/e,112,
12:00 - 13:00,54,,n/e,n/e,n/e,n/e,210,,n/e,n/e,n/e,n/e,n/e,n/e,n/e,n/e,n/e,n/e,n/e,n/e,538,,n/e,n/e,n/e,n/e,n/e,n/e,0,,n/e,n/e,18,,n/e,n/e,n/e,n/e,115,
13:00 - 14:00,54,,n/e,n/e,n/e,n/e,192,,n/e,n/e,n/e,n/e,n/e,n/e,n/e,n/e,n/e,n/e,n/e,n/e,532,,n/e,n/e,n/e,n/e,n/e,n/e,0,,n/e,n/e,11,,n/e,n/e,n/e,n/e,117,
14:00 - 15:00,55,,n/e,n/e,n/e,n/e,161,,n/e,n/e,n/e,n/e,n/e,n/e,n/e,n/e,n/e,n/e,n/e,n/e,596,,n/e,n/e,n/e,n/e,n/e,n/e,0,,n/e,n/e,7,,n/e,n/e,n/e,n/e,116,
15:00 - 16:00,57,,n/e,n/e,n/e,n/e,164,,n/e,n/e,n/e,n/e,n/e,n/e,n/e,n/e,n/e,n/e,n/e,n/e,596,,n/e,n/e,n/e,n/e,n/e,n/e,0,,n/e,n/e,2,,n/e,n/e,n/e,n/e,114,
16:00 - 17:00,61,,n/e,n/e,n/e,n/e,160,,n/e,n/e,n/e,n/e,n/e,n/e,n/e,n/e,n/e,n/e,n/e,n/e,615,,n/e,n/e,n/e,n/e,n/e,n/e,0,,n/e,n/e,0,,n/e,n/e,n/e,n/e,108,
17:00 - 18:00,64,,n/e,n/e,n/e,n/e,160,,n/e,n/e,n/e,n/e,n/e,n/e,n/e,n/e,n/e,n/e,n/e,n/e,759,,n/e,n/e,n/e,n/e,n/e,n/e,0,,n/e,n/e,0,,n/e,n/e,n/e,n/e,96,
18:00 - 19:00,65,,n/e,n/e,n/e,n/e,160,,n/e,n/e,n/e,n/e,n/e,n/e,n/e,n/e,n/e,n/e,n/e,n/e,713,,n/e,n/e,n/e,n/e,n/e,n/e,0,,n/e,n/e,0,,n/e,n/e,n/e,n/e,86,
19:00 - 20:00,63,,n/e,n/e,n/e,n/e,160,,n/e,n/e,n/e,n/e,n/e,n/e,n/e,n/e,n/e,n/e,n/e,n/e,604,,n/e,n/e,n/e,n/e,n/e,n/e,0,,n/e,n/e,0,,n/e,n/e,n/e,n/e,77,
20:00 - 21:00,58,,n/e,n/e,n/e,n/e,157,,n/e,n/e,n/e,n/e,n/e,n/e,n/e,n/e,n/e,n/e,n/e,n/e,593,,n/e,n/e,n/e,n/e,n/e,n/e,0,,n/e,n/e,0,,n/e,n/e,n/e,n/e,79,
21:00 - 22:00,56,,n/e,n/e,n/e,n/e,157,,n/e,n/e,n/e,n/e,n/e,n/e,n/e,n/e,n/e,n/e,n/e,n/e,613,,n/e,n/e,n/e,n/e,n/e,n/e,0,,n/e,n/e,0,,n/e,n/e,n/e,n/e,70,
22:00 - 23:00,56,,n/e,n/e,n/e,n/e,153,,n/e,n/e,n/e,n/e,n/e,n/e,n/e,n/e,n/e,n/e,n/e,n/e,593,,n/e,n/e,n/e,n/e,n/e,n/e,0,,n/e,n/e,0,,n/e,n/e,n/e,n/e,59,
23:00 - 00:00,53,,n/e,n/e,n/e,n/e,150,,n/e,n/e,n/e,n/e,n/e,n/e,n/e,n/e,n/e,n/e,n/e,n/e,495,,n/e,n/e,n/e,n/e,n/e,n/e,0,,n/e,n/e,0,,n/e,n/e,n/e,n/e,72,
00:00 - 01:00,53,,n/e,n/e,n/e,n/e,150,,n/e,n/e,n/e,n/e,n/e,n/e,n/e,n/e,n/e,n/e,n/e,n/e,482,,n/e,n/e,n/e,n/e,n/e,n/e,0,,n/e,n/e,0,,n/e,n/e,n/e,n/e,88,
01:00 - 02:00,52,,n/e,n/e,n/e,n/e,150,,n/e,n/e,n/e,n/e,n/e,n/e,n/e,n/e,n/e,n/e,n/e,n/e,512,,n/e,n/e,n/e,n/e,n/e,n/e,0,,n/e,n/e,0,,n/e,n/e,n/e,n/e,95,
02:00 - 03:00,52,,n/e,n/e,n/e,n/e,150,,n/e,n/e,n/e,n/e,n/e,n/e,n/e,n/e,n/e,n/e,n/e,n/e,525,,n/e,n/e,n/e,n/e,n/e,n/e,0,,n/e,n/e,0,,n/e,n/e,n/e,n/e,84,
03:00 - 04:00,51,,n/e,n/e,n/e,n/e,150,,n/e,n/e,n/e,n/e,n/e,n/e,n/e,n/e,n/e,n/e,n/e,n/e,543,,n/e,n/e,n/e,n/e,n/e,n/e,0,,n/e,n/e,0,,n/e,n/e,n/e,n/e,74,
04:00 - 05:00,52,,n/e,n/e,n/e,n/e,150,,n/e,n/e,n/e,n/e,n/e,n/e,n/e,n/e,n/e,n/e,n/e,n/e,617,,n/e,n/e,n/e,n/e,n/e,n/e,0,,n/e,n/e,1,,n/e,n/e,n/e,n/e,69,
05:00 - 06:00,53,,n/e,n/e,n/e,n/e,150,,n/e,n/e,n/e,n/e,n/e,n/e,n/e,n/e,n/e,n/e,n/e,n/e,632,,n/e,n/e,n/e,n/e,n/e,n/e,0,,n/e,n/e,14,,n/e,n/e,n/e,n/e,69,
06:00 - 07:00,54,,n/e,n/e,n/e,n/e,150,,n/e,n/e,n/e,n/e,n/e,n/e,n/e,n/e,n/e,n/e,n/e,n/e,632,,n/e,n/e,n/e,n/e,n/e,n/e,0,,n/e,n/e,39,,n/e,n/e,n/e,n/e,76,
07:00 - 08:00,52,,n/e,n/e,n/e,n/e,150,,n/e,n/e,n/e,n/e,n/e,n/e,n/e,n/e,n/e,n/e,n/e,n/e,617,,n/e,n/e,n/e,n/e,n/e,n/e,0,,n/e,n/e,73,,n/e,n/e,n/e,n/e,71,
08:00 - 09:00,50,,n/e,n/e,n/e,n/e,150,,n/e,n/e,n/e,n/e,n/e,n/e,n/e,n/e,n/e,n/e,n/e,n/e,631,,n/e,n/e,n/e,n/e,n/e,n/e,0,,n/e,n/e,119,,n/e,n/e,n/e,n/e,64,
09:00 - 10:00,52,,n/e,n/e,n/e,n/e,150,,n/e,n/e,n/e,n/e,n/e,n/e,n/e,n/e,n/e,n/e,n/e,n/e,652,,n/e,n/e,n/e,n/e,n/e,n/e,0,,n/e,n/e,144,,n/e,n/e,n/e,n/e,50,
10:00 - 11:00,54,,n/e,n/e,n/e,n/e,150,,n/e,n/e,n/e,n/e,n/e,n/e,n/e,n/e,n/e,n/e,n/e,n/e,668,,n/e,n/e,n/e,n/e,n/e,n/e,0,,n/e,n/e,154,,n/e,n/e,n/e,n/e,35,
11:00 - 12:00,52,,n/e,n/e,n/e,n/e,150,,n/e,n/e,n/e,n/e,n/e,n/e,n/e,n/e,n/e,n/e,n/e,n/e,652,,n/e,n/e,n/e,n/e,n/e,n/e,0,,n/e,n/e,143,,n/e,n/e,n/e,n/e,21,
12:00 - 13:00,52,,n/e,n/e,n/e,n/e,150,,n/e,n/e,n/e,n/e,n/e,n/e,n/e,n/e,n/e,n/e,n/e,n/e,650,,n/e,n/e,n/e,n/e,n/e,n/e,0,,n/e,n/e,121,,n/e,n/e,n/e,n/e,17,
13:00 - 14:00,53,,n/e,n/e,n/e,n/e,150,,n/e,n/e,n/e,n/e,n/e,n/e,n/e,n/e,n/e,n/e,n/e,n/e,662,,n/e,n/e,n/e,n/e,n/e,n/e,0,,n/e,n/e,87,,n/e,n/e,n/e,n/e,23,
14:00 - 15:00,56,,n/e,n/e,n/e,n/e,150,,n/e,n/e,n/e,n/e,n/e,n/e,n/e,n/e,n/e,n/e,n/e,n/e,769,,n/e,n/e,n/e,n/e,n/e,n/e,0,,n/e,n/e,55,,n/e,n/e,n/e,n/e,22,
15:00 - 16:00,62,,n/e,n/e,n/e,n/e,157,,n/e,n/e,n/e,n/e,n/e,n/e,n/e,n/e,n/e,n/e,n/e,n/e,871,,n/e,n/e,n/e,n/e,n/e,n/e,0,,n/e,n/e,17,,n/e,n/e,n/e,n/e,22,
16:00 - 17:00,64,,n/e,n/e,n/e,n/e,158,,n/e,n/e,n/e,n/e,n/e,n/e,n/e,n/e,n/e,n/e,n/e,n/e,1027,,n/e,n/e,n/e,n/e,n/e,n/e,0,,n/e,n/e,2,,n/e,n/e,n/e,n/e,16,
17:00 - 18:00,65,,n/e,n/e,n/e,n/e,159,,n/e,n/e,n/e,n/e,n/e,n/e,n/e,n/e,n/e,n/e,n/e,n/e,1020,,n/e,n/e,n/e,n/e,n/e,n/e,0,,n/e,n/e,0,,n/e,n/e,n/e,n/e,11,
18:00 - 19:00,68,,n/e,n/e,n/e,n/e,160,,n/e,n/e,n/e,n/e,n/e,n/e,n/e,n/e,n/e,n/e,n/e,n/e,1010,,n/e,n/e,n/e,n/e,n/e,n/e,0,,n/e,n/e,0,,n/e,n/e,n/e,n/e,13,
19:00 - 20:00,66,,n/e,n/e,n/e,n/e,158,,n/e,n/e,n/e,n/e,n/e,n/e,n/e,n/e,n/e,n/e,n/e,n/e,968,,n/e,n/e,n/e,n/e,n/e,n/e,0,,n/e,n/e,0,,n/e,n/e,n/e,n/e,17,
20:00 - 21:00,63,,n/e,n/e,n/e,n/e,158,,n/e,n/e,n/e,n/e,n/e,n/e,n/e,n/e,n/e,n/e,n/e,n/e,967,,n/e,n/e,n/e,n/e,n/e,n/e,0,,n/e,n/e,0,,n/e,n/e,n/e,n/e,17,
21:00 - 22:00,59,,n/e,n/e,n/e,n/e,151,,n/e,n/e,n/e,n/e,n/e,n/e,n/e,n/e,n/e,n/e,n/e,n/e,980,,n/e,n/e,n/e,n/e,n/e,n/e,0,,n/e,n/e,0,,n/e,n/e,n/e,n/e,13,
22:00 - 23:00,55,,n/e,n/e,n/e,n/e,150,,n/e,n/e,n/e,n/e,n/e,n/e,n/e,n/e,n/e,n/e,n/e,n/e,673,,n/e,n/e,n/e,n/e,n/e,n/e,0,,n/e,n/e,0,,n/e,n/e,n/e,n/e,12,
23:00 - 00:00,53,,n/e,n/e,n/e,n/e,150,,n/e,n/e,n/e,n/e,n/e,n/e,n/e,n/e,n/e,n/e,n/e,n/e,559,,n/e,n/e,n/e,n/e,n/e,n/e,0,,n/e,n/e,0,,n/e,n/e,n/e,n/e,9,
00:00 - 01:00,53,,n/e,n/e,n/e,n/e,150,,n/e,n/e,n/e,n/e,n/e,n/e,n/e,n/e,n/e,n/e,n/e,n/e,594,,n/e,n/e,n/e,n/e,n/e,n/e,0,,n/e,n/e,0,,n/e,n/e,n/e,n/e,11,
01:00 - 02:00,50,,n/e,n/e,n/e,n/e,150,,n/e,n/e,n/e,n/e,n/e,n/e,n/e,n/e,n/e,n/e,n/e,n/e,610,,n/e,n/e,n/e,n/e,n/e,n/e,0,,n/e,n/e,0,,n/e,n/e,n/e,n/e,12,
02:00 - 03:00,52,,n/e,n/e,n/e,n/e,150,,n/e,n/e,n/e,n/e,n/e,n/e,n/e,n/e,n/e,n/e,n/e,n/e,575,,n/e,n/e,n/e,n/e,n/e,n/e,0,,n/e,n/e,0,,n/e,n/e,n/e,n/e,11,
03:00 - 04:00,54,,n/e,n/e,n/e,n/e,150,,n/e,n/e,n/e,n/e,n/e,n/e,n/e,n/e,n/e,n/e,n/e,n/e,610,,n/e,n/e,n/e,n/e,n/e,n/e,0,,n/e,n/e,0,,n/e,n/e,n/e,n/e,6,
04:00 - 05:00,55,,n/e,n/e,n/e,n/e,150,,n/e,n/e,n/e,n/e,n/e,n/e,n/e,n/e,n/e,n/e,n/e,n/e,610,,n/e,n/e,n/e,n/e,n/e,n/e,0,,n/e,n/e,1,,n/e,n/e,n/e,n/e,8,
05:00 - 06:00,55,,n/e,n/e,n/e,n/e,150,,n/e,n/e,n/e,n/e,n/e,n/e,n/e,n/e,n/e,n/e,n/e,n/e,610,,n/e,n/e,n/e,n/e,n/e,n/e,0,,n/e,n/e,13,,n/e,n/e,n/e,n/e,12,
06:00 - 07:00,55,,n/e,n/e,n/e,n/e,150,,n/e,n/e,n/e,n/e,n/e,n/e,n/e,n/e,n/e,n/e,n/e,n/e,611,,n/e,n/e,n/e,n/e,n/e,n/e,0,,n/e,n/e,24,,n/e,n/e,n/e,n/e,10,
07:00 - 08:00,56,,n/e,n/e,n/e,n/e,150,,n/e,n/e,n/e,n/e,n/e,n/e,n/e,n/e,n/e,n/e,n/e,n/e,669,,n/e,n/e,n/e,n/e,n/e,n/e,0,,n/e,n/e,35,,n/e,n/e,n/e,n/e,9,
08:00 - 09:00,55,,n/e,n/e,n/e,n/e,150,,n/e,n/e,n/e,n/e,n/e,n/e,n/e,n/e,n/e,n/e,n/e,n/e,668,,n/e,n/e,n/e,n/e,n/e,n/e,0,,n/e,n/e,52,,n/e,n/e,n/e,n/e,11,
09:00 - 10:00,55,,n/e,n/e,n/e,n/e,150,,n/e,n/e,n/e,n/e,n/e,n/e,n/e,n/e,n/e,n/e,n/e,n/e,683,,n/e,n/e,n/e,n/e,n/e,n/e,0,,n/e,n/e,73,,n/e,n/e,n/e,n/e,13,
10:00 - 11:00,54,,n/e,n/e,n/e,n/e,150,,n/e,n/e,n/e,n/e,n/e,n/e,n/e,n/e,n/e,n/e,n/e,n/e,670,,n/e,n/e,n/e,n/e,n/e,n/e,0,,n/e,n/e,90,,n/e,n/e,n/e,n/e,8,
11:00 - 12:00,55,,n/e,n/e,n/e,n/e,150,,n/e,n/e,n/e,n/e,n/e,n/e,n/e,n/e,n/e,n/e,n/e,n/e,670,,n/e,n/e,n/e,n/e,n/e,n/e,0,,n/e,n/e,102,,n/e,n/e,n/e,n/e,8,
12:00 - 13:00,54,,n/e,n/e,n/e,n/e,150,,n/e,n/e,n/e,n/e,n/e,n/e,n/e,n/e,n/e,n/e,n/e,n/e,670,,n/e,n/e,n/e,n/e,n/e,n/e,0,,n/e,n/e,106,,n/e,n/e,n/e,n/e,18,
13:00 - 14:00,54,,n/e,n/e,n/e,n/e,150,,n/e,n/e,n/e,n/e,n/e,n/e,n/e,n/e,n/e,n/e,n/e,n/e,734,,n/e,n/e,n/e,n/e,n/e,n/e,0,,n/e,n/e,75,,n/e,n/e,n/e,n/e,23,
14:00 - 15:00,53,,n/e,n/e,n/e,n/e,150,,n/e,n/e,n/e,n/e,n/e,n/e,n/e,n/e,n/e,n/e,n/e,n/e,740,,n/e,n/e,n/e,n/e,n/e,n/e,0,,n/e,n/e,35,,n/e,n/e,n/e,n/e,16,
15:00 - 16:00,60,,n/e,n/e,n/e,n/e,152,,n/e,n/e,n/e,n/e,n/e,n/e,n/e,n/e,n/e,n/e,n/e,n/e,827,,n/e,n/e,n/e,n/e,n/e,n/e,0,,n/e,n/e,12,,n/e,n/e,n/e,n/e,10,
16:00 - 17:00,63,,n/e,n/e,n/e,n/e,158,,n/e,n/e,n/e,n/e,n/e,n/e,n/e,n/e,n/e,n/e,n/e,n/e,946,,n/e,n/e,n/e,n/e,n/e,n/e,0,,n/e,n/e,1,,n/e,n/e,n/e,n/e,3,
17:00 - 18:00,63,,n/e,n/e,n/e,n/e,158,,n/e,n/e,n/e,n/e,n/e,n/e,n/e,n/e,n/e,n/e,n/e,n/e,998,,n/e,n/e,n/e,n/e,n/e,n/e,0,,n/e,n/e,0,,n/e,n/e,n/e,n/e,3,
18:00 - 19:00,66,,n/e,n/e,n/e,n/e,158,,n/e,n/e,n/e,n/e,n/e,n/e,n/e,n/e,n/e,n/e,n/e,n/e,1000,,n/e,n/e,n/e,n/e,n/e,n/e,0,,n/e,n/e,0,,n/e,n/e,n/e,n/e,2,
19:00 - 20:00,68,,n/e,n/e,n/e,n/e,158,,n/e,n/e,n/e,n/e,n/e,n/e,n/e,n/e,n/e,n/e,n/e,n/e,918,,n/e,n/e,n/e,n/e,n/e,n/e,0,,n/e,n/e,0,,n/e,n/e,n/e,n/e,1,
20:00 - 21:00,67,,n/e,n/e,n/e,n/e,158,,n/e,n/e,n/e,n/e,n/e,n/e,n/e,n/e,n/e,n/e,n/e,n/e,918,,n/e,n/e,n/e,n/e,n/e,n/e,0,,n/e,n/e,0,,n/e,n/e,n/e,n/e,2,
21:00 - 22:00,65,,n/e,n/e,n/e,n/e,153,,n/e,n/e,n/e,n/e,n/e,n/e,n/e,n/e,n/e,n/e,n/e,n/e,829,,n/e,n/e,n/e,n/e,n/e,n/e,0,,n/e,n/e,0,,n/e,n/e,n/e,n/e,5,
22:00 - 23:00,63,,n/e,n/e,n/e,n/e,152,,n/e,n/e,n/e,n/e,n/e,n/e,n/e,n/e,n/e,n/e,n/e,n/e,827,,n/e,n/e,n/e,n/e,n/e,n/e,0,,n/e,n/e,0,,n/e,n/e,n/e,n/e,3,
23:00 - 00:00,61,,n/e,n/e,n/e,n/e,153,,n/e,n/e,n/e,n/e,n/e,n/e,n/e,n/e,n/e,n/e,n/e,n/e,575,,n/e,n/e,n/e,n/e,n/e,n/e,0,,n/e,n/e,0,,n/e,n/e,n/e,n/e,3,
00:00 - 01:00,61,,n/e,n/e,n/e,n/e,154,,n/e,n/e,n/e,n/e,n/e,n/e,n/e,n/e,n/e,n/e,n/e,n/e,564,,n/e,n/e,n/e,n/e,n/e,n/e,0,,n/e,n/e,0,,n/e,n/e,n/e,n/e,3,
01:00 - 02:00,62,,n/e,n/e,n/e,n/e,154,,n/e,n/e,n/e,n/e,n/e,n/e,n/e,n/e,n/e,n/e,n/e,n/e,562,,n/e,n/e,n/e,n/e,n/e,n/e,0,,n/e,n/e,0,,n/e,n/e,n/e,n/e,2,
02:00 - 03:00,63,,n/e,n/e,n/e,n/e,153,,n/e,n/e,n/e,n/e,n/e,n/e,n/e,n/e,n/e,n/e,n/e,n/e,562,,n/e,n/e,n/e,n/e,n/e,n/e,0,,n/e,n/e,0,,n/e,n/e,n/e,n/e,1,
03:00 - 04:00,64,,n/e,n/e,n/e,n/e,186,,n/e,n/e,n/e,n/e,n/e,n/e,n/e,n/e,n/e,n/e,n/e,n/e,540,,n/e,n/e,n/e,n/e,n/e,n/e,0,,n/e,n/e,0,,n/e,n/e,n/e,n/e,1,
04:00 - 05:00,67,,n/e,n/e,n/e,n/e,199,,n/e,n/e,n/e,n/e,n/e,n/e,n/e,n/e,n/e,n/e,n/e,n/e,540,,n/e,n/e,n/e,n/e,n/e,n/e,0,,n/e,n/e,1,,n/e,n/e,n/e,n/e,1,
05:00 - 06:00,69,,n/e,n/e,n/e,n/e,258,,n/e,n/e,n/e,n/e,n/e,n/e,n/e,n/e,n/e,n/e,n/e,n/e,754,,n/e,n/e,n/e,n/e,n/e,n/e,0,,n/e,n/e,8,,n/e,n/e,n/e,n/e,1,
06:00 - 07:00,71,,n/e,n/e,n/e,n/e,335,,n/e,n/e,n/e,n/e,n/e,n/e,n/e,n/e,n/e,n/e,n/e,n/e,900,,n/e,n/e,n/e,n/e,n/e,n/e,0,,n/e,n/e,22,,n/e,n/e,n/e,n/e,0,
07:00 - 08:00,72,,n/e,n/e,n/e,n/e,451,,n/e,n/e,n/e,n/e,n/e,n/e,n/e,n/e,n/e,n/e,n/e,n/e,793,,n/e,n/e,n/e,n/e,n/e,n/e,0,,n/e,n/e,40,,n/e,n/e,n/e,n/e,0,
08:00 - 09:00,73,,n/e,n/e,n/e,n/e,506,,n/e,n/e,n/e,n/e,n/e,n/e,n/e,n/e,n/e,n/e,n/e,n/e,656,,n/e,n/e,n/e,n/e,n/e,n/e,0,,n/e,n/e,57,,n/e,n/e,n/e,n/e,0,
09:00 - 10:00,68,,n/e,n/e,n/e,n/e,507,,n/e,n/e,n/e,n/e,n/e,n/e,n/e,n/e,n/e,n/e,n/e,n/e,672,,n/e,n/e,n/e,n/e,n/e,n/e,0,,n/e,n/e,61,,n/e,n/e,n/e,n/e,0,
10:00 - 11:00,68,,n/e,n/e,n/e,n/e,508,,n/e,n/e,n/e,n/e,n/e,n/e,n/e,n/e,n/e,n/e,n/e,n/e,598,,n/e,n/e,n/e,n/e,n/e,n/e,0,,n/e,n/e,78,,n/e,n/e,n/e,n/e,0,
11:00 - 12:00,63,,n/e,n/e,n/e,n/e,508,,n/e,n/e,n/e,n/e,n/e,n/e,n/e,n/e,n/e,n/e,n/e,n/e,711,,n/e,n/e,n/e,n/e,n/e,n/e,0,,n/e,n/e,79,,n/e,n/e,n/e,n/e,0,
12:00 - 13:00,62,,n/e,n/e,n/e,n/e,506,,n/e,n/e,n/e,n/e,n/e,n/e,n/e,n/e,n/e,n/e,n/e,n/e,655,,n/e,n/e,n/e,n/e,n/e,n/e,0,,n/e,n/e,74,,n/e,n/e,n/e,n/e,0,
13:00 - 14:00,64,,n/e,n/e,n/e,n/e,517,,n/e,n/e,n/e,n/e,n/e,n/e,n/e,n/e,n/e,n/e,n/e,n/e,680,,n/e,n/e,n/e,n/e,n/e,n/e,0,,n/e,n/e,64,,n/e,n/e,n/e,n/e,0,
14:00 - 15:00,63,,n/e,n/e,n/e,n/e,507,,n/e,n/e,n/e,n/e,n/e,n/e,n/e,n/e,n/e,n/e,n/e,n/e,699,,n/e,n/e,n/e,n/e,n/e,n/e,0,,n/e,n/e,42,,n/e,n/e,n/e,n/e,1,
15:00 - 16:00,66,,n/e,n/e,n/e,n/e,537,,n/e,n/e,n/e,n/e,n/e,n/e,n/e,n/e,n/e,n/e,n/e,n/e,810,,n/e,n/e,n/e,n/e,n/e,n/e,0,,n/e,n/e,15,,n/e,n/e,n/e,n/e,0,
16:00 - 17:00,70,,n/e,n/e,n/e,n/e,606,,n/e,n/e,n/e,n/e,n/e,n/e,n/e,n/e,n/e,n/e,n/e,n/e,813,,n/e,n/e,n/e,n/e,n/e,n/e,0,,n/e,n/e,2,,n/e,n/e,n/e,n/e,0,
17:00 - 18:00,72,,n/e,n/e,n/e,n/e,613,,n/e,n/e,n/e,n/e,n/e,n/e,n/e,n/e,n/e,n/e,n/e,n/e,944,,n/e,n/e,n/e,n/e,n/e,n/e,0,,n/e,n/e,0,,n/e,n/e,n/e,n/e,0,
18:00 - 19:00,72,,n/e,n/e,n/e,n/e,613,,n/e,n/e,n/e,n/e,n/e,n/e,n/e,n/e,n/e,n/e,n/e,n/e,868,,n/e,n/e,n/e,n/e,n/e,n/e,0,,n/e,n/e,0,,n/e,n/e,n/e,n/e,1,
19:00 - 20:00,71,,n/e,n/e,n/e,n/e,605,,n/e,n/e,n/e,n/e,n/e,n/e,n/e,n/e,n/e,n/e,n/e,n/e,810,,n/e,n/e,n/e,n/e,n/e,n/e,0,,n/e,n/e,0,,n/e,n/e,n/e,n/e,1,
20:00 - 21:00,70,,n/e,n/e,n/e,n/e,437,,n/e,n/e,n/e,n/e,n/e,n/e,n/e,n/e,n/e,n/e,n/e,n/e,586,,n/e,n/e,n/e,n/e,n/e,n/e,0,,n/e,n/e,0,,n/e,n/e,n/e,n/e,4,
21:00 - 22:00,66,,n/e,n/e,n/e,n/e,334,,n/e,n/e,n/e,n/e,n/e,n/e,n/e,n/e,n/e,n/e,n/e,n/e,582,,n/e,n/e,n/e,n/e,n/e,n/e,0,,n/e,n/e,0,,n/e,n/e,n/e,n/e,10,
22:00 - 23:00,65,,n/e,n/e,n/e,n/e,304,,n/e,n/e,n/e,n/e,n/e,n/e,n/e,n/e,n/e,n/e,n/e,n/e,605,,n/e,n/e,n/e,n/e,n/e,n/e,0,,n/e,n/e,0,,n/e,n/e,n/e,n/e,12,
23:00 - 00:00,62,,n/e,n/e,n/e,n/e,304,,n/e,n/e,n/e,n/e,n/e,n/e,n/e,n/e,n/e,n/e,n/e,n/e,614,,n/e,n/e,n/e,n/e,n/e,n/e,0,,n/e,n/e,0,,n/e,n/e,n/e,n/e,8,
00:00 - 01:00,60,,n/e,n/e,n/e,n/e,304,,n/e,n/e,n/e,n/e,n/e,n/e,n/e,n/e,n/e,n/e,n/e,n/e,614,,n/e,n/e,n/e,n/e,n/e,n/e,0,,n/e,n/e,0,,n/e,n/e,n/e,n/e,3,
01:00 - 02:00,60,,n/e,n/e,n/e,n/e,304,,n/e,n/e,n/e,n/e,n/e,n/e,n/e,n/e,n/e,n/e,n/e,n/e,659,,n/e,n/e,n/e,n/e,n/e,n/e,0,,n/e,n/e,0,,n/e,n/e,n/e,n/e,2,
02:00 - 03:00,61,,n/e,n/e,n/e,n/e,304,,n/e,n/e,n/e,n/e,n/e,n/e,n/e,n/e,n/e,n/e,n/e,n/e,669,,n/e,n/e,n/e,n/e,n/e,n/e,0,,n/e,n/e,0,,n/e,n/e,n/e,n/e,0,
03:00 - 04:00,64,,n/e,n/e,n/e,n/e,310,,n/e,n/e,n/e,n/e,n/e,n/e,n/e,n/e,n/e,n/e,n/e,n/e,668,,n/e,n/e,n/e,n/e,n/e,n/e,0,,n/e,n/e,0,,n/e,n/e,n/e,n/e,2,
04:00 - 05:00,65,,n/e,n/e,n/e,n/e,464,,n/e,n/e,n/e,n/e,n/e,n/e,n/e,n/e,n/e,n/e,n/e,n/e,675,,n/e,n/e,n/e,n/e,n/e,n/e,0,,n/e,n/e,2,,n/e,n/e,n/e,n/e,1,
05:00 - 06:00,66,,n/e,n/e,n/e,n/e,617,,n/e,n/e,n/e,n/e,n/e,n/e,n/e,n/e,n/e,n/e,n/e,n/e,850,,n/e,n/e,n/e,n/e,n/e,n/e,0,,n/e,n/e,14,,n/e,n/e,n/e,n/e,1,
06:00 - 07:00,67,,n/e,n/e,n/e,n/e,633,,n/e,n/e,n/e,n/e,n/e,n/e,n/e,n/e,n/e,n/e,n/e,n/e,936,,n/e,n/e,n/e,n/e,n/e,n/e,0,,n/e,n/e,40,,n/e,n/e,n/e,n/e,1,
07:00 - 08:00,68,,n/e,n/e,n/e,n/e,619,,n/e,n/e,n/e,n/e,n/e,n/e,n/e,n/e,n/e,n/e,n/e,n/e,944,,n/e,n/e,n/e,n/e,n/e,n/e,0,,n/e,n/e,76,,n/e,n/e,n/e,n/e,1,
08:00 - 09:00,63,,n/e,n/e,n/e,n/e,537,,n/e,n/e,n/e,n/e,n/e,n/e,n/e,n/e,n/e,n/e,n/e,n/e,816,,n/e,n/e,n/e,n/e,n/e,n/e,0,,n/e,n/e,119,,n/e,n/e,n/e,n/e,3,
09:00 - 10:00,60,,n/e,n/e,n/e,n/e,531,,n/e,n/e,n/e,n/e,n/e,n/e,n/e,n/e,n/e,n/e,n/e,n/e,762,,n/e,n/e,n/e,n/e,n/e,n/e,0,,n/e,n/e,129,,n/e,n/e,n/e,n/e,4,
10:00 - 11:00,60,,n/e,n/e,n/e,n/e,447,,n/e,n/e,n/e,n/e,n/e,n/e,n/e,n/e,n/e,n/e,n/e,n/e,817,,n/e,n/e,n/e,n/e,n/e,n/e,0,,n/e,n/e,126,,n/e,n/e,n/e,n/e,5,
11:00 - 12:00,54,,n/e,n/e,n/e,n/e,298,,n/e,n/e,n/e,n/e,n/e,n/e,n/e,n/e,n/e,n/e,n/e,n/e,982,,n/e,n/e,n/e,n/e,n/e,n/e,0,,n/e,n/e,108,,n/e,n/e,n/e,n/e,8,
12:00 - 13:00,53,,n/e,n/e,n/e,n/e,299,,n/e,n/e,n/e,n/e,n/e,n/e,n/e,n/e,n/e,n/e,n/e,n/e,967,,n/e,n/e,n/e,n/e,n/e,n/e,0,,n/e,n/e,85,,n/e,n/e,n/e,n/e,11,
13:00 - 14:00,59,,n/e,n/e,n/e,n/e,299,,n/e,n/e,n/e,n/e,n/e,n/e,n/e,n/e,n/e,n/e,n/e,n/e,940,,n/e,n/e,n/e,n/e,n/e,n/e,0,,n/e,n/e,67,,n/e,n/e,n/e,n/e,9,
14:00 - 15:00,59,,n/e,n/e,n/e,n/e,299,,n/e,n/e,n/e,n/e,n/e,n/e,n/e,n/e,n/e,n/e,n/e,n/e,829,,n/e,n/e,n/e,n/e,n/e,n/e,0,,n/e,n/e,40,,n/e,n/e,n/e,n/e,2,
15:00 - 16:00,60,,n/e,n/e,n/e,n/e,339,,n/e,n/e,n/e,n/e,n/e,n/e,n/e,n/e,n/e,n/e,n/e,n/e,937,,n/e,n/e,n/e,n/e,n/e,n/e,0,,n/e,n/e,16,,n/e,n/e,n/e,n/e,0,
16:00 - 17:00,64,,n/e,n/e,n/e,n/e,343,,n/e,n/e,n/e,n/e,n/e,n/e,n/e,n/e,n/e,n/e,n/e,n/e,969,,n/e,n/e,n/e,n/e,n/e,n/e,0,,n/e,n/e,2,,n/e,n/e,n/e,n/e,0,
17:00 - 18:00,65,,n/e,n/e,n/e,n/e,343,,n/e,n/e,n/e,n/e,n/e,n/e,n/e,n/e,n/e,n/e,n/e,n/e,973,,n/e,n/e,n/e,n/e,n/e,n/e,0,,n/e,n/e,0,,n/e,n/e,n/e,n/e,0,
18:00 - 19:00,63,,n/e,n/e,n/e,n/e,333,,n/e,n/e,n/e,n/e,n/e,n/e,n/e,n/e,n/e,n/e,n/e,n/e,889,,n/e,n/e,n/e,n/e,n/e,n/e,0,,n/e,n/e,0,,n/e,n/e,n/e,n/e,3,
19:00 - 20:00,58,,n/e,n/e,n/e,n/e,254,,n/e,n/e,n/e,n/e,n/e,n/e,n/e,n/e,n/e,n/e,n/e,n/e,862,,n/e,n/e,n/e,n/e,n/e,n/e,0,,n/e,n/e,0,,n/e,n/e,n/e,n/e,20,
20:00 - 21:00,53,,n/e,n/e,n/e,n/e,158,,n/e,n/e,n/e,n/e,n/e,n/e,n/e,n/e,n/e,n/e,n/e,n/e,708,,n/e,n/e,n/e,n/e,n/e,n/e,0,,n/e,n/e,0,,n/e,n/e,n/e,n/e,28,
21:00 - 22:00,54,,n/e,n/e,n/e,n/e,157,,n/e,n/e,n/e,n/e,n/e,n/e,n/e,n/e,n/e,n/e,n/e,n/e,692,,n/e,n/e,n/e,n/e,n/e,n/e,0,,n/e,n/e,0,,n/e,n/e,n/e,n/e,32,
22:00 - 23:00,54,,n/e,n/e,n/e,n/e,153,,n/e,n/e,n/e,n/e,n/e,n/e,n/e,n/e,n/e,n/e,n/e,n/e,751,,n/e,n/e,n/e,n/e,n/e,n/e,0,,n/e,n/e,0,,n/e,n/e,n/e,n/e,37,
23:00 - 00:00,51,,n/e,n/e,n/e,n/e,152,,n/e,n/e,n/e,n/e,n/e,n/e,n/e,n/e,n/e,n/e,n/e,n/e,616,,n/e,n/e,n/e,n/e,n/e,n/e,0,,n/e,n/e,0,,n/e,n/e,n/e,n/e,41,
00:00 - 01:00,49,,n/e,n/e,n/e,n/e,150,,n/e,n/e,n/e,n/e,n/e,n/e,n/e,n/e,n/e,n/e,n/e,n/e,615,,n/e,n/e,n/e,n/e,n/e,n/e,0,,n/e,n/e,0,,n/e,n/e,n/e,n/e,41,
01:00 - 02:00,49,,n/e,n/e,n/e,n/e,150,,n/e,n/e,n/e,n/e,n/e,n/e,n/e,n/e,n/e,n/e,n/e,n/e,615,,n/e,n/e,n/e,n/e,n/e,n/e,0,,n/e,n/e,0,,n/e,n/e,n/e,n/e,41,
02:00 - 03:00,49,,n/e,n/e,n/e,n/e,150,,n/e,n/e,n/e,n/e,n/e,n/e,n/e,n/e,n/e,n/e,n/e,n/e,615,,n/e,n/e,n/e,n/e,n/e,n/e,0,,n/e,n/e,0,,n/e,n/e,n/e,n/e,40,
03:00 - 04:00,49,,n/e,n/e,n/e,n/e,150,,n/e,n/e,n/e,n/e,n/e,n/e,n/e,n/e,n/e,n/e,n/e,n/e,615,,n/e,n/e,n/e,n/e,n/e,n/e,0,,n/e,n/e,0,,n/e,n/e,n/e,n/e,44,
04:00 - 05:00,48,,n/e,n/e,n/e,n/e,150,,n/e,n/e,n/e,n/e,n/e,n/e,n/e,n/e,n/e,n/e,n/e,n/e,702,,n/e,n/e,n/e,n/e,n/e,n/e,0,,n/e,n/e,4,,n/e,n/e,n/e,n/e,48,
05:00 - 06:00,49,,n/e,n/e,n/e,n/e,150,,n/e,n/e,n/e,n/e,n/e,n/e,n/e,n/e,n/e,n/e,n/e,n/e,736,,n/e,n/e,n/e,n/e,n/e,n/e,0,,n/e,n/e,31,,n/e,n/e,n/e,n/e,47,
06:00 - 07:00,55,,n/e,n/e,n/e,n/e,152,,n/e,n/e,n/e,n/e,n/e,n/e,n/e,n/e,n/e,n/e,n/e,n/e,741,,n/e,n/e,n/e,n/e,n/e,n/e,0,,n/e,n/e,70,,n/e,n/e,n/e,n/e,32,
07:00 - 08:00,56,,n/e,n/e,n/e,n/e,152,,n/e,n/e,n/e,n/e,n/e,n/e,n/e,n/e,n/e,n/e,n/e,n/e,701,,n/e,n/e,n/e,n/e,n/e,n/e,0,,n/e,n/e,107,,n/e,n/e,n/e,n/e,24,
08:00 - 09:00,55,,n/e,n/e,n/e,n/e,152,,n/e,n/e,n/e,n/e,n/e,n/e,n/e,n/e,n/e,n/e,n/e,n/e,672,,n/e,n/e,n/e,n/e,n/e,n/e,0,,n/e,n/e,142,,n/e,n/e,n/e,n/e,30,
09:00 - 10:00,51,,n/e,n/e,n/e,n/e,152,,n/e,n/e,n/e,n/e,n/e,n/e,n/e,n/e,n/e,n/e,n/e,n/e,809,,n/e,n/e,n/e,n/e,n/e,n/e,0,,n/e,n/e,143,,n/e,n/e,n/e,n/e,50,
10:00 - 11:00,51,,n/e,n/e,n/e,n/e,152,,n/e,n/e,n/e,n/e,n/e,n/e,n/e,n/e,n/e,n/e,n/e,n/e,872,,n/e,n/e,n/e,n/e,n/e,n/e,0,,n/e,n/e,130,,n/e,n/e,n/e,n/e,69,
11:00 - 12:00,49,,n/e,n/e,n/e,n/e,152,,n/e,n/e,n/e,n/e,n/e,n/e,n/e,n/e,n/e,n/e,n/e,n/e,882,,n/e,n/e,n/e,n/e,n/e,n/e,0,,n/e,n/e,115,,n/e,n/e,n/e,n/e,63,
12:00 - 13:00,49,,n/e,n/e,n/e,n/e,152,,n/e,n/e,n/e,n/e,n/e,n/e,n/e,n/e,n/e,n/e,n/e,n/e,881,,n/e,n/e,n/e,n/e,n/e,n/e,0,,n/e,n/e,82,,n/e,n/e,n/e,n/e,75,
13:00 - 14:00,49,,n/e,n/e,n/e,n/e,97,,n/e,n/e,n/e,n/e,n/e,n/e,n/e,n/e,n/e,n/e,n/e,n/e,1039,,n/e,n/e,n/e,n/e,n/e,n/e,0,,n/e,n/e,56,,n/e,n/e,n/e,n/e,76,
14:00 - 15:00,49,,n/e,n/e,n/e,n/e,2,,n/e,n/e,n/e,n/e,n/e,n/e,n/e,n/e,n/e,n/e,n/e,n/e,1105,,n/e,n/e,n/e,n/e,n/e,n/e,0,,n/e,n/e,28,,n/e,n/e,n/e,n/e,80,
15:00 - 16:00,51,,n/e,n/e,n/e,n/e,2,,n/e,n/e,n/e,n/e,n/e,n/e,n/e,n/e,n/e,n/e,n/e,n/e,1099,,n/e,n/e,n/e,n/e,n/e,n/e,0,,n/e,n/e,13,,n/e,n/e,n/e,n/e,61,
16:00 - 17:00,52,,n/e,n/e,n/e,n/e,2,,n/e,n/e,n/e,n/e,n/e,n/e,n/e,n/e,n/e,n/e,n/e,n/e,1063,,n/e,n/e,n/e,n/e,n/e,n/e,0,,n/e,n/e,2,,n/e,n/e,n/e,n/e,40,
17:00 - 18:00,55,,n/e,n/e,n/e,n/e,4,,n/e,n/e,n/e,n/e,n/e,n/e,n/e,n/e,n/e,n/e,n/e,n/e,1064,,n/e,n/e,n/e,n/e,n/e,n/e,0,,n/e,n/e,0,,n/e,n/e,n/e,n/e,34,
18:00 - 19:00,53,,n/e,n/e,n/e,n/e,14,,n/e,n/e,n/e,n/e,n/e,n/e,n/e,n/e,n/e,n/e,n/e,n/e,1040,,n/e,n/e,n/e,n/e,n/e,n/e,0,,n/e,n/e,0,,n/e,n/e,n/e,n/e,52,
19:00 - 20:00,52,,n/e,n/e,n/e,n/e,6,,n/e,n/e,n/e,n/e,n/e,n/e,n/e,n/e,n/e,n/e,n/e,n/e,775,,n/e,n/e,n/e,n/e,n/e,n/e,0,,n/e,n/e,0,,n/e,n/e,n/e,n/e,56,
20:00 - 21:00,50,,n/e,n/e,n/e,n/e,0,,n/e,n/e,n/e,n/e,n/e,n/e,n/e,n/e,n/e,n/e,n/e,n/e,759,,n/e,n/e,n/e,n/e,n/e,n/e,0,,n/e,n/e,0,,n/e,n/e,n/e,n/e,61,
21:00 - 22:00,49,,n/e,n/e,n/e,n/e,0,,n/e,n/e,n/e,n/e,n/e,n/e,n/e,n/e,n/e,n/e,n/e,n/e,771,,n/e,n/e,n/e,n/e,n/e,n/e,0,,n/e,n/e,0,,n/e,n/e,n/e,n/e,70,
22:00 - 23:00,50,,n/e,n/e,n/e,n/e,0,,n/e,n/e,n/e,n/e,n/e,n/e,n/e,n/e,n/e,n/e,n/e,n/e,768,,n/e,n/e,n/e,n/e,n/e,n/e,0,,n/e,n/e,0,,n/e,n/e,n/e,n/e,68,
23:00 - 00:00,51,,n/e,n/e,n/e,n/e,0,,n/e,n/e,n/e,n/e,n/e,n/e,n/e,n/e,n/e,n/e,n/e,n/e,568,,n/e,n/e,n/e,n/e,n/e,n/e,0,,n/e,n/e,0,,n/e,n/e,n/e,n/e,67,
00:00 - 01:00,51,,n/e,n/e,n/e,n/e,0,,n/e,n/e,n/e,n/e,n/e,n/e,n/e,n/e,n/e,n/e,n/e,n/e,613,,n/e,n/e,n/e,n/e,n/e,n/e,0,,n/e,n/e,0,,n/e,n/e,n/e,n/e,61,
01:00 - 02:00,51,,n/e,n/e,n/e,n/e,0,,n/e,n/e,n/e,n/e,n/e,n/e,n/e,n/e,n/e,n/e,n/e,n/e,624,,n/e,n/e,n/e,n/e,n/e,n/e,0,,n/e,n/e,0,,n/e,n/e,n/e,n/e,57,
02:00 - 03:00,50,,n/e,n/e,n/e,n/e,0,,n/e,n/e,n/e,n/e,n/e,n/e,n/e,n/e,n/e,n/e,n/e,n/e,666,,n/e,n/e,n/e,n/e,n/e,n/e,0,,n/e,n/e,0,,n/e,n/e,n/e,n/e,52,
03:00 - 04:00,50,,n/e,n/e,n/e,n/e,0,,n/e,n/e,n/e,n/e,n/e,n/e,n/e,n/e,n/e,n/e,n/e,n/e,770,,n/e,n/e,n/e,n/e,n/e,n/e,0,,n/e,n/e,0,,n/e,n/e,n/e,n/e,56,
04:00 - 05:00,50,,n/e,n/e,n/e,n/e,0,,n/e,n/e,n/e,n/e,n/e,n/e,n/e,n/e,n/e,n/e,n/e,n/e,775,,n/e,n/e,n/e,n/e,n/e,n/e,0,,n/e,n/e,5,,n/e,n/e,n/e,n/e,62,
05:00 - 06:00,50,,n/e,n/e,n/e,n/e,0,,n/e,n/e,n/e,n/e,n/e,n/e,n/e,n/e,n/e,n/e,n/e,n/e,825,,n/e,n/e,n/e,n/e,n/e,n/e,0,,n/e,n/e,32,,n/e,n/e,n/e,n/e,66,
06:00 - 07:00,53,,n/e,n/e,n/e,n/e,2,,n/e,n/e,n/e,n/e,n/e,n/e,n/e,n/e,n/e,n/e,n/e,n/e,827,,n/e,n/e,n/e,n/e,n/e,n/e,0,,n/e,n/e,81,,n/e,n/e,n/e,n/e,41,
07:00 - 08:00,53,,n/e,n/e,n/e,n/e,2,,n/e,n/e,n/e,n/e,n/e,n/e,n/e,n/e,n/e,n/e,n/e,n/e,986,,n/e,n/e,n/e,n/e,n/e,n/e,0,,n/e,n/e,137,,n/e,n/e,n/e,n/e,43,
08:00 - 09:00,51,,n/e,n/e,n/e,n/e,2,,n/e,n/e,n/e,n/e,n/e,n/e,n/e,n/e,n/e,n/e,n/e,n/e,1012,,n/e,n/e,n/e,n/e,n/e,n/e,0,,n/e,n/e,172,,n/e,n/e,n/e,n/e,40,
09:00 - 10:00,51,,n/e,n/e,n/e,n/e,2,,n/e,n/e,n/e,n/e,n/e,n/e,n/e,n/e,n/e,n/e,n/e,n/e,1004,,n/e,n/e,n/e,n/e,n/e,n/e,0,,n/e,n/e,184,,n/e,n/e,n/e,n/e,49,
10:00 - 11:00,49,,n/e,n/e,n/e,n/e,1,,n/e,n/e,n/e,n/e,n/e,n/e,n/e,n/e,n/e,n/e,n/e,n/e,982,,n/e,n/e,n/e,n/e,n/e,n/e,0,,n/e,n/e,169,,n/e,n/e,n/e,n/e,66,
11:00 - 12:00,47,,n/e,n/e,n/e,n/e,0,,n/e,n/e,n/e,n/e,n/e,n/e,n/e,n/e,n/e,n/e,n/e,n/e,986,,n/e,n/e,n/e,n/e,n/e,n/e,0,,n/e,n/e,159,,n/e,n/e,n/e,n/e,70,
12:00 - 13:00,48,,n/e,n/e,n/e,n/e,0,,n/e,n/e,n/e,n/e,n/e,n/e,n/e,n/e,n/e,n/e,n/e,n/e,922,,n/e,n/e,n/e,n/e,n/e,n/e,0,,n/e,n/e,144,,n/e,n/e,n/e,n/e,69,
13:00 - 14:00,47,,n/e,n/e,n/e,n/e,0,,n/e,n/e,n/e,n/e,n/e,n/e,n/e,n/e,n/e,n/e,n/e,n/e,811,,n/e,n/e,n/e,n/e,n/e,n/e,0,,n/e,n/e,111,,n/e,n/e,n/e,n/e,58,
14:00 - 15:00,48,,n/e,n/e,n/e,n/e,0,,n/e,n/e,n/e,n/e,n/e,n/e,n/e,n/e,n/e,n/e,n/e,n/e,839,,n/e,n/e,n/e,n/e,n/e,n/e,0,,n/e,n/e,53,,n/e,n/e,n/e,n/e,65,
15:00 - 16:00,47,,n/e,n/e,n/e,n/e,0,,n/e,n/e,n/e,n/e,n/e,n/e,n/e,n/e,n/e,n/e,n/e,n/e,854,,n/e,n/e,n/e,n/e,n/e,n/e,0,,n/e,n/e,14,,n/e,n/e,n/e,n/e,61,
16:00 - 17:00,50,,n/e,n/e,n/e,n/e,0,,n/e,n/e,n/e,n/e,n/e,n/e,n/e,n/e,n/e,n/e,n/e,n/e,830,,n/e,n/e,n/e,n/e,n/e,n/e,0,,n/e,n/e,2,,n/e,n/e,n/e,n/e,48,
17:00 - 18:00,51,,n/e,n/e,n/e,n/e,0,,n/e,n/e,n/e,n/e,n/e,n/e,n/e,n/e,n/e,n/e,n/e,n/e,829,,n/e,n/e,n/e,n/e,n/e,n/e,0,,n/e,n/e,0,,n/e,n/e,n/e,n/e,50,
18:00 - 19:00,52,,n/e,n/e,n/e,n/e,0,,n/e,n/e,n/e,n/e,n/e,n/e,n/e,n/e,n/e,n/e,n/e,n/e,829,,n/e,n/e,n/e,n/e,n/e,n/e,0,,n/e,n/e,0,,n/e,n/e,n/e,n/e,49,
19:00 - 20:00,51,,n/e,n/e,n/e,n/e,0,,n/e,n/e,n/e,n/e,n/e,n/e,n/e,n/e,n/e,n/e,n/e,n/e,739,,n/e,n/e,n/e,n/e,n/e,n/e,0,,n/e,n/e,0,,n/e,n/e,n/e,n/e,48,
20:00 - 21:00,50,,n/e,n/e,n/e,n/e,0,,n/e,n/e,n/e,n/e,n/e,n/e,n/e,n/e,n/e,n/e,n/e,n/e,671,,n/e,n/e,n/e,n/e,n/e,n/e,0,,n/e,n/e,0,,n/e,n/e,n/e,n/e,37,
21:00 - 22:00,49,,n/e,n/e,n/e,n/e,0,,n/e,n/e,n/e,n/e,n/e,n/e,n/e,n/e,n/e,n/e,n/e,n/e,670,,n/e,n/e,n/e,n/e,n/e,n/e,0,,n/e,n/e,0,,n/e,n/e,n/e,n/e,36,
22:00 - 23:00,49,,n/e,n/e,n/e,n/e,0,,n/e,n/e,n/e,n/e,n/e,n/e,n/e,n/e,n/e,n/e,n/e,n/e,843,,n/e,n/e,n/e,n/e,n/e,n/e,0,,n/e,n/e,0,,n/e,n/e,n/e,n/e,23,
23:00 - 00:00,44,,n/e,n/e,n/e,n/e,0,,n/e,n/e,n/e,n/e,n/e,n/e,n/e,n/e,n/e,n/e,n/e,n/e,880,,n/e,n/e,n/e,n/e,n/e,n/e,0,,n/e,n/e,0,,n/e,n/e,n/e,n/e,16,
00:00 - 01:00,43,,n/e,n/e,n/e,n/e,0,,n/e,n/e,n/e,n/e,n/e,n/e,n/e,n/e,n/e,n/e,n/e,n/e,914,,n/e,n/e,n/e,n/e,n/e,n/e,0,,n/e,n/e,0,,n/e,n/e,n/e,n/e,13,
01:00 - 02:00,42,,n/e,n/e,n/e,n/e,0,,n/e,n/e,n/e,n/e,n/e,n/e,n/e,n/e,n/e,n/e,n/e,n/e,881,,n/e,n/e,n/e,n/e,n/e,n/e,0,,n/e,n/e,0,,n/e,n/e,n/e,n/e,30,
02:00 - 03:00,42,,n/e,n/e,n/e,n/e,0,,n/e,n/e,n/e,n/e,n/e,n/e,n/e,n/e,n/e,n/e,n/e,n/e,914,,n/e,n/e,n/e,n/e,n/e,n/e,0,,n/e,n/e,0,,n/e,n/e,n/e,n/e,37,
03:00 - 04:00,41,,n/e,n/e,n/e,n/e,0,,n/e,n/e,n/e,n/e,n/e,n/e,n/e,n/e,n/e,n/e,n/e,n/e,871,,n/e,n/e,n/e,n/e,n/e,n/e,0,,n/e,n/e,0,,n/e,n/e,n/e,n/e,34,
04:00 - 05:00,41,,n/e,n/e,n/e,n/e,0,,n/e,n/e,n/e,n/e,n/e,n/e,n/e,n/e,n/e,n/e,n/e,n/e,862,,n/e,n/e,n/e,n/e,n/e,n/e,0,,n/e,n/e,0,,n/e,n/e,n/e,n/e,37,
05:00 - 06:00,40,,n/e,n/e,n/e,n/e,0,,n/e,n/e,n/e,n/e,n/e,n/e,n/e,n/e,n/e,n/e,n/e,n/e,916,,n/e,n/e,n/e,n/e,n/e,n/e,0,,n/e,n/e,3,,n/e,n/e,n/e,n/e,50,
06:00 - 07:00,40,,n/e,n/e,n/e,n/e,0,,n/e,n/e,n/e,n/e,n/e,n/e,n/e,n/e,n/e,n/e,n/e,n/e,998,,n/e,n/e,n/e,n/e,n/e,n/e,0,,n/e,n/e,12,,n/e,n/e,n/e,n/e,44,
07:00 - 08:00,41,,n/e,n/e,n/e,n/e,0,,n/e,n/e,n/e,n/e,n/e,n/e,n/e,n/e,n/e,n/e,n/e,n/e,983,,n/e,n/e,n/e,n/e,n/e,n/e,0,,n/e,n/e,21,,n/e,n/e,n/e,n/e,53,
08:00 - 09:00,41,,n/e,n/e,n/e,n/e,0,,n/e,n/e,n/e,n/e,n/e,n/e,n/e,n/e,n/e,n/e,n/e,n/e,793,,n/e,n/e,n/e,n/e,n/e,n/e,0,,n/e,n/e,26,,n/e,n/e,n/e,n/e,55,
09:00 - 10:00,42,,n/e,n/e,n/e,n/e,0,,n/e,n/e,n/e,n/e,n/e,n/e,n/e,n/e,n/e,n/e,n/e,n/e,746,,n/e,n/e,n/e,n/e,n/e,n/e,0,,n/e,n/e,38,,n/e,n/e,n/e,n/e,60,
10:00 - 11:00,41,,n/e,n/e,n/e,n/e,0,,n/e,n/e,n/e,n/e,n/e,n/e,n/e,n/e,n/e,n/e,n/e,n/e,803,,n/e,n/e,n/e,n/e,n/e,n/e,0,,n/e,n/e,40,,n/e,n/e,n/e,n/e,68,
11:00 - 12:00,42,,n/e,n/e,n/e,n/e,0,,n/e,n/e,n/e,n/e,n/e,n/e,n/e,n/e,n/e,n/e,n/e,n/e,876,,n/e,n/e,n/e,n/e,n/e,n/e,0,,n/e,n/e,44,,n/e,n/e,n/e,n/e,73,
12:00 - 13:00,45,,n/e,n/e,n/e,n/e,0,,n/e,n/e,n/e,n/e,n/e,n/e,n/e,n/e,n/e,n/e,n/e,n/e,924,,n/e,n/e,n/e,n/e,n/e,n/e,0,,n/e,n/e,47,,n/e,n/e,n/e,n/e,46,
13:00 - 14:00,43,,n/e,n/e,n/e,n/e,0,,n/e,n/e,n/e,n/e,n/e,n/e,n/e,n/e,n/e,n/e,n/e,n/e,980,,n/e,n/e,n/e,n/e,n/e,n/e,0,,n/e,n/e,45,,n/e,n/e,n/e,n/e,32,
14:00 - 15:00,44,,n/e,n/e,n/e,n/e,0,,n/e,n/e,n/e,n/e,n/e,n/e,n/e,n/e,n/e,n/e,n/e,n/e,979,,n/e,n/e,n/e,n/e,n/e,n/e,0,,n/e,n/e,38,,n/e,n/e,n/e,n/e,39,
15:00 - 16:00,48,,n/e,n/e,n/e,n/e,0,,n/e,n/e,n/e,n/e,n/e,n/e,n/e,n/e,n/e,n/e,n/e,n/e,1002,,n/e,n/e,n/e,n/e,n/e,n/e,0,,n/e,n/e,20,,n/e,n/e,n/e,n/e,51,
16:00 - 17:00,52,,n/e,n/e,n/e,n/e,0,,n/e,n/e,n/e,n/e,n/e,n/e,n/e,n/e,n/e,n/e,n/e,n/e,1054,,n/e,n/e,n/e,n/e,n/e,n/e,0,,n/e,n/e,4,,n/e,n/e,n/e,n/e,40,
17:00 - 18:00,52,,n/e,n/e,n/e,n/e,0,,n/e,n/e,n/e,n/e,n/e,n/e,n/e,n/e,n/e,n/e,n/e,n/e,1129,,n/e,n/e,n/e,n/e,n/e,n/e,0,,n/e,n/e,0,,n/e,n/e,n/e,n/e,28,
18:00 - 19:00,53,,n/e,n/e,n/e,n/e,0,,n/e,n/e,n/e,n/e,n/e,n/e,n/e,n/e,n/e,n/e,n/e,n/e,1129,,n/e,n/e,n/e,n/e,n/e,n/e,0,,n/e,n/e,0,,n/e,n/e,n/e,n/e,33,
19:00 - 20:00,54,,n/e,n/e,n/e,n/e,0,,n/e,n/e,n/e,n/e,n/e,n/e,n/e,n/e,n/e,n/e,n/e,n/e,1151,,n/e,n/e,n/e,n/e,n/e,n/e,0,,n/e,n/e,0,,n/e,n/e,n/e,n/e,32,
20:00 - 21:00,50,,n/e,n/e,n/e,n/e,0,,n/e,n/e,n/e,n/e,n/e,n/e,n/e,n/e,n/e,n/e,n/e,n/e,966,,n/e,n/e,n/e,n/e,n/e,n/e,0,,n/e,n/e,0,,n/e,n/e,n/e,n/e,31,
21:00 - 22:00,50,,n/e,n/e,n/e,n/e,0,,n/e,n/e,n/e,n/e,n/e,n/e,n/e,n/e,n/e,n/e,n/e,n/e,887,,n/e,n/e,n/e,n/e,n/e,n/e,0,,n/e,n/e,0,,n/e,n/e,n/e,n/e,25,
22:00 - 23:00,50,,n/e,n/e,n/e,n/e,0,,n/e,n/e,n/e,n/e,n/e,n/e,n/e,n/e,n/e,n/e,n/e,n/e,931,,n/e,n/e,n/e,n/e,n/e,n/e,0,,n/e,n/e,0,,n/e,n/e,n/e,n/e,26,
23:00 - 00:00,50,,n/e,n/e,n/e,n/e,0,,n/e,n/e,n/e,n/e,n/e,n/e,n/e,n/e,n/e,n/e,n/e,n/e,927,,n/e,n/e,n/e,n/e,n/e,n/e,0,,n/e,n/e,0,,n/e,n/e,n/e,n/e,19,
00:00 - 01:00,49,,n/e,n/e,n/e,n/e,0,,n/e,n/e,n/e,n/e,n/e,n/e,n/e,n/e,n/e,n/e,n/e,n/e,927,,n/e,n/e,n/e,n/e,n/e,n/e,0,,n/e,n/e,0,,n/e,n/e,n/e,n/e,32,
01:00 - 02:00,49,,n/e,n/e,n/e,n/e,0,,n/e,n/e,n/e,n/e,n/e,n/e,n/e,n/e,n/e,n/e,n/e,n/e,914,,n/e,n/e,n/e,n/e,n/e,n/e,0,,n/e,n/e,0,,n/e,n/e,n/e,n/e,23,
02:00 - 03:00,49,,n/e,n/e,n/e,n/e,0,,n/e,n/e,n/e,n/e,n/e,n/e,n/e,n/e,n/e,n/e,n/e,n/e,869,,n/e,n/e,n/e,n/e,n/e,n/e,0,,n/e,n/e,0,,n/e,n/e,n/e,n/e,20,
03:00 - 04:00,49,,n/e,n/e,n/e,n/e,0,,n/e,n/e,n/e,n/e,n/e,n/e,n/e,n/e,n/e,n/e,n/e,n/e,919,,n/e,n/e,n/e,n/e,n/e,n/e,0,,n/e,n/e,0,,n/e,n/e,n/e,n/e,21,
04:00 - 05:00,48,,n/e,n/e,n/e,n/e,0,,n/e,n/e,n/e,n/e,n/e,n/e,n/e,n/e,n/e,n/e,n/e,n/e,919,,n/e,n/e,n/e,n/e,n/e,n/e,0,,n/e,n/e,2,,n/e,n/e,n/e,n/e,15,
05:00 - 06:00,48,,n/e,n/e,n/e,n/e,0,,n/e,n/e,n/e,n/e,n/e,n/e,n/e,n/e,n/e,n/e,n/e,n/e,916,,n/e,n/e,n/e,n/e,n/e,n/e,0,,n/e,n/e,21,,n/e,n/e,n/e,n/e,12,
06:00 - 07:00,48,,n/e,n/e,n/e,n/e,0,,n/e,n/e,n/e,n/e,n/e,n/e,n/e,n/e,n/e,n/e,n/e,n/e,927,,n/e,n/e,n/e,n/e,n/e,n/e,0,,n/e,n/e,57,,n/e,n/e,n/e,n/e,9,
07:00 - 08:00,47,,n/e,n/e,n/e,n/e,0,,n/e,n/e,n/e,n/e,n/e,n/e,n/e,n/e,n/e,n/e,n/e,n/e,918,,n/e,n/e,n/e,n/e,n/e,n/e,0,,n/e,n/e,109,,n/e,n/e,n/e,n/e,3,
08:00 - 09:00,48,,n/e,n/e,n/e,n/e,0,,n/e,n/e,n/e,n/e,n/e,n/e,n/e,n/e,n/e,n/e,n/e,n/e,784,,n/e,n/e,n/e,n/e,n/e,n/e,0,,n/e,n/e,168,,n/e,n/e,n/e,n/e,1,
09:00 - 10:00,45,,n/e,n/e,n/e,n/e,0,,n/e,n/e,n/e,n/e,n/e,n/e,n/e,n/e,n/e,n/e,n/e,n/e,763,,n/e,n/e,n/e,n/e,n/e,n/e,0,,n/e,n/e,209,,n/e,n/e,n/e,n/e,1,
10:00 - 11:00,44,,n/e,n/e,n/e,n/e,0,,n/e,n/e,n/e,n/e,n/e,n/e,n/e,n/e,n/e,n/e,n/e,n/e,804,,n/e,n/e,n/e,n/e,n/e,n/e,0,,n/e,n/e,206,,n/e,n/e,n/e,n/e,1,
11:00 - 12:00,44,,n/e,n/e,n/e,n/e,0,,n/e,n/e,n/e,n/e,n/e,n/e,n/e,n/e,n/e,n/e,n/e,n/e,850,,n/e,n/e,n/e,n/e,n/e,n/e,0,,n/e,n/e,195,,n/e,n/e,n/e,n/e,1,
12:00 - 13:00,42,,n/e,n/e,n/e,n/e,0,,n/e,n/e,n/e,n/e,n/e,n/e,n/e,n/e,n/e,n/e,n/e,n/e,857,,n/e,n/e,n/e,n/e,n/e,n/e,0,,n/e,n/e,182,,n/e,n/e,n/e,n/e,0,
13:00 - 14:00,44,,n/e,n/e,n/e,n/e,0,,n/e,n/e,n/e,n/e,n/e,n/e,n/e,n/e,n/e,n/e,n/e,n/e,932,,n/e,n/e,n/e,n/e,n/e,n/e,0,,n/e,n/e,147,,n/e,n/e,n/e,n/e,0,
14:00 - 15:00,46,,n/e,n/e,n/e,n/e,0,,n/e,n/e,n/e,n/e,n/e,n/e,n/e,n/e,n/e,n/e,n/e,n/e,1025,,n/e,n/e,n/e,n/e,n/e,n/e,0,,n/e,n/e,86,,n/e,n/e,n/e,n/e,0,
15:00 - 16:00,47,,n/e,n/e,n/e,n/e,0,,n/e,n/e,n/e,n/e,n/e,n/e,n/e,n/e,n/e,n/e,n/e,n/e,1205,,n/e,n/e,n/e,n/e,n/e,n/e,0,,n/e,n/e,29,,n/e,n/e,n/e,n/e,0,
16:00 - 17:00,50,,n/e,n/e,n/e,n/e,3,,n/e,n/e,n/e,n/e,n/e,n/e,n/e,n/e,n/e,n/e,n/e,n/e,1235,,n/e,n/e,n/e,n/e,n/e,n/e,0,,n/e,n/e,4,,n/e,n/e,n/e,n/e,0,
17:00 - 18:00,52,,n/e,n/e,n/e,n/e,3,,n/e,n/e,n/e,n/e,n/e,n/e,n/e,n/e,n/e,n/e,n/e,n/e,1223,,n/e,n/e,n/e,n/e,n/e,n/e,0,,n/e,n/e,0,,n/e,n/e,n/e,n/e,3,
18:00 - 19:00,52,,n/e,n/e,n/e,n/e,3,,n/e,n/e,n/e,n/e,n/e,n/e,n/e,n/e,n/e,n/e,n/e,n/e,1198,,n/e,n/e,n/e,n/e,n/e,n/e,0,,n/e,n/e,0,,n/e,n/e,n/e,n/e,10,
19:00 - 20:00,52,,n/e,n/e,n/e,n/e,3,,n/e,n/e,n/e,n/e,n/e,n/e,n/e,n/e,n/e,n/e,n/e,n/e,1186,,n/e,n/e,n/e,n/e,n/e,n/e,0,,n/e,n/e,0,,n/e,n/e,n/e,n/e,17,
20:00 - 21:00,51,,n/e,n/e,n/e,n/e,3,,n/e,n/e,n/e,n/e,n/e,n/e,n/e,n/e,n/e,n/e,n/e,n/e,1021,,n/e,n/e,n/e,n/e,n/e,n/e,0,,n/e,n/e,0,,n/e,n/e,n/e,n/e,30,
21:00 - 22:00,49,,n/e,n/e,n/e,n/e,0,,n/e,n/e,n/e,n/e,n/e,n/e,n/e,n/e,n/e,n/e,n/e,n/e,1020,,n/e,n/e,n/e,n/e,n/e,n/e,0,,n/e,n/e,0,,n/e,n/e,n/e,n/e,27,
22:00 - 23:00,48,,n/e,n/e,n/e,n/e,0,,n/e,n/e,n/e,n/e,n/e,n/e,n/e,n/e,n/e,n/e,n/e,n/e,981,,n/e,n/e,n/e,n/e,n/e,n/e,0,,n/e,n/e,0,,n/e,n/e,n/e,n/e,29,
23:00 - 00:00,47,,n/e,n/e,n/e,n/e,0,,n/e,n/e,n/e,n/e,n/e,n/e,n/e,n/e,n/e,n/e,n/e,n/e,828,,n/e,n/e,n/e,n/e,n/e,n/e,0,,n/e,n/e,0,,n/e,n/e,n/e,n/e,38,
00:00 - 01:00,47,,n/e,n/e,n/e,n/e,0,,n/e,n/e,n/e,n/e,n/e,n/e,n/e,n/e,n/e,n/e,n/e,n/e,792,,n/e,n/e,n/e,n/e,n/e,n/e,0,,n/e,n/e,0,,n/e,n/e,n/e,n/e,44,
01:00 - 02:00,47,,n/e,n/e,n/e,n/e,0,,n/e,n/e,n/e,n/e,n/e,n/e,n/e,n/e,n/e,n/e,n/e,n/e,801,,n/e,n/e,n/e,n/e,n/e,n/e,0,,n/e,n/e,0,,n/e,n/e,n/e,n/e,51,
02:00 - 03:00,47,,n/e,n/e,n/e,n/e,0,,n/e,n/e,n/e,n/e,n/e,n/e,n/e,n/e,n/e,n/e,n/e,n/e,827,,n/e,n/e,n/e,n/e,n/e,n/e,0,,n/e,n/e,0,,n/e,n/e,n/e,n/e,62,
03:00 - 04:00,48,,n/e,n/e,n/e,n/e,0,,n/e,n/e,n/e,n/e,n/e,n/e,n/e,n/e,n/e,n/e,n/e,n/e,850,,n/e,n/e,n/e,n/e,n/e,n/e,0,,n/e,n/e,0,,n/e,n/e,n/e,n/e,53,
04:00 - 05:00,48,,n/e,n/e,n/e,n/e,0,,n/e,n/e,n/e,n/e,n/e,n/e,n/e,n/e,n/e,n/e,n/e,n/e,872,,n/e,n/e,n/e,n/e,n/e,n/e,0,,n/e,n/e,3,,n/e,n/e,n/e,n/e,53,
05:00 - 06:00,48,,n/e,n/e,n/e,n/e,0,,n/e,n/e,n/e,n/e,n/e,n/e,n/e,n/e,n/e,n/e,n/e,n/e,850,,n/e,n/e,n/e,n/e,n/e,n/e,0,,n/e,n/e,19,,n/e,n/e,n/e,n/e,45,
06:00 - 07:00,49,,n/e,n/e,n/e,n/e,0,,n/e,n/e,n/e,n/e,n/e,n/e,n/e,n/e,n/e,n/e,n/e,n/e,850,,n/e,n/e,n/e,n/e,n/e,n/e,0,,n/e,n/e,54,,n/e,n/e,n/e,n/e,38,
07:00 - 08:00,50,,n/e,n/e,n/e,n/e,0,,n/e,n/e,n/e,n/e,n/e,n/e,n/e,n/e,n/e,n/e,n/e,n/e,978,,n/e,n/e,n/e,n/e,n/e,n/e,0,,n/e,n/e,94,,n/e,n/e,n/e,n/e,26,
08:00 - 09:00,49,,n/e,n/e,n/e,n/e,0,,n/e,n/e,n/e,n/e,n/e,n/e,n/e,n/e,n/e,n/e,n/e,n/e,990,,n/e,n/e,n/e,n/e,n/e,n/e,0,,n/e,n/e,141,,n/e,n/e,n/e,n/e,14,
09:00 - 10:00,46,,n/e,n/e,n/e,n/e,0,,n/e,n/e,n/e,n/e,n/e,n/e,n/e,n/e,n/e,n/e,n/e,n/e,909,,n/e,n/e,n/e,n/e,n/e,n/e,0,,n/e,n/e,186,,n/e,n/e,n/e,n/e,12,
10:00 - 11:00,44,,n/e,n/e,n/e,n/e,0,,n/e,n/e,n/e,n/e,n/e,n/e,n/e,n/e,n/e,n/e,n/e,n/e,900,,n/e,n/e,n/e,n/e,n/e,n/e,0,,n/e,n/e,200,,n/e,n/e,n/e,n/e,13,
11:00 - 12:00,42,,n/e,n/e,n/e,n/e,0,,n/e,n/e,n/e,n/e,n/e,n/e,n/e,n/e,n/e,n/e,n/e,n/e,896,,n/e,n/e,n/e,n/e,n/e,n/e,0,,n/e,n/e,194,,n/e,n/e,n/e,n/e,10,
12:00 - 13:00,40,,n/e,n/e,n/e,n/e,0,,n/e,n/e,n/e,n/e,n/e,n/e,n/e,n/e,n/e,n/e,n/e,n/e,962,,n/e,n/e,n/e,n/e,n/e,n/e,0,,n/e,n/e,153,,n/e,n/e,n/e,n/e,12,
13:00 - 14:00,40,,n/e,n/e,n/e,n/e,0,,n/e,n/e,n/e,n/e,n/e,n/e,n/e,n/e,n/e,n/e,n/e,n/e,987,,n/e,n/e,n/e,n/e,n/e,n/e,0,,n/e,n/e,87,,n/e,n/e,n/e,n/e,12,
14:00 - 15:00,41,,n/e,n/e,n/e,n/e,0,,n/e,n/e,n/e,n/e,n/e,n/e,n/e,n/e,n/e,n/e,n/e,n/e,1033,,n/e,n/e,n/e,n/e,n/e,n/e,0,,n/e,n/e,42,,n/e,n/e,n/e,n/e,13,
15:00 - 16:00,45,,n/e,n/e,n/e,n/e,2,,n/e,n/e,n/e,n/e,n/e,n/e,n/e,n/e,n/e,n/e,n/e,n/e,1040,,n/e,n/e,n/e,n/e,n/e,n/e,0,,n/e,n/e,15,,n/e,n/e,n/e,n/e,11,
16:00 - 17:00,46,,n/e,n/e,n/e,n/e,2,,n/e,n/e,n/e,n/e,n/e,n/e,n/e,n/e,n/e,n/e,n/e,n/e,938,,n/e,n/e,n/e,n/e,n/e,n/e,0,,n/e,n/e,3,,n/e,n/e,n/e,n/e,1,
17:00 - 18:00,48,,n/e,n/e,n/e,n/e,2,,n/e,n/e,n/e,n/e,n/e,n/e,n/e,n/e,n/e,n/e,n/e,n/e,947,,n/e,n/e,n/e,n/e,n/e,n/e,0,,n/e,n/e,0,,n/e,n/e,n/e,n/e,0,
18:00 - 19:00,49,,n/e,n/e,n/e,n/e,2,,n/e,n/e,n/e,n/e,n/e,n/e,n/e,n/e,n/e,n/e,n/e,n/e,945,,n/e,n/e,n/e,n/e,n/e,n/e,0,,n/e,n/e,0,,n/e,n/e,n/e,n/e,0,
19:00 - 20:00,48,,n/e,n/e,n/e,n/e,2,,n/e,n/e,n/e,n/e,n/e,n/e,n/e,n/e,n/e,n/e,n/e,n/e,896,,n/e,n/e,n/e,n/e,n/e,n/e,0,,n/e,n/e,0,,n/e,n/e,n/e,n/e,1,
20:00 - 21:00,46,,n/e,n/e,n/e,n/e,0,,n/e,n/e,n/e,n/e,n/e,n/e,n/e,n/e,n/e,n/e,n/e,n/e,836,,n/e,n/e,n/e,n/e,n/e,n/e,0,,n/e,n/e,0,,n/e,n/e,n/e,n/e,1,
21:00 - 22:00,46,,n/e,n/e,n/e,n/e,0,,n/e,n/e,n/e,n/e,n/e,n/e,n/e,n/e,n/e,n/e,n/e,n/e,831,,n/e,n/e,n/e,n/e,n/e,n/e,0,,n/e,n/e,0,,n/e,n/e,n/e,n/e,1,
22:00 - 23:00,46,,n/e,n/e,n/e,n/e,0,,n/e,n/e,n/e,n/e,n/e,n/e,n/e,n/e,n/e,n/e,n/e,n/e,986,,n/e,n/e,n/e,n/e,n/e,n/e,0,,n/e,n/e,0,,n/e,n/e,n/e,n/e,3,
23:00 - 00:00,44,,n/e,n/e,n/e,n/e,0,,n/e,n/e,n/e,n/e,n/e,n/e,n/e,n/e,n/e,n/e,n/e,n/e,989,,n/e,n/e,n/e,n/e,n/e,n/e,0,,n/e,n/e,0,,n/e,n/e,n/e,n/e,7,
00:00 - 01:00,43,,n/e,n/e,n/e,n/e,0,,n/e,n/e,n/e,n/e,n/e,n/e,n/e,n/e,n/e,n/e,n/e,n/e,989,,n/e,n/e,n/e,n/e,n/e,n/e,0,,n/e,n/e,0,,n/e,n/e,n/e,n/e,18,
01:00 - 02:00,42,,n/e,n/e,n/e,n/e,0,,n/e,n/e,n/e,n/e,n/e,n/e,n/e,n/e,n/e,n/e,n/e,n/e,987,,n/e,n/e,n/e,n/e,n/e,n/e,0,,n/e,n/e,0,,n/e,n/e,n/e,n/e,12,
02:00 - 03:00,42,,n/e,n/e,n/e,n/e,0,,n/e,n/e,n/e,n/e,n/e,n/e,n/e,n/e,n/e,n/e,n/e,n/e,967,,n/e,n/e,n/e,n/e,n/e,n/e,0,,n/e,n/e,0,,n/e,n/e,n/e,n/e,5,
03:00 - 04:00,41,,n/e,n/e,n/e,n/e,0,,n/e,n/e,n/e,n/e,n/e,n/e,n/e,n/e,n/e,n/e,n/e,n/e,1058,,n/e,n/e,n/e,n/e,n/e,n/e,0,,n/e,n/e,0,,n/e,n/e,n/e,n/e,1,
04:00 - 05:00,42,,n/e,n/e,n/e,n/e,0,,n/e,n/e,n/e,n/e,n/e,n/e,n/e,n/e,n/e,n/e,n/e,n/e,1061,,n/e,n/e,n/e,n/e,n/e,n/e,0,,n/e,n/e,5,,n/e,n/e,n/e,n/e,1,
05:00 - 06:00,45,,n/e,n/e,n/e,n/e,0,,n/e,n/e,n/e,n/e,n/e,n/e,n/e,n/e,n/e,n/e,n/e,n/e,1064,,n/e,n/e,n/e,n/e,n/e,n/e,0,,n/e,n/e,27,,n/e,n/e,n/e,n/e,2,
06:00 - 07:00,44,,n/e,n/e,n/e,n/e,0,,n/e,n/e,n/e,n/e,n/e,n/e,n/e,n/e,n/e,n/e,n/e,n/e,1106,,n/e,n/e,n/e,n/e,n/e,n/e,0,,n/e,n/e,62,,n/e,n/e,n/e,n/e,3,
07:00 - 08:00,44,,n/e,n/e,n/e,n/e,0,,n/e,n/e,n/e,n/e,n/e,n/e,n/e,n/e,n/e,n/e,n/e,n/e,1063,,n/e,n/e,n/e,n/e,n/e,n/e,0,,n/e,n/e,106,,n/e,n/e,n/e,n/e,1,
08:00 - 09:00,40,,n/e,n/e,n/e,n/e,0,,n/e,n/e,n/e,n/e,n/e,n/e,n/e,n/e,n/e,n/e,n/e,n/e,992,,n/e,n/e,n/e,n/e,n/e,n/e,0,,n/e,n/e,136,,n/e,n/e,n/e,n/e,1,
09:00 - 10:00,39,,n/e,n/e,n/e,n/e,0,,n/e,n/e,n/e,n/e,n/e,n/e,n/e,n/e,n/e,n/e,n/e,n/e,852,,n/e,n/e,n/e,n/e,n/e,n/e,0,,n/e,n/e,141,,n/e,n/e,n/e,n/e,3,
10:00 - 11:00,38,,n/e,n/e,n/e,n/e,0,,n/e,n/e,n/e,n/e,n/e,n/e,n/e,n/e,n/e,n/e,n/e,n/e,919,,n/e,n/e,n/e,n/e,n/e,n/e,0,,n/e,n/e,158,,n/e,n/e,n/e,n/e,2,
11:00 - 12:00,38,,n/e,n/e,n/e,n/e,0,,n/e,n/e,n/e,n/e,n/e,n/e,n/e,n/e,n/e,n/e,n/e,n/e,923,,n/e,n/e,n/e,n/e,n/e,n/e,0,,n/e,n/e,176,,n/e,n/e,n/e,n/e,1,
12:00 - 13:00,37,,n/e,n/e,n/e,n/e,0,,n/e,n/e,n/e,n/e,n/e,n/e,n/e,n/e,n/e,n/e,n/e,n/e,987,,n/e,n/e,n/e,n/e,n/e,n/e,0,,n/e,n/e,157,,n/e,n/e,n/e,n/e,2,
13:00 - 14:00,36,,n/e,n/e,n/e,n/e,0,,n/e,n/e,n/e,n/e,n/e,n/e,n/e,n/e,n/e,n/e,n/e,n/e,1009,,n/e,n/e,n/e,n/e,n/e,n/e,0,,n/e,n/e,115,,n/e,n/e,n/e,n/e,1,
14:00 - 15:00,35,,n/e,n/e,n/e,n/e,0,,n/e,n/e,n/e,n/e,n/e,n/e,n/e,n/e,n/e,n/e,n/e,n/e,1011,,n/e,n/e,n/e,n/e,n/e,n/e,0,,n/e,n/e,67,,n/e,n/e,n/e,n/e,1,
15:00 - 16:00,35,,n/e,n/e,n/e,n/e,0,,n/e,n/e,n/e,n/e,n/e,n/e,n/e,n/e,n/e,n/e,n/e,n/e,934,,n/e,n/e,n/e,n/e,n/e,n/e,0,,n/e,n/e,18,,n/e,n/e,n/e,n/e,1,
16:00 - 17:00,38,,n/e,n/e,n/e,n/e,0,,n/e,n/e,n/e,n/e,n/e,n/e,n/e,n/e,n/e,n/e,n/e,n/e,967,,n/e,n/e,n/e,n/e,n/e,n/e,0,,n/e,n/e,2,,n/e,n/e,n/e,n/e,4,
17:00 - 18:00,41,,n/e,n/e,n/e,n/e,0,,n/e,n/e,n/e,n/e,n/e,n/e,n/e,n/e,n/e,n/e,n/e,n/e,931,,n/e,n/e,n/e,n/e,n/e,n/e,0,,n/e,n/e,0,,n/e,n/e,n/e,n/e,4,
18:00 - 19:00,43,,n/e,n/e,n/e,n/e,0,,n/e,n/e,n/e,n/e,n/e,n/e,n/e,n/e,n/e,n/e,n/e,n/e,984,,n/e,n/e,n/e,n/e,n/e,n/e,0,,n/e,n/e,0,,n/e,n/e,n/e,n/e,4,
19:00 - 20:00,43,,n/e,n/e,n/e,n/e,0,,n/e,n/e,n/e,n/e,n/e,n/e,n/e,n/e,n/e,n/e,n/e,n/e,973,,n/e,n/e,n/e,n/e,n/e,n/e,0,,n/e,n/e,0,,n/e,n/e,n/e,n/e,7,
20:00 - 21:00,41,,n/e,n/e,n/e,n/e,0,,n/e,n/e,n/e,n/e,n/e,n/e,n/e,n/e,n/e,n/e,n/e,n/e,981,,n/e,n/e,n/e,n/e,n/e,n/e,0,,n/e,n/e,0,,n/e,n/e,n/e,n/e,12,
21:00 - 22:00,37,,n/e,n/e,n/e,n/e,0,,n/e,n/e,n/e,n/e,n/e,n/e,n/e,n/e,n/e,n/e,n/e,n/e,853,,n/e,n/e,n/e,n/e,n/e,n/e,0,,n/e,n/e,0,,n/e,n/e,n/e,n/e,16,
22:00 - 23:00,37,,n/e,n/e,n/e,n/e,0,,n/e,n/e,n/e,n/e,n/e,n/e,n/e,n/e,n/e,n/e,n/e,n/e,732,,n/e,n/e,n/e,n/e,n/e,n/e,0,,n/e,n/e,0,,n/e,n/e,n/e,n/e,17,
23:00 - 00:00,37,,n/e,n/e,n/e,n/e,0,,n/e,n/e,n/e,n/e,n/e,n/e,n/e,n/e,n/e,n/e,n/e,n/e,706,,n/e,n/e,n/e,n/e,n/e,n/e,0,,n/e,n/e,0,,n/e,n/e,n/e,n/e,19,
00:00 - 01:00,37,,n/e,n/e,n/e,n/e,0,,n/e,n/e,n/e,n/e,n/e,n/e,n/e,n/e,n/e,n/e,n/e,n/e,709,,n/e,n/e,n/e,n/e,n/e,n/e,0,,n/e,n/e,0,,n/e,n/e,n/e,n/e,19,
01:00 - 02:00,35,,n/e,n/e,n/e,n/e,0,,n/e,n/e,n/e,n/e,n/e,n/e,n/e,n/e,n/e,n/e,n/e,n/e,776,,n/e,n/e,n/e,n/e,n/e,n/e,0,,n/e,n/e,0,,n/e,n/e,n/e,n/e,30,
02:00 - 03:00,34,,n/e,n/e,n/e,n/e,0,,n/e,n/e,n/e,n/e,n/e,n/e,n/e,n/e,n/e,n/e,n/e,n/e,822,,n/e,n/e,n/e,n/e,n/e,n/e,0,,n/e,n/e,0,,n/e,n/e,n/e,n/e,33,
03:00 - 04:00,31,,n/e,n/e,n/e,n/e,0,,n/e,n/e,n/e,n/e,n/e,n/e,n/e,n/e,n/e,n/e,n/e,n/e,827,,n/e,n/e,n/e,n/e,n/e,n/e,0,,n/e,n/e,0,,n/e,n/e,n/e,n/e,31,
04:00 - 05:00,34,,n/e,n/e,n/e,n/e,0,,n/e,n/e,n/e,n/e,n/e,n/e,n/e,n/e,n/e,n/e,n/e,n/e,905,,n/e,n/e,n/e,n/e,n/e,n/e,0,,n/e,n/e,4,,n/e,n/e,n/e,n/e,39,
05:00 - 06:00,41,,n/e,n/e,n/e,n/e,0,,n/e,n/e,n/e,n/e,n/e,n/e,n/e,n/e,n/e,n/e,n/e,n/e,896,,n/e,n/e,n/e,n/e,n/e,n/e,0,,n/e,n/e,15,,n/e,n/e,n/e,n/e,38,
06:00 - 07:00,43,,n/e,n/e,n/e,n/e,0,,n/e,n/e,n/e,n/e,n/e,n/e,n/e,n/e,n/e,n/e,n/e,n/e,882,,n/e,n/e,n/e,n/e,n/e,n/e,0,,n/e,n/e,43,,n/e,n/e,n/e,n/e,31,
07:00 - 08:00,43,,n/e,n/e,n/e,n/e,0,,n/e,n/e,n/e,n/e,n/e,n/e,n/e,n/e,n/e,n/e,n/e,n/e,1037,,n/e,n/e,n/e,n/e,n/e,n/e,0,,n/e,n/e,75,,n/e,n/e,n/e,n/e,21,
08:00 - 09:00,41,,n/e,n/e,n/e,n/e,0,,n/e,n/e,n/e,n/e,n/e,n/e,n/e,n/e,n/e,n/e,n/e,n/e,1037,,n/e,n/e,n/e,n/e,n/e,n/e,0,,n/e,n/e,76,,n/e,n/e,n/e,n/e,29,
09:00 - 10:00,39,,n/e,n/e,n/e,n/e,0,,n/e,n/e,n/e,n/e,n/e,n/e,n/e,n/e,n/e,n/e,n/e,n/e,938,,n/e,n/e,n/e,n/e,n/e,n/e,0,,n/e,n/e,62,,n/e,n/e,n/e,n/e,26,
10:00 - 11:00,39,,n/e,n/e,n/e,n/e,0,,n/e,n/e,n/e,n/e,n/e,n/e,n/e,n/e,n/e,n/e,n/e,n/e,1019,,n/e,n/e,n/e,n/e,n/e,n/e,0,,n/e,n/e,63,,n/e,n/e,n/e,n/e,34,
11:00 - 12:00,37,,n/e,n/e,n/e,n/e,0,,n/e,n/e,n/e,n/e,n/e,n/e,n/e,n/e,n/e,n/e,n/e,n/e,884,,n/e,n/e,n/e,n/e,n/e,n/e,0,,n/e,n/e,47,,n/e,n/e,n/e,n/e,30,
12:00 - 13:00,39,,n/e,n/e,n/e,n/e,0,,n/e,n/e,n/e,n/e,n/e,n/e,n/e,n/e,n/e,n/e,n/e,n/e,948,,n/e,n/e,n/e,n/e,n/e,n/e,0,,n/e,n/e,57,,n/e,n/e,n/e,n/e,18,
13:00 - 14:00,38,,n/e,n/e,n/e,n/e,0,,n/e,n/e,n/e,n/e,n/e,n/e,n/e,n/e,n/e,n/e,n/e,n/e,947,,n/e,n/e,n/e,n/e,n/e,n/e,0,,n/e,n/e,45,,n/e,n/e,n/e,n/e,23,
14:00 - 15:00,38,,n/e,n/e,n/e,n/e,0,,n/e,n/e,n/e,n/e,n/e,n/e,n/e,n/e,n/e,n/e,n/e,n/e,965,,n/e,n/e,n/e,n/e,n/e,n/e,0,,n/e,n/e,24,,n/e,n/e,n/e,n/e,42,
15:00 - 16:00,41,,n/e,n/e,n/e,n/e,0,,n/e,n/e,n/e,n/e,n/e,n/e,n/e,n/e,n/e,n/e,n/e,n/e,949,,n/e,n/e,n/e,n/e,n/e,n/e,0,,n/e,n/e,8,,n/e,n/e,n/e,n/e,48,
16:00 - 17:00,45,,n/e,n/e,n/e,n/e,2,,n/e,n/e,n/e,n/e,n/e,n/e,n/e,n/e,n/e,n/e,n/e,n/e,1054,,n/e,n/e,n/e,n/e,n/e,n/e,0,,n/e,n/e,1,,n/e,n/e,n/e,n/e,48,
17:00 - 18:00,49,,n/e,n/e,n/e,n/e,2,,n/e,n/e,n/e,n/e,n/e,n/e,n/e,n/e,n/e,n/e,n/e,n/e,1072,,n/e,n/e,n/e,n/e,n/e,n/e,0,,n/e,n/e,0,,n/e,n/e,n/e,n/e,50,
18:00 - 19:00,50,,n/e,n/e,n/e,n/e,2,,n/e,n/e,n/e,n/e,n/e,n/e,n/e,n/e,n/e,n/e,n/e,n/e,1117,,n/e,n/e,n/e,n/e,n/e,n/e,0,,n/e,n/e,0,,n/e,n/e,n/e,n/e,44,
19:00 - 20:00,46,,n/e,n/e,n/e,n/e,2,,n/e,n/e,n/e,n/e,n/e,n/e,n/e,n/e,n/e,n/e,n/e,n/e,987,,n/e,n/e,n/e,n/e,n/e,n/e,0,,n/e,n/e,0,,n/e,n/e,n/e,n/e,42,
20:00 - 21:00,44,,n/e,n/e,n/e,n/e,0,,n/e,n/e,n/e,n/e,n/e,n/e,n/e,n/e,n/e,n/e,n/e,n/e,846,,n/e,n/e,n/e,n/e,n/e,n/e,0,,n/e,n/e,0,,n/e,n/e,n/e,n/e,40,
21:00 - 22:00,40,,n/e,n/e,n/e,n/e,0,,n/e,n/e,n/e,n/e,n/e,n/e,n/e,n/e,n/e,n/e,n/e,n/e,794,,n/e,n/e,n/e,n/e,n/e,n/e,0,,n/e,n/e,0,,n/e,n/e,n/e,n/e,28,
22:00 - 23:00,39,,n/e,n/e,n/e,n/e,0,,n/e,n/e,n/e,n/e,n/e,n/e,n/e,n/e,n/e,n/e,n/e,n/e,778,,n/e,n/e,n/e,n/e,n/e,n/e,0,,n/e,n/e,0,,n/e,n/e,n/e,n/e,19,
23:00 - 00:00,38,,n/e,n/e,n/e,n/e,0,,n/e,n/e,n/e,n/e,n/e,n/e,n/e,n/e,n/e,n/e,n/e,n/e,793,,n/e,n/e,n/e,n/e,n/e,n/e,0,,n/e,n/e,0,,n/e,n/e,n/e,n/e,13,
00:00 - 01:00,38,,n/e,n/e,n/e,n/e,0,,n/e,n/e,n/e,n/e,n/e,n/e,n/e,n/e,n/e,n/e,n/e,n/e,793,,n/e,n/e,n/e,n/e,n/e,n/e,0,,n/e,n/e,0,,n/e,n/e,n/e,n/e,13,
01:00 - 02:00,37,,n/e,n/e,n/e,n/e,0,,n/e,n/e,n/e,n/e,n/e,n/e,n/e,n/e,n/e,n/e,n/e,n/e,794,,n/e,n/e,n/e,n/e,n/e,n/e,0,,n/e,n/e,0,,n/e,n/e,n/e,n/e,6,
02:00 - 03:00,39,,n/e,n/e,n/e,n/e,0,,n/e,n/e,n/e,n/e,n/e,n/e,n/e,n/e,n/e,n/e,n/e,n/e,792,,n/e,n/e,n/e,n/e,n/e,n/e,0,,n/e,n/e,0,,n/e,n/e,n/e,n/e,13,
03:00 - 04:00,47,,n/e,n/e,n/e,n/e,0,,n/e,n/e,n/e,n/e,n/e,n/e,n/e,n/e,n/e,n/e,n/e,n/e,838,,n/e,n/e,n/e,n/e,n/e,n/e,0,,n/e,n/e,0,,n/e,n/e,n/e,n/e,34,
04:00 - 05:00,50,,n/e,n/e,n/e,n/e,8,,n/e,n/e,n/e,n/e,n/e,n/e,n/e,n/e,n/e,n/e,n/e,n/e,930,,n/e,n/e,n/e,n/e,n/e,n/e,0,,n/e,n/e,0,,n/e,n/e,n/e,n/e,60,
05:00 - 06:00,55,,n/e,n/e,n/e,n/e,8,,n/e,n/e,n/e,n/e,n/e,n/e,n/e,n/e,n/e,n/e,n/e,n/e,959,,n/e,n/e,n/e,n/e,n/e,n/e,0,,n/e,n/e,2,,n/e,n/e,n/e,n/e,75,
06:00 - 07:00,55,,n/e,n/e,n/e,n/e,8,,n/e,n/e,n/e,n/e,n/e,n/e,n/e,n/e,n/e,n/e,n/e,n/e,1022,,n/e,n/e,n/e,n/e,n/e,n/e,0,,n/e,n/e,6,,n/e,n/e,n/e,n/e,85,
07:00 - 08:00,54,,n/e,n/e,n/e,n/e,9,,n/e,n/e,n/e,n/e,n/e,n/e,n/e,n/e,n/e,n/e,n/e,n/e,954,,n/e,n/e,n/e,n/e,n/e,n/e,0,,n/e,n/e,10,,n/e,n/e,n/e,n/e,75,
08:00 - 09:00,52,,n/e,n/e,n/e,n/e,9,,n/e,n/e,n/e,n/e,n/e,n/e,n/e,n/e,n/e,n/e,n/e,n/e,984,,n/e,n/e,n/e,n/e,n/e,n/e,0,,n/e,n/e,14,,n/e,n/e,n/e,n/e,79,
09:00 - 10:00,52,,n/e,n/e,n/e,n/e,9,,n/e,n/e,n/e,n/e,n/e,n/e,n/e,n/e,n/e,n/e,n/e,n/e,1012,,n/e,n/e,n/e,n/e,n/e,n/e,0,,n/e,n/e,17,,n/e,n/e,n/e,n/e,82,
10:00 - 11:00,51,,n/e,n/e,n/e,n/e,9,,n/e,n/e,n/e,n/e,n/e,n/e,n/e,n/e,n/e,n/e,n/e,n/e,1077,,n/e,n/e,n/e,n/e,n/e,n/e,0,,n/e,n/e,21,,n/e,n/e,n/e,n/e,80,
11:00 - 12:00,51,,n/e,n/e,n/e,n/e,9,,n/e,n/e,n/e,n/e,n/e,n/e,n/e,n/e,n/e,n/e,n/e,n/e,1025,,n/e,n/e,n/e,n/e,n/e,n/e,0,,n/e,n/e,20,,n/e,n/e,n/e,n/e,94,
12:00 - 13:00,52,,n/e,n/e,n/e,n/e,9,,n/e,n/e,n/e,n/e,n/e,n/e,n/e,n/e,n/e,n/e,n/e,n/e,1063,,n/e,n/e,n/e,n/e,n/e,n/e,0,,n/e,n/e,16,,n/e,n/e,n/e,n/e,99,
13:00 - 14:00,54,,n/e,n/e,n/e,n/e,11,,n/e,n/e,n/e,n/e,n/e,n/e,n/e,n/e,n/e,n/e,n/e,n/e,1074,,n/e,n/e,n/e,n/e,n/e,n/e,0,,n/e,n/e,12,,n/e,n/e,n/e,n/e,103,
14:00 - 15:00,56,,n/e,n/e,n/e,n/e,12,,n/e,n/e,n/e,n/e,n/e,n/e,n/e,n/e,n/e,n/e,n/e,n/e,1108,,n/e,n/e,n/e,n/e,n/e,n/e,0,,n/e,n/e,7,,n/e,n/e,n/e,n/e,112,
15:00 - 16:00,59,,n/e,n/e,n/e,n/e,11,,n/e,n/e,n/e,n/e,n/e,n/e,n/e,n/e,n/e,n/e,n/e,n/e,1113,,n/e,n/e,n/e,n/e,n/e,n/e,0,,n/e,n/e,3,,n/e,n/e,n/e,n/e,115,
16:00 - 17:00,63,,n/e,n/e,n/e,n/e,9,,n/e,n/e,n/e,n/e,n/e,n/e,n/e,n/e,n/e,n/e,n/e,n/e,1108,,n/e,n/e,n/e,n/e,n/e,n/e,0,,n/e,n/e,1,,n/e,n/e,n/e,n/e,111,
17:00 - 18:00,62,,n/e,n/e,n/e,n/e,9,,n/e,n/e,n/e,n/e,n/e,n/e,n/e,n/e,n/e,n/e,n/e,n/e,1156,,n/e,n/e,n/e,n/e,n/e,n/e,0,,n/e,n/e,0,,n/e,n/e,n/e,n/e,104,
18:00 - 19:00,62,,n/e,n/e,n/e,n/e,9,,n/e,n/e,n/e,n/e,n/e,n/e,n/e,n/e,n/e,n/e,n/e,n/e,1023,,n/e,n/e,n/e,n/e,n/e,n/e,0,,n/e,n/e,0,,n/e,n/e,n/e,n/e,88,
19:00 - 20:00,59,,n/e,n/e,n/e,n/e,5,,n/e,n/e,n/e,n/e,n/e,n/e,n/e,n/e,n/e,n/e,n/e,n/e,848,,n/e,n/e,n/e,n/e,n/e,n/e,0,,n/e,n/e,0,,n/e,n/e,n/e,n/e,66,
20:00 - 21:00,58,,n/e,n/e,n/e,n/e,2,,n/e,n/e,n/e,n/e,n/e,n/e,n/e,n/e,n/e,n/e,n/e,n/e,814,,n/e,n/e,n/e,n/e,n/e,n/e,0,,n/e,n/e,0,,n/e,n/e,n/e,n/e,51,
21:00 - 22:00,57,,n/e,n/e,n/e,n/e,0,,n/e,n/e,n/e,n/e,n/e,n/e,n/e,n/e,n/e,n/e,n/e,n/e,791,,n/e,n/e,n/e,n/e,n/e,n/e,0,,n/e,n/e,0,,n/e,n/e,n/e,n/e,37,
22:00 - 23:00,56,,n/e,n/e,n/e,n/e,0,,n/e,n/e,n/e,n/e,n/e,n/e,n/e,n/e,n/e,n/e,n/e,n/e,758,,n/e,n/e,n/e,n/e,n/e,n/e,0,,n/e,n/e,0,,n/e,n/e,n/e,n/e,35,
23:00 - 00:00,54,,n/e,n/e,n/e,n/e,0,,n/e,n/e,n/e,n/e,n/e,n/e,n/e,n/e,n/e,n/e,n/e,n/e,750,,n/e,n/e,n/e,n/e,n/e,n/e,0,,n/e,n/e,0,,n/e,n/e,n/e,n/e,23,
00:00 - 01:00,53,,n/e,n/e,n/e,n/e,0,,n/e,n/e,n/e,n/e,n/e,n/e,n/e,n/e,n/e,n/e,n/e,n/e,778,,n/e,n/e,n/e,n/e,n/e,n/e,0,,n/e,n/e,0,,n/e,n/e,n/e,n/e,18,
01:00 - 02:00,55,,n/e,n/e,n/e,n/e,0,,n/e,n/e,n/e,n/e,n/e,n/e,n/e,n/e,n/e,n/e,n/e,n/e,801,,n/e,n/e,n/e,n/e,n/e,n/e,0,,n/e,n/e,0,,n/e,n/e,n/e,n/e,10,
02:00 - 03:00,57,,n/e,n/e,n/e,n/e,2,,n/e,n/e,n/e,n/e,n/e,n/e,n/e,n/e,n/e,n/e,n/e,n/e,1037,,n/e,n/e,n/e,n/e,n/e,n/e,0,,n/e,n/e,0,,n/e,n/e,n/e,n/e,5,
03:00 - 04:00,62,,n/e,n/e,n/e,n/e,3,,n/e,n/e,n/e,n/e,n/e,n/e,n/e,n/e,n/e,n/e,n/e,n/e,1038,,n/e,n/e,n/e,n/e,n/e,n/e,0,,n/e,n/e,0,,n/e,n/e,n/e,n/e,4,
04:00 - 05:00,65,,n/e,n/e,n/e,n/e,11,,n/e,n/e,n/e,n/e,n/e,n/e,n/e,n/e,n/e,n/e,n/e,n/e,1095,,n/e,n/e,n/e,n/e,n/e,n/e,0,,n/e,n/e,1,,n/e,n/e,n/e,n/e,2,
05:00 - 06:00,68,,n/e,n/e,n/e,n/e,16,,n/e,n/e,n/e,n/e,n/e,n/e,n/e,n/e,n/e,n/e,n/e,n/e,1184,,n/e,n/e,n/e,n/e,n/e,n/e,0,,n/e,n/e,6,,n/e,n/e,n/e,n/e,3,
06:00 - 07:00,68,,n/e,n/e,n/e,n/e,19,,n/e,n/e,n/e,n/e,n/e,n/e,n/e,n/e,n/e,n/e,n/e,n/e,1196,,n/e,n/e,n/e,n/e,n/e,n/e,0,,n/e,n/e,16,,n/e,n/e,n/e,n/e,7,
07:00 - 08:00,64,,n/e,n/e,n/e,n/e,12,,n/e,n/e,n/e,n/e,n/e,n/e,n/e,n/e,n/e,n/e,n/e,n/e,1142,,n/e,n/e,n/e,n/e,n/e,n/e,0,,n/e,n/e,28,,n/e,n/e,n/e,n/e,6,
08:00 - 09:00,60,,n/e,n/e,n/e,n/e,11,,n/e,n/e,n/e,n/e,n/e,n/e,n/e,n/e,n/e,n/e,n/e,n/e,1112,,n/e,n/e,n/e,n/e,n/e,n/e,0,,n/e,n/e,45,,n/e,n/e,n/e,n/e,5,
09:00 - 10:00,60,,n/e,n/e,n/e,n/e,9,,n/e,n/e,n/e,n/e,n/e,n/e,n/e,n/e,n/e,n/e,n/e,n/e,1112,,n/e,n/e,n/e,n/e,n/e,n/e,0,,n/e,n/e,62,,n/e,n/e,n/e,n/e,7,
10:00 - 11:00,57,,n/e,n/e,n/e,n/e,7,,n/e,n/e,n/e,n/e,n/e,n/e,n/e,n/e,n/e,n/e,n/e,n/e,1142,,n/e,n/e,n/e,n/e,n/e,n/e,0,,n/e,n/e,74,,n/e,n/e,n/e,n/e,9,
11:00 - 12:00,56,,n/e,n/e,n/e,n/e,7,,n/e,n/e,n/e,n/e,n/e,n/e,n/e,n/e,n/e,n/e,n/e,n/e,1123,,n/e,n/e,n/e,n/e,n/e,n/e,0,,n/e,n/e,81,,n/e,n/e,n/e,n/e,10,
12:00 - 13:00,56,,n/e,n/e,n/e,n/e,7,,n/e,n/e,n/e,n/e,n/e,n/e,n/e,n/e,n/e,n/e,n/e,n/e,1035,,n/e,n/e,n/e,n/e,n/e,n/e,0,,n/e,n/e,79,,n/e,n/e,n/e,n/e,14,
13:00 - 14:00,55,,n/e,n/e,n/e,n/e,7,,n/e,n/e,n/e,n/e,n/e,n/e,n/e,n/e,n/e,n/e,n/e,n/e,1037,,n/e,n/e,n/e,n/e,n/e,n/e,0,,n/e,n/e,61,,n/e,n/e,n/e,n/e,16,
14:00 - 15:00,54,,n/e,n/e,n/e,n/e,7,,n/e,n/e,n/e,n/e,n/e,n/e,n/e,n/e,n/e,n/e,n/e,n/e,1028,,n/e,n/e,n/e,n/e,n/e,n/e,0,,n/e,n/e,40,,n/e,n/e,n/e,n/e,24,
15:00 - 16:00,56,,n/e,n/e,n/e,n/e,7,,n/e,n/e,n/e,n/e,n/e,n/e,n/e,n/e,n/e,n/e,n/e,n/e,1027,,n/e,n/e,n/e,n/e,n/e,n/e,0,,n/e,n/e,16,,n/e,n/e,n/e,n/e,31,
16:00 - 17:00,59,,n/e,n/e,n/e,n/e,8,,n/e,n/e,n/e,n/e,n/e,n/e,n/e,n/e,n/e,n/e,n/e,n/e,1029,,n/e,n/e,n/e,n/e,n/e,n/e,0,,n/e,n/e,3,,n/e,n/e,n/e,n/e,33,
17:00 - 18:00,60,,n/e,n/e,n/e,n/e,8,,n/e,n/e,n/e,n/e,n/e,n/e,n/e,n/e,n/e,n/e,n/e,n/e,1044,,n/e,n/e,n/e,n/e,n/e,n/e,0,,n/e,n/e,0,,n/e,n/e,n/e,n/e,46,
18:00 - 19:00,58,,n/e,n/e,n/e,n/e,8,,n/e,n/e,n/e,n/e,n/e,n/e,n/e,n/e,n/e,n/e,n/e,n/e,1010,,n/e,n/e,n/e,n/e,n/e,n/e,0,,n/e,n/e,0,,n/e,n/e,n/e,n/e,43,
19:00 - 20:00,56,,n/e,n/e,n/e,n/e,4,,n/e,n/e,n/e,n/e,n/e,n/e,n/e,n/e,n/e,n/e,n/e,n/e,816,,n/e,n/e,n/e,n/e,n/e,n/e,0,,n/e,n/e,0,,n/e,n/e,n/e,n/e,37,
20:00 - 21:00,56,,n/e,n/e,n/e,n/e,2,,n/e,n/e,n/e,n/e,n/e,n/e,n/e,n/e,n/e,n/e,n/e,n/e,810,,n/e,n/e,n/e,n/e,n/e,n/e,0,,n/e,n/e,0,,n/e,n/e,n/e,n/e,44,
21:00 - 22:00,54,,n/e,n/e,n/e,n/e,0,,n/e,n/e,n/e,n/e,n/e,n/e,n/e,n/e,n/e,n/e,n/e,n/e,792,,n/e,n/e,n/e,n/e,n/e,n/e,0,,n/e,n/e,0,,n/e,n/e,n/e,n/e,43,
22:00 - 23:00,52,,n/e,n/e,n/e,n/e,0,,n/e,n/e,n/e,n/e,n/e,n/e,n/e,n/e,n/e,n/e,n/e,n/e,824,,n/e,n/e,n/e,n/e,n/e,n/e,0,,n/e,n/e,0,,n/e,n/e,n/e,n/e,42,
23:00 - 00:00,53,,n/e,n/e,n/e,n/e,0,,n/e,n/e,n/e,n/e,n/e,n/e,n/e,n/e,n/e,n/e,n/e,n/e,758,,n/e,n/e,n/e,n/e,n/e,n/e,0,,n/e,n/e,0,,n/e,n/e,n/e,n/e,44,
00:00 - 01:00,55,,n/e,n/e,n/e,n/e,0,,n/e,n/e,n/e,n/e,n/e,n/e,n/e,n/e,n/e,n/e,n/e,n/e,749,,n/e,n/e,n/e,n/e,n/e,n/e,0,,n/e,n/e,0,,n/e,n/e,n/e,n/e,46,
01:00 - 02:00,55,,n/e,n/e,n/e,n/e,0,,n/e,n/e,n/e,n/e,n/e,n/e,n/e,n/e,n/e,n/e,n/e,n/e,793,,n/e,n/e,n/e,n/e,n/e,n/e,0,,n/e,n/e,0,,n/e,n/e,n/e,n/e,40,
02:00 - 03:00,54,,n/e,n/e,n/e,n/e,1,,n/e,n/e,n/e,n/e,n/e,n/e,n/e,n/e,n/e,n/e,n/e,n/e,795,,n/e,n/e,n/e,n/e,n/e,n/e,0,,n/e,n/e,0,,n/e,n/e,n/e,n/e,40,
03:00 - 04:00,55,,n/e,n/e,n/e,n/e,2,,n/e,n/e,n/e,n/e,n/e,n/e,n/e,n/e,n/e,n/e,n/e,n/e,920,,n/e,n/e,n/e,n/e,n/e,n/e,0,,n/e,n/e,0,,n/e,n/e,n/e,n/e,41,
04:00 - 05:00,57,,n/e,n/e,n/e,n/e,2,,n/e,n/e,n/e,n/e,n/e,n/e,n/e,n/e,n/e,n/e,n/e,n/e,1023,,n/e,n/e,n/e,n/e,n/e,n/e,0,,n/e,n/e,2,,n/e,n/e,n/e,n/e,37,
05:00 - 06:00,59,,n/e,n/e,n/e,n/e,2,,n/e,n/e,n/e,n/e,n/e,n/e,n/e,n/e,n/e,n/e,n/e,n/e,1007,,n/e,n/e,n/e,n/e,n/e,n/e,0,,n/e,n/e,6,,n/e,n/e,n/e,n/e,37,
06:00 - 07:00,58,,n/e,n/e,n/e,n/e,2,,n/e,n/e,n/e,n/e,n/e,n/e,n/e,n/e,n/e,n/e,n/e,n/e,1001,,n/e,n/e,n/e,n/e,n/e,n/e,0,,n/e,n/e,11,,n/e,n/e,n/e,n/e,40,
07:00 - 08:00,56,,n/e,n/e,n/e,n/e,2,,n/e,n/e,n/e,n/e,n/e,n/e,n/e,n/e,n/e,n/e,n/e,n/e,1001,,n/e,n/e,n/e,n/e,n/e,n/e,0,,n/e,n/e,15,,n/e,n/e,n/e,n/e,50,
08:00 - 09:00,53,,n/e,n/e,n/e,n/e,2,,n/e,n/e,n/e,n/e,n/e,n/e,n/e,n/e,n/e,n/e,n/e,n/e,1007,,n/e,n/e,n/e,n/e,n/e,n/e,0,,n/e,n/e,16,,n/e,n/e,n/e,n/e,53,
09:00 - 10:00,50,,n/e,n/e,n/e,n/e,0,,n/e,n/e,n/e,n/e,n/e,n/e,n/e,n/e,n/e,n/e,n/e,n/e,1015,,n/e,n/e,n/e,n/e,n/e,n/e,0,,n/e,n/e,22,,n/e,n/e,n/e,n/e,86,
10:00 - 11:00,49,,n/e,n/e,n/e,n/e,0,,n/e,n/e,n/e,n/e,n/e,n/e,n/e,n/e,n/e,n/e,n/e,n/e,1015,,n/e,n/e,n/e,n/e,n/e,n/e,0,,n/e,n/e,30,,n/e,n/e,n/e,n/e,104,
11:00 - 12:00,48,,n/e,n/e,n/e,n/e,0,,n/e,n/e,n/e,n/e,n/e,n/e,n/e,n/e,n/e,n/e,n/e,n/e,1011,,n/e,n/e,n/e,n/e,n/e,n/e,0,,n/e,n/e,25,,n/e,n/e,n/e,n/e,106,
12:00 - 13:00,47,,n/e,n/e,n/e,n/e,0,,n/e,n/e,n/e,n/e,n/e,n/e,n/e,n/e,n/e,n/e,n/e,n/e,1096,,n/e,n/e,n/e,n/e,n/e,n/e,0,,n/e,n/e,20,,n/e,n/e,n/e,n/e,104,
13:00 - 14:00,47,,n/e,n/e,n/e,n/e,0,,n/e,n/e,n/e,n/e,n/e,n/e,n/e,n/e,n/e,n/e,n/e,n/e,1129,,n/e,n/e,n/e,n/e,n/e,n/e,0,,n/e,n/e,15,,n/e,n/e,n/e,n/e,98,
14:00 - 15:00,48,,n/e,n/e,n/e,n/e,0,,n/e,n/e,n/e,n/e,n/e,n/e,n/e,n/e,n/e,n/e,n/e,n/e,1122,,n/e,n/e,n/e,n/e,n/e,n/e,0,,n/e,n/e,10,,n/e,n/e,n/e,n/e,90,
15:00 - 16:00,53,,n/e,n/e,n/e,n/e,2,,n/e,n/e,n/e,n/e,n/e,n/e,n/e,n/e,n/e,n/e,n/e,n/e,1120,,n/e,n/e,n/e,n/e,n/e,n/e,0,,n/e,n/e,5,,n/e,n/e,n/e,n/e,69,
16:00 - 17:00,57,,n/e,n/e,n/e,n/e,2,,n/e,n/e,n/e,n/e,n/e,n/e,n/e,n/e,n/e,n/e,n/e,n/e,1122,,n/e,n/e,n/e,n/e,n/e,n/e,0,,n/e,n/e,1,,n/e,n/e,n/e,n/e,41,
17:00 - 18:00,57,,n/e,n/e,n/e,n/e,2,,n/e,n/e,n/e,n/e,n/e,n/e,n/e,n/e,n/e,n/e,n/e,n/e,1110,,n/e,n/e,n/e,n/e,n/e,n/e,0,,n/e,n/e,0,,n/e,n/e,n/e,n/e,25,
18:00 - 19:00,57,,n/e,n/e,n/e,n/e,2,,n/e,n/e,n/e,n/e,n/e,n/e,n/e,n/e,n/e,n/e,n/e,n/e,1105,,n/e,n/e,n/e,n/e,n/e,n/e,0,,n/e,n/e,0,,n/e,n/e,n/e,n/e,17,
19:00 - 20:00,54,,n/e,n/e,n/e,n/e,2,,n/e,n/e,n/e,n/e,n/e,n/e,n/e,n/e,n/e,n/e,n/e,n/e,1070,,n/e,n/e,n/e,n/e,n/e,n/e,0,,n/e,n/e,0,,n/e,n/e,n/e,n/e,11,
20:00 - 21:00,52,,n/e,n/e,n/e,n/e,2,,n/e,n/e,n/e,n/e,n/e,n/e,n/e,n/e,n/e,n/e,n/e,n/e,973,,n/e,n/e,n/e,n/e,n/e,n/e,0,,n/e,n/e,0,,n/e,n/e,n/e,n/e,10,
21:00 - 22:00,50,,n/e,n/e,n/e,n/e,0,,n/e,n/e,n/e,n/e,n/e,n/e,n/e,n/e,n/e,n/e,n/e,n/e,902,,n/e,n/e,n/e,n/e,n/e,n/e,0,,n/e,n/e,0,,n/e,n/e,n/e,n/e,12,
22:00 - 23:00,51,,n/e,n/e,n/e,n/e,0,,n/e,n/e,n/e,n/e,n/e,n/e,n/e,n/e,n/e,n/e,n/e,n/e,896,,n/e,n/e,n/e,n/e,n/e,n/e,0,,n/e,n/e,0,,n/e,n/e,n/e,n/e,13,
23:00 - 00:00,52,,n/e,n/e,n/e,n/e,0,,n/e,n/e,n/e,n/e,n/e,n/e,n/e,n/e,n/e,n/e,n/e,n/e,896,,n/e,n/e,n/e,n/e,n/e,n/e,0,,n/e,n/e,0,,n/e,n/e,n/e,n/e,13,
00:00 - 01:00,52,,n/e,n/e,n/e,n/e,0,,n/e,n/e,n/e,n/e,n/e,n/e,n/e,n/e,n/e,n/e,n/e,n/e,896,,n/e,n/e,n/e,n/e,n/e,n/e,0,,n/e,n/e,0,,n/e,n/e,n/e,n/e,22,
01:00 - 02:00,52,,n/e,n/e,n/e,n/e,0,,n/e,n/e,n/e,n/e,n/e,n/e,n/e,n/e,n/e,n/e,n/e,n/e,896,,n/e,n/e,n/e,n/e,n/e,n/e,0,,n/e,n/e,0,,n/e,n/e,n/e,n/e,23,
02:00 - 03:00,52,,n/e,n/e,n/e,n/e,0,,n/e,n/e,n/e,n/e,n/e,n/e,n/e,n/e,n/e,n/e,n/e,n/e,902,,n/e,n/e,n/e,n/e,n/e,n/e,0,,n/e,n/e,0,,n/e,n/e,n/e,n/e,27,
03:00 - 04:00,52,,n/e,n/e,n/e,n/e,0,,n/e,n/e,n/e,n/e,n/e,n/e,n/e,n/e,n/e,n/e,n/e,n/e,904,,n/e,n/e,n/e,n/e,n/e,n/e,0,,n/e,n/e,0,,n/e,n/e,n/e,n/e,22,
04:00 - 05:00,53,,n/e,n/e,n/e,n/e,0,,n/e,n/e,n/e,n/e,n/e,n/e,n/e,n/e,n/e,n/e,n/e,n/e,922,,n/e,n/e,n/e,n/e,n/e,n/e,0,,n/e,n/e,2,,n/e,n/e,n/e,n/e,16,
05:00 - 06:00,54,,n/e,n/e,n/e,n/e,0,,n/e,n/e,n/e,n/e,n/e,n/e,n/e,n/e,n/e,n/e,n/e,n/e,905,,n/e,n/e,n/e,n/e,n/e,n/e,0,,n/e,n/e,6,,n/e,n/e,n/e,n/e,10,
06:00 - 07:00,53,,n/e,n/e,n/e,n/e,0,,n/e,n/e,n/e,n/e,n/e,n/e,n/e,n/e,n/e,n/e,n/e,n/e,966,,n/e,n/e,n/e,n/e,n/e,n/e,0,,n/e,n/e,12,,n/e,n/e,n/e,n/e,13,
07:00 - 08:00,55,,n/e,n/e,n/e,n/e,0,,n/e,n/e,n/e,n/e,n/e,n/e,n/e,n/e,n/e,n/e,n/e,n/e,1019,,n/e,n/e,n/e,n/e,n/e,n/e,0,,n/e,n/e,23,,n/e,n/e,n/e,n/e,14,
08:00 - 09:00,56,,n/e,n/e,n/e,n/e,0,,n/e,n/e,n/e,n/e,n/e,n/e,n/e,n/e,n/e,n/e,n/e,n/e,1090,,n/e,n/e,n/e,n/e,n/e,n/e,0,,n/e,n/e,27,,n/e,n/e,n/e,n/e,6,
09:00 - 10:00,55,,n/e,n/e,n/e,n/e,0,,n/e,n/e,n/e,n/e,n/e,n/e,n/e,n/e,n/e,n/e,n/e,n/e,1112,,n/e,n/e,n/e,n/e,n/e,n/e,0,,n/e,n/e,32,,n/e,n/e,n/e,n/e,7,
10:00 - 11:00,53,,n/e,n/e,n/e,n/e,0,,n/e,n/e,n/e,n/e,n/e,n/e,n/e,n/e,n/e,n/e,n/e,n/e,1112,,n/e,n/e,n/e,n/e,n/e,n/e,0,,n/e,n/e,43,,n/e,n/e,n/e,n/e,6,
11:00 - 12:00,53,,n/e,n/e,n/e,n/e,0,,n/e,n/e,n/e,n/e,n/e,n/e,n/e,n/e,n/e,n/e,n/e,n/e,1112,,n/e,n/e,n/e,n/e,n/e,n/e,0,,n/e,n/e,38,,n/e,n/e,n/e,n/e,7,
12:00 - 13:00,52,,n/e,n/e,n/e,n/e,0,,n/e,n/e,n/e,n/e,n/e,n/e,n/e,n/e,n/e,n/e,n/e,n/e,1063,,n/e,n/e,n/e,n/e,n/e,n/e,0,,n/e,n/e,27,,n/e,n/e,n/e,n/e,9,
13:00 - 14:00,54,,n/e,n/e,n/e,n/e,0,,n/e,n/e,n/e,n/e,n/e,n/e,n/e,n/e,n/e,n/e,n/e,n/e,1343,,n/e,n/e,n/e,n/e,n/e,n/e,0,,n/e,n/e,18,,n/e,n/e,n/e,n/e,24,
14:00 - 15:00,57,,n/e,n/e,n/e,n/e,0,,n/e,n/e,n/e,n/e,n/e,n/e,n/e,n/e,n/e,n/e,n/e,n/e,1366,,n/e,n/e,n/e,n/e,n/e,n/e,0,,n/e,n/e,13,,n/e,n/e,n/e,n/e,20,
15:00 - 16:00,61,,n/e,n/e,n/e,n/e,7,,n/e,n/e,n/e,n/e,n/e,n/e,n/e,n/e,n/e,n/e,n/e,n/e,1366,,n/e,n/e,n/e,n/e,n/e,n/e,0,,n/e,n/e,7,,n/e,n/e,n/e,n/e,4,
16:00 - 17:00,63,,n/e,n/e,n/e,n/e,8,,n/e,n/e,n/e,n/e,n/e,n/e,n/e,n/e,n/e,n/e,n/e,n/e,1360,,n/e,n/e,n/e,n/e,n/e,n/e,0,,n/e,n/e,2,,n/e,n/e,n/e,n/e,3,
17:00 - 18:00,66,,n/e,n/e,n/e,n/e,8,,n/e,n/e,n/e,n/e,n/e,n/e,n/e,n/e,n/e,n/e,n/e,n/e,1346,,n/e,n/e,n/e,n/e,n/e,n/e,0,,n/e,n/e,0,,n/e,n/e,n/e,n/e,2,
18:00 - 19:00,67,,n/e,n/e,n/e,n/e,8,,n/e,n/e,n/e,n/e,n/e,n/e,n/e,n/e,n/e,n/e,n/e,n/e,1267,,n/e,n/e,n/e,n/e,n/e,n/e,0,,n/e,n/e,0,,n/e,n/e,n/e,n/e,1,
19:00 - 20:00,66,,n/e,n/e,n/e,n/e,8,,n/e,n/e,n/e,n/e,n/e,n/e,n/e,n/e,n/e,n/e,n/e,n/e,1268,,n/e,n/e,n/e,n/e,n/e,n/e,0,,n/e,n/e,0,,n/e,n/e,n/e,n/e,0,
20:00 - 21:00,61,,n/e,n/e,n/e,n/e,2,,n/e,n/e,n/e,n/e,n/e,n/e,n/e,n/e,n/e,n/e,n/e,n/e,1272,,n/e,n/e,n/e,n/e,n/e,n/e,0,,n/e,n/e,0,,n/e,n/e,n/e,n/e,0,
21:00 - 22:00,56,,n/e,n/e,n/e,n/e,0,,n/e,n/e,n/e,n/e,n/e,n/e,n/e,n/e,n/e,n/e,n/e,n/e,1264,,n/e,n/e,n/e,n/e,n/e,n/e,0,,n/e,n/e,0,,n/e,n/e,n/e,n/e,0,
22:00 - 23:00,46,,n/e,n/e,n/e,n/e,0,,n/e,n/e,n/e,n/e,n/e,n/e,n/e,n/e,n/e,n/e,n/e,n/e,1169,,n/e,n/e,n/e,n/e,n/e,n/e,0,,n/e,n/e,0,,n/e,n/e,n/e,n/e,0,
23:00 - 00:00,44,,n/e,n/e,n/e,n/e,0,,n/e,n/e,n/e,n/e,n/e,n/e,n/e,n/e,n/e,n/e,n/e,n/e,897,,n/e,n/e,n/e,n/e,n/e,n/e,0,,n/e,n/e,0,,n/e,n/e,n/e,n/e,0,
00:00 - 01:00,43,,n/e,n/e,n/e,n/e,0,,n/e,n/e,n/e,n/e,n/e,n/e,n/e,n/e,n/e,n/e,n/e,n/e,788,,n/e,n/e,n/e,n/e,n/e,n/e,0,,n/e,n/e,0,,n/e,n/e,n/e,n/e,1,
01:00 - 02:00,42,,n/e,n/e,n/e,n/e,0,,n/e,n/e,n/e,n/e,n/e,n/e,n/e,n/e,n/e,n/e,n/e,n/e,875,,n/e,n/e,n/e,n/e,n/e,n/e,0,,n/e,n/e,0,,n/e,n/e,n/e,n/e,6,
02:00 - 03:00,42,,n/e,n/e,n/e,n/e,0,,n/e,n/e,n/e,n/e,n/e,n/e,n/e,n/e,n/e,n/e,n/e,n/e,799,,n/e,n/e,n/e,n/e,n/e,n/e,0,,n/e,n/e,0,,n/e,n/e,n/e,n/e,15,
03:00 - 04:00,43,,n/e,n/e,n/e,n/e,0,,n/e,n/e,n/e,n/e,n/e,n/e,n/e,n/e,n/e,n/e,n/e,n/e,586,,n/e,n/e,n/e,n/e,n/e,n/e,0,,n/e,n/e,0,,n/e,n/e,n/e,n/e,19,
04:00 - 05:00,42,,n/e,n/e,n/e,n/e,0,,n/e,n/e,n/e,n/e,n/e,n/e,n/e,n/e,n/e,n/e,n/e,n/e,652,,n/e,n/e,n/e,n/e,n/e,n/e,0,,n/e,n/e,4,,n/e,n/e,n/e,n/e,15,
05:00 - 06:00,40,,n/e,n/e,n/e,n/e,0,,n/e,n/e,n/e,n/e,n/e,n/e,n/e,n/e,n/e,n/e,n/e,n/e,603,,n/e,n/e,n/e,n/e,n/e,n/e,0,,n/e,n/e,13,,n/e,n/e,n/e,n/e,18,
06:00 - 07:00,40,,n/e,n/e,n/e,n/e,0,,n/e,n/e,n/e,n/e,n/e,n/e,n/e,n/e,n/e,n/e,n/e,n/e,753,,n/e,n/e,n/e,n/e,n/e,n/e,0,,n/e,n/e,20,,n/e,n/e,n/e,n/e,27,
07:00 - 08:00,40,,n/e,n/e,n/e,n/e,0,,n/e,n/e,n/e,n/e,n/e,n/e,n/e,n/e,n/e,n/e,n/e,n/e,605,,n/e,n/e,n/e,n/e,n/e,n/e,0,,n/e,n/e,33,,n/e,n/e,n/e,n/e,26,
08:00 - 09:00,41,,n/e,n/e,n/e,n/e,0,,n/e,n/e,n/e,n/e,n/e,n/e,n/e,n/e,n/e,n/e,n/e,n/e,372,,n/e,n/e,n/e,n/e,n/e,n/e,0,,n/e,n/e,51,,n/e,n/e,n/e,n/e,25,
09:00 - 10:00,41,,n/e,n/e,n/e,n/e,0,,n/e,n/e,n/e,n/e,n/e,n/e,n/e,n/e,n/e,n/e,n/e,n/e,400,,n/e,n/e,n/e,n/e,n/e,n/e,0,,n/e,n/e,72,,n/e,n/e,n/e,n/e,24,
10:00 - 11:00,43,,n/e,n/e,n/e,n/e,0,,n/e,n/e,n/e,n/e,n/e,n/e,n/e,n/e,n/e,n/e,n/e,n/e,386,,n/e,n/e,n/e,n/e,n/e,n/e,0,,n/e,n/e,76,,n/e,n/e,n/e,n/e,28,
11:00 - 12:00,39,,n/e,n/e,n/e,n/e,0,,n/e,n/e,n/e,n/e,n/e,n/e,n/e,n/e,n/e,n/e,n/e,n/e,357,,n/e,n/e,n/e,n/e,n/e,n/e,0,,n/e,n/e,74,,n/e,n/e,n/e,n/e,31,
12:00 - 13:00,37,,n/e,n/e,n/e,n/e,0,,n/e,n/e,n/e,n/e,n/e,n/e,n/e,n/e,n/e,n/e,n/e,n/e,411,,n/e,n/e,n/e,n/e,n/e,n/e,0,,n/e,n/e,46,,n/e,n/e,n/e,n/e,33,
13:00 - 14:00,36,,n/e,n/e,n/e,n/e,0,,n/e,n/e,n/e,n/e,n/e,n/e,n/e,n/e,n/e,n/e,n/e,n/e,446,,n/e,n/e,n/e,n/e,n/e,n/e,0,,n/e,n/e,32,,n/e,n/e,n/e,n/e,34,
14:00 - 15:00,36,,n/e,n/e,n/e,n/e,0,,n/e,n/e,n/e,n/e,n/e,n/e,n/e,n/e,n/e,n/e,n/e,n/e,502,,n/e,n/e,n/e,n/e,n/e,n/e,0,,n/e,n/e,21,,n/e,n/e,n/e,n/e,109,
15:00 - 16:00,35,,n/e,n/e,n/e,n/e,0,,n/e,n/e,n/e,n/e,n/e,n/e,n/e,n/e,n/e,n/e,n/e,n/e,1097,,n/e,n/e,n/e,n/e,n/e,n/e,0,,n/e,n/e,12,,n/e,n/e,n/e,n/e,96,
16:00 - 17:00,36,,n/e,n/e,n/e,n/e,0,,n/e,n/e,n/e,n/e,n/e,n/e,n/e,n/e,n/e,n/e,n/e,n/e,1162,,n/e,n/e,n/e,n/e,n/e,n/e,0,,n/e,n/e,3,,n/e,n/e,n/e,n/e,41,
17:00 - 18:00,38,,n/e,n/e,n/e,n/e,0,,n/e,n/e,n/e,n/e,n/e,n/e,n/e,n/e,n/e,n/e,n/e,n/e,1167,,n/e,n/e,n/e,n/e,n/e,n/e,0,,n/e,n/e,0,,n/e,n/e,n/e,n/e,13,
18:00 - 19:00,37,,n/e,n/e,n/e,n/e,0,,n/e,n/e,n/e,n/e,n/e,n/e,n/e,n/e,n/e,n/e,n/e,n/e,1166,,n/e,n/e,n/e,n/e,n/e,n/e,0,,n/e,n/e,0,,n/e,n/e,n/e,n/e,16,
19:00 - 20:00,38,,n/e,n/e,n/e,n/e,0,,n/e,n/e,n/e,n/e,n/e,n/e,n/e,n/e,n/e,n/e,n/e,n/e,1165,,n/e,n/e,n/e,n/e,n/e,n/e,0,,n/e,n/e,0,,n/e,n/e,n/e,n/e,28,
20:00 - 21:00,38,,n/e,n/e,n/e,n/e,0,,n/e,n/e,n/e,n/e,n/e,n/e,n/e,n/e,n/e,n/e,n/e,n/e,1106,,n/e,n/e,n/e,n/e,n/e,n/e,0,,n/e,n/e,0,,n/e,n/e,n/e,n/e,30,
21:00 - 22:00,38,,n/e,n/e,n/e,n/e,0,,n/e,n/e,n/e,n/e,n/e,n/e,n/e,n/e,n/e,n/e,n/e,n/e,1018,,n/e,n/e,n/e,n/e,n/e,n/e,0,,n/e,n/e,0,,n/e,n/e,n/e,n/e,33,
22:00 - 23:00,37,,n/e,n/e,n/e,n/e,0,,n/e,n/e,n/e,n/e,n/e,n/e,n/e,n/e,n/e,n/e,n/e,n/e,931,,n/e,n/e,n/e,n/e,n/e,n/e,0,,n/e,n/e,0,,n/e,n/e,n/e,n/e,16,
23:00 - 00:00,37,,n/e,n/e,n/e,n/e,0,,n/e,n/e,n/e,n/e,n/e,n/e,n/e,n/e,n/e,n/e,n/e,n/e,951,,n/e,n/e,n/e,n/e,n/e,n/e,0,,n/e,n/e,0,,n/e,n/e,n/e,n/e,14,
00:00 - 01:00,39,,n/e,n/e,n/e,n/e,0,,n/e,n/e,n/e,n/e,n/e,n/e,n/e,n/e,n/e,n/e,n/e,n/e,952,,n/e,n/e,n/e,n/e,n/e,n/e,0,,n/e,n/e,0,,n/e,n/e,n/e,n/e,10,
01:00 - 02:00,40,,n/e,n/e,n/e,n/e,0,,n/e,n/e,n/e,n/e,n/e,n/e,n/e,n/e,n/e,n/e,n/e,n/e,954,,n/e,n/e,n/e,n/e,n/e,n/e,0,,n/e,n/e,0,,n/e,n/e,n/e,n/e,6,
02:00 - 03:00,43,,n/e,n/e,n/e,n/e,1,,n/e,n/e,n/e,n/e,n/e,n/e,n/e,n/e,n/e,n/e,n/e,n/e,985,,n/e,n/e,n/e,n/e,n/e,n/e,0,,n/e,n/e,0,,n/e,n/e,n/e,n/e,12,
03:00 - 04:00,49,,n/e,n/e,n/e,n/e,2,,n/e,n/e,n/e,n/e,n/e,n/e,n/e,n/e,n/e,n/e,n/e,n/e,1004,,n/e,n/e,n/e,n/e,n/e,n/e,0,,n/e,n/e,0,,n/e,n/e,n/e,n/e,14,
04:00 - 05:00,53,,n/e,n/e,n/e,n/e,5,,n/e,n/e,n/e,n/e,n/e,n/e,n/e,n/e,n/e,n/e,n/e,n/e,1097,,n/e,n/e,n/e,n/e,n/e,n/e,0,,n/e,n/e,4,,n/e,n/e,n/e,n/e,18,
05:00 - 06:00,56,,n/e,n/e,n/e,n/e,5,,n/e,n/e,n/e,n/e,n/e,n/e,n/e,n/e,n/e,n/e,n/e,n/e,1075,,n/e,n/e,n/e,n/e,n/e,n/e,0,,n/e,n/e,11,,n/e,n/e,n/e,n/e,19,
06:00 - 07:00,55,,n/e,n/e,n/e,n/e,6,,n/e,n/e,n/e,n/e,n/e,n/e,n/e,n/e,n/e,n/e,n/e,n/e,1126,,n/e,n/e,n/e,n/e,n/e,n/e,0,,n/e,n/e,17,,n/e,n/e,n/e,n/e,25,
07:00 - 08:00,53,,n/e,n/e,n/e,n/e,6,,n/e,n/e,n/e,n/e,n/e,n/e,n/e,n/e,n/e,n/e,n/e,n/e,1060,,n/e,n/e,n/e,n/e,n/e,n/e,0,,n/e,n/e,25,,n/e,n/e,n/e,n/e,19,
08:00 - 09:00,51,,n/e,n/e,n/e,n/e,4,,n/e,n/e,n/e,n/e,n/e,n/e,n/e,n/e,n/e,n/e,n/e,n/e,1043,,n/e,n/e,n/e,n/e,n/e,n/e,0,,n/e,n/e,37,,n/e,n/e,n/e,n/e,15,
09:00 - 10:00,52,,n/e,n/e,n/e,n/e,1,,n/e,n/e,n/e,n/e,n/e,n/e,n/e,n/e,n/e,n/e,n/e,n/e,1042,,n/e,n/e,n/e,n/e,n/e,n/e,0,,n/e,n/e,48,,n/e,n/e,n/e,n/e,7,
10:00 - 11:00,52,,n/e,n/e,n/e,n/e,1,,n/e,n/e,n/e,n/e,n/e,n/e,n/e,n/e,n/e,n/e,n/e,n/e,1058,,n/e,n/e,n/e,n/e,n/e,n/e,0,,n/e,n/e,53,,n/e,n/e,n/e,n/e,7,
11:00 - 12:00,52,,n/e,n/e,n/e,n/e,1,,n/e,n/e,n/e,n/e,n/e,n/e,n/e,n/e,n/e,n/e,n/e,n/e,1152,,n/e,n/e,n/e,n/e,n/e,n/e,0,,n/e,n/e,47,,n/e,n/e,n/e,n/e,13,
12:00 - 13:00,51,,n/e,n/e,n/e,n/e,7,,n/e,n/e,n/e,n/e,n/e,n/e,n/e,n/e,n/e,n/e,n/e,n/e,1160,,n/e,n/e,n/e,n/e,n/e,n/e,0,,n/e,n/e,34,,n/e,n/e,n/e,n/e,5,
13:00 - 14:00,50,,n/e,n/e,n/e,n/e,7,,n/e,n/e,n/e,n/e,n/e,n/e,n/e,n/e,n/e,n/e,n/e,n/e,1130,,n/e,n/e,n/e,n/e,n/e,n/e,0,,n/e,n/e,29,,n/e,n/e,n/e,n/e,1,
14:00 - 15:00,51,,n/e,n/e,n/e,n/e,5,,n/e,n/e,n/e,n/e,n/e,n/e,n/e,n/e,n/e,n/e,n/e,n/e,1100,,n/e,n/e,n/e,n/e,n/e,n/e,0,,n/e,n/e,19,,n/e,n/e,n/e,n/e,1,
15:00 - 16:00,57,,n/e,n/e,n/e,n/e,7,,n/e,n/e,n/e,n/e,n/e,n/e,n/e,n/e,n/e,n/e,n/e,n/e,1098,,n/e,n/e,n/e,n/e,n/e,n/e,0,,n/e,n/e,9,,n/e,n/e,n/e,n/e,3,
16:00 - 17:00,62,,n/e,n/e,n/e,n/e,9,,n/e,n/e,n/e,n/e,n/e,n/e,n/e,n/e,n/e,n/e,n/e,n/e,1150,,n/e,n/e,n/e,n/e,n/e,n/e,0,,n/e,n/e,3,,n/e,n/e,n/e,n/e,9,
17:00 - 18:00,64,,n/e,n/e,n/e,n/e,14,,n/e,n/e,n/e,n/e,n/e,n/e,n/e,n/e,n/e,n/e,n/e,n/e,1272,,n/e,n/e,n/e,n/e,n/e,n/e,0,,n/e,n/e,0,,n/e,n/e,n/e,n/e,16,
18:00 - 19:00,64,,n/e,n/e,n/e,n/e,14,,n/e,n/e,n/e,n/e,n/e,n/e,n/e,n/e,n/e,n/e,n/e,n/e,1281,,n/e,n/e,n/e,n/e,n/e,n/e,0,,n/e,n/e,0,,n/e,n/e,n/e,n/e,23,
19:00 - 20:00,62,,n/e,n/e,n/e,n/e,7,,n/e,n/e,n/e,n/e,n/e,n/e,n/e,n/e,n/e,n/e,n/e,n/e,1086,,n/e,n/e,n/e,n/e,n/e,n/e,0,,n/e,n/e,0,,n/e,n/e,n/e,n/e,28,
20:00 - 21:00,57,,n/e,n/e,n/e,n/e,2,,n/e,n/e,n/e,n/e,n/e,n/e,n/e,n/e,n/e,n/e,n/e,n/e,990,,n/e,n/e,n/e,n/e,n/e,n/e,0,,n/e,n/e,0,,n/e,n/e,n/e,n/e,35,
21:00 - 22:00,53,,n/e,n/e,n/e,n/e,2,,n/e,n/e,n/e,n/e,n/e,n/e,n/e,n/e,n/e,n/e,n/e,n/e,1002,,n/e,n/e,n/e,n/e,n/e,n/e,0,,n/e,n/e,0,,n/e,n/e,n/e,n/e,20,
22:00 - 23:00,49,,n/e,n/e,n/e,n/e,2,,n/e,n/e,n/e,n/e,n/e,n/e,n/e,n/e,n/e,n/e,n/e,n/e,1042,,n/e,n/e,n/e,n/e,n/e,n/e,0,,n/e,n/e,0,,n/e,n/e,n/e,n/e,8,
23:00 - 00:00,47,,n/e,n/e,n/e,n/e,2,,n/e,n/e,n/e,n/e,n/e,n/e,n/e,n/e,n/e,n/e,n/e,n/e,1031,,n/e,n/e,n/e,n/e,n/e,n/e,0,,n/e,n/e,0,,n/e,n/e,n/e,n/e,9,
00:00 - 01:00,46,,n/e,n/e,n/e,n/e,2,,n/e,n/e,n/e,n/e,n/e,n/e,n/e,n/e,n/e,n/e,n/e,n/e,1074,,n/e,n/e,n/e,n/e,n/e,n/e,0,,n/e,n/e,0,,n/e,n/e,n/e,n/e,7,
01:00 - 02:00,46,,n/e,n/e,n/e,n/e,2,,n/e,n/e,n/e,n/e,n/e,n/e,n/e,n/e,n/e,n/e,n/e,n/e,1078,,n/e,n/e,n/e,n/e,n/e,n/e,0,,n/e,n/e,0,,n/e,n/e,n/e,n/e,6,
02:00 - 03:00,46,,n/e,n/e,n/e,n/e,2,,n/e,n/e,n/e,n/e,n/e,n/e,n/e,n/e,n/e,n/e,n/e,n/e,1078,,n/e,n/e,n/e,n/e,n/e,n/e,0,,n/e,n/e,0,,n/e,n/e,n/e,n/e,5,
03:00 - 04:00,47,,n/e,n/e,n/e,n/e,2,,n/e,n/e,n/e,n/e,n/e,n/e,n/e,n/e,n/e,n/e,n/e,n/e,1080,,n/e,n/e,n/e,n/e,n/e,n/e,0,,n/e,n/e,0,,n/e,n/e,n/e,n/e,3,
04:00 - 05:00,49,,n/e,n/e,n/e,n/e,2,,n/e,n/e,n/e,n/e,n/e,n/e,n/e,n/e,n/e,n/e,n/e,n/e,1115,,n/e,n/e,n/e,n/e,n/e,n/e,0,,n/e,n/e,7,,n/e,n/e,n/e,n/e,2,
05:00 - 06:00,49,,n/e,n/e,n/e,n/e,5,,n/e,n/e,n/e,n/e,n/e,n/e,n/e,n/e,n/e,n/e,n/e,n/e,1113,,n/e,n/e,n/e,n/e,n/e,n/e,0,,n/e,n/e,27,,n/e,n/e,n/e,n/e,0,
06:00 - 07:00,51,,n/e,n/e,n/e,n/e,4,,n/e,n/e,n/e,n/e,n/e,n/e,n/e,n/e,n/e,n/e,n/e,n/e,1072,,n/e,n/e,n/e,n/e,n/e,n/e,0,,n/e,n/e,74,,n/e,n/e,n/e,n/e,0,
07:00 - 08:00,49,,n/e,n/e,n/e,n/e,2,,n/e,n/e,n/e,n/e,n/e,n/e,n/e,n/e,n/e,n/e,n/e,n/e,1070,,n/e,n/e,n/e,n/e,n/e,n/e,0,,n/e,n/e,132,,n/e,n/e,n/e,n/e,0,
08:00 - 09:00,49,,n/e,n/e,n/e,n/e,2,,n/e,n/e,n/e,n/e,n/e,n/e,n/e,n/e,n/e,n/e,n/e,n/e,1071,,n/e,n/e,n/e,n/e,n/e,n/e,0,,n/e,n/e,178,,n/e,n/e,n/e,n/e,2,
09:00 - 10:00,48,,n/e,n/e,n/e,n/e,0,,n/e,n/e,n/e,n/e,n/e,n/e,n/e,n/e,n/e,n/e,n/e,n/e,1070,,n/e,n/e,n/e,n/e,n/e,n/e,0,,n/e,n/e,196,,n/e,n/e,n/e,n/e,2,
10:00 - 11:00,47,,n/e,n/e,n/e,n/e,0,,n/e,n/e,n/e,n/e,n/e,n/e,n/e,n/e,n/e,n/e,n/e,n/e,971,,n/e,n/e,n/e,n/e,n/e,n/e,0,,n/e,n/e,212,,n/e,n/e,n/e,n/e,0,
11:00 - 12:00,46,,n/e,n/e,n/e,n/e,0,,n/e,n/e,n/e,n/e,n/e,n/e,n/e,n/e,n/e,n/e,n/e,n/e,984,,n/e,n/e,n/e,n/e,n/e,n/e,0,,n/e,n/e,212,,n/e,n/e,n/e,n/e,1,
12:00 - 13:00,44,,n/e,n/e,n/e,n/e,0,,n/e,n/e,n/e,n/e,n/e,n/e,n/e,n/e,n/e,n/e,n/e,n/e,967,,n/e,n/e,n/e,n/e,n/e,n/e,0,,n/e,n/e,183,,n/e,n/e,n/e,n/e,1,
13:00 - 14:00,42,,n/e,n/e,n/e,n/e,0,,n/e,n/e,n/e,n/e,n/e,n/e,n/e,n/e,n/e,n/e,n/e,n/e,967,,n/e,n/e,n/e,n/e,n/e,n/e,0,,n/e,n/e,143,,n/e,n/e,n/e,n/e,0,
14:00 - 15:00,42,,n/e,n/e,n/e,n/e,0,,n/e,n/e,n/e,n/e,n/e,n/e,n/e,n/e,n/e,n/e,n/e,n/e,968,,n/e,n/e,n/e,n/e,n/e,n/e,0,,n/e,n/e,85,,n/e,n/e,n/e,n/e,0,
15:00 - 16:00,44,,n/e,n/e,n/e,n/e,1,,n/e,n/e,n/e,n/e,n/e,n/e,n/e,n/e,n/e,n/e,n/e,n/e,1130,,n/e,n/e,n/e,n/e,n/e,n/e,0,,n/e,n/e,35,,n/e,n/e,n/e,n/e,0,
16:00 - 17:00,47,,n/e,n/e,n/e,n/e,6,,n/e,n/e,n/e,n/e,n/e,n/e,n/e,n/e,n/e,n/e,n/e,n/e,1137,,n/e,n/e,n/e,n/e,n/e,n/e,0,,n/e,n/e,7,,n/e,n/e,n/e,n/e,4,
17:00 - 18:00,49,,n/e,n/e,n/e,n/e,6,,n/e,n/e,n/e,n/e,n/e,n/e,n/e,n/e,n/e,n/e,n/e,n/e,1109,,n/e,n/e,n/e,n/e,n/e,n/e,0,,n/e,n/e,0,,n/e,n/e,n/e,n/e,14,
18:00 - 19:00,50,,n/e,n/e,n/e,n/e,6,,n/e,n/e,n/e,n/e,n/e,n/e,n/e,n/e,n/e,n/e,n/e,n/e,1164,,n/e,n/e,n/e,n/e,n/e,n/e,0,,n/e,n/e,0,,n/e,n/e,n/e,n/e,31,
19:00 - 20:00,45,,n/e,n/e,n/e,n/e,1,,n/e,n/e,n/e,n/e,n/e,n/e,n/e,n/e,n/e,n/e,n/e,n/e,1113,,n/e,n/e,n/e,n/e,n/e,n/e,0,,n/e,n/e,0,,n/e,n/e,n/e,n/e,31,
20:00 - 21:00,43,,n/e,n/e,n/e,n/e,0,,n/e,n/e,n/e,n/e,n/e,n/e,n/e,n/e,n/e,n/e,n/e,n/e,995,,n/e,n/e,n/e,n/e,n/e,n/e,0,,n/e,n/e,0,,n/e,n/e,n/e,n/e,33,
21:00 - 22:00,38,,n/e,n/e,n/e,n/e,0,,n/e,n/e,n/e,n/e,n/e,n/e,n/e,n/e,n/e,n/e,n/e,n/e,995,,n/e,n/e,n/e,n/e,n/e,n/e,0,,n/e,n/e,0,,n/e,n/e,n/e,n/e,41,
22:00 - 23:00,37,,n/e,n/e,n/e,n/e,0,,n/e,n/e,n/e,n/e,n/e,n/e,n/e,n/e,n/e,n/e,n/e,n/e,1125,,n/e,n/e,n/e,n/e,n/e,n/e,0,,n/e,n/e,0,,n/e,n/e,n/e,n/e,44,
23:00 - 00:00,36,,n/e,n/e,n/e,n/e,0,,n/e,n/e,n/e,n/e,n/e,n/e,n/e,n/e,n/e,n/e,n/e,n/e,1123,,n/e,n/e,n/e,n/e,n/e,n/e,0,,n/e,n/e,0,,n/e,n/e,n/e,n/e,54,
00:00 - 01:00,36,,n/e,n/e,n/e,n/e,0,,n/e,n/e,n/e,n/e,n/e,n/e,n/e,n/e,n/e,n/e,n/e,n/e,1093,,n/e,n/e,n/e,n/e,n/e,n/e,0,,n/e,n/e,0,,n/e,n/e,n/e,n/e,61,
01:00 - 02:00,35,,n/e,n/e,n/e,n/e,0,,n/e,n/e,n/e,n/e,n/e,n/e,n/e,n/e,n/e,n/e,n/e,n/e,1112,,n/e,n/e,n/e,n/e,n/e,n/e,0,,n/e,n/e,0,,n/e,n/e,n/e,n/e,47,
02:00 - 03:00,37,,n/e,n/e,n/e,n/e,0,,n/e,n/e,n/e,n/e,n/e,n/e,n/e,n/e,n/e,n/e,n/e,n/e,1113,,n/e,n/e,n/e,n/e,n/e,n/e,0,,n/e,n/e,0,,n/e,n/e,n/e,n/e,46,
03:00 - 04:00,39,,n/e,n/e,n/e,n/e,0,,n/e,n/e,n/e,n/e,n/e,n/e,n/e,n/e,n/e,n/e,n/e,n/e,1131,,n/e,n/e,n/e,n/e,n/e,n/e,0,,n/e,n/e,1,,n/e,n/e,n/e,n/e,41,
04:00 - 05:00,47,,n/e,n/e,n/e,n/e,2,,n/e,n/e,n/e,n/e,n/e,n/e,n/e,n/e,n/e,n/e,n/e,n/e,1073,,n/e,n/e,n/e,n/e,n/e,n/e,0,,n/e,n/e,12,,n/e,n/e,n/e,n/e,44,
05:00 - 06:00,49,,n/e,n/e,n/e,n/e,2,,n/e,n/e,n/e,n/e,n/e,n/e,n/e,n/e,n/e,n/e,n/e,n/e,1047,,n/e,n/e,n/e,n/e,n/e,n/e,0,,n/e,n/e,43,,n/e,n/e,n/e,n/e,29,
06:00 - 07:00,49,,n/e,n/e,n/e,n/e,2,,n/e,n/e,n/e,n/e,n/e,n/e,n/e,n/e,n/e,n/e,n/e,n/e,1019,,n/e,n/e,n/e,n/e,n/e,n/e,0,,n/e,n/e,79,,n/e,n/e,n/e,n/e,23,
07:00 - 08:00,48,,n/e,n/e,n/e,n/e,3,,n/e,n/e,n/e,n/e,n/e,n/e,n/e,n/e,n/e,n/e,n/e,n/e,1018,,n/e,n/e,n/e,n/e,n/e,n/e,0,,n/e,n/e,127,,n/e,n/e,n/e,n/e,24,
08:00 - 09:00,38,,n/e,n/e,n/e,n/e,0,,n/e,n/e,n/e,n/e,n/e,n/e,n/e,n/e,n/e,n/e,n/e,n/e,830,,n/e,n/e,n/e,n/e,n/e,n/e,0,,n/e,n/e,136,,n/e,n/e,n/e,n/e,27,
09:00 - 10:00,36,,n/e,n/e,n/e,n/e,0,,n/e,n/e,n/e,n/e,n/e,n/e,n/e,n/e,n/e,n/e,n/e,n/e,652,,n/e,n/e,n/e,n/e,n/e,n/e,0,,n/e,n/e,144,,n/e,n/e,n/e,n/e,48,
10:00 - 11:00,37,,n/e,n/e,n/e,n/e,0,,n/e,n/e,n/e,n/e,n/e,n/e,n/e,n/e,n/e,n/e,n/e,n/e,782,,n/e,n/e,n/e,n/e,n/e,n/e,0,,n/e,n/e,150,,n/e,n/e,n/e,n/e,57,
11:00 - 12:00,36,,n/e,n/e,n/e,n/e,0,,n/e,n/e,n/e,n/e,n/e,n/e,n/e,n/e,n/e,n/e,n/e,n/e,716,,n/e,n/e,n/e,n/e,n/e,n/e,0,,n/e,n/e,141,,n/e,n/e,n/e,n/e,46,
12:00 - 13:00,34,,n/e,n/e,n/e,n/e,0,,n/e,n/e,n/e,n/e,n/e,n/e,n/e,n/e,n/e,n/e,n/e,n/e,798,,n/e,n/e,n/e,n/e,n/e,n/e,0,,n/e,n/e,100,,n/e,n/e,n/e,n/e,66,
13:00 - 14:00,33,,n/e,n/e,n/e,n/e,0,,n/e,n/e,n/e,n/e,n/e,n/e,n/e,n/e,n/e,n/e,n/e,n/e,630,,n/e,n/e,n/e,n/e,n/e,n/e,0,,n/e,n/e,64,,n/e,n/e,n/e,n/e,105,
14:00 - 15:00,33,,n/e,n/e,n/e,n/e,0,,n/e,n/e,n/e,n/e,n/e,n/e,n/e,n/e,n/e,n/e,n/e,n/e,688,,n/e,n/e,n/e,n/e,n/e,n/e,0,,n/e,n/e,36,,n/e,n/e,n/e,n/e,109,
15:00 - 16:00,33,,n/e,n/e,n/e,n/e,0,,n/e,n/e,n/e,n/e,n/e,n/e,n/e,n/e,n/e,n/e,n/e,n/e,722,,n/e,n/e,n/e,n/e,n/e,n/e,0,,n/e,n/e,15,,n/e,n/e,n/e,n/e,107,
16:00 - 17:00,34,,n/e,n/e,n/e,n/e,0,,n/e,n/e,n/e,n/e,n/e,n/e,n/e,n/e,n/e,n/e,n/e,n/e,870,,n/e,n/e,n/e,n/e,n/e,n/e,0,,n/e,n/e,4,,n/e,n/e,n/e,n/e,104,
17:00 - 18:00,35,,n/e,n/e,n/e,n/e,0,,n/e,n/e,n/e,n/e,n/e,n/e,n/e,n/e,n/e,n/e,n/e,n/e,911,,n/e,n/e,n/e,n/e,n/e,n/e,0,,n/e,n/e,0,,n/e,n/e,n/e,n/e,102,
18:00 - 19:00,36,,n/e,n/e,n/e,n/e,0,,n/e,n/e,n/e,n/e,n/e,n/e,n/e,n/e,n/e,n/e,n/e,n/e,869,,n/e,n/e,n/e,n/e,n/e,n/e,0,,n/e,n/e,0,,n/e,n/e,n/e,n/e,98,
19:00 - 20:00,37,,n/e,n/e,n/e,n/e,0,,n/e,n/e,n/e,n/e,n/e,n/e,n/e,n/e,n/e,n/e,n/e,n/e,715,,n/e,n/e,n/e,n/e,n/e,n/e,0,,n/e,n/e,0,,n/e,n/e,n/e,n/e,92,
20:00 - 21:00,37,,n/e,n/e,n/e,n/e,0,,n/e,n/e,n/e,n/e,n/e,n/e,n/e,n/e,n/e,n/e,n/e,n/e,580,,n/e,n/e,n/e,n/e,n/e,n/e,0,,n/e,n/e,0,,n/e,n/e,n/e,n/e,93,
21:00 - 22:00,37,,n/e,n/e,n/e,n/e,0,,n/e,n/e,n/e,n/e,n/e,n/e,n/e,n/e,n/e,n/e,n/e,n/e,656,,n/e,n/e,n/e,n/e,n/e,n/e,0,,n/e,n/e,0,,n/e,n/e,n/e,n/e,98,
22:00 - 23:00,37,,n/e,n/e,n/e,n/e,0,,n/e,n/e,n/e,n/e,n/e,n/e,n/e,n/e,n/e,n/e,n/e,n/e,471,,n/e,n/e,n/e,n/e,n/e,n/e,0,,n/e,n/e,0,,n/e,n/e,n/e,n/e,29,
23:00 - 00:00,37,,n/e,n/e,n/e,n/e,0,,n/e,n/e,n/e,n/e,n/e,n/e,n/e,n/e,n/e,n/e,n/e,n/e,505,,n/e,n/e,n/e,n/e,n/e,n/e,0,,n/e,n/e,0,,n/e,n/e,n/e,n/e,68,
00:00 - 01:00,37,,n/e,n/e,n/e,n/e,0,,n/e,n/e,n/e,n/e,n/e,n/e,n/e,n/e,n/e,n/e,n/e,n/e,555,,n/e,n/e,n/e,n/e,n/e,n/e,0,,n/e,n/e,0,,n/e,n/e,n/e,n/e,64,
01:00 - 02:00,36,,n/e,n/e,n/e,n/e,0,,n/e,n/e,n/e,n/e,n/e,n/e,n/e,n/e,n/e,n/e,n/e,n/e,639,,n/e,n/e,n/e,n/e,n/e,n/e,0,,n/e,n/e,0,,n/e,n/e,n/e,n/e,53,
02:00 - 03:00,35,,n/e,n/e,n/e,n/e,0,,n/e,n/e,n/e,n/e,n/e,n/e,n/e,n/e,n/e,n/e,n/e,n/e,612,,n/e,n/e,n/e,n/e,n/e,n/e,0,,n/e,n/e,0,,n/e,n/e,n/e,n/e,53,
03:00 - 04:00,35,,n/e,n/e,n/e,n/e,0,,n/e,n/e,n/e,n/e,n/e,n/e,n/e,n/e,n/e,n/e,n/e,n/e,964,,n/e,n/e,n/e,n/e,n/e,n/e,0,,n/e,n/e,1,,n/e,n/e,n/e,n/e,63,
04:00 - 05:00,35,,n/e,n/e,n/e,n/e,0,,n/e,n/e,n/e,n/e,n/e,n/e,n/e,n/e,n/e,n/e,n/e,n/e,1154,,n/e,n/e,n/e,n/e,n/e,n/e,0,,n/e,n/e,14,,n/e,n/e,n/e,n/e,69,
05:00 - 06:00,36,,n/e,n/e,n/e,n/e,0,,n/e,n/e,n/e,n/e,n/e,n/e,n/e,n/e,n/e,n/e,n/e,n/e,1244,,n/e,n/e,n/e,n/e,n/e,n/e,0,,n/e,n/e,55,,n/e,n/e,n/e,n/e,65,
06:00 - 07:00,38,,n/e,n/e,n/e,n/e,0,,n/e,n/e,n/e,n/e,n/e,n/e,n/e,n/e,n/e,n/e,n/e,n/e,1241,,n/e,n/e,n/e,n/e,n/e,n/e,0,,n/e,n/e,115,,n/e,n/e,n/e,n/e,71,
07:00 - 08:00,39,,n/e,n/e,n/e,n/e,0,,n/e,n/e,n/e,n/e,n/e,n/e,n/e,n/e,n/e,n/e,n/e,n/e,1295,,n/e,n/e,n/e,n/e,n/e,n/e,0,,n/e,n/e,164,,n/e,n/e,n/e,n/e,78,
08:00 - 09:00,40,,n/e,n/e,n/e,n/e,0,,n/e,n/e,n/e,n/e,n/e,n/e,n/e,n/e,n/e,n/e,n/e,n/e,1287,,n/e,n/e,n/e,n/e,n/e,n/e,0,,n/e,n/e,196,,n/e,n/e,n/e,n/e,89,
09:00 - 10:00,40,,n/e,n/e,n/e,n/e,0,,n/e,n/e,n/e,n/e,n/e,n/e,n/e,n/e,n/e,n/e,n/e,n/e,832,,n/e,n/e,n/e,n/e,n/e,n/e,0,,n/e,n/e,191,,n/e,n/e,n/e,n/e,64,
10:00 - 11:00,40,,n/e,n/e,n/e,n/e,0,,n/e,n/e,n/e,n/e,n/e,n/e,n/e,n/e,n/e,n/e,n/e,n/e,597,,n/e,n/e,n/e,n/e,n/e,n/e,0,,n/e,n/e,173,,n/e,n/e,n/e,n/e,51,
11:00 - 12:00,39,,n/e,n/e,n/e,n/e,0,,n/e,n/e,n/e,n/e,n/e,n/e,n/e,n/e,n/e,n/e,n/e,n/e,673,,n/e,n/e,n/e,n/e,n/e,n/e,0,,n/e,n/e,117,,n/e,n/e,n/e,n/e,107,
12:00 - 13:00,37,,n/e,n/e,n/e,n/e,0,,n/e,n/e,n/e,n/e,n/e,n/e,n/e,n/e,n/e,n/e,n/e,n/e,830,,n/e,n/e,n/e,n/e,n/e,n/e,0,,n/e,n/e,75,,n/e,n/e,n/e,n/e,113,
13:00 - 14:00,37,,n/e,n/e,n/e,n/e,0,,n/e,n/e,n/e,n/e,n/e,n/e,n/e,n/e,n/e,n/e,n/e,n/e,1254,,n/e,n/e,n/e,n/e,n/e,n/e,0,,n/e,n/e,69,,n/e,n/e,n/e,n/e,116,
14:00 - 15:00,36,,n/e,n/e,n/e,n/e,0,,n/e,n/e,n/e,n/e,n/e,n/e,n/e,n/e,n/e,n/e,n/e,n/e,1269,,n/e,n/e,n/e,n/e,n/e,n/e,0,,n/e,n/e,44,,n/e,n/e,n/e,n/e,115,
15:00 - 16:00,36,,n/e,n/e,n/e,n/e,0,,n/e,n/e,n/e,n/e,n/e,n/e,n/e,n/e,n/e,n/e,n/e,n/e,1258,,n/e,n/e,n/e,n/e,n/e,n/e,0,,n/e,n/e,16,,n/e,n/e,n/e,n/e,105,
16:00 - 17:00,37,,n/e,n/e,n/e,n/e,0,,n/e,n/e,n/e,n/e,n/e,n/e,n/e,n/e,n/e,n/e,n/e,n/e,1272,,n/e,n/e,n/e,n/e,n/e,n/e,0,,n/e,n/e,4,,n/e,n/e,n/e,n/e,107,
17:00 - 18:00,36,,n/e,n/e,n/e,n/e,0,,n/e,n/e,n/e,n/e,n/e,n/e,n/e,n/e,n/e,n/e,n/e,n/e,1287,,n/e,n/e,n/e,n/e,n/e,n/e,0,,n/e,n/e,0,,n/e,n/e,n/e,n/e,116,
18:00 - 19:00,36,,n/e,n/e,n/e,n/e,0,,n/e,n/e,n/e,n/e,n/e,n/e,n/e,n/e,n/e,n/e,n/e,n/e,1243,,n/e,n/e,n/e,n/e,n/e,n/e,0,,n/e,n/e,0,,n/e,n/e,n/e,n/e,113,
19:00 - 20:00,36,,n/e,n/e,n/e,n/e,0,,n/e,n/e,n/e,n/e,n/e,n/e,n/e,n/e,n/e,n/e,n/e,n/e,1243,,n/e,n/e,n/e,n/e,n/e,n/e,0,,n/e,n/e,0,,n/e,n/e,n/e,n/e,110,
20:00 - 21:00,36,,n/e,n/e,n/e,n/e,0,,n/e,n/e,n/e,n/e,n/e,n/e,n/e,n/e,n/e,n/e,n/e,n/e,1246,,n/e,n/e,n/e,n/e,n/e,n/e,0,,n/e,n/e,0,,n/e,n/e,n/e,n/e,106,
21:00 - 22:00,36,,n/e,n/e,n/e,n/e,0,,n/e,n/e,n/e,n/e,n/e,n/e,n/e,n/e,n/e,n/e,n/e,n/e,1027,,n/e,n/e,n/e,n/e,n/e,n/e,0,,n/e,n/e,0,,n/e,n/e,n/e,n/e,105,
22:00 - 23:00,35,,n/e,n/e,n/e,n/e,0,,n/e,n/e,n/e,n/e,n/e,n/e,n/e,n/e,n/e,n/e,n/e,n/e,881,,n/e,n/e,n/e,n/e,n/e,n/e,0,,n/e,n/e,0,,n/e,n/e,n/e,n/e,98,
23:00 - 00:00,35,,n/e,n/e,n/e,n/e,0,,n/e,n/e,n/e,n/e,n/e,n/e,n/e,n/e,n/e,n/e,n/e,n/e,873,,n/e,n/e,n/e,n/e,n/e,n/e,0,,n/e,n/e,0,,n/e,n/e,n/e,n/e,98,
00:00 - 01:00,35,,n/e,n/e,n/e,n/e,0,,n/e,n/e,n/e,n/e,n/e,n/e,n/e,n/e,n/e,n/e,n/e,n/e,886,,n/e,n/e,n/e,n/e,n/e,n/e,0,,n/e,n/e,0,,n/e,n/e,n/e,n/e,101,
01:00 - 02:00,35,,n/e,n/e,n/e,n/e,0,,n/e,n/e,n/e,n/e,n/e,n/e,n/e,n/e,n/e,n/e,n/e,n/e,876,,n/e,n/e,n/e,n/e,n/e,n/e,0,,n/e,n/e,0,,n/e,n/e,n/e,n/e,94,
02:00 - 03:00,36,,n/e,n/e,n/e,n/e,0,,n/e,n/e,n/e,n/e,n/e,n/e,n/e,n/e,n/e,n/e,n/e,n/e,863,,n/e,n/e,n/e,n/e,n/e,n/e,0,,n/e,n/e,0,,n/e,n/e,n/e,n/e,92,
03:00 - 04:00,37,,n/e,n/e,n/e,n/e,0,,n/e,n/e,n/e,n/e,n/e,n/e,n/e,n/e,n/e,n/e,n/e,n/e,890,,n/e,n/e,n/e,n/e,n/e,n/e,0,,n/e,n/e,0,,n/e,n/e,n/e,n/e,64,
04:00 - 05:00,40,,n/e,n/e,n/e,n/e,1,,n/e,n/e,n/e,n/e,n/e,n/e,n/e,n/e,n/e,n/e,n/e,n/e,1018,,n/e,n/e,n/e,n/e,n/e,n/e,0,,n/e,n/e,6,,n/e,n/e,n/e,n/e,58,
05:00 - 06:00,43,,n/e,n/e,n/e,n/e,3,,n/e,n/e,n/e,n/e,n/e,n/e,n/e,n/e,n/e,n/e,n/e,n/e,1104,,n/e,n/e,n/e,n/e,n/e,n/e,0,,n/e,n/e,23,,n/e,n/e,n/e,n/e,51,
06:00 - 07:00,46,,n/e,n/e,n/e,n/e,3,,n/e,n/e,n/e,n/e,n/e,n/e,n/e,n/e,n/e,n/e,n/e,n/e,1065,,n/e,n/e,n/e,n/e,n/e,n/e,0,,n/e,n/e,65,,n/e,n/e,n/e,n/e,47,
07:00 - 08:00,47,,n/e,n/e,n/e,n/e,1,,n/e,n/e,n/e,n/e,n/e,n/e,n/e,n/e,n/e,n/e,n/e,n/e,1052,,n/e,n/e,n/e,n/e,n/e,n/e,0,,n/e,n/e,105,,n/e,n/e,n/e,n/e,43,
08:00 - 09:00,47,,n/e,n/e,n/e,n/e,0,,n/e,n/e,n/e,n/e,n/e,n/e,n/e,n/e,n/e,n/e,n/e,n/e,1049,,n/e,n/e,n/e,n/e,n/e,n/e,0,,n/e,n/e,123,,n/e,n/e,n/e,n/e,27,
09:00 - 10:00,46,,n/e,n/e,n/e,n/e,0,,n/e,n/e,n/e,n/e,n/e,n/e,n/e,n/e,n/e,n/e,n/e,n/e,1019,,n/e,n/e,n/e,n/e,n/e,n/e,0,,n/e,n/e,140,,n/e,n/e,n/e,n/e,15,
10:00 - 11:00,44,,n/e,n/e,n/e,n/e,0,,n/e,n/e,n/e,n/e,n/e,n/e,n/e,n/e,n/e,n/e,n/e,n/e,1037,,n/e,n/e,n/e,n/e,n/e,n/e,0,,n/e,n/e,151,,n/e,n/e,n/e,n/e,12,
11:00 - 12:00,42,,n/e,n/e,n/e,n/e,0,,n/e,n/e,n/e,n/e,n/e,n/e,n/e,n/e,n/e,n/e,n/e,n/e,1053,,n/e,n/e,n/e,n/e,n/e,n/e,0,,n/e,n/e,148,,n/e,n/e,n/e,n/e,10,
12:00 - 13:00,41,,n/e,n/e,n/e,n/e,0,,n/e,n/e,n/e,n/e,n/e,n/e,n/e,n/e,n/e,n/e,n/e,n/e,1080,,n/e,n/e,n/e,n/e,n/e,n/e,0,,n/e,n/e,124,,n/e,n/e,n/e,n/e,19,
13:00 - 14:00,40,,n/e,n/e,n/e,n/e,0,,n/e,n/e,n/e,n/e,n/e,n/e,n/e,n/e,n/e,n/e,n/e,n/e,1008,,n/e,n/e,n/e,n/e,n/e,n/e,0,,n/e,n/e,84,,n/e,n/e,n/e,n/e,22,
14:00 - 15:00,40,,n/e,n/e,n/e,n/e,3,,n/e,n/e,n/e,n/e,n/e,n/e,n/e,n/e,n/e,n/e,n/e,n/e,1162,,n/e,n/e,n/e,n/e,n/e,n/e,0,,n/e,n/e,58,,n/e,n/e,n/e,n/e,49,
15:00 - 16:00,44,,n/e,n/e,n/e,n/e,2,,n/e,n/e,n/e,n/e,n/e,n/e,n/e,n/e,n/e,n/e,n/e,n/e,1157,,n/e,n/e,n/e,n/e,n/e,n/e,0,,n/e,n/e,23,,n/e,n/e,n/e,n/e,41,
16:00 - 17:00,46,,n/e,n/e,n/e,n/e,0,,n/e,n/e,n/e,n/e,n/e,n/e,n/e,n/e,n/e,n/e,n/e,n/e,1156,,n/e,n/e,n/e,n/e,n/e,n/e,0,,n/e,n/e,7,,n/e,n/e,n/e,n/e,36,
17:00 - 18:00,48,,n/e,n/e,n/e,n/e,0,,n/e,n/e,n/e,n/e,n/e,n/e,n/e,n/e,n/e,n/e,n/e,n/e,1225,,n/e,n/e,n/e,n/e,n/e,n/e,0,,n/e,n/e,0,,n/e,n/e,n/e,n/e,27,
18:00 - 19:00,49,,n/e,n/e,n/e,n/e,0,,n/e,n/e,n/e,n/e,n/e,n/e,n/e,n/e,n/e,n/e,n/e,n/e,1230,,n/e,n/e,n/e,n/e,n/e,n/e,0,,n/e,n/e,0,,n/e,n/e,n/e,n/e,19,
19:00 - 20:00,46,,n/e,n/e,n/e,n/e,0,,n/e,n/e,n/e,n/e,n/e,n/e,n/e,n/e,n/e,n/e,n/e,n/e,1112,,n/e,n/e,n/e,n/e,n/e,n/e,0,,n/e,n/e,0,,n/e,n/e,n/e,n/e,19,
20:00 - 21:00,45,,n/e,n/e,n/e,n/e,0,,n/e,n/e,n/e,n/e,n/e,n/e,n/e,n/e,n/e,n/e,n/e,n/e,1105,,n/e,n/e,n/e,n/e,n/e,n/e,0,,n/e,n/e,0,,n/e,n/e,n/e,n/e,34,
21:00 - 22:00,38,,n/e,n/e,n/e,n/e,0,,n/e,n/e,n/e,n/e,n/e,n/e,n/e,n/e,n/e,n/e,n/e,n/e,907,,n/e,n/e,n/e,n/e,n/e,n/e,0,,n/e,n/e,0,,n/e,n/e,n/e,n/e,43,
22:00 - 23:00,37,,n/e,n/e,n/e,n/e,0,,n/e,n/e,n/e,n/e,n/e,n/e,n/e,n/e,n/e,n/e,n/e,n/e,712,,n/e,n/e,n/e,n/e,n/e,n/e,0,,n/e,n/e,0,,n/e,n/e,n/e,n/e,32,
23:00 - 00:00,37,,n/e,n/e,n/e,n/e,0,,n/e,n/e,n/e,n/e,n/e,n/e,n/e,n/e,n/e,n/e,n/e,n/e,704,,n/e,n/e,n/e,n/e,n/e,n/e,0,,n/e,n/e,0,,n/e,n/e,n/e,n/e,21,
00:00 - 01:00,37,,n/e,n/e,n/e,n/e,0,,n/e,n/e,n/e,n/e,n/e,n/e,n/e,n/e,n/e,n/e,n/e,n/e,678,,n/e,n/e,n/e,n/e,n/e,n/e,0,,n/e,n/e,0,,n/e,n/e,n/e,n/e,13,
01:00 - 02:00,37,,n/e,n/e,n/e,n/e,0,,n/e,n/e,n/e,n/e,n/e,n/e,n/e,n/e,n/e,n/e,n/e,n/e,663,,n/e,n/e,n/e,n/e,n/e,n/e,0,,n/e,n/e,0,,n/e,n/e,n/e,n/e,13,
02:00 - 03:00,35,,n/e,n/e,n/e,n/e,0,,n/e,n/e,n/e,n/e,n/e,n/e,n/e,n/e,n/e,n/e,n/e,n/e,815,,n/e,n/e,n/e,n/e,n/e,n/e,0,,n/e,n/e,0,,n/e,n/e,n/e,n/e,13,
03:00 - 04:00,35,,n/e,n/e,n/e,n/e,0,,n/e,n/e,n/e,n/e,n/e,n/e,n/e,n/e,n/e,n/e,n/e,n/e,782,,n/e,n/e,n/e,n/e,n/e,n/e,0,,n/e,n/e,0,,n/e,n/e,n/e,n/e,7,
04:00 - 05:00,37,,n/e,n/e,n/e,n/e,0,,n/e,n/e,n/e,n/e,n/e,n/e,n/e,n/e,n/e,n/e,n/e,n/e,908,,n/e,n/e,n/e,n/e,n/e,n/e,0,,n/e,n/e,3,,n/e,n/e,n/e,n/e,9,
05:00 - 06:00,37,,n/e,n/e,n/e,n/e,0,,n/e,n/e,n/e,n/e,n/e,n/e,n/e,n/e,n/e,n/e,n/e,n/e,962,,n/e,n/e,n/e,n/e,n/e,n/e,0,,n/e,n/e,11,,n/e,n/e,n/e,n/e,11,
06:00 - 07:00,37,,n/e,n/e,n/e,n/e,0,,n/e,n/e,n/e,n/e,n/e,n/e,n/e,n/e,n/e,n/e,n/e,n/e,920,,n/e,n/e,n/e,n/e,n/e,n/e,0,,n/e,n/e,24,,n/e,n/e,n/e,n/e,13,
07:00 - 08:00,36,,n/e,n/e,n/e,n/e,0,,n/e,n/e,n/e,n/e,n/e,n/e,n/e,n/e,n/e,n/e,n/e,n/e,798,,n/e,n/e,n/e,n/e,n/e,n/e,0,,n/e,n/e,34,,n/e,n/e,n/e,n/e,17,
08:00 - 09:00,35,,n/e,n/e,n/e,n/e,0,,n/e,n/e,n/e,n/e,n/e,n/e,n/e,n/e,n/e,n/e,n/e,n/e,971,,n/e,n/e,n/e,n/e,n/e,n/e,0,,n/e,n/e,41,,n/e,n/e,n/e,n/e,19,
09:00 - 10:00,34,,n/e,n/e,n/e,n/e,0,,n/e,n/e,n/e,n/e,n/e,n/e,n/e,n/e,n/e,n/e,n/e,n/e,597,,n/e,n/e,n/e,n/e,n/e,n/e,0,,n/e,n/e,38,,n/e,n/e,n/e,n/e,25,
10:00 - 11:00,34,,n/e,n/e,n/e,n/e,0,,n/e,n/e,n/e,n/e,n/e,n/e,n/e,n/e,n/e,n/e,n/e,n/e,523,,n/e,n/e,n/e,n/e,n/e,n/e,0,,n/e,n/e,44,,n/e,n/e,n/e,n/e,45,
11:00 - 12:00,34,,n/e,n/e,n/e,n/e,0,,n/e,n/e,n/e,n/e,n/e,n/e,n/e,n/e,n/e,n/e,n/e,n/e,521,,n/e,n/e,n/e,n/e,n/e,n/e,0,,n/e,n/e,49,,n/e,n/e,n/e,n/e,65,
12:00 - 13:00,34,,n/e,n/e,n/e,n/e,2,,n/e,n/e,n/e,n/e,n/e,n/e,n/e,n/e,n/e,n/e,n/e,n/e,542,,n/e,n/e,n/e,n/e,n/e,n/e,0,,n/e,n/e,51,,n/e,n/e,n/e,n/e,71,
13:00 - 14:00,34,,n/e,n/e,n/e,n/e,3,,n/e,n/e,n/e,n/e,n/e,n/e,n/e,n/e,n/e,n/e,n/e,n/e,557,,n/e,n/e,n/e,n/e,n/e,n/e,0,,n/e,n/e,49,,n/e,n/e,n/e,n/e,66,
14:00 - 15:00,34,,n/e,n/e,n/e,n/e,0,,n/e,n/e,n/e,n/e,n/e,n/e,n/e,n/e,n/e,n/e,n/e,n/e,497,,n/e,n/e,n/e,n/e,n/e,n/e,0,,n/e,n/e,26,,n/e,n/e,n/e,n/e,55,
15:00 - 16:00,33,,n/e,n/e,n/e,n/e,0,,n/e,n/e,n/e,n/e,n/e,n/e,n/e,n/e,n/e,n/e,n/e,n/e,835,,n/e,n/e,n/e,n/e,n/e,n/e,0,,n/e,n/e,8,,n/e,n/e,n/e,n/e,54,
16:00 - 17:00,41,,n/e,n/e,n/e,n/e,2,,n/e,n/e,n/e,n/e,n/e,n/e,n/e,n/e,n/e,n/e,n/e,n/e,1218,,n/e,n/e,n/e,n/e,n/e,n/e,0,,n/e,n/e,2,,n/e,n/e,n/e,n/e,53,
17:00 - 18:00,44,,n/e,n/e,n/e,n/e,2,,n/e,n/e,n/e,n/e,n/e,n/e,n/e,n/e,n/e,n/e,n/e,n/e,1337,,n/e,n/e,n/e,n/e,n/e,n/e,0,,n/e,n/e,0,,n/e,n/e,n/e,n/e,39,
18:00 - 19:00,44,,n/e,n/e,n/e,n/e,2,,n/e,n/e,n/e,n/e,n/e,n/e,n/e,n/e,n/e,n/e,n/e,n/e,1339,,n/e,n/e,n/e,n/e,n/e,n/e,0,,n/e,n/e,0,,n/e,n/e,n/e,n/e,30,
19:00 - 20:00,44,,n/e,n/e,n/e,n/e,2,,n/e,n/e,n/e,n/e,n/e,n/e,n/e,n/e,n/e,n/e,n/e,n/e,1253,,n/e,n/e,n/e,n/e,n/e,n/e,0,,n/e,n/e,0,,n/e,n/e,n/e,n/e,26,
20:00 - 21:00,40,,n/e,n/e,n/e,n/e,0,,n/e,n/e,n/e,n/e,n/e,n/e,n/e,n/e,n/e,n/e,n/e,n/e,1036,,n/e,n/e,n/e,n/e,n/e,n/e,0,,n/e,n/e,0,,n/e,n/e,n/e,n/e,20,
21:00 - 22:00,36,,n/e,n/e,n/e,n/e,0,,n/e,n/e,n/e,n/e,n/e,n/e,n/e,n/e,n/e,n/e,n/e,n/e,847,,n/e,n/e,n/e,n/e,n/e,n/e,0,,n/e,n/e,0,,n/e,n/e,n/e,n/e,33,
22:00 - 23:00,36,,n/e,n/e,n/e,n/e,0,,n/e,n/e,n/e,n/e,n/e,n/e,n/e,n/e,n/e,n/e,n/e,n/e,820,,n/e,n/e,n/e,n/e,n/e,n/e,0,,n/e,n/e,0,,n/e,n/e,n/e,n/e,25,
23:00 - 00:00,36,,n/e,n/e,n/e,n/e,0,,n/e,n/e,n/e,n/e,n/e,n/e,n/e,n/e,n/e,n/e,n/e,n/e,958,,n/e,n/e,n/e,n/e,n/e,n/e,0,,n/e,n/e,0,,n/e,n/e,n/e,n/e,34,
00:00 - 01:00,35,,n/e,n/e,n/e,n/e,0,,n/e,n/e,n/e,n/e,n/e,n/e,n/e,n/e,n/e,n/e,n/e,n/e,957,,n/e,n/e,n/e,n/e,n/e,n/e,0,,n/e,n/e,0,,n/e,n/e,n/e,n/e,23,
01:00 - 02:00,35,,n/e,n/e,n/e,n/e,0,,n/e,n/e,n/e,n/e,n/e,n/e,n/e,n/e,n/e,n/e,n/e,n/e,791,,n/e,n/e,n/e,n/e,n/e,n/e,0,,n/e,n/e,0,,n/e,n/e,n/e,n/e,23,
02:00 - 03:00,35,,n/e,n/e,n/e,n/e,0,,n/e,n/e,n/e,n/e,n/e,n/e,n/e,n/e,n/e,n/e,n/e,n/e,842,,n/e,n/e,n/e,n/e,n/e,n/e,0,,n/e,n/e,0,,n/e,n/e,n/e,n/e,15,
03:00 - 04:00,34,,n/e,n/e,n/e,n/e,0,,n/e,n/e,n/e,n/e,n/e,n/e,n/e,n/e,n/e,n/e,n/e,n/e,957,,n/e,n/e,n/e,n/e,n/e,n/e,0,,n/e,n/e,0,,n/e,n/e,n/e,n/e,30,
04:00 - 05:00,34,,n/e,n/e,n/e,n/e,0,,n/e,n/e,n/e,n/e,n/e,n/e,n/e,n/e,n/e,n/e,n/e,n/e,1101,,n/e,n/e,n/e,n/e,n/e,n/e,0,,n/e,n/e,3,,n/e,n/e,n/e,n/e,47,
05:00 - 06:00,33,,n/e,n/e,n/e,n/e,0,,n/e,n/e,n/e,n/e,n/e,n/e,n/e,n/e,n/e,n/e,n/e,n/e,1097,,n/e,n/e,n/e,n/e,n/e,n/e,0,,n/e,n/e,5,,n/e,n/e,n/e,n/e,59,
06:00 - 07:00,30,,n/e,n/e,n/e,n/e,0,,n/e,n/e,n/e,n/e,n/e,n/e,n/e,n/e,n/e,n/e,n/e,n/e,1031,,n/e,n/e,n/e,n/e,n/e,n/e,0,,n/e,n/e,8,,n/e,n/e,n/e,n/e,63,
07:00 - 08:00,30,,n/e,n/e,n/e,n/e,0,,n/e,n/e,n/e,n/e,n/e,n/e,n/e,n/e,n/e,n/e,n/e,n/e,553,,n/e,n/e,n/e,n/e,n/e,n/e,0,,n/e,n/e,10,,n/e,n/e,n/e,n/e,97,
08:00 - 09:00,29,,n/e,n/e,n/e,n/e,0,,n/e,n/e,n/e,n/e,n/e,n/e,n/e,n/e,n/e,n/e,n/e,n/e,479,,n/e,n/e,n/e,n/e,n/e,n/e,0,,n/e,n/e,20,,n/e,n/e,n/e,n/e,111,
09:00 - 10:00,30,,n/e,n/e,n/e,n/e,0,,n/e,n/e,n/e,n/e,n/e,n/e,n/e,n/e,n/e,n/e,n/e,n/e,489,,n/e,n/e,n/e,n/e,n/e,n/e,0,,n/e,n/e,41,,n/e,n/e,n/e,n/e,113,
10:00 - 11:00,31,,n/e,n/e,n/e,n/e,0,,n/e,n/e,n/e,n/e,n/e,n/e,n/e,n/e,n/e,n/e,n/e,n/e,481,,n/e,n/e,n/e,n/e,n/e,n/e,0,,n/e,n/e,83,,n/e,n/e,n/e,n/e,52,
11:00 - 12:00,32,,n/e,n/e,n/e,n/e,0,,n/e,n/e,n/e,n/e,n/e,n/e,n/e,n/e,n/e,n/e,n/e,n/e,438,,n/e,n/e,n/e,n/e,n/e,n/e,0,,n/e,n/e,113,,n/e,n/e,n/e,n/e,83,
12:00 - 13:00,31,,n/e,n/e,n/e,n/e,0,,n/e,n/e,n/e,n/e,n/e,n/e,n/e,n/e,n/e,n/e,n/e,n/e,439,,n/e,n/e,n/e,n/e,n/e,n/e,0,,n/e,n/e,121,,n/e,n/e,n/e,n/e,40,
13:00 - 14:00,31,,n/e,n/e,n/e,n/e,0,,n/e,n/e,n/e,n/e,n/e,n/e,n/e,n/e,n/e,n/e,n/e,n/e,449,,n/e,n/e,n/e,n/e,n/e,n/e,0,,n/e,n/e,102,,n/e,n/e,n/e,n/e,36,
14:00 - 15:00,29,,n/e,n/e,n/e,n/e,0,,n/e,n/e,n/e,n/e,n/e,n/e,n/e,n/e,n/e,n/e,n/e,n/e,459,,n/e,n/e,n/e,n/e,n/e,n/e,0,,n/e,n/e,57,,n/e,n/e,n/e,n/e,36,
15:00 - 16:00,29,,n/e,n/e,n/e,n/e,0,,n/e,n/e,n/e,n/e,n/e,n/e,n/e,n/e,n/e,n/e,n/e,n/e,921,,n/e,n/e,n/e,n/e,n/e,n/e,0,,n/e,n/e,30,,n/e,n/e,n/e,n/e,108,
16:00 - 17:00,29,,n/e,n/e,n/e,n/e,0,,n/e,n/e,n/e,n/e,n/e,n/e,n/e,n/e,n/e,n/e,n/e,n/e,1185,,n/e,n/e,n/e,n/e,n/e,n/e,0,,n/e,n/e,8,,n/e,n/e,n/e,n/e,109,
17:00 - 18:00,31,,n/e,n/e,n/e,n/e,0,,n/e,n/e,n/e,n/e,n/e,n/e,n/e,n/e,n/e,n/e,n/e,n/e,1172,,n/e,n/e,n/e,n/e,n/e,n/e,0,,n/e,n/e,1,,n/e,n/e,n/e,n/e,112,
18:00 - 19:00,32,,n/e,n/e,n/e,n/e,0,,n/e,n/e,n/e,n/e,n/e,n/e,n/e,n/e,n/e,n/e,n/e,n/e,997,,n/e,n/e,n/e,n/e,n/e,n/e,0,,n/e,n/e,0,,n/e,n/e,n/e,n/e,114,
19:00 - 20:00,32,,n/e,n/e,n/e,n/e,0,,n/e,n/e,n/e,n/e,n/e,n/e,n/e,n/e,n/e,n/e,n/e,n/e,647,,n/e,n/e,n/e,n/e,n/e,n/e,0,,n/e,n/e,0,,n/e,n/e,n/e,n/e,115,
20:00 - 21:00,33,,n/e,n/e,n/e,n/e,0,,n/e,n/e,n/e,n/e,n/e,n/e,n/e,n/e,n/e,n/e,n/e,n/e,732,,n/e,n/e,n/e,n/e,n/e,n/e,0,,n/e,n/e,0,,n/e,n/e,n/e,n/e,90,
21:00 - 22:00,32,,n/e,n/e,n/e,n/e,0,,n/e,n/e,n/e,n/e,n/e,n/e,n/e,n/e,n/e,n/e,n/e,n/e,604,,n/e,n/e,n/e,n/e,n/e,n/e,0,,n/e,n/e,0,,n/e,n/e,n/e,n/e,38,
22:00 - 23:00,30,,n/e,n/e,n/e,n/e,0,,n/e,n/e,n/e,n/e,n/e,n/e,n/e,n/e,n/e,n/e,n/e,n/e,529,,n/e,n/e,n/e,n/e,n/e,n/e,0,,n/e,n/e,0,,n/e,n/e,n/e,n/e,38,
23:00 - 00:00,32,,n/e,n/e,n/e,n/e,0,,n/e,n/e,n/e,n/e,n/e,n/e,n/e,n/e,n/e,n/e,n/e,n/e,634,,n/e,n/e,n/e,n/e,n/e,n/e,0,,n/e,n/e,0,,n/e,n/e,n/e,n/e,36,
00:00 - 01:00,31,,n/e,n/e,n/e,n/e,0,,n/e,n/e,n/e,n/e,n/e,n/e,n/e,n/e,n/e,n/e,n/e,n/e,666,,n/e,n/e,n/e,n/e,n/e,n/e,0,,n/e,n/e,0,,n/e,n/e,n/e,n/e,38,
01:00 - 02:00,31,,n/e,n/e,n/e,n/e,0,,n/e,n/e,n/e,n/e,n/e,n/e,n/e,n/e,n/e,n/e,n/e,n/e,639,,n/e,n/e,n/e,n/e,n/e,n/e,0,,n/e,n/e,0,,n/e,n/e,n/e,n/e,67,
02:00 - 03:00,31,,n/e,n/e,n/e,n/e,0,,n/e,n/e,n/e,n/e,n/e,n/e,n/e,n/e,n/e,n/e,n/e,n/e,695,,n/e,n/e,n/e,n/e,n/e,n/e,0,,n/e,n/e,0,,n/e,n/e,n/e,n/e,107,
03:00 - 04:00,39,,n/e,n/e,n/e,n/e,2,,n/e,n/e,n/e,n/e,n/e,n/e,n/e,n/e,n/e,n/e,n/e,n/e,973,,n/e,n/e,n/e,n/e,n/e,n/e,0,,n/e,n/e,0,,n/e,n/e,n/e,n/e,101,
04:00 - 05:00,48,,n/e,n/e,n/e,n/e,8,,n/e,n/e,n/e,n/e,n/e,n/e,n/e,n/e,n/e,n/e,n/e,n/e,995,,n/e,n/e,n/e,n/e,n/e,n/e,0,,n/e,n/e,3,,n/e,n/e,n/e,n/e,93,
05:00 - 06:00,55,,n/e,n/e,n/e,n/e,11,,n/e,n/e,n/e,n/e,n/e,n/e,n/e,n/e,n/e,n/e,n/e,n/e,1146,,n/e,n/e,n/e,n/e,n/e,n/e,0,,n/e,n/e,12,,n/e,n/e,n/e,n/e,88,
06:00 - 07:00,58,,n/e,n/e,n/e,n/e,10,,n/e,n/e,n/e,n/e,n/e,n/e,n/e,n/e,n/e,n/e,n/e,n/e,1123,,n/e,n/e,n/e,n/e,n/e,n/e,0,,n/e,n/e,24,,n/e,n/e,n/e,n/e,75,
07:00 - 08:00,57,,n/e,n/e,n/e,n/e,9,,n/e,n/e,n/e,n/e,n/e,n/e,n/e,n/e,n/e,n/e,n/e,n/e,1039,,n/e,n/e,n/e,n/e,n/e,n/e,0,,n/e,n/e,39,,n/e,n/e,n/e,n/e,74,
08:00 - 09:00,53,,n/e,n/e,n/e,n/e,15,,n/e,n/e,n/e,n/e,n/e,n/e,n/e,n/e,n/e,n/e,n/e,n/e,1021,,n/e,n/e,n/e,n/e,n/e,n/e,0,,n/e,n/e,59,,n/e,n/e,n/e,n/e,59,
09:00 - 10:00,49,,n/e,n/e,n/e,n/e,22,,n/e,n/e,n/e,n/e,n/e,n/e,n/e,n/e,n/e,n/e,n/e,n/e,1015,,n/e,n/e,n/e,n/e,n/e,n/e,0,,n/e,n/e,94,,n/e,n/e,n/e,n/e,40,
10:00 - 11:00,47,,n/e,n/e,n/e,n/e,22,,n/e,n/e,n/e,n/e,n/e,n/e,n/e,n/e,n/e,n/e,n/e,n/e,1019,,n/e,n/e,n/e,n/e,n/e,n/e,0,,n/e,n/e,131,,n/e,n/e,n/e,n/e,34,
11:00 - 12:00,45,,n/e,n/e,n/e,n/e,20,,n/e,n/e,n/e,n/e,n/e,n/e,n/e,n/e,n/e,n/e,n/e,n/e,1043,,n/e,n/e,n/e,n/e,n/e,n/e,0,,n/e,n/e,143,,n/e,n/e,n/e,n/e,33,
12:00 - 13:00,44,,n/e,n/e,n/e,n/e,29,,n/e,n/e,n/e,n/e,n/e,n/e,n/e,n/e,n/e,n/e,n/e,n/e,1044,,n/e,n/e,n/e,n/e,n/e,n/e,0,,n/e,n/e,122,,n/e,n/e,n/e,n/e,31,
13:00 - 14:00,45,,n/e,n/e,n/e,n/e,53,,n/e,n/e,n/e,n/e,n/e,n/e,n/e,n/e,n/e,n/e,n/e,n/e,983,,n/e,n/e,n/e,n/e,n/e,n/e,0,,n/e,n/e,95,,n/e,n/e,n/e,n/e,27,
14:00 - 15:00,48,,n/e,n/e,n/e,n/e,69,,n/e,n/e,n/e,n/e,n/e,n/e,n/e,n/e,n/e,n/e,n/e,n/e,961,,n/e,n/e,n/e,n/e,n/e,n/e,0,,n/e,n/e,63,,n/e,n/e,n/e,n/e,14,
15:00 - 16:00,56,,n/e,n/e,n/e,n/e,107,,n/e,n/e,n/e,n/e,n/e,n/e,n/e,n/e,n/e,n/e,n/e,n/e,1047,,n/e,n/e,n/e,n/e,n/e,n/e,0,,n/e,n/e,28,,n/e,n/e,n/e,n/e,13,
16:00 - 17:00,62,,n/e,n/e,n/e,n/e,113,,n/e,n/e,n/e,n/e,n/e,n/e,n/e,n/e,n/e,n/e,n/e,n/e,1098,,n/e,n/e,n/e,n/e,n/e,n/e,0,,n/e,n/e,8,,n/e,n/e,n/e,n/e,7,
17:00 - 18:00,66,,n/e,n/e,n/e,n/e,113,,n/e,n/e,n/e,n/e,n/e,n/e,n/e,n/e,n/e,n/e,n/e,n/e,1155,,n/e,n/e,n/e,n/e,n/e,n/e,0,,n/e,n/e,1,,n/e,n/e,n/e,n/e,4,
18:00 - 19:00,66,,n/e,n/e,n/e,n/e,111,,n/e,n/e,n/e,n/e,n/e,n/e,n/e,n/e,n/e,n/e,n/e,n/e,1162,,n/e,n/e,n/e,n/e,n/e,n/e,0,,n/e,n/e,0,,n/e,n/e,n/e,n/e,3,
19:00 - 20:00,65,,n/e,n/e,n/e,n/e,105,,n/e,n/e,n/e,n/e,n/e,n/e,n/e,n/e,n/e,n/e,n/e,n/e,1117,,n/e,n/e,n/e,n/e,n/e,n/e,0,,n/e,n/e,0,,n/e,n/e,n/e,n/e,1,
20:00 - 21:00,61,,n/e,n/e,n/e,n/e,103,,n/e,n/e,n/e,n/e,n/e,n/e,n/e,n/e,n/e,n/e,n/e,n/e,1047,,n/e,n/e,n/e,n/e,n/e,n/e,0,,n/e,n/e,0,,n/e,n/e,n/e,n/e,3,
21:00 - 22:00,56,,n/e,n/e,n/e,n/e,103,,n/e,n/e,n/e,n/e,n/e,n/e,n/e,n/e,n/e,n/e,n/e,n/e,976,,n/e,n/e,n/e,n/e,n/e,n/e,0,,n/e,n/e,0,,n/e,n/e,n/e,n/e,6,
22:00 - 23:00,51,,n/e,n/e,n/e,n/e,102,,n/e,n/e,n/e,n/e,n/e,n/e,n/e,n/e,n/e,n/e,n/e,n/e,610,,n/e,n/e,n/e,n/e,n/e,n/e,0,,n/e,n/e,0,,n/e,n/e,n/e,n/e,7,
23:00 - 00:00,49,,n/e,n/e,n/e,n/e,102,,n/e,n/e,n/e,n/e,n/e,n/e,n/e,n/e,n/e,n/e,n/e,n/e,633,,n/e,n/e,n/e,n/e,n/e,n/e,0,,n/e,n/e,0,,n/e,n/e,n/e,n/e,3,
00:00 - 01:00,48,,n/e,n/e,n/e,n/e,100,,n/e,n/e,n/e,n/e,n/e,n/e,n/e,n/e,n/e,n/e,n/e,n/e,634,,n/e,n/e,n/e,n/e,n/e,n/e,0,,n/e,n/e,0,,n/e,n/e,n/e,n/e,2,
01:00 - 02:00,48,,n/e,n/e,n/e,n/e,100,,n/e,n/e,n/e,n/e,n/e,n/e,n/e,n/e,n/e,n/e,n/e,n/e,633,,n/e,n/e,n/e,n/e,n/e,n/e,0,,n/e,n/e,0,,n/e,n/e,n/e,n/e,1,
02:00 - 03:00,48,,n/e,n/e,n/e,n/e,101,,n/e,n/e,n/e,n/e,n/e,n/e,n/e,n/e,n/e,n/e,n/e,n/e,633,,n/e,n/e,n/e,n/e,n/e,n/e,0,,n/e,n/e,0,,n/e,n/e,n/e,n/e,1,
03:00 - 04:00,50,,n/e,n/e,n/e,n/e,103,,n/e,n/e,n/e,n/e,n/e,n/e,n/e,n/e,n/e,n/e,n/e,n/e,634,,n/e,n/e,n/e,n/e,n/e,n/e,0,,n/e,n/e,2,,n/e,n/e,n/e,n/e,2,
04:00 - 05:00,52,,n/e,n/e,n/e,n/e,111,,n/e,n/e,n/e,n/e,n/e,n/e,n/e,n/e,n/e,n/e,n/e,n/e,728,,n/e,n/e,n/e,n/e,n/e,n/e,0,,n/e,n/e,15,,n/e,n/e,n/e,n/e,5,
05:00 - 06:00,56,,n/e,n/e,n/e,n/e,112,,n/e,n/e,n/e,n/e,n/e,n/e,n/e,n/e,n/e,n/e,n/e,n/e,779,,n/e,n/e,n/e,n/e,n/e,n/e,0,,n/e,n/e,53,,n/e,n/e,n/e,n/e,4,
06:00 - 07:00,56,,n/e,n/e,n/e,n/e,113,,n/e,n/e,n/e,n/e,n/e,n/e,n/e,n/e,n/e,n/e,n/e,n/e,765,,n/e,n/e,n/e,n/e,n/e,n/e,0,,n/e,n/e,105,,n/e,n/e,n/e,n/e,3,
07:00 - 08:00,54,,n/e,n/e,n/e,n/e,122,,n/e,n/e,n/e,n/e,n/e,n/e,n/e,n/e,n/e,n/e,n/e,n/e,781,,n/e,n/e,n/e,n/e,n/e,n/e,0,,n/e,n/e,154,,n/e,n/e,n/e,n/e,5,
08:00 - 09:00,52,,n/e,n/e,n/e,n/e,135,,n/e,n/e,n/e,n/e,n/e,n/e,n/e,n/e,n/e,n/e,n/e,n/e,693,,n/e,n/e,n/e,n/e,n/e,n/e,0,,n/e,n/e,176,,n/e,n/e,n/e,n/e,4,
09:00 - 10:00,48,,n/e,n/e,n/e,n/e,133,,n/e,n/e,n/e,n/e,n/e,n/e,n/e,n/e,n/e,n/e,n/e,n/e,649,,n/e,n/e,n/e,n/e,n/e,n/e,0,,n/e,n/e,193,,n/e,n/e,n/e,n/e,5,
10:00 - 11:00,47,,n/e,n/e,n/e,n/e,114,,n/e,n/e,n/e,n/e,n/e,n/e,n/e,n/e,n/e,n/e,n/e,n/e,787,,n/e,n/e,n/e,n/e,n/e,n/e,0,,n/e,n/e,197,,n/e,n/e,n/e,n/e,9,
11:00 - 12:00,45,,n/e,n/e,n/e,n/e,83,,n/e,n/e,n/e,n/e,n/e,n/e,n/e,n/e,n/e,n/e,n/e,n/e,810,,n/e,n/e,n/e,n/e,n/e,n/e,0,,n/e,n/e,174,,n/e,n/e,n/e,n/e,19,
12:00 - 13:00,44,,n/e,n/e,n/e,n/e,53,,n/e,n/e,n/e,n/e,n/e,n/e,n/e,n/e,n/e,n/e,n/e,n/e,792,,n/e,n/e,n/e,n/e,n/e,n/e,0,,n/e,n/e,145,,n/e,n/e,n/e,n/e,17,
13:00 - 14:00,45,,n/e,n/e,n/e,n/e,69,,n/e,n/e,n/e,n/e,n/e,n/e,n/e,n/e,n/e,n/e,n/e,n/e,784,,n/e,n/e,n/e,n/e,n/e,n/e,0,,n/e,n/e,109,,n/e,n/e,n/e,n/e,25,
14:00 - 15:00,47,,n/e,n/e,n/e,n/e,110,,n/e,n/e,n/e,n/e,n/e,n/e,n/e,n/e,n/e,n/e,n/e,n/e,770,,n/e,n/e,n/e,n/e,n/e,n/e,0,,n/e,n/e,68,,n/e,n/e,n/e,n/e,30,
15:00 - 16:00,52,,n/e,n/e,n/e,n/e,141,,n/e,n/e,n/e,n/e,n/e,n/e,n/e,n/e,n/e,n/e,n/e,n/e,746,,n/e,n/e,n/e,n/e,n/e,n/e,0,,n/e,n/e,38,,n/e,n/e,n/e,n/e,25,
16:00 - 17:00,56,,n/e,n/e,n/e,n/e,144,,n/e,n/e,n/e,n/e,n/e,n/e,n/e,n/e,n/e,n/e,n/e,n/e,902,,n/e,n/e,n/e,n/e,n/e,n/e,0,,n/e,n/e,14,,n/e,n/e,n/e,n/e,26,
17:00 - 18:00,60,,n/e,n/e,n/e,n/e,151,,n/e,n/e,n/e,n/e,n/e,n/e,n/e,n/e,n/e,n/e,n/e,n/e,908,,n/e,n/e,n/e,n/e,n/e,n/e,0,,n/e,n/e,2,,n/e,n/e,n/e,n/e,20,
18:00 - 19:00,63,,n/e,n/e,n/e,n/e,158,,n/e,n/e,n/e,n/e,n/e,n/e,n/e,n/e,n/e,n/e,n/e,n/e,931,,n/e,n/e,n/e,n/e,n/e,n/e,0,,n/e,n/e,0,,n/e,n/e,n/e,n/e,17,
19:00 - 20:00,61,,n/e,n/e,n/e,n/e,155,,n/e,n/e,n/e,n/e,n/e,n/e,n/e,n/e,n/e,n/e,n/e,n/e,873,,n/e,n/e,n/e,n/e,n/e,n/e,0,,n/e,n/e,0,,n/e,n/e,n/e,n/e,10,
20:00 - 21:00,58,,n/e,n/e,n/e,n/e,151,,n/e,n/e,n/e,n/e,n/e,n/e,n/e,n/e,n/e,n/e,n/e,n/e,905,,n/e,n/e,n/e,n/e,n/e,n/e,0,,n/e,n/e,0,,n/e,n/e,n/e,n/e,8,
21:00 - 22:00,56,,n/e,n/e,n/e,n/e,149,,n/e,n/e,n/e,n/e,n/e,n/e,n/e,n/e,n/e,n/e,n/e,n/e,846,,n/e,n/e,n/e,n/e,n/e,n/e,0,,n/e,n/e,0,,n/e,n/e,n/e,n/e,6,
22:00 - 23:00,53,,n/e,n/e,n/e,n/e,149,,n/e,n/e,n/e,n/e,n/e,n/e,n/e,n/e,n/e,n/e,n/e,n/e,761,,n/e,n/e,n/e,n/e,n/e,n/e,0,,n/e,n/e,0,,n/e,n/e,n/e,n/e,3,
23:00 - 00:00,52,,n/e,n/e,n/e,n/e,149,,n/e,n/e,n/e,n/e,n/e,n/e,n/e,n/e,n/e,n/e,n/e,n/e,759,,n/e,n/e,n/e,n/e,n/e,n/e,0,,n/e,n/e,0,,n/e,n/e,n/e,n/e,2,
00:00 - 01:00,52,,n/e,n/e,n/e,n/e,150,,n/e,n/e,n/e,n/e,n/e,n/e,n/e,n/e,n/e,n/e,n/e,n/e,679,,n/e,n/e,n/e,n/e,n/e,n/e,0,,n/e,n/e,0,,n/e,n/e,n/e,n/e,1,
01:00 - 02:00,52,,n/e,n/e,n/e,n/e,150,,n/e,n/e,n/e,n/e,n/e,n/e,n/e,n/e,n/e,n/e,n/e,n/e,669,,n/e,n/e,n/e,n/e,n/e,n/e,0,,n/e,n/e,0,,n/e,n/e,n/e,n/e,1,
02:00 - 03:00,55,,n/e,n/e,n/e,n/e,149,,n/e,n/e,n/e,n/e,n/e,n/e,n/e,n/e,n/e,n/e,n/e,n/e,668,,n/e,n/e,n/e,n/e,n/e,n/e,0,,n/e,n/e,0,,n/e,n/e,n/e,n/e,1,
03:00 - 04:00,58,,n/e,n/e,n/e,n/e,149,,n/e,n/e,n/e,n/e,n/e,n/e,n/e,n/e,n/e,n/e,n/e,n/e,671,,n/e,n/e,n/e,n/e,n/e,n/e,0,,n/e,n/e,2,,n/e,n/e,n/e,n/e,1,
04:00 - 05:00,59,,n/e,n/e,n/e,n/e,157,,n/e,n/e,n/e,n/e,n/e,n/e,n/e,n/e,n/e,n/e,n/e,n/e,807,,n/e,n/e,n/e,n/e,n/e,n/e,0,,n/e,n/e,13,,n/e,n/e,n/e,n/e,1,
05:00 - 06:00,62,,n/e,n/e,n/e,n/e,161,,n/e,n/e,n/e,n/e,n/e,n/e,n/e,n/e,n/e,n/e,n/e,n/e,945,,n/e,n/e,n/e,n/e,n/e,n/e,0,,n/e,n/e,38,,n/e,n/e,n/e,n/e,0,
06:00 - 07:00,62,,n/e,n/e,n/e,n/e,161,,n/e,n/e,n/e,n/e,n/e,n/e,n/e,n/e,n/e,n/e,n/e,n/e,915,,n/e,n/e,n/e,n/e,n/e,n/e,0,,n/e,n/e,71,,n/e,n/e,n/e,n/e,0,
07:00 - 08:00,60,,n/e,n/e,n/e,n/e,154,,n/e,n/e,n/e,n/e,n/e,n/e,n/e,n/e,n/e,n/e,n/e,n/e,798,,n/e,n/e,n/e,n/e,n/e,n/e,0,,n/e,n/e,95,,n/e,n/e,n/e,n/e,1,
08:00 - 09:00,58,,n/e,n/e,n/e,n/e,142,,n/e,n/e,n/e,n/e,n/e,n/e,n/e,n/e,n/e,n/e,n/e,n/e,813,,n/e,n/e,n/e,n/e,n/e,n/e,0,,n/e,n/e,116,,n/e,n/e,n/e,n/e,7,
09:00 - 10:00,54,,n/e,n/e,n/e,n/e,138,,n/e,n/e,n/e,n/e,n/e,n/e,n/e,n/e,n/e,n/e,n/e,n/e,821,,n/e,n/e,n/e,n/e,n/e,n/e,0,,n/e,n/e,139,,n/e,n/e,n/e,n/e,17,
10:00 - 11:00,50,,n/e,n/e,n/e,n/e,132,,n/e,n/e,n/e,n/e,n/e,n/e,n/e,n/e,n/e,n/e,n/e,n/e,814,,n/e,n/e,n/e,n/e,n/e,n/e,0,,n/e,n/e,147,,n/e,n/e,n/e,n/e,21,
11:00 - 12:00,49,,n/e,n/e,n/e,n/e,133,,n/e,n/e,n/e,n/e,n/e,n/e,n/e,n/e,n/e,n/e,n/e,n/e,893,,n/e,n/e,n/e,n/e,n/e,n/e,0,,n/e,n/e,141,,n/e,n/e,n/e,n/e,20,
12:00 - 13:00,47,,n/e,n/e,n/e,n/e,125,,n/e,n/e,n/e,n/e,n/e,n/e,n/e,n/e,n/e,n/e,n/e,n/e,947,,n/e,n/e,n/e,n/e,n/e,n/e,0,,n/e,n/e,134,,n/e,n/e,n/e,n/e,29,
13:00 - 14:00,47,,n/e,n/e,n/e,n/e,141,,n/e,n/e,n/e,n/e,n/e,n/e,n/e,n/e,n/e,n/e,n/e,n/e,908,,n/e,n/e,n/e,n/e,n/e,n/e,0,,n/e,n/e,116,,n/e,n/e,n/e,n/e,33,
14:00 - 15:00,50,,n/e,n/e,n/e,n/e,142,,n/e,n/e,n/e,n/e,n/e,n/e,n/e,n/e,n/e,n/e,n/e,n/e,928,,n/e,n/e,n/e,n/e,n/e,n/e,0,,n/e,n/e,78,,n/e,n/e,n/e,n/e,37,
15:00 - 16:00,51,,n/e,n/e,n/e,n/e,149,,n/e,n/e,n/e,n/e,n/e,n/e,n/e,n/e,n/e,n/e,n/e,n/e,973,,n/e,n/e,n/e,n/e,n/e,n/e,0,,n/e,n/e,40,,n/e,n/e,n/e,n/e,37,
16:00 - 17:00,59,,n/e,n/e,n/e,n/e,160,,n/e,n/e,n/e,n/e,n/e,n/e,n/e,n/e,n/e,n/e,n/e,n/e,978,,n/e,n/e,n/e,n/e,n/e,n/e,0,,n/e,n/e,11,,n/e,n/e,n/e,n/e,33,
17:00 - 18:00,64,,n/e,n/e,n/e,n/e,164,,n/e,n/e,n/e,n/e,n/e,n/e,n/e,n/e,n/e,n/e,n/e,n/e,1093,,n/e,n/e,n/e,n/e,n/e,n/e,0,,n/e,n/e,1,,n/e,n/e,n/e,n/e,30,
18:00 - 19:00,64,,n/e,n/e,n/e,n/e,164,,n/e,n/e,n/e,n/e,n/e,n/e,n/e,n/e,n/e,n/e,n/e,n/e,1137,,n/e,n/e,n/e,n/e,n/e,n/e,0,,n/e,n/e,0,,n/e,n/e,n/e,n/e,19,
19:00 - 20:00,62,,n/e,n/e,n/e,n/e,161,,n/e,n/e,n/e,n/e,n/e,n/e,n/e,n/e,n/e,n/e,n/e,n/e,1006,,n/e,n/e,n/e,n/e,n/e,n/e,0,,n/e,n/e,0,,n/e,n/e,n/e,n/e,12,
20:00 - 21:00,60,,n/e,n/e,n/e,n/e,153,,n/e,n/e,n/e,n/e,n/e,n/e,n/e,n/e,n/e,n/e,n/e,n/e,818,,n/e,n/e,n/e,n/e,n/e,n/e,0,,n/e,n/e,0,,n/e,n/e,n/e,n/e,7,
21:00 - 22:00,57,,n/e,n/e,n/e,n/e,149,,n/e,n/e,n/e,n/e,n/e,n/e,n/e,n/e,n/e,n/e,n/e,n/e,780,,n/e,n/e,n/e,n/e,n/e,n/e,0,,n/e,n/e,0,,n/e,n/e,n/e,n/e,4,
22:00 - 23:00,55,,n/e,n/e,n/e,n/e,150,,n/e,n/e,n/e,n/e,n/e,n/e,n/e,n/e,n/e,n/e,n/e,n/e,860,,n/e,n/e,n/e,n/e,n/e,n/e,0,,n/e,n/e,0,,n/e,n/e,n/e,n/e,5,
23:00 - 00:00,55,,n/e,n/e,n/e,n/e,150,,n/e,n/e,n/e,n/e,n/e,n/e,n/e,n/e,n/e,n/e,n/e,n/e,860,,n/e,n/e,n/e,n/e,n/e,n/e,0,,n/e,n/e,0,,n/e,n/e,n/e,n/e,2,
00:00 - 01:00,55,,n/e,n/e,n/e,n/e,149,,n/e,n/e,n/e,n/e,n/e,n/e,n/e,n/e,n/e,n/e,n/e,n/e,862,,n/e,n/e,n/e,n/e,n/e,n/e,0,,n/e,n/e,0,,n/e,n/e,n/e,n/e,3,
01:00 - 02:00,57,,n/e,n/e,n/e,n/e,148,,n/e,n/e,n/e,n/e,n/e,n/e,n/e,n/e,n/e,n/e,n/e,n/e,870,,n/e,n/e,n/e,n/e,n/e,n/e,0,,n/e,n/e,0,,n/e,n/e,n/e,n/e,4,
02:00 - 03:00,58,,n/e,n/e,n/e,n/e,149,,n/e,n/e,n/e,n/e,n/e,n/e,n/e,n/e,n/e,n/e,n/e,n/e,869,,n/e,n/e,n/e,n/e,n/e,n/e,0,,n/e,n/e,0,,n/e,n/e,n/e,n/e,4,
03:00 - 04:00,61,,n/e,n/e,n/e,n/e,151,,n/e,n/e,n/e,n/e,n/e,n/e,n/e,n/e,n/e,n/e,n/e,n/e,869,,n/e,n/e,n/e,n/e,n/e,n/e,0,,n/e,n/e,2,,n/e,n/e,n/e,n/e,7,
04:00 - 05:00,63,,n/e,n/e,n/e,n/e,161,,n/e,n/e,n/e,n/e,n/e,n/e,n/e,n/e,n/e,n/e,n/e,n/e,902,,n/e,n/e,n/e,n/e,n/e,n/e,0,,n/e,n/e,10,,n/e,n/e,n/e,n/e,6,
05:00 - 06:00,67,,n/e,n/e,n/e,n/e,162,,n/e,n/e,n/e,n/e,n/e,n/e,n/e,n/e,n/e,n/e,n/e,n/e,1004,,n/e,n/e,n/e,n/e,n/e,n/e,0,,n/e,n/e,24,,n/e,n/e,n/e,n/e,6,
06:00 - 07:00,65,,n/e,n/e,n/e,n/e,161,,n/e,n/e,n/e,n/e,n/e,n/e,n/e,n/e,n/e,n/e,n/e,n/e,965,,n/e,n/e,n/e,n/e,n/e,n/e,0,,n/e,n/e,37,,n/e,n/e,n/e,n/e,6,
07:00 - 08:00,62,,n/e,n/e,n/e,n/e,157,,n/e,n/e,n/e,n/e,n/e,n/e,n/e,n/e,n/e,n/e,n/e,n/e,884,,n/e,n/e,n/e,n/e,n/e,n/e,0,,n/e,n/e,46,,n/e,n/e,n/e,n/e,5,
08:00 - 09:00,58,,n/e,n/e,n/e,n/e,157,,n/e,n/e,n/e,n/e,n/e,n/e,n/e,n/e,n/e,n/e,n/e,n/e,770,,n/e,n/e,n/e,n/e,n/e,n/e,0,,n/e,n/e,54,,n/e,n/e,n/e,n/e,9,
09:00 - 10:00,55,,n/e,n/e,n/e,n/e,157,,n/e,n/e,n/e,n/e,n/e,n/e,n/e,n/e,n/e,n/e,n/e,n/e,715,,n/e,n/e,n/e,n/e,n/e,n/e,0,,n/e,n/e,65,,n/e,n/e,n/e,n/e,10,
10:00 - 11:00,51,,n/e,n/e,n/e,n/e,155,,n/e,n/e,n/e,n/e,n/e,n/e,n/e,n/e,n/e,n/e,n/e,n/e,634,,n/e,n/e,n/e,n/e,n/e,n/e,0,,n/e,n/e,85,,n/e,n/e,n/e,n/e,8,
11:00 - 12:00,51,,n/e,n/e,n/e,n/e,142,,n/e,n/e,n/e,n/e,n/e,n/e,n/e,n/e,n/e,n/e,n/e,n/e,634,,n/e,n/e,n/e,n/e,n/e,n/e,0,,n/e,n/e,104,,n/e,n/e,n/e,n/e,14,
12:00 - 13:00,49,,n/e,n/e,n/e,n/e,137,,n/e,n/e,n/e,n/e,n/e,n/e,n/e,n/e,n/e,n/e,n/e,n/e,591,,n/e,n/e,n/e,n/e,n/e,n/e,0,,n/e,n/e,117,,n/e,n/e,n/e,n/e,21,
13:00 - 14:00,49,,n/e,n/e,n/e,n/e,135,,n/e,n/e,n/e,n/e,n/e,n/e,n/e,n/e,n/e,n/e,n/e,n/e,617,,n/e,n/e,n/e,n/e,n/e,n/e,0,,n/e,n/e,111,,n/e,n/e,n/e,n/e,22,
14:00 - 15:00,55,,n/e,n/e,n/e,n/e,133,,n/e,n/e,n/e,n/e,n/e,n/e,n/e,n/e,n/e,n/e,n/e,n/e,634,,n/e,n/e,n/e,n/e,n/e,n/e,0,,n/e,n/e,78,,n/e,n/e,n/e,n/e,18,
15:00 - 16:00,56,,n/e,n/e,n/e,n/e,137,,n/e,n/e,n/e,n/e,n/e,n/e,n/e,n/e,n/e,n/e,n/e,n/e,635,,n/e,n/e,n/e,n/e,n/e,n/e,0,,n/e,n/e,43,,n/e,n/e,n/e,n/e,17,
16:00 - 17:00,60,,n/e,n/e,n/e,n/e,144,,n/e,n/e,n/e,n/e,n/e,n/e,n/e,n/e,n/e,n/e,n/e,n/e,701,,n/e,n/e,n/e,n/e,n/e,n/e,0,,n/e,n/e,14,,n/e,n/e,n/e,n/e,17,
17:00 - 18:00,65,,n/e,n/e,n/e,n/e,156,,n/e,n/e,n/e,n/e,n/e,n/e,n/e,n/e,n/e,n/e,n/e,n/e,755,,n/e,n/e,n/e,n/e,n/e,n/e,0,,n/e,n/e,1,,n/e,n/e,n/e,n/e,12,
18:00 - 19:00,66,,n/e,n/e,n/e,n/e,158,,n/e,n/e,n/e,n/e,n/e,n/e,n/e,n/e,n/e,n/e,n/e,n/e,805,,n/e,n/e,n/e,n/e,n/e,n/e,0,,n/e,n/e,0,,n/e,n/e,n/e,n/e,15,
19:00 - 20:00,64,,n/e,n/e,n/e,n/e,147,,n/e,n/e,n/e,n/e,n/e,n/e,n/e,n/e,n/e,n/e,n/e,n/e,774,,n/e,n/e,n/e,n/e,n/e,n/e,0,,n/e,n/e,0,,n/e,n/e,n/e,n/e,14,
20:00 - 21:00,62,,n/e,n/e,n/e,n/e,143,,n/e,n/e,n/e,n/e,n/e,n/e,n/e,n/e,n/e,n/e,n/e,n/e,784,,n/e,n/e,n/e,n/e,n/e,n/e,0,,n/e,n/e,0,,n/e,n/e,n/e,n/e,14,
21:00 - 22:00,59,,n/e,n/e,n/e,n/e,142,,n/e,n/e,n/e,n/e,n/e,n/e,n/e,n/e,n/e,n/e,n/e,n/e,611,,n/e,n/e,n/e,n/e,n/e,n/e,0,,n/e,n/e,0,,n/e,n/e,n/e,n/e,13,
22:00 - 23:00,55,,n/e,n/e,n/e,n/e,148,,n/e,n/e,n/e,n/e,n/e,n/e,n/e,n/e,n/e,n/e,n/e,n/e,423,,n/e,n/e,n/e,n/e,n/e,n/e,0,,n/e,n/e,0,,n/e,n/e,n/e,n/e,23,
23:00 - 00:00,52,,n/e,n/e,n/e,n/e,145,,n/e,n/e,n/e,n/e,n/e,n/e,n/e,n/e,n/e,n/e,n/e,n/e,435,,n/e,n/e,n/e,n/e,n/e,n/e,0,,n/e,n/e,0,,n/e,n/e,n/e,n/e,12,
00:00 - 01:00,51,,n/e,n/e,n/e,n/e,144,,n/e,n/e,n/e,n/e,n/e,n/e,n/e,n/e,n/e,n/e,n/e,n/e,436,,n/e,n/e,n/e,n/e,n/e,n/e,0,,n/e,n/e,0,,n/e,n/e,n/e,n/e,12,
01:00 - 02:00,52,,n/e,n/e,n/e,n/e,143,,n/e,n/e,n/e,n/e,n/e,n/e,n/e,n/e,n/e,n/e,n/e,n/e,435,,n/e,n/e,n/e,n/e,n/e,n/e,0,,n/e,n/e,0,,n/e,n/e,n/e,n/e,12,
02:00 - 03:00,51,,n/e,n/e,n/e,n/e,142,,n/e,n/e,n/e,n/e,n/e,n/e,n/e,n/e,n/e,n/e,n/e,n/e,440,,n/e,n/e,n/e,n/e,n/e,n/e,0,,n/e,n/e,0,,n/e,n/e,n/e,n/e,14,
03:00 - 04:00,56,,n/e,n/e,n/e,n/e,146,,n/e,n/e,n/e,n/e,n/e,n/e,n/e,n/e,n/e,n/e,n/e,n/e,556,,n/e,n/e,n/e,n/e,n/e,n/e,0,,n/e,n/e,2,,n/e,n/e,n/e,n/e,10,
04:00 - 05:00,57,,n/e,n/e,n/e,n/e,159,,n/e,n/e,n/e,n/e,n/e,n/e,n/e,n/e,n/e,n/e,n/e,n/e,685,,n/e,n/e,n/e,n/e,n/e,n/e,0,,n/e,n/e,15,,n/e,n/e,n/e,n/e,10,
05:00 - 06:00,59,,n/e,n/e,n/e,n/e,159,,n/e,n/e,n/e,n/e,n/e,n/e,n/e,n/e,n/e,n/e,n/e,n/e,704,,n/e,n/e,n/e,n/e,n/e,n/e,0,,n/e,n/e,36,,n/e,n/e,n/e,n/e,5,
06:00 - 07:00,59,,n/e,n/e,n/e,n/e,160,,n/e,n/e,n/e,n/e,n/e,n/e,n/e,n/e,n/e,n/e,n/e,n/e,655,,n/e,n/e,n/e,n/e,n/e,n/e,0,,n/e,n/e,54,,n/e,n/e,n/e,n/e,9,
07:00 - 08:00,57,,n/e,n/e,n/e,n/e,154,,n/e,n/e,n/e,n/e,n/e,n/e,n/e,n/e,n/e,n/e,n/e,n/e,682,,n/e,n/e,n/e,n/e,n/e,n/e,0,,n/e,n/e,50,,n/e,n/e,n/e,n/e,6,
08:00 - 09:00,52,,n/e,n/e,n/e,n/e,150,,n/e,n/e,n/e,n/e,n/e,n/e,n/e,n/e,n/e,n/e,n/e,n/e,688,,n/e,n/e,n/e,n/e,n/e,n/e,0,,n/e,n/e,53,,n/e,n/e,n/e,n/e,8,
09:00 - 10:00,48,,n/e,n/e,n/e,n/e,150,,n/e,n/e,n/e,n/e,n/e,n/e,n/e,n/e,n/e,n/e,n/e,n/e,688,,n/e,n/e,n/e,n/e,n/e,n/e,0,,n/e,n/e,62,,n/e,n/e,n/e,n/e,9,
10:00 - 11:00,48,,n/e,n/e,n/e,n/e,150,,n/e,n/e,n/e,n/e,n/e,n/e,n/e,n/e,n/e,n/e,n/e,n/e,803,,n/e,n/e,n/e,n/e,n/e,n/e,0,,n/e,n/e,69,,n/e,n/e,n/e,n/e,6,
11:00 - 12:00,47,,n/e,n/e,n/e,n/e,150,,n/e,n/e,n/e,n/e,n/e,n/e,n/e,n/e,n/e,n/e,n/e,n/e,808,,n/e,n/e,n/e,n/e,n/e,n/e,0,,n/e,n/e,78,,n/e,n/e,n/e,n/e,5,
12:00 - 13:00,49,,n/e,n/e,n/e,n/e,150,,n/e,n/e,n/e,n/e,n/e,n/e,n/e,n/e,n/e,n/e,n/e,n/e,809,,n/e,n/e,n/e,n/e,n/e,n/e,0,,n/e,n/e,72,,n/e,n/e,n/e,n/e,9,
13:00 - 14:00,51,,n/e,n/e,n/e,n/e,147,,n/e,n/e,n/e,n/e,n/e,n/e,n/e,n/e,n/e,n/e,n/e,n/e,761,,n/e,n/e,n/e,n/e,n/e,n/e,0,,n/e,n/e,52,,n/e,n/e,n/e,n/e,17,
14:00 - 15:00,56,,n/e,n/e,n/e,n/e,150,,n/e,n/e,n/e,n/e,n/e,n/e,n/e,n/e,n/e,n/e,n/e,n/e,762,,n/e,n/e,n/e,n/e,n/e,n/e,0,,n/e,n/e,35,,n/e,n/e,n/e,n/e,15,
15:00 - 16:00,59,,n/e,n/e,n/e,n/e,157,,n/e,n/e,n/e,n/e,n/e,n/e,n/e,n/e,n/e,n/e,n/e,n/e,844,,n/e,n/e,n/e,n/e,n/e,n/e,0,,n/e,n/e,18,,n/e,n/e,n/e,n/e,12,
16:00 - 17:00,62,,n/e,n/e,n/e,n/e,157,,n/e,n/e,n/e,n/e,n/e,n/e,n/e,n/e,n/e,n/e,n/e,n/e,847,,n/e,n/e,n/e,n/e,n/e,n/e,0,,n/e,n/e,6,,n/e,n/e,n/e,n/e,9,
17:00 - 18:00,66,,n/e,n/e,n/e,n/e,156,,n/e,n/e,n/e,n/e,n/e,n/e,n/e,n/e,n/e,n/e,n/e,n/e,895,,n/e,n/e,n/e,n/e,n/e,n/e,0,,n/e,n/e,1,,n/e,n/e,n/e,n/e,18,
18:00 - 19:00,67,,n/e,n/e,n/e,n/e,155,,n/e,n/e,n/e,n/e,n/e,n/e,n/e,n/e,n/e,n/e,n/e,n/e,928,,n/e,n/e,n/e,n/e,n/e,n/e,0,,n/e,n/e,0,,n/e,n/e,n/e,n/e,16,
19:00 - 20:00,67,,n/e,n/e,n/e,n/e,153,,n/e,n/e,n/e,n/e,n/e,n/e,n/e,n/e,n/e,n/e,n/e,n/e,888,,n/e,n/e,n/e,n/e,n/e,n/e,0,,n/e,n/e,0,,n/e,n/e,n/e,n/e,9,
20:00 - 21:00,66,,n/e,n/e,n/e,n/e,150,,n/e,n/e,n/e,n/e,n/e,n/e,n/e,n/e,n/e,n/e,n/e,n/e,861,,n/e,n/e,n/e,n/e,n/e,n/e,0,,n/e,n/e,0,,n/e,n/e,n/e,n/e,1,
21:00 - 22:00,65,,n/e,n/e,n/e,n/e,144,,n/e,n/e,n/e,n/e,n/e,n/e,n/e,n/e,n/e,n/e,n/e,n/e,734,,n/e,n/e,n/e,n/e,n/e,n/e,0,,n/e,n/e,0,,n/e,n/e,n/e,n/e,0,
22:00 - 23:00,62,,n/e,n/e,n/e,n/e,144,,n/e,n/e,n/e,n/e,n/e,n/e,n/e,n/e,n/e,n/e,n/e,n/e,617,,n/e,n/e,n/e,n/e,n/e,n/e,0,,n/e,n/e,0,,n/e,n/e,n/e,n/e,1,
23:00 - 00:00,57,,n/e,n/e,n/e,n/e,144,,n/e,n/e,n/e,n/e,n/e,n/e,n/e,n/e,n/e,n/e,n/e,n/e,614,,n/e,n/e,n/e,n/e,n/e,n/e,0,,n/e,n/e,0,,n/e,n/e,n/e,n/e,0,
00:00 - 01:00,54,,n/e,n/e,n/e,n/e,144,,n/e,n/e,n/e,n/e,n/e,n/e,n/e,n/e,n/e,n/e,n/e,n/e,614,,n/e,n/e,n/e,n/e,n/e,n/e,0,,n/e,n/e,0,,n/e,n/e,n/e,n/e,0,
01:00 - 02:00,53,,n/e,n/e,n/e,n/e,144,,n/e,n/e,n/e,n/e,n/e,n/e,n/e,n/e,n/e,n/e,n/e,n/e,614,,n/e,n/e,n/e,n/e,n/e,n/e,0,,n/e,n/e,0,,n/e,n/e,n/e,n/e,0,
02:00 - 03:00,52,,n/e,n/e,n/e,n/e,143,,n/e,n/e,n/e,n/e,n/e,n/e,n/e,n/e,n/e,n/e,n/e,n/e,632,,n/e,n/e,n/e,n/e,n/e,n/e,0,,n/e,n/e,0,,n/e,n/e,n/e,n/e,1,
03:00 - 04:00,51,,n/e,n/e,n/e,n/e,143,,n/e,n/e,n/e,n/e,n/e,n/e,n/e,n/e,n/e,n/e,n/e,n/e,635,,n/e,n/e,n/e,n/e,n/e,n/e,0,,n/e,n/e,2,,n/e,n/e,n/e,n/e,6,
04:00 - 05:00,51,,n/e,n/e,n/e,n/e,144,,n/e,n/e,n/e,n/e,n/e,n/e,n/e,n/e,n/e,n/e,n/e,n/e,719,,n/e,n/e,n/e,n/e,n/e,n/e,0,,n/e,n/e,15,,n/e,n/e,n/e,n/e,4,
05:00 - 06:00,55,,n/e,n/e,n/e,n/e,144,,n/e,n/e,n/e,n/e,n/e,n/e,n/e,n/e,n/e,n/e,n/e,n/e,699,,n/e,n/e,n/e,n/e,n/e,n/e,0,,n/e,n/e,43,,n/e,n/e,n/e,n/e,3,
06:00 - 07:00,56,,n/e,n/e,n/e,n/e,145,,n/e,n/e,n/e,n/e,n/e,n/e,n/e,n/e,n/e,n/e,n/e,n/e,695,,n/e,n/e,n/e,n/e,n/e,n/e,0,,n/e,n/e,93,,n/e,n/e,n/e,n/e,12,
07:00 - 08:00,55,,n/e,n/e,n/e,n/e,143,,n/e,n/e,n/e,n/e,n/e,n/e,n/e,n/e,n/e,n/e,n/e,n/e,638,,n/e,n/e,n/e,n/e,n/e,n/e,0,,n/e,n/e,141,,n/e,n/e,n/e,n/e,15,
08:00 - 09:00,54,,n/e,n/e,n/e,n/e,142,,n/e,n/e,n/e,n/e,n/e,n/e,n/e,n/e,n/e,n/e,n/e,n/e,668,,n/e,n/e,n/e,n/e,n/e,n/e,0,,n/e,n/e,152,,n/e,n/e,n/e,n/e,17,
09:00 - 10:00,45,,n/e,n/e,n/e,n/e,141,,n/e,n/e,n/e,n/e,n/e,n/e,n/e,n/e,n/e,n/e,n/e,n/e,683,,n/e,n/e,n/e,n/e,n/e,n/e,0,,n/e,n/e,135,,n/e,n/e,n/e,n/e,20,
10:00 - 11:00,44,,n/e,n/e,n/e,n/e,141,,n/e,n/e,n/e,n/e,n/e,n/e,n/e,n/e,n/e,n/e,n/e,n/e,681,,n/e,n/e,n/e,n/e,n/e,n/e,0,,n/e,n/e,154,,n/e,n/e,n/e,n/e,16,
11:00 - 12:00,42,,n/e,n/e,n/e,n/e,138,,n/e,n/e,n/e,n/e,n/e,n/e,n/e,n/e,n/e,n/e,n/e,n/e,705,,n/e,n/e,n/e,n/e,n/e,n/e,0,,n/e,n/e,146,,n/e,n/e,n/e,n/e,11,
12:00 - 13:00,42,,n/e,n/e,n/e,n/e,139,,n/e,n/e,n/e,n/e,n/e,n/e,n/e,n/e,n/e,n/e,n/e,n/e,746,,n/e,n/e,n/e,n/e,n/e,n/e,0,,n/e,n/e,123,,n/e,n/e,n/e,n/e,15,
13:00 - 14:00,44,,n/e,n/e,n/e,n/e,140,,n/e,n/e,n/e,n/e,n/e,n/e,n/e,n/e,n/e,n/e,n/e,n/e,763,,n/e,n/e,n/e,n/e,n/e,n/e,0,,n/e,n/e,95,,n/e,n/e,n/e,n/e,22,
14:00 - 15:00,47,,n/e,n/e,n/e,n/e,143,,n/e,n/e,n/e,n/e,n/e,n/e,n/e,n/e,n/e,n/e,n/e,n/e,827,,n/e,n/e,n/e,n/e,n/e,n/e,0,,n/e,n/e,63,,n/e,n/e,n/e,n/e,21,
15:00 - 16:00,54,,n/e,n/e,n/e,n/e,152,,n/e,n/e,n/e,n/e,n/e,n/e,n/e,n/e,n/e,n/e,n/e,n/e,836,,n/e,n/e,n/e,n/e,n/e,n/e,0,,n/e,n/e,32,,n/e,n/e,n/e,n/e,18,
16:00 - 17:00,59,,n/e,n/e,n/e,n/e,154,,n/e,n/e,n/e,n/e,n/e,n/e,n/e,n/e,n/e,n/e,n/e,n/e,906,,n/e,n/e,n/e,n/e,n/e,n/e,0,,n/e,n/e,11,,n/e,n/e,n/e,n/e,13,
17:00 - 18:00,63,,n/e,n/e,n/e,n/e,153,,n/e,n/e,n/e,n/e,n/e,n/e,n/e,n/e,n/e,n/e,n/e,n/e,906,,n/e,n/e,n/e,n/e,n/e,n/e,0,,n/e,n/e,1,,n/e,n/e,n/e,n/e,11,
18:00 - 19:00,66,,n/e,n/e,n/e,n/e,153,,n/e,n/e,n/e,n/e,n/e,n/e,n/e,n/e,n/e,n/e,n/e,n/e,988,,n/e,n/e,n/e,n/e,n/e,n/e,0,,n/e,n/e,0,,n/e,n/e,n/e,n/e,9,
19:00 - 20:00,65,,n/e,n/e,n/e,n/e,153,,n/e,n/e,n/e,n/e,n/e,n/e,n/e,n/e,n/e,n/e,n/e,n/e,988,,n/e,n/e,n/e,n/e,n/e,n/e,0,,n/e,n/e,0,,n/e,n/e,n/e,n/e,4,
20:00 - 21:00,63,,n/e,n/e,n/e,n/e,149,,n/e,n/e,n/e,n/e,n/e,n/e,n/e,n/e,n/e,n/e,n/e,n/e,927,,n/e,n/e,n/e,n/e,n/e,n/e,0,,n/e,n/e,0,,n/e,n/e,n/e,n/e,6,
21:00 - 22:00,60,,n/e,n/e,n/e,n/e,148,,n/e,n/e,n/e,n/e,n/e,n/e,n/e,n/e,n/e,n/e,n/e,n/e,925,,n/e,n/e,n/e,n/e,n/e,n/e,0,,n/e,n/e,0,,n/e,n/e,n/e,n/e,8,
22:00 - 23:00,55,,n/e,n/e,n/e,n/e,149,,n/e,n/e,n/e,n/e,n/e,n/e,n/e,n/e,n/e,n/e,n/e,n/e,666,,n/e,n/e,n/e,n/e,n/e,n/e,0,,n/e,n/e,0,,n/e,n/e,n/e,n/e,10,
23:00 - 00:00,51,,n/e,n/e,n/e,n/e,149,,n/e,n/e,n/e,n/e,n/e,n/e,n/e,n/e,n/e,n/e,n/e,n/e,678,,n/e,n/e,n/e,n/e,n/e,n/e,0,,n/e,n/e,0,,n/e,n/e,n/e,n/e,6,
00:00 - 01:00,51,,n/e,n/e,n/e,n/e,149,,n/e,n/e,n/e,n/e,n/e,n/e,n/e,n/e,n/e,n/e,n/e,n/e,650,,n/e,n/e,n/e,n/e,n/e,n/e,0,,n/e,n/e,0,,n/e,n/e,n/e,n/e,5,
01:00 - 02:00,51,,n/e,n/e,n/e,n/e,149,,n/e,n/e,n/e,n/e,n/e,n/e,n/e,n/e,n/e,n/e,n/e,n/e,649,,n/e,n/e,n/e,n/e,n/e,n/e,0,,n/e,n/e,0,,n/e,n/e,n/e,n/e,8,
02:00 - 03:00,52,,n/e,n/e,n/e,n/e,149,,n/e,n/e,n/e,n/e,n/e,n/e,n/e,n/e,n/e,n/e,n/e,n/e,650,,n/e,n/e,n/e,n/e,n/e,n/e,0,,n/e,n/e,0,,n/e,n/e,n/e,n/e,3,
03:00 - 04:00,51,,n/e,n/e,n/e,n/e,149,,n/e,n/e,n/e,n/e,n/e,n/e,n/e,n/e,n/e,n/e,n/e,n/e,650,,n/e,n/e,n/e,n/e,n/e,n/e,0,,n/e,n/e,3,,n/e,n/e,n/e,n/e,1,
04:00 - 05:00,51,,n/e,n/e,n/e,n/e,149,,n/e,n/e,n/e,n/e,n/e,n/e,n/e,n/e,n/e,n/e,n/e,n/e,584,,n/e,n/e,n/e,n/e,n/e,n/e,0,,n/e,n/e,21,,n/e,n/e,n/e,n/e,0,
05:00 - 06:00,51,,n/e,n/e,n/e,n/e,148,,n/e,n/e,n/e,n/e,n/e,n/e,n/e,n/e,n/e,n/e,n/e,n/e,634,,n/e,n/e,n/e,n/e,n/e,n/e,0,,n/e,n/e,57,,n/e,n/e,n/e,n/e,0,
06:00 - 07:00,51,,n/e,n/e,n/e,n/e,148,,n/e,n/e,n/e,n/e,n/e,n/e,n/e,n/e,n/e,n/e,n/e,n/e,637,,n/e,n/e,n/e,n/e,n/e,n/e,0,,n/e,n/e,97,,n/e,n/e,n/e,n/e,0,
07:00 - 08:00,51,,n/e,n/e,n/e,n/e,148,,n/e,n/e,n/e,n/e,n/e,n/e,n/e,n/e,n/e,n/e,n/e,n/e,569,,n/e,n/e,n/e,n/e,n/e,n/e,0,,n/e,n/e,132,,n/e,n/e,n/e,n/e,0,
08:00 - 09:00,50,,n/e,n/e,n/e,n/e,145,,n/e,n/e,n/e,n/e,n/e,n/e,n/e,n/e,n/e,n/e,n/e,n/e,580,,n/e,n/e,n/e,n/e,n/e,n/e,0,,n/e,n/e,166,,n/e,n/e,n/e,n/e,1,
09:00 - 10:00,50,,n/e,n/e,n/e,n/e,143,,n/e,n/e,n/e,n/e,n/e,n/e,n/e,n/e,n/e,n/e,n/e,n/e,581,,n/e,n/e,n/e,n/e,n/e,n/e,0,,n/e,n/e,184,,n/e,n/e,n/e,n/e,1,
10:00 - 11:00,49,,n/e,n/e,n/e,n/e,144,,n/e,n/e,n/e,n/e,n/e,n/e,n/e,n/e,n/e,n/e,n/e,n/e,581,,n/e,n/e,n/e,n/e,n/e,n/e,0,,n/e,n/e,194,,n/e,n/e,n/e,n/e,2,
11:00 - 12:00,49,,n/e,n/e,n/e,n/e,144,,n/e,n/e,n/e,n/e,n/e,n/e,n/e,n/e,n/e,n/e,n/e,n/e,590,,n/e,n/e,n/e,n/e,n/e,n/e,0,,n/e,n/e,199,,n/e,n/e,n/e,n/e,5,
12:00 - 13:00,47,,n/e,n/e,n/e,n/e,144,,n/e,n/e,n/e,n/e,n/e,n/e,n/e,n/e,n/e,n/e,n/e,n/e,581,,n/e,n/e,n/e,n/e,n/e,n/e,0,,n/e,n/e,173,,n/e,n/e,n/e,n/e,13,
13:00 - 14:00,46,,n/e,n/e,n/e,n/e,146,,n/e,n/e,n/e,n/e,n/e,n/e,n/e,n/e,n/e,n/e,n/e,n/e,602,,n/e,n/e,n/e,n/e,n/e,n/e,0,,n/e,n/e,112,,n/e,n/e,n/e,n/e,20,
14:00 - 15:00,46,,n/e,n/e,n/e,n/e,146,,n/e,n/e,n/e,n/e,n/e,n/e,n/e,n/e,n/e,n/e,n/e,n/e,616,,n/e,n/e,n/e,n/e,n/e,n/e,0,,n/e,n/e,71,,n/e,n/e,n/e,n/e,26,
15:00 - 16:00,48,,n/e,n/e,n/e,n/e,152,,n/e,n/e,n/e,n/e,n/e,n/e,n/e,n/e,n/e,n/e,n/e,n/e,614,,n/e,n/e,n/e,n/e,n/e,n/e,0,,n/e,n/e,41,,n/e,n/e,n/e,n/e,47,
16:00 - 17:00,52,,n/e,n/e,n/e,n/e,154,,n/e,n/e,n/e,n/e,n/e,n/e,n/e,n/e,n/e,n/e,n/e,n/e,648,,n/e,n/e,n/e,n/e,n/e,n/e,0,,n/e,n/e,12,,n/e,n/e,n/e,n/e,38,
17:00 - 18:00,54,,n/e,n/e,n/e,n/e,154,,n/e,n/e,n/e,n/e,n/e,n/e,n/e,n/e,n/e,n/e,n/e,n/e,940,,n/e,n/e,n/e,n/e,n/e,n/e,0,,n/e,n/e,1,,n/e,n/e,n/e,n/e,22,
18:00 - 19:00,55,,n/e,n/e,n/e,n/e,154,,n/e,n/e,n/e,n/e,n/e,n/e,n/e,n/e,n/e,n/e,n/e,n/e,946,,n/e,n/e,n/e,n/e,n/e,n/e,0,,n/e,n/e,0,,n/e,n/e,n/e,n/e,26,
19:00 - 20:00,55,,n/e,n/e,n/e,n/e,154,,n/e,n/e,n/e,n/e,n/e,n/e,n/e,n/e,n/e,n/e,n/e,n/e,943,,n/e,n/e,n/e,n/e,n/e,n/e,0,,n/e,n/e,0,,n/e,n/e,n/e,n/e,37,
20:00 - 21:00,55,,n/e,n/e,n/e,n/e,150,,n/e,n/e,n/e,n/e,n/e,n/e,n/e,n/e,n/e,n/e,n/e,n/e,844,,n/e,n/e,n/e,n/e,n/e,n/e,0,,n/e,n/e,0,,n/e,n/e,n/e,n/e,39,
21:00 - 22:00,53,,n/e,n/e,n/e,n/e,148,,n/e,n/e,n/e,n/e,n/e,n/e,n/e,n/e,n/e,n/e,n/e,n/e,680,,n/e,n/e,n/e,n/e,n/e,n/e,0,,n/e,n/e,0,,n/e,n/e,n/e,n/e,39,
22:00 - 23:00,51,,n/e,n/e,n/e,n/e,150,,n/e,n/e,n/e,n/e,n/e,n/e,n/e,n/e,n/e,n/e,n/e,n/e,541,,n/e,n/e,n/e,n/e,n/e,n/e,0,,n/e,n/e,0,,n/e,n/e,n/e,n/e,41,
23:00 - 00:00,52,,n/e,n/e,n/e,n/e,150,,n/e,n/e,n/e,n/e,n/e,n/e,n/e,n/e,n/e,n/e,n/e,n/e,539,,n/e,n/e,n/e,n/e,n/e,n/e,0,,n/e,n/e,0,,n/e,n/e,n/e,n/e,45,
00:00 - 01:00,52,,n/e,n/e,n/e,n/e,150,,n/e,n/e,n/e,n/e,n/e,n/e,n/e,n/e,n/e,n/e,n/e,n/e,539,,n/e,n/e,n/e,n/e,n/e,n/e,0,,n/e,n/e,0,,n/e,n/e,n/e,n/e,40,
01:00 - 02:00,53,,n/e,n/e,n/e,n/e,150,,n/e,n/e,n/e,n/e,n/e,n/e,n/e,n/e,n/e,n/e,n/e,n/e,495,,n/e,n/e,n/e,n/e,n/e,n/e,0,,n/e,n/e,0,,n/e,n/e,n/e,n/e,36,
02:00 - 03:00,56,,n/e,n/e,n/e,n/e,149,,n/e,n/e,n/e,n/e,n/e,n/e,n/e,n/e,n/e,n/e,n/e,n/e,492,,n/e,n/e,n/e,n/e,n/e,n/e,0,,n/e,n/e,0,,n/e,n/e,n/e,n/e,41,
03:00 - 04:00,60,,n/e,n/e,n/e,n/e,148,,n/e,n/e,n/e,n/e,n/e,n/e,n/e,n/e,n/e,n/e,n/e,n/e,541,,n/e,n/e,n/e,n/e,n/e,n/e,0,,n/e,n/e,0,,n/e,n/e,n/e,n/e,56,
04:00 - 05:00,62,,n/e,n/e,n/e,n/e,159,,n/e,n/e,n/e,n/e,n/e,n/e,n/e,n/e,n/e,n/e,n/e,n/e,576,,n/e,n/e,n/e,n/e,n/e,n/e,0,,n/e,n/e,2,,n/e,n/e,n/e,n/e,60,
05:00 - 06:00,63,,n/e,n/e,n/e,n/e,159,,n/e,n/e,n/e,n/e,n/e,n/e,n/e,n/e,n/e,n/e,n/e,n/e,722,,n/e,n/e,n/e,n/e,n/e,n/e,0,,n/e,n/e,3,,n/e,n/e,n/e,n/e,64,
06:00 - 07:00,63,,n/e,n/e,n/e,n/e,159,,n/e,n/e,n/e,n/e,n/e,n/e,n/e,n/e,n/e,n/e,n/e,n/e,703,,n/e,n/e,n/e,n/e,n/e,n/e,0,,n/e,n/e,5,,n/e,n/e,n/e,n/e,81,
07:00 - 08:00,62,,n/e,n/e,n/e,n/e,158,,n/e,n/e,n/e,n/e,n/e,n/e,n/e,n/e,n/e,n/e,n/e,n/e,698,,n/e,n/e,n/e,n/e,n/e,n/e,0,,n/e,n/e,8,,n/e,n/e,n/e,n/e,84,
08:00 - 09:00,58,,n/e,n/e,n/e,n/e,154,,n/e,n/e,n/e,n/e,n/e,n/e,n/e,n/e,n/e,n/e,n/e,n/e,699,,n/e,n/e,n/e,n/e,n/e,n/e,0,,n/e,n/e,12,,n/e,n/e,n/e,n/e,98,
09:00 - 10:00,57,,n/e,n/e,n/e,n/e,154,,n/e,n/e,n/e,n/e,n/e,n/e,n/e,n/e,n/e,n/e,n/e,n/e,689,,n/e,n/e,n/e,n/e,n/e,n/e,0,,n/e,n/e,16,,n/e,n/e,n/e,n/e,108,
10:00 - 11:00,55,,n/e,n/e,n/e,n/e,154,,n/e,n/e,n/e,n/e,n/e,n/e,n/e,n/e,n/e,n/e,n/e,n/e,699,,n/e,n/e,n/e,n/e,n/e,n/e,0,,n/e,n/e,18,,n/e,n/e,n/e,n/e,112,
11:00 - 12:00,55,,n/e,n/e,n/e,n/e,154,,n/e,n/e,n/e,n/e,n/e,n/e,n/e,n/e,n/e,n/e,n/e,n/e,633,,n/e,n/e,n/e,n/e,n/e,n/e,0,,n/e,n/e,19,,n/e,n/e,n/e,n/e,114,
12:00 - 13:00,57,,n/e,n/e,n/e,n/e,154,,n/e,n/e,n/e,n/e,n/e,n/e,n/e,n/e,n/e,n/e,n/e,n/e,649,,n/e,n/e,n/e,n/e,n/e,n/e,0,,n/e,n/e,18,,n/e,n/e,n/e,n/e,108,
13:00 - 14:00,57,,n/e,n/e,n/e,n/e,154,,n/e,n/e,n/e,n/e,n/e,n/e,n/e,n/e,n/e,n/e,n/e,n/e,649,,n/e,n/e,n/e,n/e,n/e,n/e,0,,n/e,n/e,14,,n/e,n/e,n/e,n/e,107,
14:00 - 15:00,58,,n/e,n/e,n/e,n/e,155,,n/e,n/e,n/e,n/e,n/e,n/e,n/e,n/e,n/e,n/e,n/e,n/e,654,,n/e,n/e,n/e,n/e,n/e,n/e,0,,n/e,n/e,10,,n/e,n/e,n/e,n/e,96,
15:00 - 16:00,60,,n/e,n/e,n/e,n/e,159,,n/e,n/e,n/e,n/e,n/e,n/e,n/e,n/e,n/e,n/e,n/e,n/e,654,,n/e,n/e,n/e,n/e,n/e,n/e,0,,n/e,n/e,6,,n/e,n/e,n/e,n/e,91,
16:00 - 17:00,63,,n/e,n/e,n/e,n/e,161,,n/e,n/e,n/e,n/e,n/e,n/e,n/e,n/e,n/e,n/e,n/e,n/e,832,,n/e,n/e,n/e,n/e,n/e,n/e,0,,n/e,n/e,2,,n/e,n/e,n/e,n/e,87,
17:00 - 18:00,66,,n/e,n/e,n/e,n/e,161,,n/e,n/e,n/e,n/e,n/e,n/e,n/e,n/e,n/e,n/e,n/e,n/e,953,,n/e,n/e,n/e,n/e,n/e,n/e,0,,n/e,n/e,0,,n/e,n/e,n/e,n/e,88,
18:00 - 19:00,66,,n/e,n/e,n/e,n/e,161,,n/e,n/e,n/e,n/e,n/e,n/e,n/e,n/e,n/e,n/e,n/e,n/e,946,,n/e,n/e,n/e,n/e,n/e,n/e,0,,n/e,n/e,0,,n/e,n/e,n/e,n/e,93,
19:00 - 20:00,65,,n/e,n/e,n/e,n/e,161,,n/e,n/e,n/e,n/e,n/e,n/e,n/e,n/e,n/e,n/e,n/e,n/e,879,,n/e,n/e,n/e,n/e,n/e,n/e,0,,n/e,n/e,0,,n/e,n/e,n/e,n/e,96,
20:00 - 21:00,60,,n/e,n/e,n/e,n/e,158,,n/e,n/e,n/e,n/e,n/e,n/e,n/e,n/e,n/e,n/e,n/e,n/e,756,,n/e,n/e,n/e,n/e,n/e,n/e,0,,n/e,n/e,0,,n/e,n/e,n/e,n/e,88,
21:00 - 22:00,58,,n/e,n/e,n/e,n/e,153,,n/e,n/e,n/e,n/e,n/e,n/e,n/e,n/e,n/e,n/e,n/e,n/e,648,,n/e,n/e,n/e,n/e,n/e,n/e,0,,n/e,n/e,0,,n/e,n/e,n/e,n/e,85,
22:00 - 23:00,57,,n/e,n/e,n/e,n/e,152,,n/e,n/e,n/e,n/e,n/e,n/e,n/e,n/e,n/e,n/e,n/e,n/e,544,,n/e,n/e,n/e,n/e,n/e,n/e,0,,n/e,n/e,0,,n/e,n/e,n/e,n/e,82,
23:00 - 00:00,56,,n/e,n/e,n/e,n/e,152,,n/e,n/e,n/e,n/e,n/e,n/e,n/e,n/e,n/e,n/e,n/e,n/e,538,,n/e,n/e,n/e,n/e,n/e,n/e,0,,n/e,n/e,0,,n/e,n/e,n/e,n/e,85,
00:00 - 01:00,57,,n/e,n/e,n/e,n/e,152,,n/e,n/e,n/e,n/e,n/e,n/e,n/e,n/e,n/e,n/e,n/e,n/e,507,,n/e,n/e,n/e,n/e,n/e,n/e,0,,n/e,n/e,0,,n/e,n/e,n/e,n/e,81,
01:00 - 02:00,57,,n/e,n/e,n/e,n/e,152,,n/e,n/e,n/e,n/e,n/e,n/e,n/e,n/e,n/e,n/e,n/e,n/e,496,,n/e,n/e,n/e,n/e,n/e,n/e,0,,n/e,n/e,0,,n/e,n/e,n/e,n/e,84,
02:00 - 03:00,59,,n/e,n/e,n/e,n/e,151,,n/e,n/e,n/e,n/e,n/e,n/e,n/e,n/e,n/e,n/e,n/e,n/e,490,,n/e,n/e,n/e,n/e,n/e,n/e,0,,n/e,n/e,0,,n/e,n/e,n/e,n/e,82,
03:00 - 04:00,61,,n/e,n/e,n/e,n/e,155,,n/e,n/e,n/e,n/e,n/e,n/e,n/e,n/e,n/e,n/e,n/e,n/e,578,,n/e,n/e,n/e,n/e,n/e,n/e,0,,n/e,n/e,0,,n/e,n/e,n/e,n/e,82,
04:00 - 05:00,62,,n/e,n/e,n/e,n/e,159,,n/e,n/e,n/e,n/e,n/e,n/e,n/e,n/e,n/e,n/e,n/e,n/e,583,,n/e,n/e,n/e,n/e,n/e,n/e,0,,n/e,n/e,2,,n/e,n/e,n/e,n/e,77,
05:00 - 06:00,63,,n/e,n/e,n/e,n/e,159,,n/e,n/e,n/e,n/e,n/e,n/e,n/e,n/e,n/e,n/e,n/e,n/e,866,,n/e,n/e,n/e,n/e,n/e,n/e,0,,n/e,n/e,6,,n/e,n/e,n/e,n/e,66,
06:00 - 07:00,63,,n/e,n/e,n/e,n/e,159,,n/e,n/e,n/e,n/e,n/e,n/e,n/e,n/e,n/e,n/e,n/e,n/e,780,,n/e,n/e,n/e,n/e,n/e,n/e,0,,n/e,n/e,11,,n/e,n/e,n/e,n/e,51,
07:00 - 08:00,62,,n/e,n/e,n/e,n/e,160,,n/e,n/e,n/e,n/e,n/e,n/e,n/e,n/e,n/e,n/e,n/e,n/e,659,,n/e,n/e,n/e,n/e,n/e,n/e,0,,n/e,n/e,20,,n/e,n/e,n/e,n/e,46,
08:00 - 09:00,60,,n/e,n/e,n/e,n/e,155,,n/e,n/e,n/e,n/e,n/e,n/e,n/e,n/e,n/e,n/e,n/e,n/e,838,,n/e,n/e,n/e,n/e,n/e,n/e,0,,n/e,n/e,32,,n/e,n/e,n/e,n/e,36,
09:00 - 10:00,57,,n/e,n/e,n/e,n/e,155,,n/e,n/e,n/e,n/e,n/e,n/e,n/e,n/e,n/e,n/e,n/e,n/e,851,,n/e,n/e,n/e,n/e,n/e,n/e,0,,n/e,n/e,47,,n/e,n/e,n/e,n/e,33,
10:00 - 11:00,56,,n/e,n/e,n/e,n/e,154,,n/e,n/e,n/e,n/e,n/e,n/e,n/e,n/e,n/e,n/e,n/e,n/e,851,,n/e,n/e,n/e,n/e,n/e,n/e,0,,n/e,n/e,61,,n/e,n/e,n/e,n/e,34,
11:00 - 12:00,50,,n/e,n/e,n/e,n/e,154,,n/e,n/e,n/e,n/e,n/e,n/e,n/e,n/e,n/e,n/e,n/e,n/e,684,,n/e,n/e,n/e,n/e,n/e,n/e,0,,n/e,n/e,60,,n/e,n/e,n/e,n/e,34,
12:00 - 13:00,51,,n/e,n/e,n/e,n/e,154,,n/e,n/e,n/e,n/e,n/e,n/e,n/e,n/e,n/e,n/e,n/e,n/e,633,,n/e,n/e,n/e,n/e,n/e,n/e,0,,n/e,n/e,56,,n/e,n/e,n/e,n/e,31,
13:00 - 14:00,52,,n/e,n/e,n/e,n/e,157,,n/e,n/e,n/e,n/e,n/e,n/e,n/e,n/e,n/e,n/e,n/e,n/e,632,,n/e,n/e,n/e,n/e,n/e,n/e,0,,n/e,n/e,46,,n/e,n/e,n/e,n/e,25,
14:00 - 15:00,58,,n/e,n/e,n/e,n/e,161,,n/e,n/e,n/e,n/e,n/e,n/e,n/e,n/e,n/e,n/e,n/e,n/e,788,,n/e,n/e,n/e,n/e,n/e,n/e,0,,n/e,n/e,35,,n/e,n/e,n/e,n/e,37,
15:00 - 16:00,61,,n/e,n/e,n/e,n/e,161,,n/e,n/e,n/e,n/e,n/e,n/e,n/e,n/e,n/e,n/e,n/e,n/e,828,,n/e,n/e,n/e,n/e,n/e,n/e,0,,n/e,n/e,20,,n/e,n/e,n/e,n/e,41,
16:00 - 17:00,63,,n/e,n/e,n/e,n/e,160,,n/e,n/e,n/e,n/e,n/e,n/e,n/e,n/e,n/e,n/e,n/e,n/e,860,,n/e,n/e,n/e,n/e,n/e,n/e,0,,n/e,n/e,7,,n/e,n/e,n/e,n/e,23,
17:00 - 18:00,65,,n/e,n/e,n/e,n/e,160,,n/e,n/e,n/e,n/e,n/e,n/e,n/e,n/e,n/e,n/e,n/e,n/e,848,,n/e,n/e,n/e,n/e,n/e,n/e,0,,n/e,n/e,1,,n/e,n/e,n/e,n/e,17,
18:00 - 19:00,65,,n/e,n/e,n/e,n/e,160,,n/e,n/e,n/e,n/e,n/e,n/e,n/e,n/e,n/e,n/e,n/e,n/e,847,,n/e,n/e,n/e,n/e,n/e,n/e,0,,n/e,n/e,0,,n/e,n/e,n/e,n/e,17,
19:00 - 20:00,64,,n/e,n/e,n/e,n/e,157,,n/e,n/e,n/e,n/e,n/e,n/e,n/e,n/e,n/e,n/e,n/e,n/e,847,,n/e,n/e,n/e,n/e,n/e,n/e,0,,n/e,n/e,0,,n/e,n/e,n/e,n/e,22,
20:00 - 21:00,62,,n/e,n/e,n/e,n/e,155,,n/e,n/e,n/e,n/e,n/e,n/e,n/e,n/e,n/e,n/e,n/e,n/e,846,,n/e,n/e,n/e,n/e,n/e,n/e,0,,n/e,n/e,0,,n/e,n/e,n/e,n/e,17,
21:00 - 22:00,58,,n/e,n/e,n/e,n/e,152,,n/e,n/e,n/e,n/e,n/e,n/e,n/e,n/e,n/e,n/e,n/e,n/e,830,,n/e,n/e,n/e,n/e,n/e,n/e,0,,n/e,n/e,0,,n/e,n/e,n/e,n/e,12,
22:00 - 23:00,55,,n/e,n/e,n/e,n/e,152,,n/e,n/e,n/e,n/e,n/e,n/e,n/e,n/e,n/e,n/e,n/e,n/e,848,,n/e,n/e,n/e,n/e,n/e,n/e,0,,n/e,n/e,0,,n/e,n/e,n/e,n/e,15,
23:00 - 00:00,53,,n/e,n/e,n/e,n/e,152,,n/e,n/e,n/e,n/e,n/e,n/e,n/e,n/e,n/e,n/e,n/e,n/e,721,,n/e,n/e,n/e,n/e,n/e,n/e,0,,n/e,n/e,0,,n/e,n/e,n/e,n/e,14,
00:00 - 01:00,52,,n/e,n/e,n/e,n/e,152,,n/e,n/e,n/e,n/e,n/e,n/e,n/e,n/e,n/e,n/e,n/e,n/e,722,,n/e,n/e,n/e,n/e,n/e,n/e,0,,n/e,n/e,0,,n/e,n/e,n/e,n/e,17,
01:00 - 02:00,54,,n/e,n/e,n/e,n/e,152,,n/e,n/e,n/e,n/e,n/e,n/e,n/e,n/e,n/e,n/e,n/e,n/e,722,,n/e,n/e,n/e,n/e,n/e,n/e,0,,n/e,n/e,0,,n/e,n/e,n/e,n/e,11,
02:00 - 03:00,57,,n/e,n/e,n/e,n/e,154,,n/e,n/e,n/e,n/e,n/e,n/e,n/e,n/e,n/e,n/e,n/e,n/e,723,,n/e,n/e,n/e,n/e,n/e,n/e,0,,n/e,n/e,0,,n/e,n/e,n/e,n/e,10,
03:00 - 04:00,61,,n/e,n/e,n/e,n/e,154,,n/e,n/e,n/e,n/e,n/e,n/e,n/e,n/e,n/e,n/e,n/e,n/e,830,,n/e,n/e,n/e,n/e,n/e,n/e,0,,n/e,n/e,3,,n/e,n/e,n/e,n/e,15,
04:00 - 05:00,63,,n/e,n/e,n/e,n/e,158,,n/e,n/e,n/e,n/e,n/e,n/e,n/e,n/e,n/e,n/e,n/e,n/e,831,,n/e,n/e,n/e,n/e,n/e,n/e,0,,n/e,n/e,17,,n/e,n/e,n/e,n/e,12,
05:00 - 06:00,65,,n/e,n/e,n/e,n/e,157,,n/e,n/e,n/e,n/e,n/e,n/e,n/e,n/e,n/e,n/e,n/e,n/e,882,,n/e,n/e,n/e,n/e,n/e,n/e,0,,n/e,n/e,50,,n/e,n/e,n/e,n/e,5,
06:00 - 07:00,67,,n/e,n/e,n/e,n/e,155,,n/e,n/e,n/e,n/e,n/e,n/e,n/e,n/e,n/e,n/e,n/e,n/e,910,,n/e,n/e,n/e,n/e,n/e,n/e,0,,n/e,n/e,96,,n/e,n/e,n/e,n/e,4,
07:00 - 08:00,67,,n/e,n/e,n/e,n/e,141,,n/e,n/e,n/e,n/e,n/e,n/e,n/e,n/e,n/e,n/e,n/e,n/e,963,,n/e,n/e,n/e,n/e,n/e,n/e,0,,n/e,n/e,154,,n/e,n/e,n/e,n/e,5,
08:00 - 09:00,65,,n/e,n/e,n/e,n/e,120,,n/e,n/e,n/e,n/e,n/e,n/e,n/e,n/e,n/e,n/e,n/e,n/e,883,,n/e,n/e,n/e,n/e,n/e,n/e,0,,n/e,n/e,178,,n/e,n/e,n/e,n/e,9,
09:00 - 10:00,65,,n/e,n/e,n/e,n/e,81,,n/e,n/e,n/e,n/e,n/e,n/e,n/e,n/e,n/e,n/e,n/e,n/e,901,,n/e,n/e,n/e,n/e,n/e,n/e,0,,n/e,n/e,148,,n/e,n/e,n/e,n/e,10,
10:00 - 11:00,63,,n/e,n/e,n/e,n/e,54,,n/e,n/e,n/e,n/e,n/e,n/e,n/e,n/e,n/e,n/e,n/e,n/e,938,,n/e,n/e,n/e,n/e,n/e,n/e,0,,n/e,n/e,131,,n/e,n/e,n/e,n/e,9,
11:00 - 12:00,61,,n/e,n/e,n/e,n/e,68,,n/e,n/e,n/e,n/e,n/e,n/e,n/e,n/e,n/e,n/e,n/e,n/e,922,,n/e,n/e,n/e,n/e,n/e,n/e,0,,n/e,n/e,93,,n/e,n/e,n/e,n/e,7,
12:00 - 13:00,64,,n/e,n/e,n/e,n/e,74,,n/e,n/e,n/e,n/e,n/e,n/e,n/e,n/e,n/e,n/e,n/e,n/e,913,,n/e,n/e,n/e,n/e,n/e,n/e,0,,n/e,n/e,60,,n/e,n/e,n/e,n/e,8,
13:00 - 14:00,65,,n/e,n/e,n/e,n/e,66,,n/e,n/e,n/e,n/e,n/e,n/e,n/e,n/e,n/e,n/e,n/e,n/e,983,,n/e,n/e,n/e,n/e,n/e,n/e,0,,n/e,n/e,43,,n/e,n/e,n/e,n/e,14,
14:00 - 15:00,65,,n/e,n/e,n/e,n/e,87,,n/e,n/e,n/e,n/e,n/e,n/e,n/e,n/e,n/e,n/e,n/e,n/e,1007,,n/e,n/e,n/e,n/e,n/e,n/e,0,,n/e,n/e,29,,n/e,n/e,n/e,n/e,24,
15:00 - 16:00,66,,n/e,n/e,n/e,n/e,107,,n/e,n/e,n/e,n/e,n/e,n/e,n/e,n/e,n/e,n/e,n/e,n/e,1042,,n/e,n/e,n/e,n/e,n/e,n/e,0,,n/e,n/e,13,,n/e,n/e,n/e,n/e,23,
16:00 - 17:00,66,,n/e,n/e,n/e,n/e,151,,n/e,n/e,n/e,n/e,n/e,n/e,n/e,n/e,n/e,n/e,n/e,n/e,990,,n/e,n/e,n/e,n/e,n/e,n/e,0,,n/e,n/e,4,,n/e,n/e,n/e,n/e,28,
17:00 - 18:00,67,,n/e,n/e,n/e,n/e,160,,n/e,n/e,n/e,n/e,n/e,n/e,n/e,n/e,n/e,n/e,n/e,n/e,1127,,n/e,n/e,n/e,n/e,n/e,n/e,0,,n/e,n/e,1,,n/e,n/e,n/e,n/e,20,
18:00 - 19:00,68,,n/e,n/e,n/e,n/e,161,,n/e,n/e,n/e,n/e,n/e,n/e,n/e,n/e,n/e,n/e,n/e,n/e,1105,,n/e,n/e,n/e,n/e,n/e,n/e,0,,n/e,n/e,0,,n/e,n/e,n/e,n/e,16,
19:00 - 20:00,67,,n/e,n/e,n/e,n/e,160,,n/e,n/e,n/e,n/e,n/e,n/e,n/e,n/e,n/e,n/e,n/e,n/e,1023,,n/e,n/e,n/e,n/e,n/e,n/e,0,,n/e,n/e,0,,n/e,n/e,n/e,n/e,18,
20:00 - 21:00,64,,n/e,n/e,n/e,n/e,149,,n/e,n/e,n/e,n/e,n/e,n/e,n/e,n/e,n/e,n/e,n/e,n/e,973,,n/e,n/e,n/e,n/e,n/e,n/e,0,,n/e,n/e,0,,n/e,n/e,n/e,n/e,23,
21:00 - 22:00,59,,n/e,n/e,n/e,n/e,147,,n/e,n/e,n/e,n/e,n/e,n/e,n/e,n/e,n/e,n/e,n/e,n/e,904,,n/e,n/e,n/e,n/e,n/e,n/e,0,,n/e,n/e,0,,n/e,n/e,n/e,n/e,20,
22:00 - 23:00,56,,n/e,n/e,n/e,n/e,146,,n/e,n/e,n/e,n/e,n/e,n/e,n/e,n/e,n/e,n/e,n/e,n/e,813,,n/e,n/e,n/e,n/e,n/e,n/e,0,,n/e,n/e,0,,n/e,n/e,n/e,n/e,13,
23:00 - 00:00,54,,n/e,n/e,n/e,n/e,145,,n/e,n/e,n/e,n/e,n/e,n/e,n/e,n/e,n/e,n/e,n/e,n/e,813,,n/e,n/e,n/e,n/e,n/e,n/e,0,,n/e,n/e,0,,n/e,n/e,n/e,n/e,9,
00:00 - 01:00,54,,n/e,n/e,n/e,n/e,145,,n/e,n/e,n/e,n/e,n/e,n/e,n/e,n/e,n/e,n/e,n/e,n/e,812,,n/e,n/e,n/e,n/e,n/e,n/e,0,,n/e,n/e,0,,n/e,n/e,n/e,n/e,12,
01:00 - 02:00,56,,n/e,n/e,n/e,n/e,145,,n/e,n/e,n/e,n/e,n/e,n/e,n/e,n/e,n/e,n/e,n/e,n/e,897,,n/e,n/e,n/e,n/e,n/e,n/e,0,,n/e,n/e,0,,n/e,n/e,n/e,n/e,16,
02:00 - 03:00,58,,n/e,n/e,n/e,n/e,152,,n/e,n/e,n/e,n/e,n/e,n/e,n/e,n/e,n/e,n/e,n/e,n/e,955,,n/e,n/e,n/e,n/e,n/e,n/e,0,,n/e,n/e,0,,n/e,n/e,n/e,n/e,13,
03:00 - 04:00,62,,n/e,n/e,n/e,n/e,154,,n/e,n/e,n/e,n/e,n/e,n/e,n/e,n/e,n/e,n/e,n/e,n/e,1006,,n/e,n/e,n/e,n/e,n/e,n/e,0,,n/e,n/e,1,,n/e,n/e,n/e,n/e,16,
04:00 - 05:00,64,,n/e,n/e,n/e,n/e,157,,n/e,n/e,n/e,n/e,n/e,n/e,n/e,n/e,n/e,n/e,n/e,n/e,1114,,n/e,n/e,n/e,n/e,n/e,n/e,0,,n/e,n/e,7,,n/e,n/e,n/e,n/e,14,
05:00 - 06:00,67,,n/e,n/e,n/e,n/e,157,,n/e,n/e,n/e,n/e,n/e,n/e,n/e,n/e,n/e,n/e,n/e,n/e,1092,,n/e,n/e,n/e,n/e,n/e,n/e,0,,n/e,n/e,15,,n/e,n/e,n/e,n/e,10,
06:00 - 07:00,68,,n/e,n/e,n/e,n/e,158,,n/e,n/e,n/e,n/e,n/e,n/e,n/e,n/e,n/e,n/e,n/e,n/e,1092,,n/e,n/e,n/e,n/e,n/e,n/e,0,,n/e,n/e,21,,n/e,n/e,n/e,n/e,5,
07:00 - 08:00,63,,n/e,n/e,n/e,n/e,157,,n/e,n/e,n/e,n/e,n/e,n/e,n/e,n/e,n/e,n/e,n/e,n/e,1175,,n/e,n/e,n/e,n/e,n/e,n/e,0,,n/e,n/e,31,,n/e,n/e,n/e,n/e,2,
08:00 - 09:00,61,,n/e,n/e,n/e,n/e,148,,n/e,n/e,n/e,n/e,n/e,n/e,n/e,n/e,n/e,n/e,n/e,n/e,1075,,n/e,n/e,n/e,n/e,n/e,n/e,0,,n/e,n/e,39,,n/e,n/e,n/e,n/e,2,
09:00 - 10:00,58,,n/e,n/e,n/e,n/e,150,,n/e,n/e,n/e,n/e,n/e,n/e,n/e,n/e,n/e,n/e,n/e,n/e,1046,,n/e,n/e,n/e,n/e,n/e,n/e,0,,n/e,n/e,42,,n/e,n/e,n/e,n/e,2,
10:00 - 11:00,53,,n/e,n/e,n/e,n/e,144,,n/e,n/e,n/e,n/e,n/e,n/e,n/e,n/e,n/e,n/e,n/e,n/e,923,,n/e,n/e,n/e,n/e,n/e,n/e,0,,n/e,n/e,45,,n/e,n/e,n/e,n/e,2,
11:00 - 12:00,51,,n/e,n/e,n/e,n/e,139,,n/e,n/e,n/e,n/e,n/e,n/e,n/e,n/e,n/e,n/e,n/e,n/e,862,,n/e,n/e,n/e,n/e,n/e,n/e,0,,n/e,n/e,43,,n/e,n/e,n/e,n/e,2,
12:00 - 13:00,51,,n/e,n/e,n/e,n/e,139,,n/e,n/e,n/e,n/e,n/e,n/e,n/e,n/e,n/e,n/e,n/e,n/e,814,,n/e,n/e,n/e,n/e,n/e,n/e,0,,n/e,n/e,34,,n/e,n/e,n/e,n/e,5,
13:00 - 14:00,52,,n/e,n/e,n/e,n/e,141,,n/e,n/e,n/e,n/e,n/e,n/e,n/e,n/e,n/e,n/e,n/e,n/e,843,,n/e,n/e,n/e,n/e,n/e,n/e,0,,n/e,n/e,27,,n/e,n/e,n/e,n/e,8,
14:00 - 15:00,55,,n/e,n/e,n/e,n/e,145,,n/e,n/e,n/e,n/e,n/e,n/e,n/e,n/e,n/e,n/e,n/e,n/e,831,,n/e,n/e,n/e,n/e,n/e,n/e,0,,n/e,n/e,21,,n/e,n/e,n/e,n/e,6,
15:00 - 16:00,59,,n/e,n/e,n/e,n/e,147,,n/e,n/e,n/e,n/e,n/e,n/e,n/e,n/e,n/e,n/e,n/e,n/e,955,,n/e,n/e,n/e,n/e,n/e,n/e,0,,n/e,n/e,12,,n/e,n/e,n/e,n/e,5,
16:00 - 17:00,65,,n/e,n/e,n/e,n/e,149,,n/e,n/e,n/e,n/e,n/e,n/e,n/e,n/e,n/e,n/e,n/e,n/e,957,,n/e,n/e,n/e,n/e,n/e,n/e,0,,n/e,n/e,5,,n/e,n/e,n/e,n/e,6,
17:00 - 18:00,66,,n/e,n/e,n/e,n/e,154,,n/e,n/e,n/e,n/e,n/e,n/e,n/e,n/e,n/e,n/e,n/e,n/e,1148,,n/e,n/e,n/e,n/e,n/e,n/e,0,,n/e,n/e,1,,n/e,n/e,n/e,n/e,10,
18:00 - 19:00,70,,n/e,n/e,n/e,n/e,156,,n/e,n/e,n/e,n/e,n/e,n/e,n/e,n/e,n/e,n/e,n/e,n/e,1148,,n/e,n/e,n/e,n/e,n/e,n/e,0,,n/e,n/e,0,,n/e,n/e,n/e,n/e,11,
19:00 - 20:00,65,,n/e,n/e,n/e,n/e,148,,n/e,n/e,n/e,n/e,n/e,n/e,n/e,n/e,n/e,n/e,n/e,n/e,1055,,n/e,n/e,n/e,n/e,n/e,n/e,0,,n/e,n/e,0,,n/e,n/e,n/e,n/e,11,
20:00 - 21:00,63,,n/e,n/e,n/e,n/e,110,,n/e,n/e,n/e,n/e,n/e,n/e,n/e,n/e,n/e,n/e,n/e,n/e,955,,n/e,n/e,n/e,n/e,n/e,n/e,0,,n/e,n/e,0,,n/e,n/e,n/e,n/e,14,
21:00 - 22:00,58,,n/e,n/e,n/e,n/e,69,,n/e,n/e,n/e,n/e,n/e,n/e,n/e,n/e,n/e,n/e,n/e,n/e,907,,n/e,n/e,n/e,n/e,n/e,n/e,0,,n/e,n/e,0,,n/e,n/e,n/e,n/e,9,
22:00 - 23:00,55,,n/e,n/e,n/e,n/e,64,,n/e,n/e,n/e,n/e,n/e,n/e,n/e,n/e,n/e,n/e,n/e,n/e,974,,n/e,n/e,n/e,n/e,n/e,n/e,0,,n/e,n/e,0,,n/e,n/e,n/e,n/e,10,
23:00 - 00:00,52,,n/e,n/e,n/e,n/e,64,,n/e,n/e,n/e,n/e,n/e,n/e,n/e,n/e,n/e,n/e,n/e,n/e,973,,n/e,n/e,n/e,n/e,n/e,n/e,0,,n/e,n/e,0,,n/e,n/e,n/e,n/e,13,
00:00 - 01:00,50,,n/e,n/e,n/e,n/e,64,,n/e,n/e,n/e,n/e,n/e,n/e,n/e,n/e,n/e,n/e,n/e,n/e,974,,n/e,n/e,n/e,n/e,n/e,n/e,0,,n/e,n/e,0,,n/e,n/e,n/e,n/e,13,
01:00 - 02:00,52,,n/e,n/e,n/e,n/e,64,,n/e,n/e,n/e,n/e,n/e,n/e,n/e,n/e,n/e,n/e,n/e,n/e,1008,,n/e,n/e,n/e,n/e,n/e,n/e,0,,n/e,n/e,0,,n/e,n/e,n/e,n/e,10,
02:00 - 03:00,52,,n/e,n/e,n/e,n/e,64,,n/e,n/e,n/e,n/e,n/e,n/e,n/e,n/e,n/e,n/e,n/e,n/e,987,,n/e,n/e,n/e,n/e,n/e,n/e,0,,n/e,n/e,0,,n/e,n/e,n/e,n/e,8,
03:00 - 04:00,55,,n/e,n/e,n/e,n/e,65,,n/e,n/e,n/e,n/e,n/e,n/e,n/e,n/e,n/e,n/e,n/e,n/e,971,,n/e,n/e,n/e,n/e,n/e,n/e,0,,n/e,n/e,6,,n/e,n/e,n/e,n/e,8,
04:00 - 05:00,58,,n/e,n/e,n/e,n/e,66,,n/e,n/e,n/e,n/e,n/e,n/e,n/e,n/e,n/e,n/e,n/e,n/e,1059,,n/e,n/e,n/e,n/e,n/e,n/e,0,,n/e,n/e,26,,n/e,n/e,n/e,n/e,3,
05:00 - 06:00,59,,n/e,n/e,n/e,n/e,68,,n/e,n/e,n/e,n/e,n/e,n/e,n/e,n/e,n/e,n/e,n/e,n/e,1029,,n/e,n/e,n/e,n/e,n/e,n/e,0,,n/e,n/e,61,,n/e,n/e,n/e,n/e,1,
06:00 - 07:00,59,,n/e,n/e,n/e,n/e,68,,n/e,n/e,n/e,n/e,n/e,n/e,n/e,n/e,n/e,n/e,n/e,n/e,1131,,n/e,n/e,n/e,n/e,n/e,n/e,0,,n/e,n/e,91,,n/e,n/e,n/e,n/e,0,
07:00 - 08:00,57,,n/e,n/e,n/e,n/e,65,,n/e,n/e,n/e,n/e,n/e,n/e,n/e,n/e,n/e,n/e,n/e,n/e,1132,,n/e,n/e,n/e,n/e,n/e,n/e,0,,n/e,n/e,142,,n/e,n/e,n/e,n/e,0,
08:00 - 09:00,51,,n/e,n/e,n/e,n/e,65,,n/e,n/e,n/e,n/e,n/e,n/e,n/e,n/e,n/e,n/e,n/e,n/e,1133,,n/e,n/e,n/e,n/e,n/e,n/e,0,,n/e,n/e,199,,n/e,n/e,n/e,n/e,1,
09:00 - 10:00,51,,n/e,n/e,n/e,n/e,65,,n/e,n/e,n/e,n/e,n/e,n/e,n/e,n/e,n/e,n/e,n/e,n/e,1212,,n/e,n/e,n/e,n/e,n/e,n/e,0,,n/e,n/e,201,,n/e,n/e,n/e,n/e,1,
10:00 - 11:00,51,,n/e,n/e,n/e,n/e,56,,n/e,n/e,n/e,n/e,n/e,n/e,n/e,n/e,n/e,n/e,n/e,n/e,1131,,n/e,n/e,n/e,n/e,n/e,n/e,0,,n/e,n/e,157,,n/e,n/e,n/e,n/e,4,
11:00 - 12:00,49,,n/e,n/e,n/e,n/e,35,,n/e,n/e,n/e,n/e,n/e,n/e,n/e,n/e,n/e,n/e,n/e,n/e,1243,,n/e,n/e,n/e,n/e,n/e,n/e,0,,n/e,n/e,146,,n/e,n/e,n/e,n/e,10,
12:00 - 13:00,49,,n/e,n/e,n/e,n/e,28,,n/e,n/e,n/e,n/e,n/e,n/e,n/e,n/e,n/e,n/e,n/e,n/e,1253,,n/e,n/e,n/e,n/e,n/e,n/e,0,,n/e,n/e,155,,n/e,n/e,n/e,n/e,11,
13:00 - 14:00,49,,n/e,n/e,n/e,n/e,28,,n/e,n/e,n/e,n/e,n/e,n/e,n/e,n/e,n/e,n/e,n/e,n/e,1232,,n/e,n/e,n/e,n/e,n/e,n/e,0,,n/e,n/e,117,,n/e,n/e,n/e,n/e,8,
14:00 - 15:00,51,,n/e,n/e,n/e,n/e,40,,n/e,n/e,n/e,n/e,n/e,n/e,n/e,n/e,n/e,n/e,n/e,n/e,1234,,n/e,n/e,n/e,n/e,n/e,n/e,0,,n/e,n/e,82,,n/e,n/e,n/e,n/e,4,
15:00 - 16:00,55,,n/e,n/e,n/e,n/e,63,,n/e,n/e,n/e,n/e,n/e,n/e,n/e,n/e,n/e,n/e,n/e,n/e,1130,,n/e,n/e,n/e,n/e,n/e,n/e,0,,n/e,n/e,53,,n/e,n/e,n/e,n/e,1,
16:00 - 17:00,59,,n/e,n/e,n/e,n/e,73,,n/e,n/e,n/e,n/e,n/e,n/e,n/e,n/e,n/e,n/e,n/e,n/e,1130,,n/e,n/e,n/e,n/e,n/e,n/e,0,,n/e,n/e,21,,n/e,n/e,n/e,n/e,0,
17:00 - 18:00,62,,n/e,n/e,n/e,n/e,78,,n/e,n/e,n/e,n/e,n/e,n/e,n/e,n/e,n/e,n/e,n/e,n/e,1273,,n/e,n/e,n/e,n/e,n/e,n/e,0,,n/e,n/e,3,,n/e,n/e,n/e,n/e,0,
18:00 - 19:00,62,,n/e,n/e,n/e,n/e,68,,n/e,n/e,n/e,n/e,n/e,n/e,n/e,n/e,n/e,n/e,n/e,n/e,1277,,n/e,n/e,n/e,n/e,n/e,n/e,0,,n/e,n/e,0,,n/e,n/e,n/e,n/e,0,
19:00 - 20:00,61,,n/e,n/e,n/e,n/e,55,,n/e,n/e,n/e,n/e,n/e,n/e,n/e,n/e,n/e,n/e,n/e,n/e,1113,,n/e,n/e,n/e,n/e,n/e,n/e,0,,n/e,n/e,0,,n/e,n/e,n/e,n/e,2,
20:00 - 21:00,57,,n/e,n/e,n/e,n/e,37,,n/e,n/e,n/e,n/e,n/e,n/e,n/e,n/e,n/e,n/e,n/e,n/e,1188,,n/e,n/e,n/e,n/e,n/e,n/e,0,,n/e,n/e,0,,n/e,n/e,n/e,n/e,5,
21:00 - 22:00,53,,n/e,n/e,n/e,n/e,1,,n/e,n/e,n/e,n/e,n/e,n/e,n/e,n/e,n/e,n/e,n/e,n/e,1179,,n/e,n/e,n/e,n/e,n/e,n/e,0,,n/e,n/e,0,,n/e,n/e,n/e,n/e,7,
22:00 - 23:00,49,,n/e,n/e,n/e,n/e,1,,n/e,n/e,n/e,n/e,n/e,n/e,n/e,n/e,n/e,n/e,n/e,n/e,1179,,n/e,n/e,n/e,n/e,n/e,n/e,0,,n/e,n/e,0,,n/e,n/e,n/e,n/e,12,
23:00 - 00:00,49,,n/e,n/e,n/e,n/e,1,,n/e,n/e,n/e,n/e,n/e,n/e,n/e,n/e,n/e,n/e,n/e,n/e,1179,,n/e,n/e,n/e,n/e,n/e,n/e,0,,n/e,n/e,0,,n/e,n/e,n/e,n/e,18,
00:00 - 01:00,49,,n/e,n/e,n/e,n/e,1,,n/e,n/e,n/e,n/e,n/e,n/e,n/e,n/e,n/e,n/e,n/e,n/e,1178,,n/e,n/e,n/e,n/e,n/e,n/e,0,,n/e,n/e,0,,n/e,n/e,n/e,n/e,21,
01:00 - 02:00,48,,n/e,n/e,n/e,n/e,1,,n/e,n/e,n/e,n/e,n/e,n/e,n/e,n/e,n/e,n/e,n/e,n/e,1183,,n/e,n/e,n/e,n/e,n/e,n/e,0,,n/e,n/e,0,,n/e,n/e,n/e,n/e,24,
02:00 - 03:00,48,,n/e,n/e,n/e,n/e,1,,n/e,n/e,n/e,n/e,n/e,n/e,n/e,n/e,n/e,n/e,n/e,n/e,1187,,n/e,n/e,n/e,n/e,n/e,n/e,0,,n/e,n/e,0,,n/e,n/e,n/e,n/e,33,
03:00 - 04:00,48,,n/e,n/e,n/e,n/e,1,,n/e,n/e,n/e,n/e,n/e,n/e,n/e,n/e,n/e,n/e,n/e,n/e,1217,,n/e,n/e,n/e,n/e,n/e,n/e,0,,n/e,n/e,4,,n/e,n/e,n/e,n/e,37,
04:00 - 05:00,48,,n/e,n/e,n/e,n/e,1,,n/e,n/e,n/e,n/e,n/e,n/e,n/e,n/e,n/e,n/e,n/e,n/e,1215,,n/e,n/e,n/e,n/e,n/e,n/e,0,,n/e,n/e,16,,n/e,n/e,n/e,n/e,36,
05:00 - 06:00,48,,n/e,n/e,n/e,n/e,0,,n/e,n/e,n/e,n/e,n/e,n/e,n/e,n/e,n/e,n/e,n/e,n/e,1233,,n/e,n/e,n/e,n/e,n/e,n/e,0,,n/e,n/e,44,,n/e,n/e,n/e,n/e,17,
06:00 - 07:00,49,,n/e,n/e,n/e,n/e,0,,n/e,n/e,n/e,n/e,n/e,n/e,n/e,n/e,n/e,n/e,n/e,n/e,1152,,n/e,n/e,n/e,n/e,n/e,n/e,0,,n/e,n/e,105,,n/e,n/e,n/e,n/e,6,
07:00 - 08:00,48,,n/e,n/e,n/e,n/e,0,,n/e,n/e,n/e,n/e,n/e,n/e,n/e,n/e,n/e,n/e,n/e,n/e,1151,,n/e,n/e,n/e,n/e,n/e,n/e,0,,n/e,n/e,158,,n/e,n/e,n/e,n/e,8,
08:00 - 09:00,47,,n/e,n/e,n/e,n/e,0,,n/e,n/e,n/e,n/e,n/e,n/e,n/e,n/e,n/e,n/e,n/e,n/e,1125,,n/e,n/e,n/e,n/e,n/e,n/e,0,,n/e,n/e,200,,n/e,n/e,n/e,n/e,15,
09:00 - 10:00,46,,n/e,n/e,n/e,n/e,0,,n/e,n/e,n/e,n/e,n/e,n/e,n/e,n/e,n/e,n/e,n/e,n/e,1150,,n/e,n/e,n/e,n/e,n/e,n/e,0,,n/e,n/e,233,,n/e,n/e,n/e,n/e,26,
10:00 - 11:00,45,,n/e,n/e,n/e,n/e,0,,n/e,n/e,n/e,n/e,n/e,n/e,n/e,n/e,n/e,n/e,n/e,n/e,1104,,n/e,n/e,n/e,n/e,n/e,n/e,0,,n/e,n/e,226,,n/e,n/e,n/e,n/e,35,
11:00 - 12:00,43,,n/e,n/e,n/e,n/e,0,,n/e,n/e,n/e,n/e,n/e,n/e,n/e,n/e,n/e,n/e,n/e,n/e,1042,,n/e,n/e,n/e,n/e,n/e,n/e,0,,n/e,n/e,197,,n/e,n/e,n/e,n/e,42,
12:00 - 13:00,43,,n/e,n/e,n/e,n/e,0,,n/e,n/e,n/e,n/e,n/e,n/e,n/e,n/e,n/e,n/e,n/e,n/e,1060,,n/e,n/e,n/e,n/e,n/e,n/e,0,,n/e,n/e,162,,n/e,n/e,n/e,n/e,30,
13:00 - 14:00,42,,n/e,n/e,n/e,n/e,0,,n/e,n/e,n/e,n/e,n/e,n/e,n/e,n/e,n/e,n/e,n/e,n/e,1129,,n/e,n/e,n/e,n/e,n/e,n/e,0,,n/e,n/e,112,,n/e,n/e,n/e,n/e,22,
14:00 - 15:00,42,,n/e,n/e,n/e,n/e,0,,n/e,n/e,n/e,n/e,n/e,n/e,n/e,n/e,n/e,n/e,n/e,n/e,1188,,n/e,n/e,n/e,n/e,n/e,n/e,0,,n/e,n/e,80,,n/e,n/e,n/e,n/e,28,
15:00 - 16:00,44,,n/e,n/e,n/e,n/e,5,,n/e,n/e,n/e,n/e,n/e,n/e,n/e,n/e,n/e,n/e,n/e,n/e,1235,,n/e,n/e,n/e,n/e,n/e,n/e,0,,n/e,n/e,45,,n/e,n/e,n/e,n/e,27,
16:00 - 17:00,49,,n/e,n/e,n/e,n/e,7,,n/e,n/e,n/e,n/e,n/e,n/e,n/e,n/e,n/e,n/e,n/e,n/e,1241,,n/e,n/e,n/e,n/e,n/e,n/e,0,,n/e,n/e,14,,n/e,n/e,n/e,n/e,9,
17:00 - 18:00,53,,n/e,n/e,n/e,n/e,11,,n/e,n/e,n/e,n/e,n/e,n/e,n/e,n/e,n/e,n/e,n/e,n/e,1292,,n/e,n/e,n/e,n/e,n/e,n/e,0,,n/e,n/e,2,,n/e,n/e,n/e,n/e,6,
18:00 - 19:00,54,,n/e,n/e,n/e,n/e,11,,n/e,n/e,n/e,n/e,n/e,n/e,n/e,n/e,n/e,n/e,n/e,n/e,1292,,n/e,n/e,n/e,n/e,n/e,n/e,0,,n/e,n/e,0,,n/e,n/e,n/e,n/e,2,
19:00 - 20:00,50,,n/e,n/e,n/e,n/e,8,,n/e,n/e,n/e,n/e,n/e,n/e,n/e,n/e,n/e,n/e,n/e,n/e,1129,,n/e,n/e,n/e,n/e,n/e,n/e,0,,n/e,n/e,0,,n/e,n/e,n/e,n/e,1,
20:00 - 21:00,49,,n/e,n/e,n/e,n/e,1,,n/e,n/e,n/e,n/e,n/e,n/e,n/e,n/e,n/e,n/e,n/e,n/e,1145,,n/e,n/e,n/e,n/e,n/e,n/e,0,,n/e,n/e,0,,n/e,n/e,n/e,n/e,1,
21:00 - 22:00,47,,n/e,n/e,n/e,n/e,0,,n/e,n/e,n/e,n/e,n/e,n/e,n/e,n/e,n/e,n/e,n/e,n/e,1224,,n/e,n/e,n/e,n/e,n/e,n/e,0,,n/e,n/e,0,,n/e,n/e,n/e,n/e,5,
22:00 - 23:00,47,,n/e,n/e,n/e,n/e,0,,n/e,n/e,n/e,n/e,n/e,n/e,n/e,n/e,n/e,n/e,n/e,n/e,1226,,n/e,n/e,n/e,n/e,n/e,n/e,0,,n/e,n/e,0,,n/e,n/e,n/e,n/e,8,
23:00 - 00:00,45,,n/e,n/e,n/e,n/e,0,,n/e,n/e,n/e,n/e,n/e,n/e,n/e,n/e,n/e,n/e,n/e,n/e,1230,,n/e,n/e,n/e,n/e,n/e,n/e,0,,n/e,n/e,0,,n/e,n/e,n/e,n/e,8,
00:00 - 01:00,44,,n/e,n/e,n/e,n/e,0,,n/e,n/e,n/e,n/e,n/e,n/e,n/e,n/e,n/e,n/e,n/e,n/e,1228,,n/e,n/e,n/e,n/e,n/e,n/e,0,,n/e,n/e,0,,n/e,n/e,n/e,n/e,7,
01:00 - 02:00,43,,n/e,n/e,n/e,n/e,0,,n/e,n/e,n/e,n/e,n/e,n/e,n/e,n/e,n/e,n/e,n/e,n/e,1222,,n/e,n/e,n/e,n/e,n/e,n/e,0,,n/e,n/e,0,,n/e,n/e,n/e,n/e,8,
02:00 - 03:00,42,,n/e,n/e,n/e,n/e,0,,n/e,n/e,n/e,n/e,n/e,n/e,n/e,n/e,n/e,n/e,n/e,n/e,1221,,n/e,n/e,n/e,n/e,n/e,n/e,0,,n/e,n/e,0,,n/e,n/e,n/e,n/e,8,
03:00 - 04:00,42,,n/e,n/e,n/e,n/e,0,,n/e,n/e,n/e,n/e,n/e,n/e,n/e,n/e,n/e,n/e,n/e,n/e,1212,,n/e,n/e,n/e,n/e,n/e,n/e,0,,n/e,n/e,6,,n/e,n/e,n/e,n/e,9,
04:00 - 05:00,39,,n/e,n/e,n/e,n/e,0,,n/e,n/e,n/e,n/e,n/e,n/e,n/e,n/e,n/e,n/e,n/e,n/e,1256,,n/e,n/e,n/e,n/e,n/e,n/e,0,,n/e,n/e,32,,n/e,n/e,n/e,n/e,7,
05:00 - 06:00,37,,n/e,n/e,n/e,n/e,2,,n/e,n/e,n/e,n/e,n/e,n/e,n/e,n/e,n/e,n/e,n/e,n/e,1137,,n/e,n/e,n/e,n/e,n/e,n/e,0,,n/e,n/e,77,,n/e,n/e,n/e,n/e,3,
06:00 - 07:00,38,,n/e,n/e,n/e,n/e,0,,n/e,n/e,n/e,n/e,n/e,n/e,n/e,n/e,n/e,n/e,n/e,n/e,1295,,n/e,n/e,n/e,n/e,n/e,n/e,0,,n/e,n/e,130,,n/e,n/e,n/e,n/e,0,
07:00 - 08:00,38,,n/e,n/e,n/e,n/e,0,,n/e,n/e,n/e,n/e,n/e,n/e,n/e,n/e,n/e,n/e,n/e,n/e,1067,,n/e,n/e,n/e,n/e,n/e,n/e,0,,n/e,n/e,175,,n/e,n/e,n/e,n/e,1,
08:00 - 09:00,38,,n/e,n/e,n/e,n/e,0,,n/e,n/e,n/e,n/e,n/e,n/e,n/e,n/e,n/e,n/e,n/e,n/e,781,,n/e,n/e,n/e,n/e,n/e,n/e,0,,n/e,n/e,210,,n/e,n/e,n/e,n/e,7,
09:00 - 10:00,38,,n/e,n/e,n/e,n/e,0,,n/e,n/e,n/e,n/e,n/e,n/e,n/e,n/e,n/e,n/e,n/e,n/e,553,,n/e,n/e,n/e,n/e,n/e,n/e,0,,n/e,n/e,210,,n/e,n/e,n/e,n/e,13,
10:00 - 11:00,38,,n/e,n/e,n/e,n/e,0,,n/e,n/e,n/e,n/e,n/e,n/e,n/e,n/e,n/e,n/e,n/e,n/e,698,,n/e,n/e,n/e,n/e,n/e,n/e,0,,n/e,n/e,214,,n/e,n/e,n/e,n/e,11,
11:00 - 12:00,38,,n/e,n/e,n/e,n/e,0,,n/e,n/e,n/e,n/e,n/e,n/e,n/e,n/e,n/e,n/e,n/e,n/e,720,,n/e,n/e,n/e,n/e,n/e,n/e,0,,n/e,n/e,201,,n/e,n/e,n/e,n/e,13,
12:00 - 13:00,38,,n/e,n/e,n/e,n/e,0,,n/e,n/e,n/e,n/e,n/e,n/e,n/e,n/e,n/e,n/e,n/e,n/e,782,,n/e,n/e,n/e,n/e,n/e,n/e,0,,n/e,n/e,174,,n/e,n/e,n/e,n/e,9,
13:00 - 14:00,37,,n/e,n/e,n/e,n/e,0,,n/e,n/e,n/e,n/e,n/e,n/e,n/e,n/e,n/e,n/e,n/e,n/e,799,,n/e,n/e,n/e,n/e,n/e,n/e,0,,n/e,n/e,147,,n/e,n/e,n/e,n/e,4,
14:00 - 15:00,37,,n/e,n/e,n/e,n/e,0,,n/e,n/e,n/e,n/e,n/e,n/e,n/e,n/e,n/e,n/e,n/e,n/e,1034,,n/e,n/e,n/e,n/e,n/e,n/e,0,,n/e,n/e,113,,n/e,n/e,n/e,n/e,2,
15:00 - 16:00,38,,n/e,n/e,n/e,n/e,0,,n/e,n/e,n/e,n/e,n/e,n/e,n/e,n/e,n/e,n/e,n/e,n/e,1105,,n/e,n/e,n/e,n/e,n/e,n/e,0,,n/e,n/e,68,,n/e,n/e,n/e,n/e,4,
16:00 - 17:00,40,,n/e,n/e,n/e,n/e,0,,n/e,n/e,n/e,n/e,n/e,n/e,n/e,n/e,n/e,n/e,n/e,n/e,1258,,n/e,n/e,n/e,n/e,n/e,n/e,0,,n/e,n/e,21,,n/e,n/e,n/e,n/e,3,
17:00 - 18:00,44,,n/e,n/e,n/e,n/e,3,,n/e,n/e,n/e,n/e,n/e,n/e,n/e,n/e,n/e,n/e,n/e,n/e,1322,,n/e,n/e,n/e,n/e,n/e,n/e,0,,n/e,n/e,4,,n/e,n/e,n/e,n/e,3,
18:00 - 19:00,46,,n/e,n/e,n/e,n/e,5,,n/e,n/e,n/e,n/e,n/e,n/e,n/e,n/e,n/e,n/e,n/e,n/e,1414,,n/e,n/e,n/e,n/e,n/e,n/e,0,,n/e,n/e,0,,n/e,n/e,n/e,n/e,19,
19:00 - 20:00,47,,n/e,n/e,n/e,n/e,2,,n/e,n/e,n/e,n/e,n/e,n/e,n/e,n/e,n/e,n/e,n/e,n/e,1383,,n/e,n/e,n/e,n/e,n/e,n/e,0,,n/e,n/e,0,,n/e,n/e,n/e,n/e,48,
20:00 - 21:00,46,,n/e,n/e,n/e,n/e,2,,n/e,n/e,n/e,n/e,n/e,n/e,n/e,n/e,n/e,n/e,n/e,n/e,1282,,n/e,n/e,n/e,n/e,n/e,n/e,0,,n/e,n/e,0,,n/e,n/e,n/e,n/e,69,
21:00 - 22:00,44,,n/e,n/e,n/e,n/e,0,,n/e,n/e,n/e,n/e,n/e,n/e,n/e,n/e,n/e,n/e,n/e,n/e,1282,,n/e,n/e,n/e,n/e,n/e,n/e,0,,n/e,n/e,0,,n/e,n/e,n/e,n/e,63,
22:00 - 23:00,44,,n/e,n/e,n/e,n/e,0,,n/e,n/e,n/e,n/e,n/e,n/e,n/e,n/e,n/e,n/e,n/e,n/e,1055,,n/e,n/e,n/e,n/e,n/e,n/e,0,,n/e,n/e,0,,n/e,n/e,n/e,n/e,65,
23:00 - 00:00,43,,n/e,n/e,n/e,n/e,0,,n/e,n/e,n/e,n/e,n/e,n/e,n/e,n/e,n/e,n/e,n/e,n/e,1044,,n/e,n/e,n/e,n/e,n/e,n/e,0,,n/e,n/e,0,,n/e,n/e,n/e,n/e,69,
00:00 - 01:00,43,,n/e,n/e,n/e,n/e,0,,n/e,n/e,n/e,n/e,n/e,n/e,n/e,n/e,n/e,n/e,n/e,n/e,1086,,n/e,n/e,n/e,n/e,n/e,n/e,0,,n/e,n/e,0,,n/e,n/e,n/e,n/e,71,
01:00 - 02:00,44,,n/e,n/e,n/e,n/e,0,,n/e,n/e,n/e,n/e,n/e,n/e,n/e,n/e,n/e,n/e,n/e,n/e,1087,,n/e,n/e,n/e,n/e,n/e,n/e,0,,n/e,n/e,0,,n/e,n/e,n/e,n/e,82,
02:00 - 03:00,43,,n/e,n/e,n/e,n/e,0,,n/e,n/e,n/e,n/e,n/e,n/e,n/e,n/e,n/e,n/e,n/e,n/e,1086,,n/e,n/e,n/e,n/e,n/e,n/e,0,,n/e,n/e,0,,n/e,n/e,n/e,n/e,76,
03:00 - 04:00,46,,n/e,n/e,n/e,n/e,2,,n/e,n/e,n/e,n/e,n/e,n/e,n/e,n/e,n/e,n/e,n/e,n/e,1083,,n/e,n/e,n/e,n/e,n/e,n/e,0,,n/e,n/e,9,,n/e,n/e,n/e,n/e,59,
04:00 - 05:00,48,,n/e,n/e,n/e,n/e,7,,n/e,n/e,n/e,n/e,n/e,n/e,n/e,n/e,n/e,n/e,n/e,n/e,1085,,n/e,n/e,n/e,n/e,n/e,n/e,0,,n/e,n/e,37,,n/e,n/e,n/e,n/e,54,
05:00 - 06:00,49,,n/e,n/e,n/e,n/e,8,,n/e,n/e,n/e,n/e,n/e,n/e,n/e,n/e,n/e,n/e,n/e,n/e,1068,,n/e,n/e,n/e,n/e,n/e,n/e,0,,n/e,n/e,71,,n/e,n/e,n/e,n/e,49,
06:00 - 07:00,48,,n/e,n/e,n/e,n/e,8,,n/e,n/e,n/e,n/e,n/e,n/e,n/e,n/e,n/e,n/e,n/e,n/e,1191,,n/e,n/e,n/e,n/e,n/e,n/e,0,,n/e,n/e,109,,n/e,n/e,n/e,n/e,32,
07:00 - 08:00,46,,n/e,n/e,n/e,n/e,6,,n/e,n/e,n/e,n/e,n/e,n/e,n/e,n/e,n/e,n/e,n/e,n/e,1138,,n/e,n/e,n/e,n/e,n/e,n/e,0,,n/e,n/e,132,,n/e,n/e,n/e,n/e,27,
08:00 - 09:00,45,,n/e,n/e,n/e,n/e,0,,n/e,n/e,n/e,n/e,n/e,n/e,n/e,n/e,n/e,n/e,n/e,n/e,1089,,n/e,n/e,n/e,n/e,n/e,n/e,0,,n/e,n/e,171,,n/e,n/e,n/e,n/e,28,
09:00 - 10:00,43,,n/e,n/e,n/e,n/e,0,,n/e,n/e,n/e,n/e,n/e,n/e,n/e,n/e,n/e,n/e,n/e,n/e,1062,,n/e,n/e,n/e,n/e,n/e,n/e,0,,n/e,n/e,196,,n/e,n/e,n/e,n/e,45,
10:00 - 11:00,41,,n/e,n/e,n/e,n/e,0,,n/e,n/e,n/e,n/e,n/e,n/e,n/e,n/e,n/e,n/e,n/e,n/e,1031,,n/e,n/e,n/e,n/e,n/e,n/e,0,,n/e,n/e,193,,n/e,n/e,n/e,n/e,67,
11:00 - 12:00,41,,n/e,n/e,n/e,n/e,0,,n/e,n/e,n/e,n/e,n/e,n/e,n/e,n/e,n/e,n/e,n/e,n/e,983,,n/e,n/e,n/e,n/e,n/e,n/e,0,,n/e,n/e,173,,n/e,n/e,n/e,n/e,44,
12:00 - 13:00,40,,n/e,n/e,n/e,n/e,0,,n/e,n/e,n/e,n/e,n/e,n/e,n/e,n/e,n/e,n/e,n/e,n/e,1003,,n/e,n/e,n/e,n/e,n/e,n/e,0,,n/e,n/e,139,,n/e,n/e,n/e,n/e,34,
13:00 - 14:00,40,,n/e,n/e,n/e,n/e,0,,n/e,n/e,n/e,n/e,n/e,n/e,n/e,n/e,n/e,n/e,n/e,n/e,975,,n/e,n/e,n/e,n/e,n/e,n/e,0,,n/e,n/e,102,,n/e,n/e,n/e,n/e,43,
14:00 - 15:00,43,,n/e,n/e,n/e,n/e,0,,n/e,n/e,n/e,n/e,n/e,n/e,n/e,n/e,n/e,n/e,n/e,n/e,1104,,n/e,n/e,n/e,n/e,n/e,n/e,0,,n/e,n/e,82,,n/e,n/e,n/e,n/e,31,
15:00 - 16:00,48,,n/e,n/e,n/e,n/e,7,,n/e,n/e,n/e,n/e,n/e,n/e,n/e,n/e,n/e,n/e,n/e,n/e,1178,,n/e,n/e,n/e,n/e,n/e,n/e,0,,n/e,n/e,51,,n/e,n/e,n/e,n/e,9,
16:00 - 17:00,51,,n/e,n/e,n/e,n/e,10,,n/e,n/e,n/e,n/e,n/e,n/e,n/e,n/e,n/e,n/e,n/e,n/e,1200,,n/e,n/e,n/e,n/e,n/e,n/e,0,,n/e,n/e,18,,n/e,n/e,n/e,n/e,5,
17:00 - 18:00,53,,n/e,n/e,n/e,n/e,14,,n/e,n/e,n/e,n/e,n/e,n/e,n/e,n/e,n/e,n/e,n/e,n/e,1230,,n/e,n/e,n/e,n/e,n/e,n/e,0,,n/e,n/e,3,,n/e,n/e,n/e,n/e,4,
18:00 - 19:00,54,,n/e,n/e,n/e,n/e,14,,n/e,n/e,n/e,n/e,n/e,n/e,n/e,n/e,n/e,n/e,n/e,n/e,1315,,n/e,n/e,n/e,n/e,n/e,n/e,0,,n/e,n/e,0,,n/e,n/e,n/e,n/e,2,
19:00 - 20:00,55,,n/e,n/e,n/e,n/e,10,,n/e,n/e,n/e,n/e,n/e,n/e,n/e,n/e,n/e,n/e,n/e,n/e,1314,,n/e,n/e,n/e,n/e,n/e,n/e,0,,n/e,n/e,0,,n/e,n/e,n/e,n/e,0,
20:00 - 21:00,50,,n/e,n/e,n/e,n/e,5,,n/e,n/e,n/e,n/e,n/e,n/e,n/e,n/e,n/e,n/e,n/e,n/e,1311,,n/e,n/e,n/e,n/e,n/e,n/e,0,,n/e,n/e,0,,n/e,n/e,n/e,n/e,2,
21:00 - 22:00,46,,n/e,n/e,n/e,n/e,1,,n/e,n/e,n/e,n/e,n/e,n/e,n/e,n/e,n/e,n/e,n/e,n/e,1091,,n/e,n/e,n/e,n/e,n/e,n/e,0,,n/e,n/e,0,,n/e,n/e,n/e,n/e,5,
22:00 - 23:00,43,,n/e,n/e,n/e,n/e,0,,n/e,n/e,n/e,n/e,n/e,n/e,n/e,n/e,n/e,n/e,n/e,n/e,1070,,n/e,n/e,n/e,n/e,n/e,n/e,0,,n/e,n/e,0,,n/e,n/e,n/e,n/e,7,
23:00 - 00:00,43,,n/e,n/e,n/e,n/e,0,,n/e,n/e,n/e,n/e,n/e,n/e,n/e,n/e,n/e,n/e,n/e,n/e,1079,,n/e,n/e,n/e,n/e,n/e,n/e,0,,n/e,n/e,0,,n/e,n/e,n/e,n/e,3,
00:00 - 01:00,43,,n/e,n/e,n/e,n/e,0,,n/e,n/e,n/e,n/e,n/e,n/e,n/e,n/e,n/e,n/e,n/e,n/e,1057,,n/e,n/e,n/e,n/e,n/e,n/e,0,,n/e,n/e,0,,n/e,n/e,n/e,n/e,3,
01:00 - 02:00,43,,n/e,n/e,n/e,n/e,0,,n/e,n/e,n/e,n/e,n/e,n/e,n/e,n/e,n/e,n/e,n/e,n/e,1068,,n/e,n/e,n/e,n/e,n/e,n/e,0,,n/e,n/e,0,,n/e,n/e,n/e,n/e,5,
02:00 - 03:00,42,,n/e,n/e,n/e,n/e,0,,n/e,n/e,n/e,n/e,n/e,n/e,n/e,n/e,n/e,n/e,n/e,n/e,1057,,n/e,n/e,n/e,n/e,n/e,n/e,0,,n/e,n/e,0,,n/e,n/e,n/e,n/e,9,
03:00 - 04:00,42,,n/e,n/e,n/e,n/e,0,,n/e,n/e,n/e,n/e,n/e,n/e,n/e,n/e,n/e,n/e,n/e,n/e,1028,,n/e,n/e,n/e,n/e,n/e,n/e,0,,n/e,n/e,6,,n/e,n/e,n/e,n/e,10,
04:00 - 05:00,44,,n/e,n/e,n/e,n/e,9,,n/e,n/e,n/e,n/e,n/e,n/e,n/e,n/e,n/e,n/e,n/e,n/e,1132,,n/e,n/e,n/e,n/e,n/e,n/e,0,,n/e,n/e,28,,n/e,n/e,n/e,n/e,6,
05:00 - 06:00,46,,n/e,n/e,n/e,n/e,9,,n/e,n/e,n/e,n/e,n/e,n/e,n/e,n/e,n/e,n/e,n/e,n/e,1183,,n/e,n/e,n/e,n/e,n/e,n/e,0,,n/e,n/e,65,,n/e,n/e,n/e,n/e,4,
06:00 - 07:00,47,,n/e,n/e,n/e,n/e,9,,n/e,n/e,n/e,n/e,n/e,n/e,n/e,n/e,n/e,n/e,n/e,n/e,1229,,n/e,n/e,n/e,n/e,n/e,n/e,0,,n/e,n/e,111,,n/e,n/e,n/e,n/e,5,
07:00 - 08:00,45,,n/e,n/e,n/e,n/e,5,,n/e,n/e,n/e,n/e,n/e,n/e,n/e,n/e,n/e,n/e,n/e,n/e,1178,,n/e,n/e,n/e,n/e,n/e,n/e,0,,n/e,n/e,115,,n/e,n/e,n/e,n/e,11,
08:00 - 09:00,44,,n/e,n/e,n/e,n/e,0,,n/e,n/e,n/e,n/e,n/e,n/e,n/e,n/e,n/e,n/e,n/e,n/e,1195,,n/e,n/e,n/e,n/e,n/e,n/e,0,,n/e,n/e,131,,n/e,n/e,n/e,n/e,13,
09:00 - 10:00,42,,n/e,n/e,n/e,n/e,0,,n/e,n/e,n/e,n/e,n/e,n/e,n/e,n/e,n/e,n/e,n/e,n/e,1156,,n/e,n/e,n/e,n/e,n/e,n/e,0,,n/e,n/e,156,,n/e,n/e,n/e,n/e,10,
10:00 - 11:00,41,,n/e,n/e,n/e,n/e,0,,n/e,n/e,n/e,n/e,n/e,n/e,n/e,n/e,n/e,n/e,n/e,n/e,868,,n/e,n/e,n/e,n/e,n/e,n/e,0,,n/e,n/e,179,,n/e,n/e,n/e,n/e,10,
11:00 - 12:00,40,,n/e,n/e,n/e,n/e,0,,n/e,n/e,n/e,n/e,n/e,n/e,n/e,n/e,n/e,n/e,n/e,n/e,894,,n/e,n/e,n/e,n/e,n/e,n/e,0,,n/e,n/e,184,,n/e,n/e,n/e,n/e,10,
12:00 - 13:00,39,,n/e,n/e,n/e,n/e,0,,n/e,n/e,n/e,n/e,n/e,n/e,n/e,n/e,n/e,n/e,n/e,n/e,919,,n/e,n/e,n/e,n/e,n/e,n/e,0,,n/e,n/e,161,,n/e,n/e,n/e,n/e,9,
13:00 - 14:00,39,,n/e,n/e,n/e,n/e,0,,n/e,n/e,n/e,n/e,n/e,n/e,n/e,n/e,n/e,n/e,n/e,n/e,974,,n/e,n/e,n/e,n/e,n/e,n/e,0,,n/e,n/e,140,,n/e,n/e,n/e,n/e,10,
14:00 - 15:00,42,,n/e,n/e,n/e,n/e,2,,n/e,n/e,n/e,n/e,n/e,n/e,n/e,n/e,n/e,n/e,n/e,n/e,1305,,n/e,n/e,n/e,n/e,n/e,n/e,0,,n/e,n/e,105,,n/e,n/e,n/e,n/e,10,
15:00 - 16:00,44,,n/e,n/e,n/e,n/e,5,,n/e,n/e,n/e,n/e,n/e,n/e,n/e,n/e,n/e,n/e,n/e,n/e,1309,,n/e,n/e,n/e,n/e,n/e,n/e,0,,n/e,n/e,61,,n/e,n/e,n/e,n/e,10,
16:00 - 17:00,48,,n/e,n/e,n/e,n/e,10,,n/e,n/e,n/e,n/e,n/e,n/e,n/e,n/e,n/e,n/e,n/e,n/e,1264,,n/e,n/e,n/e,n/e,n/e,n/e,0,,n/e,n/e,22,,n/e,n/e,n/e,n/e,28,
17:00 - 18:00,49,,n/e,n/e,n/e,n/e,11,,n/e,n/e,n/e,n/e,n/e,n/e,n/e,n/e,n/e,n/e,n/e,n/e,1264,,n/e,n/e,n/e,n/e,n/e,n/e,0,,n/e,n/e,4,,n/e,n/e,n/e,n/e,31,
18:00 - 19:00,50,,n/e,n/e,n/e,n/e,10,,n/e,n/e,n/e,n/e,n/e,n/e,n/e,n/e,n/e,n/e,n/e,n/e,1145,,n/e,n/e,n/e,n/e,n/e,n/e,0,,n/e,n/e,0,,n/e,n/e,n/e,n/e,30,
19:00 - 20:00,50,,n/e,n/e,n/e,n/e,8,,n/e,n/e,n/e,n/e,n/e,n/e,n/e,n/e,n/e,n/e,n/e,n/e,1126,,n/e,n/e,n/e,n/e,n/e,n/e,0,,n/e,n/e,0,,n/e,n/e,n/e,n/e,32,
20:00 - 21:00,47,,n/e,n/e,n/e,n/e,3,,n/e,n/e,n/e,n/e,n/e,n/e,n/e,n/e,n/e,n/e,n/e,n/e,1125,,n/e,n/e,n/e,n/e,n/e,n/e,0,,n/e,n/e,0,,n/e,n/e,n/e,n/e,40,
21:00 - 22:00,45,,n/e,n/e,n/e,n/e,0,,n/e,n/e,n/e,n/e,n/e,n/e,n/e,n/e,n/e,n/e,n/e,n/e,1039,,n/e,n/e,n/e,n/e,n/e,n/e,0,,n/e,n/e,0,,n/e,n/e,n/e,n/e,44,
22:00 - 23:00,43,,n/e,n/e,n/e,n/e,0,,n/e,n/e,n/e,n/e,n/e,n/e,n/e,n/e,n/e,n/e,n/e,n/e,1256,,n/e,n/e,n/e,n/e,n/e,n/e,0,,n/e,n/e,0,,n/e,n/e,n/e,n/e,40,
23:00 - 00:00,42,,n/e,n/e,n/e,n/e,0,,n/e,n/e,n/e,n/e,n/e,n/e,n/e,n/e,n/e,n/e,n/e,n/e,1271,,n/e,n/e,n/e,n/e,n/e,n/e,0,,n/e,n/e,0,,n/e,n/e,n/e,n/e,44,
00:00 - 01:00,43,,n/e,n/e,n/e,n/e,1,,n/e,n/e,n/e,n/e,n/e,n/e,n/e,n/e,n/e,n/e,n/e,n/e,1272,,n/e,n/e,n/e,n/e,n/e,n/e,0,,n/e,n/e,0,,n/e,n/e,n/e,n/e,45,
01:00 - 02:00,41,,n/e,n/e,n/e,n/e,0,,n/e,n/e,n/e,n/e,n/e,n/e,n/e,n/e,n/e,n/e,n/e,n/e,1272,,n/e,n/e,n/e,n/e,n/e,n/e,0,,n/e,n/e,0,,n/e,n/e,n/e,n/e,41,
02:00 - 03:00,39,,n/e,n/e,n/e,n/e,0,,n/e,n/e,n/e,n/e,n/e,n/e,n/e,n/e,n/e,n/e,n/e,n/e,1261,,n/e,n/e,n/e,n/e,n/e,n/e,0,,n/e,n/e,0,,n/e,n/e,n/e,n/e,41,
03:00 - 04:00,39,,n/e,n/e,n/e,n/e,0,,n/e,n/e,n/e,n/e,n/e,n/e,n/e,n/e,n/e,n/e,n/e,n/e,1260,,n/e,n/e,n/e,n/e,n/e,n/e,0,,n/e,n/e,9,,n/e,n/e,n/e,n/e,40,
04:00 - 05:00,40,,n/e,n/e,n/e,n/e,0,,n/e,n/e,n/e,n/e,n/e,n/e,n/e,n/e,n/e,n/e,n/e,n/e,1258,,n/e,n/e,n/e,n/e,n/e,n/e,0,,n/e,n/e,33,,n/e,n/e,n/e,n/e,34,
05:00 - 06:00,40,,n/e,n/e,n/e,n/e,0,,n/e,n/e,n/e,n/e,n/e,n/e,n/e,n/e,n/e,n/e,n/e,n/e,1267,,n/e,n/e,n/e,n/e,n/e,n/e,0,,n/e,n/e,81,,n/e,n/e,n/e,n/e,19,
06:00 - 07:00,36,,n/e,n/e,n/e,n/e,0,,n/e,n/e,n/e,n/e,n/e,n/e,n/e,n/e,n/e,n/e,n/e,n/e,1267,,n/e,n/e,n/e,n/e,n/e,n/e,0,,n/e,n/e,141,,n/e,n/e,n/e,n/e,18,
07:00 - 08:00,36,,n/e,n/e,n/e,n/e,0,,n/e,n/e,n/e,n/e,n/e,n/e,n/e,n/e,n/e,n/e,n/e,n/e,1183,,n/e,n/e,n/e,n/e,n/e,n/e,0,,n/e,n/e,162,,n/e,n/e,n/e,n/e,21,
08:00 - 09:00,33,,n/e,n/e,n/e,n/e,0,,n/e,n/e,n/e,n/e,n/e,n/e,n/e,n/e,n/e,n/e,n/e,n/e,938,,n/e,n/e,n/e,n/e,n/e,n/e,0,,n/e,n/e,191,,n/e,n/e,n/e,n/e,8,
09:00 - 10:00,33,,n/e,n/e,n/e,n/e,0,,n/e,n/e,n/e,n/e,n/e,n/e,n/e,n/e,n/e,n/e,n/e,n/e,838,,n/e,n/e,n/e,n/e,n/e,n/e,0,,n/e,n/e,193,,n/e,n/e,n/e,n/e,8,
10:00 - 11:00,32,,n/e,n/e,n/e,n/e,0,,n/e,n/e,n/e,n/e,n/e,n/e,n/e,n/e,n/e,n/e,n/e,n/e,749,,n/e,n/e,n/e,n/e,n/e,n/e,0,,n/e,n/e,198,,n/e,n/e,n/e,n/e,11,
11:00 - 12:00,32,,n/e,n/e,n/e,n/e,0,,n/e,n/e,n/e,n/e,n/e,n/e,n/e,n/e,n/e,n/e,n/e,n/e,664,,n/e,n/e,n/e,n/e,n/e,n/e,0,,n/e,n/e,187,,n/e,n/e,n/e,n/e,14,
12:00 - 13:00,32,,n/e,n/e,n/e,n/e,0,,n/e,n/e,n/e,n/e,n/e,n/e,n/e,n/e,n/e,n/e,n/e,n/e,595,,n/e,n/e,n/e,n/e,n/e,n/e,0,,n/e,n/e,171,,n/e,n/e,n/e,n/e,14,
13:00 - 14:00,31,,n/e,n/e,n/e,n/e,1,,n/e,n/e,n/e,n/e,n/e,n/e,n/e,n/e,n/e,n/e,n/e,n/e,541,,n/e,n/e,n/e,n/e,n/e,n/e,0,,n/e,n/e,142,,n/e,n/e,n/e,n/e,16,
14:00 - 15:00,31,,n/e,n/e,n/e,n/e,0,,n/e,n/e,n/e,n/e,n/e,n/e,n/e,n/e,n/e,n/e,n/e,n/e,601,,n/e,n/e,n/e,n/e,n/e,n/e,0,,n/e,n/e,102,,n/e,n/e,n/e,n/e,14,
15:00 - 16:00,32,,n/e,n/e,n/e,n/e,0,,n/e,n/e,n/e,n/e,n/e,n/e,n/e,n/e,n/e,n/e,n/e,n/e,1018,,n/e,n/e,n/e,n/e,n/e,n/e,0,,n/e,n/e,55,,n/e,n/e,n/e,n/e,40,
16:00 - 17:00,34,,n/e,n/e,n/e,n/e,0,,n/e,n/e,n/e,n/e,n/e,n/e,n/e,n/e,n/e,n/e,n/e,n/e,1184,,n/e,n/e,n/e,n/e,n/e,n/e,0,,n/e,n/e,20,,n/e,n/e,n/e,n/e,49,
17:00 - 18:00,39,,n/e,n/e,n/e,n/e,0,,n/e,n/e,n/e,n/e,n/e,n/e,n/e,n/e,n/e,n/e,n/e,n/e,1205,,n/e,n/e,n/e,n/e,n/e,n/e,0,,n/e,n/e,4,,n/e,n/e,n/e,n/e,45,
18:00 - 19:00,40,,n/e,n/e,n/e,n/e,0,,n/e,n/e,n/e,n/e,n/e,n/e,n/e,n/e,n/e,n/e,n/e,n/e,1193,,n/e,n/e,n/e,n/e,n/e,n/e,0,,n/e,n/e,0,,n/e,n/e,n/e,n/e,49,
19:00 - 20:00,40,,n/e,n/e,n/e,n/e,0,,n/e,n/e,n/e,n/e,n/e,n/e,n/e,n/e,n/e,n/e,n/e,n/e,1172,,n/e,n/e,n/e,n/e,n/e,n/e,0,,n/e,n/e,0,,n/e,n/e,n/e,n/e,54,
20:00 - 21:00,39,,n/e,n/e,n/e,n/e,0,,n/e,n/e,n/e,n/e,n/e,n/e,n/e,n/e,n/e,n/e,n/e,n/e,1170,,n/e,n/e,n/e,n/e,n/e,n/e,0,,n/e,n/e,0,,n/e,n/e,n/e,n/e,65,
21:00 - 22:00,37,,n/e,n/e,n/e,n/e,0,,n/e,n/e,n/e,n/e,n/e,n/e,n/e,n/e,n/e,n/e,n/e,n/e,1121,,n/e,n/e,n/e,n/e,n/e,n/e,0,,n/e,n/e,0,,n/e,n/e,n/e,n/e,72,
22:00 - 23:00,36,,n/e,n/e,n/e,n/e,0,,n/e,n/e,n/e,n/e,n/e,n/e,n/e,n/e,n/e,n/e,n/e,n/e,1255,,n/e,n/e,n/e,n/e,n/e,n/e,0,,n/e,n/e,0,,n/e,n/e,n/e,n/e,70,
23:00 - 00:00,36,,n/e,n/e,n/e,n/e,0,,n/e,n/e,n/e,n/e,n/e,n/e,n/e,n/e,n/e,n/e,n/e,n/e,1256,,n/e,n/e,n/e,n/e,n/e,n/e,0,,n/e,n/e,0,,n/e,n/e,n/e,n/e,58,
00:00 - 01:00,37,,n/e,n/e,n/e,n/e,0,,n/e,n/e,n/e,n/e,n/e,n/e,n/e,n/e,n/e,n/e,n/e,n/e,1256,,n/e,n/e,n/e,n/e,n/e,n/e,0,,n/e,n/e,0,,n/e,n/e,n/e,n/e,54,
01:00 - 02:00,36,,n/e,n/e,n/e,n/e,0,,n/e,n/e,n/e,n/e,n/e,n/e,n/e,n/e,n/e,n/e,n/e,n/e,1255,,n/e,n/e,n/e,n/e,n/e,n/e,0,,n/e,n/e,0,,n/e,n/e,n/e,n/e,53,
02:00 - 03:00,35,,n/e,n/e,n/e,n/e,0,,n/e,n/e,n/e,n/e,n/e,n/e,n/e,n/e,n/e,n/e,n/e,n/e,1256,,n/e,n/e,n/e,n/e,n/e,n/e,0,,n/e,n/e,1,,n/e,n/e,n/e,n/e,47,
03:00 - 04:00,37,,n/e,n/e,n/e,n/e,0,,n/e,n/e,n/e,n/e,n/e,n/e,n/e,n/e,n/e,n/e,n/e,n/e,1258,,n/e,n/e,n/e,n/e,n/e,n/e,0,,n/e,n/e,10,,n/e,n/e,n/e,n/e,43,
04:00 - 05:00,42,,n/e,n/e,n/e,n/e,0,,n/e,n/e,n/e,n/e,n/e,n/e,n/e,n/e,n/e,n/e,n/e,n/e,1258,,n/e,n/e,n/e,n/e,n/e,n/e,0,,n/e,n/e,38,,n/e,n/e,n/e,n/e,38,
05:00 - 06:00,43,,n/e,n/e,n/e,n/e,0,,n/e,n/e,n/e,n/e,n/e,n/e,n/e,n/e,n/e,n/e,n/e,n/e,1259,,n/e,n/e,n/e,n/e,n/e,n/e,0,,n/e,n/e,93,,n/e,n/e,n/e,n/e,30,
06:00 - 07:00,45,,n/e,n/e,n/e,n/e,0,,n/e,n/e,n/e,n/e,n/e,n/e,n/e,n/e,n/e,n/e,n/e,n/e,1253,,n/e,n/e,n/e,n/e,n/e,n/e,0,,n/e,n/e,158,,n/e,n/e,n/e,n/e,26,
07:00 - 08:00,41,,n/e,n/e,n/e,n/e,0,,n/e,n/e,n/e,n/e,n/e,n/e,n/e,n/e,n/e,n/e,n/e,n/e,954,,n/e,n/e,n/e,n/e,n/e,n/e,0,,n/e,n/e,217,,n/e,n/e,n/e,n/e,24,
08:00 - 09:00,35,,n/e,n/e,n/e,n/e,0,,n/e,n/e,n/e,n/e,n/e,n/e,n/e,n/e,n/e,n/e,n/e,n/e,944,,n/e,n/e,n/e,n/e,n/e,n/e,0,,n/e,n/e,253,,n/e,n/e,n/e,n/e,26,
09:00 - 10:00,36,,n/e,n/e,n/e,n/e,0,,n/e,n/e,n/e,n/e,n/e,n/e,n/e,n/e,n/e,n/e,n/e,n/e,905,,n/e,n/e,n/e,n/e,n/e,n/e,0,,n/e,n/e,233,,n/e,n/e,n/e,n/e,17,
10:00 - 11:00,34,,n/e,n/e,n/e,n/e,0,,n/e,n/e,n/e,n/e,n/e,n/e,n/e,n/e,n/e,n/e,n/e,n/e,807,,n/e,n/e,n/e,n/e,n/e,n/e,0,,n/e,n/e,227,,n/e,n/e,n/e,n/e,16,
11:00 - 12:00,33,,n/e,n/e,n/e,n/e,0,,n/e,n/e,n/e,n/e,n/e,n/e,n/e,n/e,n/e,n/e,n/e,n/e,710,,n/e,n/e,n/e,n/e,n/e,n/e,0,,n/e,n/e,207,,n/e,n/e,n/e,n/e,17,
12:00 - 13:00,34,,n/e,n/e,n/e,n/e,0,,n/e,n/e,n/e,n/e,n/e,n/e,n/e,n/e,n/e,n/e,n/e,n/e,707,,n/e,n/e,n/e,n/e,n/e,n/e,0,,n/e,n/e,198,,n/e,n/e,n/e,n/e,33,
13:00 - 14:00,32,,n/e,n/e,n/e,n/e,0,,n/e,n/e,n/e,n/e,n/e,n/e,n/e,n/e,n/e,n/e,n/e,n/e,714,,n/e,n/e,n/e,n/e,n/e,n/e,0,,n/e,n/e,163,,n/e,n/e,n/e,n/e,49,
14:00 - 15:00,32,,n/e,n/e,n/e,n/e,0,,n/e,n/e,n/e,n/e,n/e,n/e,n/e,n/e,n/e,n/e,n/e,n/e,1131,,n/e,n/e,n/e,n/e,n/e,n/e,0,,n/e,n/e,130,,n/e,n/e,n/e,n/e,56,
15:00 - 16:00,35,,n/e,n/e,n/e,n/e,0,,n/e,n/e,n/e,n/e,n/e,n/e,n/e,n/e,n/e,n/e,n/e,n/e,1092,,n/e,n/e,n/e,n/e,n/e,n/e,0,,n/e,n/e,74,,n/e,n/e,n/e,n/e,56,
16:00 - 17:00,43,,n/e,n/e,n/e,n/e,2,,n/e,n/e,n/e,n/e,n/e,n/e,n/e,n/e,n/e,n/e,n/e,n/e,1121,,n/e,n/e,n/e,n/e,n/e,n/e,0,,n/e,n/e,26,,n/e,n/e,n/e,n/e,49,
17:00 - 18:00,44,,n/e,n/e,n/e,n/e,3,,n/e,n/e,n/e,n/e,n/e,n/e,n/e,n/e,n/e,n/e,n/e,n/e,1122,,n/e,n/e,n/e,n/e,n/e,n/e,0,,n/e,n/e,6,,n/e,n/e,n/e,n/e,35,
18:00 - 19:00,44,,n/e,n/e,n/e,n/e,3,,n/e,n/e,n/e,n/e,n/e,n/e,n/e,n/e,n/e,n/e,n/e,n/e,1125,,n/e,n/e,n/e,n/e,n/e,n/e,0,,n/e,n/e,0,,n/e,n/e,n/e,n/e,38,
19:00 - 20:00,45,,n/e,n/e,n/e,n/e,2,,n/e,n/e,n/e,n/e,n/e,n/e,n/e,n/e,n/e,n/e,n/e,n/e,1126,,n/e,n/e,n/e,n/e,n/e,n/e,0,,n/e,n/e,0,,n/e,n/e,n/e,n/e,45,
20:00 - 21:00,38,,n/e,n/e,n/e,n/e,0,,n/e,n/e,n/e,n/e,n/e,n/e,n/e,n/e,n/e,n/e,n/e,n/e,1106,,n/e,n/e,n/e,n/e,n/e,n/e,0,,n/e,n/e,0,,n/e,n/e,n/e,n/e,50,
21:00 - 22:00,36,,n/e,n/e,n/e,n/e,0,,n/e,n/e,n/e,n/e,n/e,n/e,n/e,n/e,n/e,n/e,n/e,n/e,1090,,n/e,n/e,n/e,n/e,n/e,n/e,0,,n/e,n/e,0,,n/e,n/e,n/e,n/e,49,
22:00 - 23:00,35,,n/e,n/e,n/e,n/e,0,,n/e,n/e,n/e,n/e,n/e,n/e,n/e,n/e,n/e,n/e,n/e,n/e,1091,,n/e,n/e,n/e,n/e,n/e,n/e,0,,n/e,n/e,0,,n/e,n/e,n/e,n/e,50,
23:00 - 00:00,34,,n/e,n/e,n/e,n/e,0,,n/e,n/e,n/e,n/e,n/e,n/e,n/e,n/e,n/e,n/e,n/e,n/e,1103,,n/e,n/e,n/e,n/e,n/e,n/e,0,,n/e,n/e,0,,n/e,n/e,n/e,n/e,50,
00:00 - 01:00,35,,n/e,n/e,n/e,n/e,0,,n/e,n/e,n/e,n/e,n/e,n/e,n/e,n/e,n/e,n/e,n/e,n/e,1103,,n/e,n/e,n/e,n/e,n/e,n/e,0,,n/e,n/e,0,,n/e,n/e,n/e,n/e,47,
01:00 - 02:00,35,,n/e,n/e,n/e,n/e,0,,n/e,n/e,n/e,n/e,n/e,n/e,n/e,n/e,n/e,n/e,n/e,n/e,1103,,n/e,n/e,n/e,n/e,n/e,n/e,0,,n/e,n/e,0,,n/e,n/e,n/e,n/e,50,
02:00 - 03:00,35,,n/e,n/e,n/e,n/e,0,,n/e,n/e,n/e,n/e,n/e,n/e,n/e,n/e,n/e,n/e,n/e,n/e,1102,,n/e,n/e,n/e,n/e,n/e,n/e,0,,n/e,n/e,1,,n/e,n/e,n/e,n/e,57,
03:00 - 04:00,38,,n/e,n/e,n/e,n/e,0,,n/e,n/e,n/e,n/e,n/e,n/e,n/e,n/e,n/e,n/e,n/e,n/e,1102,,n/e,n/e,n/e,n/e,n/e,n/e,0,,n/e,n/e,11,,n/e,n/e,n/e,n/e,50,
04:00 - 05:00,42,,n/e,n/e,n/e,n/e,0,,n/e,n/e,n/e,n/e,n/e,n/e,n/e,n/e,n/e,n/e,n/e,n/e,1102,,n/e,n/e,n/e,n/e,n/e,n/e,0,,n/e,n/e,39,,n/e,n/e,n/e,n/e,48,
05:00 - 06:00,45,,n/e,n/e,n/e,n/e,0,,n/e,n/e,n/e,n/e,n/e,n/e,n/e,n/e,n/e,n/e,n/e,n/e,1118,,n/e,n/e,n/e,n/e,n/e,n/e,0,,n/e,n/e,97,,n/e,n/e,n/e,n/e,40,
06:00 - 07:00,45,,n/e,n/e,n/e,n/e,0,,n/e,n/e,n/e,n/e,n/e,n/e,n/e,n/e,n/e,n/e,n/e,n/e,1050,,n/e,n/e,n/e,n/e,n/e,n/e,0,,n/e,n/e,161,,n/e,n/e,n/e,n/e,41,
07:00 - 08:00,43,,n/e,n/e,n/e,n/e,0,,n/e,n/e,n/e,n/e,n/e,n/e,n/e,n/e,n/e,n/e,n/e,n/e,790,,n/e,n/e,n/e,n/e,n/e,n/e,0,,n/e,n/e,219,,n/e,n/e,n/e,n/e,44,
08:00 - 09:00,41,,n/e,n/e,n/e,n/e,0,,n/e,n/e,n/e,n/e,n/e,n/e,n/e,n/e,n/e,n/e,n/e,n/e,782,,n/e,n/e,n/e,n/e,n/e,n/e,0,,n/e,n/e,255,,n/e,n/e,n/e,n/e,44,
09:00 - 10:00,42,,n/e,n/e,n/e,n/e,0,,n/e,n/e,n/e,n/e,n/e,n/e,n/e,n/e,n/e,n/e,n/e,n/e,813,,n/e,n/e,n/e,n/e,n/e,n/e,0,,n/e,n/e,273,,n/e,n/e,n/e,n/e,50,
10:00 - 11:00,42,,n/e,n/e,n/e,n/e,0,,n/e,n/e,n/e,n/e,n/e,n/e,n/e,n/e,n/e,n/e,n/e,n/e,842,,n/e,n/e,n/e,n/e,n/e,n/e,0,,n/e,n/e,278,,n/e,n/e,n/e,n/e,49,
11:00 - 12:00,43,,n/e,n/e,n/e,n/e,0,,n/e,n/e,n/e,n/e,n/e,n/e,n/e,n/e,n/e,n/e,n/e,n/e,791,,n/e,n/e,n/e,n/e,n/e,n/e,0,,n/e,n/e,270,,n/e,n/e,n/e,n/e,46,
12:00 - 13:00,40,,n/e,n/e,n/e,n/e,0,,n/e,n/e,n/e,n/e,n/e,n/e,n/e,n/e,n/e,n/e,n/e,n/e,790,,n/e,n/e,n/e,n/e,n/e,n/e,0,,n/e,n/e,249,,n/e,n/e,n/e,n/e,45,
13:00 - 14:00,39,,n/e,n/e,n/e,n/e,0,,n/e,n/e,n/e,n/e,n/e,n/e,n/e,n/e,n/e,n/e,n/e,n/e,793,,n/e,n/e,n/e,n/e,n/e,n/e,0,,n/e,n/e,208,,n/e,n/e,n/e,n/e,37,
14:00 - 15:00,38,,n/e,n/e,n/e,n/e,0,,n/e,n/e,n/e,n/e,n/e,n/e,n/e,n/e,n/e,n/e,n/e,n/e,1065,,n/e,n/e,n/e,n/e,n/e,n/e,0,,n/e,n/e,146,,n/e,n/e,n/e,n/e,29,
15:00 - 16:00,40,,n/e,n/e,n/e,n/e,1,,n/e,n/e,n/e,n/e,n/e,n/e,n/e,n/e,n/e,n/e,n/e,n/e,1153,,n/e,n/e,n/e,n/e,n/e,n/e,0,,n/e,n/e,79,,n/e,n/e,n/e,n/e,22,
16:00 - 17:00,46,,n/e,n/e,n/e,n/e,7,,n/e,n/e,n/e,n/e,n/e,n/e,n/e,n/e,n/e,n/e,n/e,n/e,1196,,n/e,n/e,n/e,n/e,n/e,n/e,0,,n/e,n/e,26,,n/e,n/e,n/e,n/e,17,
17:00 - 18:00,46,,n/e,n/e,n/e,n/e,8,,n/e,n/e,n/e,n/e,n/e,n/e,n/e,n/e,n/e,n/e,n/e,n/e,1183,,n/e,n/e,n/e,n/e,n/e,n/e,0,,n/e,n/e,5,,n/e,n/e,n/e,n/e,19,
18:00 - 19:00,46,,n/e,n/e,n/e,n/e,8,,n/e,n/e,n/e,n/e,n/e,n/e,n/e,n/e,n/e,n/e,n/e,n/e,1187,,n/e,n/e,n/e,n/e,n/e,n/e,0,,n/e,n/e,0,,n/e,n/e,n/e,n/e,23,
19:00 - 20:00,47,,n/e,n/e,n/e,n/e,6,,n/e,n/e,n/e,n/e,n/e,n/e,n/e,n/e,n/e,n/e,n/e,n/e,1091,,n/e,n/e,n/e,n/e,n/e,n/e,0,,n/e,n/e,0,,n/e,n/e,n/e,n/e,24,
20:00 - 21:00,44,,n/e,n/e,n/e,n/e,2,,n/e,n/e,n/e,n/e,n/e,n/e,n/e,n/e,n/e,n/e,n/e,n/e,875,,n/e,n/e,n/e,n/e,n/e,n/e,0,,n/e,n/e,0,,n/e,n/e,n/e,n/e,33,
21:00 - 22:00,37,,n/e,n/e,n/e,n/e,0,,n/e,n/e,n/e,n/e,n/e,n/e,n/e,n/e,n/e,n/e,n/e,n/e,668,,n/e,n/e,n/e,n/e,n/e,n/e,0,,n/e,n/e,0,,n/e,n/e,n/e,n/e,44,
22:00 - 23:00,34,,n/e,n/e,n/e,n/e,0,,n/e,n/e,n/e,n/e,n/e,n/e,n/e,n/e,n/e,n/e,n/e,n/e,812,,n/e,n/e,n/e,n/e,n/e,n/e,0,,n/e,n/e,0,,n/e,n/e,n/e,n/e,36,
23:00 - 00:00,36,,n/e,n/e,n/e,n/e,0,,n/e,n/e,n/e,n/e,n/e,n/e,n/e,n/e,n/e,n/e,n/e,n/e,800,,n/e,n/e,n/e,n/e,n/e,n/e,0,,n/e,n/e,0,,n/e,n/e,n/e,n/e,25,
00:00 - 01:00,36,,n/e,n/e,n/e,n/e,0,,n/e,n/e,n/e,n/e,n/e,n/e,n/e,n/e,n/e,n/e,n/e,n/e,865,,n/e,n/e,n/e,n/e,n/e,n/e,0,,n/e,n/e,0,,n/e,n/e,n/e,n/e,24,
01:00 - 02:00,35,,n/e,n/e,n/e,n/e,0,,n/e,n/e,n/e,n/e,n/e,n/e,n/e,n/e,n/e,n/e,n/e,n/e,1030,,n/e,n/e,n/e,n/e,n/e,n/e,0,,n/e,n/e,0,,n/e,n/e,n/e,n/e,26,
02:00 - 03:00,39,,n/e,n/e,n/e,n/e,2,,n/e,n/e,n/e,n/e,n/e,n/e,n/e,n/e,n/e,n/e,n/e,n/e,1034,,n/e,n/e,n/e,n/e,n/e,n/e,0,,n/e,n/e,1,,n/e,n/e,n/e,n/e,23,
03:00 - 04:00,46,,n/e,n/e,n/e,n/e,2,,n/e,n/e,n/e,n/e,n/e,n/e,n/e,n/e,n/e,n/e,n/e,n/e,1031,,n/e,n/e,n/e,n/e,n/e,n/e,0,,n/e,n/e,9,,n/e,n/e,n/e,n/e,20,
04:00 - 05:00,46,,n/e,n/e,n/e,n/e,2,,n/e,n/e,n/e,n/e,n/e,n/e,n/e,n/e,n/e,n/e,n/e,n/e,1057,,n/e,n/e,n/e,n/e,n/e,n/e,0,,n/e,n/e,38,,n/e,n/e,n/e,n/e,13,
05:00 - 06:00,47,,n/e,n/e,n/e,n/e,2,,n/e,n/e,n/e,n/e,n/e,n/e,n/e,n/e,n/e,n/e,n/e,n/e,1123,,n/e,n/e,n/e,n/e,n/e,n/e,0,,n/e,n/e,95,,n/e,n/e,n/e,n/e,3,
06:00 - 07:00,47,,n/e,n/e,n/e,n/e,2,,n/e,n/e,n/e,n/e,n/e,n/e,n/e,n/e,n/e,n/e,n/e,n/e,1106,,n/e,n/e,n/e,n/e,n/e,n/e,0,,n/e,n/e,159,,n/e,n/e,n/e,n/e,0,
07:00 - 08:00,48,,n/e,n/e,n/e,n/e,2,,n/e,n/e,n/e,n/e,n/e,n/e,n/e,n/e,n/e,n/e,n/e,n/e,800,,n/e,n/e,n/e,n/e,n/e,n/e,0,,n/e,n/e,216,,n/e,n/e,n/e,n/e,0,
08:00 - 09:00,42,,n/e,n/e,n/e,n/e,0,,n/e,n/e,n/e,n/e,n/e,n/e,n/e,n/e,n/e,n/e,n/e,n/e,772,,n/e,n/e,n/e,n/e,n/e,n/e,0,,n/e,n/e,254,,n/e,n/e,n/e,n/e,0,
09:00 - 10:00,41,,n/e,n/e,n/e,n/e,0,,n/e,n/e,n/e,n/e,n/e,n/e,n/e,n/e,n/e,n/e,n/e,n/e,647,,n/e,n/e,n/e,n/e,n/e,n/e,0,,n/e,n/e,272,,n/e,n/e,n/e,n/e,1,
10:00 - 11:00,39,,n/e,n/e,n/e,n/e,0,,n/e,n/e,n/e,n/e,n/e,n/e,n/e,n/e,n/e,n/e,n/e,n/e,714,,n/e,n/e,n/e,n/e,n/e,n/e,0,,n/e,n/e,276,,n/e,n/e,n/e,n/e,5,
11:00 - 12:00,39,,n/e,n/e,n/e,n/e,0,,n/e,n/e,n/e,n/e,n/e,n/e,n/e,n/e,n/e,n/e,n/e,n/e,576,,n/e,n/e,n/e,n/e,n/e,n/e,0,,n/e,n/e,269,,n/e,n/e,n/e,n/e,13,
12:00 - 13:00,38,,n/e,n/e,n/e,n/e,0,,n/e,n/e,n/e,n/e,n/e,n/e,n/e,n/e,n/e,n/e,n/e,n/e,659,,n/e,n/e,n/e,n/e,n/e,n/e,0,,n/e,n/e,249,,n/e,n/e,n/e,n/e,9,
13:00 - 14:00,36,,n/e,n/e,n/e,n/e,0,,n/e,n/e,n/e,n/e,n/e,n/e,n/e,n/e,n/e,n/e,n/e,n/e,689,,n/e,n/e,n/e,n/e,n/e,n/e,0,,n/e,n/e,206,,n/e,n/e,n/e,n/e,9,
14:00 - 15:00,36,,n/e,n/e,n/e,n/e,0,,n/e,n/e,n/e,n/e,n/e,n/e,n/e,n/e,n/e,n/e,n/e,n/e,931,,n/e,n/e,n/e,n/e,n/e,n/e,0,,n/e,n/e,146,,n/e,n/e,n/e,n/e,7,
15:00 - 16:00,45,,n/e,n/e,n/e,n/e,4,,n/e,n/e,n/e,n/e,n/e,n/e,n/e,n/e,n/e,n/e,n/e,n/e,1120,,n/e,n/e,n/e,n/e,n/e,n/e,0,,n/e,n/e,80,,n/e,n/e,n/e,n/e,8,
16:00 - 17:00,48,,n/e,n/e,n/e,n/e,6,,n/e,n/e,n/e,n/e,n/e,n/e,n/e,n/e,n/e,n/e,n/e,n/e,1122,,n/e,n/e,n/e,n/e,n/e,n/e,0,,n/e,n/e,27,,n/e,n/e,n/e,n/e,6,
17:00 - 18:00,53,,n/e,n/e,n/e,n/e,6,,n/e,n/e,n/e,n/e,n/e,n/e,n/e,n/e,n/e,n/e,n/e,n/e,1156,,n/e,n/e,n/e,n/e,n/e,n/e,0,,n/e,n/e,6,,n/e,n/e,n/e,n/e,4,
18:00 - 19:00,53,,n/e,n/e,n/e,n/e,6,,n/e,n/e,n/e,n/e,n/e,n/e,n/e,n/e,n/e,n/e,n/e,n/e,1178,,n/e,n/e,n/e,n/e,n/e,n/e,0,,n/e,n/e,0,,n/e,n/e,n/e,n/e,3,
19:00 - 20:00,55,,n/e,n/e,n/e,n/e,6,,n/e,n/e,n/e,n/e,n/e,n/e,n/e,n/e,n/e,n/e,n/e,n/e,1106,,n/e,n/e,n/e,n/e,n/e,n/e,0,,n/e,n/e,0,,n/e,n/e,n/e,n/e,7,
20:00 - 21:00,52,,n/e,n/e,n/e,n/e,4,,n/e,n/e,n/e,n/e,n/e,n/e,n/e,n/e,n/e,n/e,n/e,n/e,1071,,n/e,n/e,n/e,n/e,n/e,n/e,0,,n/e,n/e,0,,n/e,n/e,n/e,n/e,7,
21:00 - 22:00,48,,n/e,n/e,n/e,n/e,4,,n/e,n/e,n/e,n/e,n/e,n/e,n/e,n/e,n/e,n/e,n/e,n/e,1103,,n/e,n/e,n/e,n/e,n/e,n/e,0,,n/e,n/e,0,,n/e,n/e,n/e,n/e,10,
22:00 - 23:00,46,,n/e,n/e,n/e,n/e,4,,n/e,n/e,n/e,n/e,n/e,n/e,n/e,n/e,n/e,n/e,n/e,n/e,860,,n/e,n/e,n/e,n/e,n/e,n/e,0,,n/e,n/e,0,,n/e,n/e,n/e,n/e,11,
23:00 - 00:00,46,,n/e,n/e,n/e,n/e,4,,n/e,n/e,n/e,n/e,n/e,n/e,n/e,n/e,n/e,n/e,n/e,n/e,835,,n/e,n/e,n/e,n/e,n/e,n/e,0,,n/e,n/e,0,,n/e,n/e,n/e,n/e,5,
00:00 - 01:00,46,,n/e,n/e,n/e,n/e,4,,n/e,n/e,n/e,n/e,n/e,n/e,n/e,n/e,n/e,n/e,n/e,n/e,842,,n/e,n/e,n/e,n/e,n/e,n/e,0,,n/e,n/e,0,,n/e,n/e,n/e,n/e,4,
01:00 - 02:00,45,,n/e,n/e,n/e,n/e,4,,n/e,n/e,n/e,n/e,n/e,n/e,n/e,n/e,n/e,n/e,n/e,n/e,828,,n/e,n/e,n/e,n/e,n/e,n/e,0,,n/e,n/e,0,,n/e,n/e,n/e,n/e,2,
02:00 - 03:00,44,,n/e,n/e,n/e,n/e,4,,n/e,n/e,n/e,n/e,n/e,n/e,n/e,n/e,n/e,n/e,n/e,n/e,804,,n/e,n/e,n/e,n/e,n/e,n/e,0,,n/e,n/e,1,,n/e,n/e,n/e,n/e,3,
03:00 - 04:00,44,,n/e,n/e,n/e,n/e,3,,n/e,n/e,n/e,n/e,n/e,n/e,n/e,n/e,n/e,n/e,n/e,n/e,804,,n/e,n/e,n/e,n/e,n/e,n/e,0,,n/e,n/e,12,,n/e,n/e,n/e,n/e,0,
04:00 - 05:00,44,,n/e,n/e,n/e,n/e,1,,n/e,n/e,n/e,n/e,n/e,n/e,n/e,n/e,n/e,n/e,n/e,n/e,790,,n/e,n/e,n/e,n/e,n/e,n/e,0,,n/e,n/e,42,,n/e,n/e,n/e,n/e,1,
05:00 - 06:00,44,,n/e,n/e,n/e,n/e,0,,n/e,n/e,n/e,n/e,n/e,n/e,n/e,n/e,n/e,n/e,n/e,n/e,806,,n/e,n/e,n/e,n/e,n/e,n/e,0,,n/e,n/e,95,,n/e,n/e,n/e,n/e,0,
06:00 - 07:00,41,,n/e,n/e,n/e,n/e,0,,n/e,n/e,n/e,n/e,n/e,n/e,n/e,n/e,n/e,n/e,n/e,n/e,773,,n/e,n/e,n/e,n/e,n/e,n/e,0,,n/e,n/e,151,,n/e,n/e,n/e,n/e,0,
07:00 - 08:00,39,,n/e,n/e,n/e,n/e,0,,n/e,n/e,n/e,n/e,n/e,n/e,n/e,n/e,n/e,n/e,n/e,n/e,637,,n/e,n/e,n/e,n/e,n/e,n/e,0,,n/e,n/e,186,,n/e,n/e,n/e,n/e,0,
08:00 - 09:00,36,,n/e,n/e,n/e,n/e,0,,n/e,n/e,n/e,n/e,n/e,n/e,n/e,n/e,n/e,n/e,n/e,n/e,597,,n/e,n/e,n/e,n/e,n/e,n/e,0,,n/e,n/e,212,,n/e,n/e,n/e,n/e,0,
09:00 - 10:00,34,,n/e,n/e,n/e,n/e,0,,n/e,n/e,n/e,n/e,n/e,n/e,n/e,n/e,n/e,n/e,n/e,n/e,616,,n/e,n/e,n/e,n/e,n/e,n/e,0,,n/e,n/e,229,,n/e,n/e,n/e,n/e,0,
10:00 - 11:00,34,,n/e,n/e,n/e,n/e,0,,n/e,n/e,n/e,n/e,n/e,n/e,n/e,n/e,n/e,n/e,n/e,n/e,645,,n/e,n/e,n/e,n/e,n/e,n/e,0,,n/e,n/e,220,,n/e,n/e,n/e,n/e,0,
11:00 - 12:00,34,,n/e,n/e,n/e,n/e,0,,n/e,n/e,n/e,n/e,n/e,n/e,n/e,n/e,n/e,n/e,n/e,n/e,640,,n/e,n/e,n/e,n/e,n/e,n/e,0,,n/e,n/e,185,,n/e,n/e,n/e,n/e,1,
12:00 - 13:00,33,,n/e,n/e,n/e,n/e,0,,n/e,n/e,n/e,n/e,n/e,n/e,n/e,n/e,n/e,n/e,n/e,n/e,617,,n/e,n/e,n/e,n/e,n/e,n/e,0,,n/e,n/e,156,,n/e,n/e,n/e,n/e,5,
13:00 - 14:00,33,,n/e,n/e,n/e,n/e,0,,n/e,n/e,n/e,n/e,n/e,n/e,n/e,n/e,n/e,n/e,n/e,n/e,626,,n/e,n/e,n/e,n/e,n/e,n/e,0,,n/e,n/e,128,,n/e,n/e,n/e,n/e,10,
14:00 - 15:00,33,,n/e,n/e,n/e,n/e,0,,n/e,n/e,n/e,n/e,n/e,n/e,n/e,n/e,n/e,n/e,n/e,n/e,628,,n/e,n/e,n/e,n/e,n/e,n/e,0,,n/e,n/e,89,,n/e,n/e,n/e,n/e,16,
15:00 - 16:00,37,,n/e,n/e,n/e,n/e,1,,n/e,n/e,n/e,n/e,n/e,n/e,n/e,n/e,n/e,n/e,n/e,n/e,854,,n/e,n/e,n/e,n/e,n/e,n/e,0,,n/e,n/e,49,,n/e,n/e,n/e,n/e,19,
16:00 - 17:00,45,,n/e,n/e,n/e,n/e,6,,n/e,n/e,n/e,n/e,n/e,n/e,n/e,n/e,n/e,n/e,n/e,n/e,901,,n/e,n/e,n/e,n/e,n/e,n/e,0,,n/e,n/e,22,,n/e,n/e,n/e,n/e,27,
17:00 - 18:00,50,,n/e,n/e,n/e,n/e,6,,n/e,n/e,n/e,n/e,n/e,n/e,n/e,n/e,n/e,n/e,n/e,n/e,911,,n/e,n/e,n/e,n/e,n/e,n/e,0,,n/e,n/e,5,,n/e,n/e,n/e,n/e,34,
18:00 - 19:00,53,,n/e,n/e,n/e,n/e,6,,n/e,n/e,n/e,n/e,n/e,n/e,n/e,n/e,n/e,n/e,n/e,n/e,928,,n/e,n/e,n/e,n/e,n/e,n/e,0,,n/e,n/e,0,,n/e,n/e,n/e,n/e,34,
19:00 - 20:00,53,,n/e,n/e,n/e,n/e,6,,n/e,n/e,n/e,n/e,n/e,n/e,n/e,n/e,n/e,n/e,n/e,n/e,908,,n/e,n/e,n/e,n/e,n/e,n/e,0,,n/e,n/e,0,,n/e,n/e,n/e,n/e,39,
20:00 - 21:00,50,,n/e,n/e,n/e,n/e,4,,n/e,n/e,n/e,n/e,n/e,n/e,n/e,n/e,n/e,n/e,n/e,n/e,843,,n/e,n/e,n/e,n/e,n/e,n/e,0,,n/e,n/e,0,,n/e,n/e,n/e,n/e,37,
21:00 - 22:00,44,,n/e,n/e,n/e,n/e,2,,n/e,n/e,n/e,n/e,n/e,n/e,n/e,n/e,n/e,n/e,n/e,n/e,801,,n/e,n/e,n/e,n/e,n/e,n/e,0,,n/e,n/e,0,,n/e,n/e,n/e,n/e,36,
22:00 - 23:00,38,,n/e,n/e,n/e,n/e,0,,n/e,n/e,n/e,n/e,n/e,n/e,n/e,n/e,n/e,n/e,n/e,n/e,785,,n/e,n/e,n/e,n/e,n/e,n/e,0,,n/e,n/e,0,,n/e,n/e,n/e,n/e,52,
23:00 - 00:00,38,,n/e,n/e,n/e,n/e,0,,n/e,n/e,n/e,n/e,n/e,n/e,n/e,n/e,n/e,n/e,n/e,n/e,826,,n/e,n/e,n/e,n/e,n/e,n/e,0,,n/e,n/e,0,,n/e,n/e,n/e,n/e,51,
00:00 - 01:00,36,,n/e,n/e,n/e,n/e,0,,n/e,n/e,n/e,n/e,n/e,n/e,n/e,n/e,n/e,n/e,n/e,n/e,835,,n/e,n/e,n/e,n/e,n/e,n/e,0,,n/e,n/e,0,,n/e,n/e,n/e,n/e,35,
01:00 - 02:00,36,,n/e,n/e,n/e,n/e,0,,n/e,n/e,n/e,n/e,n/e,n/e,n/e,n/e,n/e,n/e,n/e,n/e,973,,n/e,n/e,n/e,n/e,n/e,n/e,0,,n/e,n/e,0,,n/e,n/e,n/e,n/e,27,
02:00 - 03:00,37,,n/e,n/e,n/e,n/e,1,,n/e,n/e,n/e,n/e,n/e,n/e,n/e,n/e,n/e,n/e,n/e,n/e,974,,n/e,n/e,n/e,n/e,n/e,n/e,0,,n/e,n/e,0,,n/e,n/e,n/e,n/e,36,
03:00 - 04:00,44,,n/e,n/e,n/e,n/e,2,,n/e,n/e,n/e,n/e,n/e,n/e,n/e,n/e,n/e,n/e,n/e,n/e,988,,n/e,n/e,n/e,n/e,n/e,n/e,0,,n/e,n/e,3,,n/e,n/e,n/e,n/e,41,
04:00 - 05:00,50,,n/e,n/e,n/e,n/e,6,,n/e,n/e,n/e,n/e,n/e,n/e,n/e,n/e,n/e,n/e,n/e,n/e,1027,,n/e,n/e,n/e,n/e,n/e,n/e,0,,n/e,n/e,8,,n/e,n/e,n/e,n/e,19,
05:00 - 06:00,55,,n/e,n/e,n/e,n/e,6,,n/e,n/e,n/e,n/e,n/e,n/e,n/e,n/e,n/e,n/e,n/e,n/e,1028,,n/e,n/e,n/e,n/e,n/e,n/e,0,,n/e,n/e,16,,n/e,n/e,n/e,n/e,26,
06:00 - 07:00,54,,n/e,n/e,n/e,n/e,6,,n/e,n/e,n/e,n/e,n/e,n/e,n/e,n/e,n/e,n/e,n/e,n/e,1025,,n/e,n/e,n/e,n/e,n/e,n/e,0,,n/e,n/e,27,,n/e,n/e,n/e,n/e,37,
07:00 - 08:00,51,,n/e,n/e,n/e,n/e,6,,n/e,n/e,n/e,n/e,n/e,n/e,n/e,n/e,n/e,n/e,n/e,n/e,837,,n/e,n/e,n/e,n/e,n/e,n/e,0,,n/e,n/e,44,,n/e,n/e,n/e,n/e,36,
08:00 - 09:00,45,,n/e,n/e,n/e,n/e,6,,n/e,n/e,n/e,n/e,n/e,n/e,n/e,n/e,n/e,n/e,n/e,n/e,692,,n/e,n/e,n/e,n/e,n/e,n/e,0,,n/e,n/e,60,,n/e,n/e,n/e,n/e,36,
09:00 - 10:00,45,,n/e,n/e,n/e,n/e,5,,n/e,n/e,n/e,n/e,n/e,n/e,n/e,n/e,n/e,n/e,n/e,n/e,692,,n/e,n/e,n/e,n/e,n/e,n/e,0,,n/e,n/e,64,,n/e,n/e,n/e,n/e,35,
10:00 - 11:00,44,,n/e,n/e,n/e,n/e,5,,n/e,n/e,n/e,n/e,n/e,n/e,n/e,n/e,n/e,n/e,n/e,n/e,692,,n/e,n/e,n/e,n/e,n/e,n/e,0,,n/e,n/e,66,,n/e,n/e,n/e,n/e,42,
11:00 - 12:00,44,,n/e,n/e,n/e,n/e,5,,n/e,n/e,n/e,n/e,n/e,n/e,n/e,n/e,n/e,n/e,n/e,n/e,692,,n/e,n/e,n/e,n/e,n/e,n/e,0,,n/e,n/e,57,,n/e,n/e,n/e,n/e,42,
12:00 - 13:00,44,,n/e,n/e,n/e,n/e,5,,n/e,n/e,n/e,n/e,n/e,n/e,n/e,n/e,n/e,n/e,n/e,n/e,691,,n/e,n/e,n/e,n/e,n/e,n/e,0,,n/e,n/e,48,,n/e,n/e,n/e,n/e,48,
13:00 - 14:00,43,,n/e,n/e,n/e,n/e,5,,n/e,n/e,n/e,n/e,n/e,n/e,n/e,n/e,n/e,n/e,n/e,n/e,643,,n/e,n/e,n/e,n/e,n/e,n/e,0,,n/e,n/e,36,,n/e,n/e,n/e,n/e,45,
14:00 - 15:00,45,,n/e,n/e,n/e,n/e,6,,n/e,n/e,n/e,n/e,n/e,n/e,n/e,n/e,n/e,n/e,n/e,n/e,697,,n/e,n/e,n/e,n/e,n/e,n/e,0,,n/e,n/e,27,,n/e,n/e,n/e,n/e,38,
15:00 - 16:00,49,,n/e,n/e,n/e,n/e,6,,n/e,n/e,n/e,n/e,n/e,n/e,n/e,n/e,n/e,n/e,n/e,n/e,824,,n/e,n/e,n/e,n/e,n/e,n/e,0,,n/e,n/e,15,,n/e,n/e,n/e,n/e,31,
16:00 - 17:00,51,,n/e,n/e,n/e,n/e,6,,n/e,n/e,n/e,n/e,n/e,n/e,n/e,n/e,n/e,n/e,n/e,n/e,985,,n/e,n/e,n/e,n/e,n/e,n/e,0,,n/e,n/e,7,,n/e,n/e,n/e,n/e,22,
17:00 - 18:00,55,,n/e,n/e,n/e,n/e,6,,n/e,n/e,n/e,n/e,n/e,n/e,n/e,n/e,n/e,n/e,n/e,n/e,1036,,n/e,n/e,n/e,n/e,n/e,n/e,0,,n/e,n/e,2,,n/e,n/e,n/e,n/e,22,
18:00 - 19:00,54,,n/e,n/e,n/e,n/e,6,,n/e,n/e,n/e,n/e,n/e,n/e,n/e,n/e,n/e,n/e,n/e,n/e,1010,,n/e,n/e,n/e,n/e,n/e,n/e,0,,n/e,n/e,0,,n/e,n/e,n/e,n/e,13,
19:00 - 20:00,54,,n/e,n/e,n/e,n/e,6,,n/e,n/e,n/e,n/e,n/e,n/e,n/e,n/e,n/e,n/e,n/e,n/e,980,,n/e,n/e,n/e,n/e,n/e,n/e,0,,n/e,n/e,0,,n/e,n/e,n/e,n/e,15,
20:00 - 21:00,48,,n/e,n/e,n/e,n/e,4,,n/e,n/e,n/e,n/e,n/e,n/e,n/e,n/e,n/e,n/e,n/e,n/e,843,,n/e,n/e,n/e,n/e,n/e,n/e,0,,n/e,n/e,0,,n/e,n/e,n/e,n/e,28,
21:00 - 22:00,45,,n/e,n/e,n/e,n/e,4,,n/e,n/e,n/e,n/e,n/e,n/e,n/e,n/e,n/e,n/e,n/e,n/e,850,,n/e,n/e,n/e,n/e,n/e,n/e,0,,n/e,n/e,0,,n/e,n/e,n/e,n/e,33,
22:00 - 23:00,46,,n/e,n/e,n/e,n/e,6,,n/e,n/e,n/e,n/e,n/e,n/e,n/e,n/e,n/e,n/e,n/e,n/e,612,,n/e,n/e,n/e,n/e,n/e,n/e,0,,n/e,n/e,0,,n/e,n/e,n/e,n/e,15,
23:00 - 00:00,45,,n/e,n/e,n/e,n/e,6,,n/e,n/e,n/e,n/e,n/e,n/e,n/e,n/e,n/e,n/e,n/e,n/e,587,,n/e,n/e,n/e,n/e,n/e,n/e,0,,n/e,n/e,0,,n/e,n/e,n/e,n/e,23,
00:00 - 01:00,45,,n/e,n/e,n/e,n/e,6,,n/e,n/e,n/e,n/e,n/e,n/e,n/e,n/e,n/e,n/e,n/e,n/e,644,,n/e,n/e,n/e,n/e,n/e,n/e,0,,n/e,n/e,0,,n/e,n/e,n/e,n/e,28,
01:00 - 02:00,46,,n/e,n/e,n/e,n/e,5,,n/e,n/e,n/e,n/e,n/e,n/e,n/e,n/e,n/e,n/e,n/e,n/e,644,,n/e,n/e,n/e,n/e,n/e,n/e,0,,n/e,n/e,0,,n/e,n/e,n/e,n/e,27,
02:00 - 03:00,49,,n/e,n/e,n/e,n/e,5,,n/e,n/e,n/e,n/e,n/e,n/e,n/e,n/e,n/e,n/e,n/e,n/e,623,,n/e,n/e,n/e,n/e,n/e,n/e,0,,n/e,n/e,1,,n/e,n/e,n/e,n/e,26,
03:00 - 04:00,53,,n/e,n/e,n/e,n/e,6,,n/e,n/e,n/e,n/e,n/e,n/e,n/e,n/e,n/e,n/e,n/e,n/e,642,,n/e,n/e,n/e,n/e,n/e,n/e,0,,n/e,n/e,11,,n/e,n/e,n/e,n/e,31,
04:00 - 05:00,60,,n/e,n/e,n/e,n/e,6,,n/e,n/e,n/e,n/e,n/e,n/e,n/e,n/e,n/e,n/e,n/e,n/e,678,,n/e,n/e,n/e,n/e,n/e,n/e,0,,n/e,n/e,40,,n/e,n/e,n/e,n/e,19,
05:00 - 06:00,64,,n/e,n/e,n/e,n/e,6,,n/e,n/e,n/e,n/e,n/e,n/e,n/e,n/e,n/e,n/e,n/e,n/e,712,,n/e,n/e,n/e,n/e,n/e,n/e,0,,n/e,n/e,100,,n/e,n/e,n/e,n/e,13,
06:00 - 07:00,61,,n/e,n/e,n/e,n/e,6,,n/e,n/e,n/e,n/e,n/e,n/e,n/e,n/e,n/e,n/e,n/e,n/e,659,,n/e,n/e,n/e,n/e,n/e,n/e,0,,n/e,n/e,169,,n/e,n/e,n/e,n/e,17,
07:00 - 08:00,52,,n/e,n/e,n/e,n/e,6,,n/e,n/e,n/e,n/e,n/e,n/e,n/e,n/e,n/e,n/e,n/e,n/e,683,,n/e,n/e,n/e,n/e,n/e,n/e,0,,n/e,n/e,221,,n/e,n/e,n/e,n/e,26,
08:00 - 09:00,49,,n/e,n/e,n/e,n/e,6,,n/e,n/e,n/e,n/e,n/e,n/e,n/e,n/e,n/e,n/e,n/e,n/e,644,,n/e,n/e,n/e,n/e,n/e,n/e,0,,n/e,n/e,251,,n/e,n/e,n/e,n/e,27,
09:00 - 10:00,46,,n/e,n/e,n/e,n/e,4,,n/e,n/e,n/e,n/e,n/e,n/e,n/e,n/e,n/e,n/e,n/e,n/e,644,,n/e,n/e,n/e,n/e,n/e,n/e,0,,n/e,n/e,267,,n/e,n/e,n/e,n/e,23,
10:00 - 11:00,44,,n/e,n/e,n/e,n/e,3,,n/e,n/e,n/e,n/e,n/e,n/e,n/e,n/e,n/e,n/e,n/e,n/e,640,,n/e,n/e,n/e,n/e,n/e,n/e,0,,n/e,n/e,268,,n/e,n/e,n/e,n/e,36,
11:00 - 12:00,46,,n/e,n/e,n/e,n/e,3,,n/e,n/e,n/e,n/e,n/e,n/e,n/e,n/e,n/e,n/e,n/e,n/e,581,,n/e,n/e,n/e,n/e,n/e,n/e,0,,n/e,n/e,261,,n/e,n/e,n/e,n/e,28,
12:00 - 13:00,46,,n/e,n/e,n/e,n/e,4,,n/e,n/e,n/e,n/e,n/e,n/e,n/e,n/e,n/e,n/e,n/e,n/e,563,,n/e,n/e,n/e,n/e,n/e,n/e,0,,n/e,n/e,244,,n/e,n/e,n/e,n/e,32,
13:00 - 14:00,46,,n/e,n/e,n/e,n/e,4,,n/e,n/e,n/e,n/e,n/e,n/e,n/e,n/e,n/e,n/e,n/e,n/e,581,,n/e,n/e,n/e,n/e,n/e,n/e,0,,n/e,n/e,209,,n/e,n/e,n/e,n/e,33,
14:00 - 15:00,47,,n/e,n/e,n/e,n/e,6,,n/e,n/e,n/e,n/e,n/e,n/e,n/e,n/e,n/e,n/e,n/e,n/e,736,,n/e,n/e,n/e,n/e,n/e,n/e,0,,n/e,n/e,151,,n/e,n/e,n/e,n/e,31,
15:00 - 16:00,49,,n/e,n/e,n/e,n/e,5,,n/e,n/e,n/e,n/e,n/e,n/e,n/e,n/e,n/e,n/e,n/e,n/e,857,,n/e,n/e,n/e,n/e,n/e,n/e,0,,n/e,n/e,85,,n/e,n/e,n/e,n/e,29,
16:00 - 17:00,54,,n/e,n/e,n/e,n/e,6,,n/e,n/e,n/e,n/e,n/e,n/e,n/e,n/e,n/e,n/e,n/e,n/e,979,,n/e,n/e,n/e,n/e,n/e,n/e,0,,n/e,n/e,30,,n/e,n/e,n/e,n/e,29,
17:00 - 18:00,58,,n/e,n/e,n/e,n/e,11,,n/e,n/e,n/e,n/e,n/e,n/e,n/e,n/e,n/e,n/e,n/e,n/e,1023,,n/e,n/e,n/e,n/e,n/e,n/e,0,,n/e,n/e,7,,n/e,n/e,n/e,n/e,22,
18:00 - 19:00,58,,n/e,n/e,n/e,n/e,24,,n/e,n/e,n/e,n/e,n/e,n/e,n/e,n/e,n/e,n/e,n/e,n/e,1011,,n/e,n/e,n/e,n/e,n/e,n/e,0,,n/e,n/e,0,,n/e,n/e,n/e,n/e,17,
19:00 - 20:00,59,,n/e,n/e,n/e,n/e,39,,n/e,n/e,n/e,n/e,n/e,n/e,n/e,n/e,n/e,n/e,n/e,n/e,947,,n/e,n/e,n/e,n/e,n/e,n/e,0,,n/e,n/e,0,,n/e,n/e,n/e,n/e,16,
20:00 - 21:00,58,,n/e,n/e,n/e,n/e,46,,n/e,n/e,n/e,n/e,n/e,n/e,n/e,n/e,n/e,n/e,n/e,n/e,900,,n/e,n/e,n/e,n/e,n/e,n/e,0,,n/e,n/e,0,,n/e,n/e,n/e,n/e,15,
21:00 - 22:00,54,,n/e,n/e,n/e,n/e,45,,n/e,n/e,n/e,n/e,n/e,n/e,n/e,n/e,n/e,n/e,n/e,n/e,891,,n/e,n/e,n/e,n/e,n/e,n/e,0,,n/e,n/e,0,,n/e,n/e,n/e,n/e,19,
22:00 - 23:00,50,,n/e,n/e,n/e,n/e,44,,n/e,n/e,n/e,n/e,n/e,n/e,n/e,n/e,n/e,n/e,n/e,n/e,505,,n/e,n/e,n/e,n/e,n/e,n/e,0,,n/e,n/e,0,,n/e,n/e,n/e,n/e,24,
23:00 - 00:00,48,,n/e,n/e,n/e,n/e,44,,n/e,n/e,n/e,n/e,n/e,n/e,n/e,n/e,n/e,n/e,n/e,n/e,506,,n/e,n/e,n/e,n/e,n/e,n/e,0,,n/e,n/e,0,,n/e,n/e,n/e,n/e,27,
00:00 - 01:00,50,,n/e,n/e,n/e,n/e,44,,n/e,n/e,n/e,n/e,n/e,n/e,n/e,n/e,n/e,n/e,n/e,n/e,538,,n/e,n/e,n/e,n/e,n/e,n/e,0,,n/e,n/e,0,,n/e,n/e,n/e,n/e,24,
01:00 - 02:00,52,,n/e,n/e,n/e,n/e,45,,n/e,n/e,n/e,n/e,n/e,n/e,n/e,n/e,n/e,n/e,n/e,n/e,539,,n/e,n/e,n/e,n/e,n/e,n/e,0,,n/e,n/e,0,,n/e,n/e,n/e,n/e,20,
02:00 - 03:00,54,,n/e,n/e,n/e,n/e,49,,n/e,n/e,n/e,n/e,n/e,n/e,n/e,n/e,n/e,n/e,n/e,n/e,518,,n/e,n/e,n/e,n/e,n/e,n/e,0,,n/e,n/e,1,,n/e,n/e,n/e,n/e,13,
03:00 - 04:00,59,,n/e,n/e,n/e,n/e,54,,n/e,n/e,n/e,n/e,n/e,n/e,n/e,n/e,n/e,n/e,n/e,n/e,522,,n/e,n/e,n/e,n/e,n/e,n/e,0,,n/e,n/e,12,,n/e,n/e,n/e,n/e,14,
04:00 - 05:00,68,,n/e,n/e,n/e,n/e,72,,n/e,n/e,n/e,n/e,n/e,n/e,n/e,n/e,n/e,n/e,n/e,n/e,645,,n/e,n/e,n/e,n/e,n/e,n/e,0,,n/e,n/e,42,,n/e,n/e,n/e,n/e,10,
05:00 - 06:00,70,,n/e,n/e,n/e,n/e,68,,n/e,n/e,n/e,n/e,n/e,n/e,n/e,n/e,n/e,n/e,n/e,n/e,664,,n/e,n/e,n/e,n/e,n/e,n/e,0,,n/e,n/e,102,,n/e,n/e,n/e,n/e,15,
06:00 - 07:00,70,,n/e,n/e,n/e,n/e,52,,n/e,n/e,n/e,n/e,n/e,n/e,n/e,n/e,n/e,n/e,n/e,n/e,590,,n/e,n/e,n/e,n/e,n/e,n/e,0,,n/e,n/e,167,,n/e,n/e,n/e,n/e,8,
07:00 - 08:00,63,,n/e,n/e,n/e,n/e,49,,n/e,n/e,n/e,n/e,n/e,n/e,n/e,n/e,n/e,n/e,n/e,n/e,539,,n/e,n/e,n/e,n/e,n/e,n/e,0,,n/e,n/e,212,,n/e,n/e,n/e,n/e,9,
08:00 - 09:00,63,,n/e,n/e,n/e,n/e,49,,n/e,n/e,n/e,n/e,n/e,n/e,n/e,n/e,n/e,n/e,n/e,n/e,497,,n/e,n/e,n/e,n/e,n/e,n/e,0,,n/e,n/e,246,,n/e,n/e,n/e,n/e,15,
09:00 - 10:00,66,,n/e,n/e,n/e,n/e,48,,n/e,n/e,n/e,n/e,n/e,n/e,n/e,n/e,n/e,n/e,n/e,n/e,439,,n/e,n/e,n/e,n/e,n/e,n/e,0,,n/e,n/e,261,,n/e,n/e,n/e,n/e,15,
10:00 - 11:00,60,,n/e,n/e,n/e,n/e,48,,n/e,n/e,n/e,n/e,n/e,n/e,n/e,n/e,n/e,n/e,n/e,n/e,437,,n/e,n/e,n/e,n/e,n/e,n/e,0,,n/e,n/e,248,,n/e,n/e,n/e,n/e,15,
11:00 - 12:00,58,,n/e,n/e,n/e,n/e,48,,n/e,n/e,n/e,n/e,n/e,n/e,n/e,n/e,n/e,n/e,n/e,n/e,483,,n/e,n/e,n/e,n/e,n/e,n/e,0,,n/e,n/e,206,,n/e,n/e,n/e,n/e,14,
12:00 - 13:00,55,,n/e,n/e,n/e,n/e,48,,n/e,n/e,n/e,n/e,n/e,n/e,n/e,n/e,n/e,n/e,n/e,n/e,535,,n/e,n/e,n/e,n/e,n/e,n/e,0,,n/e,n/e,183,,n/e,n/e,n/e,n/e,12,
13:00 - 14:00,55,,n/e,n/e,n/e,n/e,50,,n/e,n/e,n/e,n/e,n/e,n/e,n/e,n/e,n/e,n/e,n/e,n/e,535,,n/e,n/e,n/e,n/e,n/e,n/e,0,,n/e,n/e,162,,n/e,n/e,n/e,n/e,7,
14:00 - 15:00,62,,n/e,n/e,n/e,n/e,51,,n/e,n/e,n/e,n/e,n/e,n/e,n/e,n/e,n/e,n/e,n/e,n/e,635,,n/e,n/e,n/e,n/e,n/e,n/e,0,,n/e,n/e,126,,n/e,n/e,n/e,n/e,3,
15:00 - 16:00,64,,n/e,n/e,n/e,n/e,30,,n/e,n/e,n/e,n/e,n/e,n/e,n/e,n/e,n/e,n/e,n/e,n/e,795,,n/e,n/e,n/e,n/e,n/e,n/e,0,,n/e,n/e,73,,n/e,n/e,n/e,n/e,6,
16:00 - 17:00,64,,n/e,n/e,n/e,n/e,18,,n/e,n/e,n/e,n/e,n/e,n/e,n/e,n/e,n/e,n/e,n/e,n/e,876,,n/e,n/e,n/e,n/e,n/e,n/e,0,,n/e,n/e,26,,n/e,n/e,n/e,n/e,2,
17:00 - 18:00,63,,n/e,n/e,n/e,n/e,17,,n/e,n/e,n/e,n/e,n/e,n/e,n/e,n/e,n/e,n/e,n/e,n/e,905,,n/e,n/e,n/e,n/e,n/e,n/e,0,,n/e,n/e,6,,n/e,n/e,n/e,n/e,1,
18:00 - 19:00,64,,n/e,n/e,n/e,n/e,17,,n/e,n/e,n/e,n/e,n/e,n/e,n/e,n/e,n/e,n/e,n/e,n/e,850,,n/e,n/e,n/e,n/e,n/e,n/e,0,,n/e,n/e,0,,n/e,n/e,n/e,n/e,1,
19:00 - 20:00,62,,n/e,n/e,n/e,n/e,14,,n/e,n/e,n/e,n/e,n/e,n/e,n/e,n/e,n/e,n/e,n/e,n/e,875,,n/e,n/e,n/e,n/e,n/e,n/e,0,,n/e,n/e,0,,n/e,n/e,n/e,n/e,2,
20:00 - 21:00,60,,n/e,n/e,n/e,n/e,15,,n/e,n/e,n/e,n/e,n/e,n/e,n/e,n/e,n/e,n/e,n/e,n/e,904,,n/e,n/e,n/e,n/e,n/e,n/e,0,,n/e,n/e,0,,n/e,n/e,n/e,n/e,3,
21:00 - 22:00,58,,n/e,n/e,n/e,n/e,8,,n/e,n/e,n/e,n/e,n/e,n/e,n/e,n/e,n/e,n/e,n/e,n/e,743,,n/e,n/e,n/e,n/e,n/e,n/e,0,,n/e,n/e,0,,n/e,n/e,n/e,n/e,5,
22:00 - 23:00,54,,n/e,n/e,n/e,n/e,5,,n/e,n/e,n/e,n/e,n/e,n/e,n/e,n/e,n/e,n/e,n/e,n/e,561,,n/e,n/e,n/e,n/e,n/e,n/e,0,,n/e,n/e,0,,n/e,n/e,n/e,n/e,9,
23:00 - 00:00,53,,n/e,n/e,n/e,n/e,5,,n/e,n/e,n/e,n/e,n/e,n/e,n/e,n/e,n/e,n/e,n/e,n/e,654,,n/e,n/e,n/e,n/e,n/e,n/e,0,,n/e,n/e,0,,n/e,n/e,n/e,n/e,16,
00:00 - 01:00,52,,n/e,n/e,n/e,n/e,6,,n/e,n/e,n/e,n/e,n/e,n/e,n/e,n/e,n/e,n/e,n/e,n/e,653,,n/e,n/e,n/e,n/e,n/e,n/e,0,,n/e,n/e,0,,n/e,n/e,n/e,n/e,14,
01:00 - 02:00,54,,n/e,n/e,n/e,n/e,6,,n/e,n/e,n/e,n/e,n/e,n/e,n/e,n/e,n/e,n/e,n/e,n/e,645,,n/e,n/e,n/e,n/e,n/e,n/e,0,,n/e,n/e,0,,n/e,n/e,n/e,n/e,17,
02:00 - 03:00,57,,n/e,n/e,n/e,n/e,5,,n/e,n/e,n/e,n/e,n/e,n/e,n/e,n/e,n/e,n/e,n/e,n/e,620,,n/e,n/e,n/e,n/e,n/e,n/e,0,,n/e,n/e,1,,n/e,n/e,n/e,n/e,18,
03:00 - 04:00,60,,n/e,n/e,n/e,n/e,4,,n/e,n/e,n/e,n/e,n/e,n/e,n/e,n/e,n/e,n/e,n/e,n/e,661,,n/e,n/e,n/e,n/e,n/e,n/e,0,,n/e,n/e,6,,n/e,n/e,n/e,n/e,16,
04:00 - 05:00,62,,n/e,n/e,n/e,n/e,8,,n/e,n/e,n/e,n/e,n/e,n/e,n/e,n/e,n/e,n/e,n/e,n/e,647,,n/e,n/e,n/e,n/e,n/e,n/e,0,,n/e,n/e,14,,n/e,n/e,n/e,n/e,19,
05:00 - 06:00,63,,n/e,n/e,n/e,n/e,8,,n/e,n/e,n/e,n/e,n/e,n/e,n/e,n/e,n/e,n/e,n/e,n/e,700,,n/e,n/e,n/e,n/e,n/e,n/e,0,,n/e,n/e,28,,n/e,n/e,n/e,n/e,19,
06:00 - 07:00,58,,n/e,n/e,n/e,n/e,9,,n/e,n/e,n/e,n/e,n/e,n/e,n/e,n/e,n/e,n/e,n/e,n/e,723,,n/e,n/e,n/e,n/e,n/e,n/e,0,,n/e,n/e,52,,n/e,n/e,n/e,n/e,13,
07:00 - 08:00,54,,n/e,n/e,n/e,n/e,8,,n/e,n/e,n/e,n/e,n/e,n/e,n/e,n/e,n/e,n/e,n/e,n/e,590,,n/e,n/e,n/e,n/e,n/e,n/e,0,,n/e,n/e,78,,n/e,n/e,n/e,n/e,10,
08:00 - 09:00,45,,n/e,n/e,n/e,n/e,5,,n/e,n/e,n/e,n/e,n/e,n/e,n/e,n/e,n/e,n/e,n/e,n/e,576,,n/e,n/e,n/e,n/e,n/e,n/e,0,,n/e,n/e,85,,n/e,n/e,n/e,n/e,21,
09:00 - 10:00,46,,n/e,n/e,n/e,n/e,5,,n/e,n/e,n/e,n/e,n/e,n/e,n/e,n/e,n/e,n/e,n/e,n/e,548,,n/e,n/e,n/e,n/e,n/e,n/e,0,,n/e,n/e,103,,n/e,n/e,n/e,n/e,27,
10:00 - 11:00,46,,n/e,n/e,n/e,n/e,5,,n/e,n/e,n/e,n/e,n/e,n/e,n/e,n/e,n/e,n/e,n/e,n/e,540,,n/e,n/e,n/e,n/e,n/e,n/e,0,,n/e,n/e,127,,n/e,n/e,n/e,n/e,25,
11:00 - 12:00,43,,n/e,n/e,n/e,n/e,3,,n/e,n/e,n/e,n/e,n/e,n/e,n/e,n/e,n/e,n/e,n/e,n/e,550,,n/e,n/e,n/e,n/e,n/e,n/e,0,,n/e,n/e,123,,n/e,n/e,n/e,n/e,18,
12:00 - 13:00,44,,n/e,n/e,n/e,n/e,3,,n/e,n/e,n/e,n/e,n/e,n/e,n/e,n/e,n/e,n/e,n/e,n/e,534,,n/e,n/e,n/e,n/e,n/e,n/e,0,,n/e,n/e,99,,n/e,n/e,n/e,n/e,16,
13:00 - 14:00,44,,n/e,n/e,n/e,n/e,3,,n/e,n/e,n/e,n/e,n/e,n/e,n/e,n/e,n/e,n/e,n/e,n/e,524,,n/e,n/e,n/e,n/e,n/e,n/e,0,,n/e,n/e,67,,n/e,n/e,n/e,n/e,15,
14:00 - 15:00,44,,n/e,n/e,n/e,n/e,3,,n/e,n/e,n/e,n/e,n/e,n/e,n/e,n/e,n/e,n/e,n/e,n/e,527,,n/e,n/e,n/e,n/e,n/e,n/e,0,,n/e,n/e,38,,n/e,n/e,n/e,n/e,5,
15:00 - 16:00,49,,n/e,n/e,n/e,n/e,6,,n/e,n/e,n/e,n/e,n/e,n/e,n/e,n/e,n/e,n/e,n/e,n/e,665,,n/e,n/e,n/e,n/e,n/e,n/e,0,,n/e,n/e,23,,n/e,n/e,n/e,n/e,3,
16:00 - 17:00,56,,n/e,n/e,n/e,n/e,10,,n/e,n/e,n/e,n/e,n/e,n/e,n/e,n/e,n/e,n/e,n/e,n/e,738,,n/e,n/e,n/e,n/e,n/e,n/e,0,,n/e,n/e,13,,n/e,n/e,n/e,n/e,5,
17:00 - 18:00,58,,n/e,n/e,n/e,n/e,9,,n/e,n/e,n/e,n/e,n/e,n/e,n/e,n/e,n/e,n/e,n/e,n/e,772,,n/e,n/e,n/e,n/e,n/e,n/e,0,,n/e,n/e,4,,n/e,n/e,n/e,n/e,4,
18:00 - 19:00,61,,n/e,n/e,n/e,n/e,9,,n/e,n/e,n/e,n/e,n/e,n/e,n/e,n/e,n/e,n/e,n/e,n/e,794,,n/e,n/e,n/e,n/e,n/e,n/e,0,,n/e,n/e,0,,n/e,n/e,n/e,n/e,7,
19:00 - 20:00,61,,n/e,n/e,n/e,n/e,8,,n/e,n/e,n/e,n/e,n/e,n/e,n/e,n/e,n/e,n/e,n/e,n/e,741,,n/e,n/e,n/e,n/e,n/e,n/e,0,,n/e,n/e,0,,n/e,n/e,n/e,n/e,10,
20:00 - 21:00,57,,n/e,n/e,n/e,n/e,7,,n/e,n/e,n/e,n/e,n/e,n/e,n/e,n/e,n/e,n/e,n/e,n/e,676,,n/e,n/e,n/e,n/e,n/e,n/e,0,,n/e,n/e,0,,n/e,n/e,n/e,n/e,15,
21:00 - 22:00,55,,n/e,n/e,n/e,n/e,6,,n/e,n/e,n/e,n/e,n/e,n/e,n/e,n/e,n/e,n/e,n/e,n/e,610,,n/e,n/e,n/e,n/e,n/e,n/e,0,,n/e,n/e,0,,n/e,n/e,n/e,n/e,11,
22:00 - 23:00,51,,n/e,n/e,n/e,n/e,5,,n/e,n/e,n/e,n/e,n/e,n/e,n/e,n/e,n/e,n/e,n/e,n/e,528,,n/e,n/e,n/e,n/e,n/e,n/e,0,,n/e,n/e,0,,n/e,n/e,n/e,n/e,13,
23:00 - 00:00,50,,n/e,n/e,n/e,n/e,5,,n/e,n/e,n/e,n/e,n/e,n/e,n/e,n/e,n/e,n/e,n/e,n/e,529,,n/e,n/e,n/e,n/e,n/e,n/e,0,,n/e,n/e,0,,n/e,n/e,n/e,n/e,12,
00:00 - 01:00,50,,n/e,n/e,n/e,n/e,5,,n/e,n/e,n/e,n/e,n/e,n/e,n/e,n/e,n/e,n/e,n/e,n/e,536,,n/e,n/e,n/e,n/e,n/e,n/e,0,,n/e,n/e,0,,n/e,n/e,n/e,n/e,8,
01:00 - 02:00,51,,n/e,n/e,n/e,n/e,5,,n/e,n/e,n/e,n/e,n/e,n/e,n/e,n/e,n/e,n/e,n/e,n/e,537,,n/e,n/e,n/e,n/e,n/e,n/e,0,,n/e,n/e,0,,n/e,n/e,n/e,n/e,18,
02:00 - 03:00,53,,n/e,n/e,n/e,n/e,6,,n/e,n/e,n/e,n/e,n/e,n/e,n/e,n/e,n/e,n/e,n/e,n/e,537,,n/e,n/e,n/e,n/e,n/e,n/e,0,,n/e,n/e,0,,n/e,n/e,n/e,n/e,58,
03:00 - 04:00,55,,n/e,n/e,n/e,n/e,8,,n/e,n/e,n/e,n/e,n/e,n/e,n/e,n/e,n/e,n/e,n/e,n/e,547,,n/e,n/e,n/e,n/e,n/e,n/e,0,,n/e,n/e,2,,n/e,n/e,n/e,n/e,46,
04:00 - 05:00,61,,n/e,n/e,n/e,n/e,11,,n/e,n/e,n/e,n/e,n/e,n/e,n/e,n/e,n/e,n/e,n/e,n/e,653,,n/e,n/e,n/e,n/e,n/e,n/e,0,,n/e,n/e,7,,n/e,n/e,n/e,n/e,36,
05:00 - 06:00,65,,n/e,n/e,n/e,n/e,12,,n/e,n/e,n/e,n/e,n/e,n/e,n/e,n/e,n/e,n/e,n/e,n/e,653,,n/e,n/e,n/e,n/e,n/e,n/e,0,,n/e,n/e,14,,n/e,n/e,n/e,n/e,27,
06:00 - 07:00,64,,n/e,n/e,n/e,n/e,11,,n/e,n/e,n/e,n/e,n/e,n/e,n/e,n/e,n/e,n/e,n/e,n/e,648,,n/e,n/e,n/e,n/e,n/e,n/e,0,,n/e,n/e,22,,n/e,n/e,n/e,n/e,25,
07:00 - 08:00,56,,n/e,n/e,n/e,n/e,9,,n/e,n/e,n/e,n/e,n/e,n/e,n/e,n/e,n/e,n/e,n/e,n/e,663,,n/e,n/e,n/e,n/e,n/e,n/e,0,,n/e,n/e,42,,n/e,n/e,n/e,n/e,29,
08:00 - 09:00,57,,n/e,n/e,n/e,n/e,7,,n/e,n/e,n/e,n/e,n/e,n/e,n/e,n/e,n/e,n/e,n/e,n/e,643,,n/e,n/e,n/e,n/e,n/e,n/e,0,,n/e,n/e,72,,n/e,n/e,n/e,n/e,31,
09:00 - 10:00,54,,n/e,n/e,n/e,n/e,6,,n/e,n/e,n/e,n/e,n/e,n/e,n/e,n/e,n/e,n/e,n/e,n/e,460,,n/e,n/e,n/e,n/e,n/e,n/e,0,,n/e,n/e,97,,n/e,n/e,n/e,n/e,49,
10:00 - 11:00,48,,n/e,n/e,n/e,n/e,2,,n/e,n/e,n/e,n/e,n/e,n/e,n/e,n/e,n/e,n/e,n/e,n/e,420,,n/e,n/e,n/e,n/e,n/e,n/e,0,,n/e,n/e,105,,n/e,n/e,n/e,n/e,60,
11:00 - 12:00,40,,n/e,n/e,n/e,n/e,0,,n/e,n/e,n/e,n/e,n/e,n/e,n/e,n/e,n/e,n/e,n/e,n/e,323,,n/e,n/e,n/e,n/e,n/e,n/e,0,,n/e,n/e,110,,n/e,n/e,n/e,n/e,71,
12:00 - 13:00,37,,n/e,n/e,n/e,n/e,0,,n/e,n/e,n/e,n/e,n/e,n/e,n/e,n/e,n/e,n/e,n/e,n/e,275,,n/e,n/e,n/e,n/e,n/e,n/e,0,,n/e,n/e,93,,n/e,n/e,n/e,n/e,84,
13:00 - 14:00,38,,n/e,n/e,n/e,n/e,0,,n/e,n/e,n/e,n/e,n/e,n/e,n/e,n/e,n/e,n/e,n/e,n/e,297,,n/e,n/e,n/e,n/e,n/e,n/e,0,,n/e,n/e,104,,n/e,n/e,n/e,n/e,82,
14:00 - 15:00,47,,n/e,n/e,n/e,n/e,2,,n/e,n/e,n/e,n/e,n/e,n/e,n/e,n/e,n/e,n/e,n/e,n/e,299,,n/e,n/e,n/e,n/e,n/e,n/e,0,,n/e,n/e,111,,n/e,n/e,n/e,n/e,76,
15:00 - 16:00,52,,n/e,n/e,n/e,n/e,5,,n/e,n/e,n/e,n/e,n/e,n/e,n/e,n/e,n/e,n/e,n/e,n/e,729,,n/e,n/e,n/e,n/e,n/e,n/e,0,,n/e,n/e,78,,n/e,n/e,n/e,n/e,64,
16:00 - 17:00,56,,n/e,n/e,n/e,n/e,14,,n/e,n/e,n/e,n/e,n/e,n/e,n/e,n/e,n/e,n/e,n/e,n/e,779,,n/e,n/e,n/e,n/e,n/e,n/e,0,,n/e,n/e,31,,n/e,n/e,n/e,n/e,51,
17:00 - 18:00,56,,n/e,n/e,n/e,n/e,17,,n/e,n/e,n/e,n/e,n/e,n/e,n/e,n/e,n/e,n/e,n/e,n/e,883,,n/e,n/e,n/e,n/e,n/e,n/e,0,,n/e,n/e,7,,n/e,n/e,n/e,n/e,28,
18:00 - 19:00,57,,n/e,n/e,n/e,n/e,17,,n/e,n/e,n/e,n/e,n/e,n/e,n/e,n/e,n/e,n/e,n/e,n/e,870,,n/e,n/e,n/e,n/e,n/e,n/e,0,,n/e,n/e,1,,n/e,n/e,n/e,n/e,15,
19:00 - 20:00,55,,n/e,n/e,n/e,n/e,14,,n/e,n/e,n/e,n/e,n/e,n/e,n/e,n/e,n/e,n/e,n/e,n/e,811,,n/e,n/e,n/e,n/e,n/e,n/e,0,,n/e,n/e,0,,n/e,n/e,n/e,n/e,13,
20:00 - 21:00,53,,n/e,n/e,n/e,n/e,5,,n/e,n/e,n/e,n/e,n/e,n/e,n/e,n/e,n/e,n/e,n/e,n/e,783,,n/e,n/e,n/e,n/e,n/e,n/e,0,,n/e,n/e,0,,n/e,n/e,n/e,n/e,19,
21:00 - 22:00,50,,n/e,n/e,n/e,n/e,4,,n/e,n/e,n/e,n/e,n/e,n/e,n/e,n/e,n/e,n/e,n/e,n/e,749,,n/e,n/e,n/e,n/e,n/e,n/e,0,,n/e,n/e,0,,n/e,n/e,n/e,n/e,19,
22:00 - 23:00,47,,n/e,n/e,n/e,n/e,4,,n/e,n/e,n/e,n/e,n/e,n/e,n/e,n/e,n/e,n/e,n/e,n/e,668,,n/e,n/e,n/e,n/e,n/e,n/e,0,,n/e,n/e,0,,n/e,n/e,n/e,n/e,27,
23:00 - 00:00,46,,n/e,n/e,n/e,n/e,3,,n/e,n/e,n/e,n/e,n/e,n/e,n/e,n/e,n/e,n/e,n/e,n/e,665,,n/e,n/e,n/e,n/e,n/e,n/e,0,,n/e,n/e,0,,n/e,n/e,n/e,n/e,28,
00:00 - 01:00,46,,n/e,n/e,n/e,n/e,3,,n/e,n/e,n/e,n/e,n/e,n/e,n/e,n/e,n/e,n/e,n/e,n/e,685,,n/e,n/e,n/e,n/e,n/e,n/e,0,,n/e,n/e,0,,n/e,n/e,n/e,n/e,32,
01:00 - 02:00,46,,n/e,n/e,n/e,n/e,4,,n/e,n/e,n/e,n/e,n/e,n/e,n/e,n/e,n/e,n/e,n/e,n/e,687,,n/e,n/e,n/e,n/e,n/e,n/e,0,,n/e,n/e,0,,n/e,n/e,n/e,n/e,33,
02:00 - 03:00,45,,n/e,n/e,n/e,n/e,5,,n/e,n/e,n/e,n/e,n/e,n/e,n/e,n/e,n/e,n/e,n/e,n/e,676,,n/e,n/e,n/e,n/e,n/e,n/e,0,,n/e,n/e,2,,n/e,n/e,n/e,n/e,28,
03:00 - 04:00,45,,n/e,n/e,n/e,n/e,5,,n/e,n/e,n/e,n/e,n/e,n/e,n/e,n/e,n/e,n/e,n/e,n/e,677,,n/e,n/e,n/e,n/e,n/e,n/e,0,,n/e,n/e,16,,n/e,n/e,n/e,n/e,27,
04:00 - 05:00,46,,n/e,n/e,n/e,n/e,4,,n/e,n/e,n/e,n/e,n/e,n/e,n/e,n/e,n/e,n/e,n/e,n/e,647,,n/e,n/e,n/e,n/e,n/e,n/e,0,,n/e,n/e,49,,n/e,n/e,n/e,n/e,23,
05:00 - 06:00,47,,n/e,n/e,n/e,n/e,4,,n/e,n/e,n/e,n/e,n/e,n/e,n/e,n/e,n/e,n/e,n/e,n/e,627,,n/e,n/e,n/e,n/e,n/e,n/e,0,,n/e,n/e,110,,n/e,n/e,n/e,n/e,29,
06:00 - 07:00,45,,n/e,n/e,n/e,n/e,0,,n/e,n/e,n/e,n/e,n/e,n/e,n/e,n/e,n/e,n/e,n/e,n/e,651,,n/e,n/e,n/e,n/e,n/e,n/e,0,,n/e,n/e,174,,n/e,n/e,n/e,n/e,34,
07:00 - 08:00,41,,n/e,n/e,n/e,n/e,0,,n/e,n/e,n/e,n/e,n/e,n/e,n/e,n/e,n/e,n/e,n/e,n/e,327,,n/e,n/e,n/e,n/e,n/e,n/e,0,,n/e,n/e,221,,n/e,n/e,n/e,n/e,16,
08:00 - 09:00,37,,n/e,n/e,n/e,n/e,0,,n/e,n/e,n/e,n/e,n/e,n/e,n/e,n/e,n/e,n/e,n/e,n/e,321,,n/e,n/e,n/e,n/e,n/e,n/e,0,,n/e,n/e,218,,n/e,n/e,n/e,n/e,15,
09:00 - 10:00,36,,n/e,n/e,n/e,n/e,0,,n/e,n/e,n/e,n/e,n/e,n/e,n/e,n/e,n/e,n/e,n/e,n/e,221,,n/e,n/e,n/e,n/e,n/e,n/e,0,,n/e,n/e,230,,n/e,n/e,n/e,n/e,17,
10:00 - 11:00,35,,n/e,n/e,n/e,n/e,2,,n/e,n/e,n/e,n/e,n/e,n/e,n/e,n/e,n/e,n/e,n/e,n/e,180,,n/e,n/e,n/e,n/e,n/e,n/e,0,,n/e,n/e,245,,n/e,n/e,n/e,n/e,21,
11:00 - 12:00,34,,n/e,n/e,n/e,n/e,0,,n/e,n/e,n/e,n/e,n/e,n/e,n/e,n/e,n/e,n/e,n/e,n/e,157,,n/e,n/e,n/e,n/e,n/e,n/e,0,,n/e,n/e,235,,n/e,n/e,n/e,n/e,23,
12:00 - 13:00,34,,n/e,n/e,n/e,n/e,0,,n/e,n/e,n/e,n/e,n/e,n/e,n/e,n/e,n/e,n/e,n/e,n/e,153,,n/e,n/e,n/e,n/e,n/e,n/e,0,,n/e,n/e,219,,n/e,n/e,n/e,n/e,16,
13:00 - 14:00,33,,n/e,n/e,n/e,n/e,0,,n/e,n/e,n/e,n/e,n/e,n/e,n/e,n/e,n/e,n/e,n/e,n/e,165,,n/e,n/e,n/e,n/e,n/e,n/e,0,,n/e,n/e,185,,n/e,n/e,n/e,n/e,11,
14:00 - 15:00,35,,n/e,n/e,n/e,n/e,0,,n/e,n/e,n/e,n/e,n/e,n/e,n/e,n/e,n/e,n/e,n/e,n/e,516,,n/e,n/e,n/e,n/e,n/e,n/e,0,,n/e,n/e,151,,n/e,n/e,n/e,n/e,12,
15:00 - 16:00,39,,n/e,n/e,n/e,n/e,0,,n/e,n/e,n/e,n/e,n/e,n/e,n/e,n/e,n/e,n/e,n/e,n/e,751,,n/e,n/e,n/e,n/e,n/e,n/e,0,,n/e,n/e,91,,n/e,n/e,n/e,n/e,12,
16:00 - 17:00,48,,n/e,n/e,n/e,n/e,7,,n/e,n/e,n/e,n/e,n/e,n/e,n/e,n/e,n/e,n/e,n/e,n/e,771,,n/e,n/e,n/e,n/e,n/e,n/e,0,,n/e,n/e,34,,n/e,n/e,n/e,n/e,10,
17:00 - 18:00,51,,n/e,n/e,n/e,n/e,8,,n/e,n/e,n/e,n/e,n/e,n/e,n/e,n/e,n/e,n/e,n/e,n/e,1131,,n/e,n/e,n/e,n/e,n/e,n/e,0,,n/e,n/e,8,,n/e,n/e,n/e,n/e,6,
18:00 - 19:00,54,,n/e,n/e,n/e,n/e,8,,n/e,n/e,n/e,n/e,n/e,n/e,n/e,n/e,n/e,n/e,n/e,n/e,1206,,n/e,n/e,n/e,n/e,n/e,n/e,0,,n/e,n/e,1,,n/e,n/e,n/e,n/e,4,
19:00 - 20:00,55,,n/e,n/e,n/e,n/e,5,,n/e,n/e,n/e,n/e,n/e,n/e,n/e,n/e,n/e,n/e,n/e,n/e,795,,n/e,n/e,n/e,n/e,n/e,n/e,0,,n/e,n/e,0,,n/e,n/e,n/e,n/e,6,
20:00 - 21:00,54,,n/e,n/e,n/e,n/e,5,,n/e,n/e,n/e,n/e,n/e,n/e,n/e,n/e,n/e,n/e,n/e,n/e,597,,n/e,n/e,n/e,n/e,n/e,n/e,0,,n/e,n/e,0,,n/e,n/e,n/e,n/e,3,
21:00 - 22:00,51,,n/e,n/e,n/e,n/e,4,,n/e,n/e,n/e,n/e,n/e,n/e,n/e,n/e,n/e,n/e,n/e,n/e,589,,n/e,n/e,n/e,n/e,n/e,n/e,0,,n/e,n/e,0,,n/e,n/e,n/e,n/e,2,
22:00 - 23:00,48,,n/e,n/e,n/e,n/e,2,,n/e,n/e,n/e,n/e,n/e,n/e,n/e,n/e,n/e,n/e,n/e,n/e,624,,n/e,n/e,n/e,n/e,n/e,n/e,0,,n/e,n/e,0,,n/e,n/e,n/e,n/e,1,
23:00 - 00:00,47,,n/e,n/e,n/e,n/e,2,,n/e,n/e,n/e,n/e,n/e,n/e,n/e,n/e,n/e,n/e,n/e,n/e,624,,n/e,n/e,n/e,n/e,n/e,n/e,0,,n/e,n/e,0,,n/e,n/e,n/e,n/e,1,
00:00 - 01:00,45,,n/e,n/e,n/e,n/e,2,,n/e,n/e,n/e,n/e,n/e,n/e,n/e,n/e,n/e,n/e,n/e,n/e,598,,n/e,n/e,n/e,n/e,n/e,n/e,0,,n/e,n/e,0,,n/e,n/e,n/e,n/e,0,
01:00 - 02:00,44,,n/e,n/e,n/e,n/e,2,,n/e,n/e,n/e,n/e,n/e,n/e,n/e,n/e,n/e,n/e,n/e,n/e,634,,n/e,n/e,n/e,n/e,n/e,n/e,0,,n/e,n/e,0,,n/e,n/e,n/e,n/e,1,
02:00 - 03:00,43,,n/e,n/e,n/e,n/e,2,,n/e,n/e,n/e,n/e,n/e,n/e,n/e,n/e,n/e,n/e,n/e,n/e,633,,n/e,n/e,n/e,n/e,n/e,n/e,0,,n/e,n/e,2,,n/e,n/e,n/e,n/e,1,
03:00 - 04:00,43,,n/e,n/e,n/e,n/e,2,,n/e,n/e,n/e,n/e,n/e,n/e,n/e,n/e,n/e,n/e,n/e,n/e,629,,n/e,n/e,n/e,n/e,n/e,n/e,0,,n/e,n/e,14,,n/e,n/e,n/e,n/e,0,
04:00 - 05:00,40,,n/e,n/e,n/e,n/e,0,,n/e,n/e,n/e,n/e,n/e,n/e,n/e,n/e,n/e,n/e,n/e,n/e,627,,n/e,n/e,n/e,n/e,n/e,n/e,0,,n/e,n/e,49,,n/e,n/e,n/e,n/e,0,
05:00 - 06:00,39,,n/e,n/e,n/e,n/e,0,,n/e,n/e,n/e,n/e,n/e,n/e,n/e,n/e,n/e,n/e,n/e,n/e,624,,n/e,n/e,n/e,n/e,n/e,n/e,0,,n/e,n/e,105,,n/e,n/e,n/e,n/e,0,
06:00 - 07:00,39,,n/e,n/e,n/e,n/e,0,,n/e,n/e,n/e,n/e,n/e,n/e,n/e,n/e,n/e,n/e,n/e,n/e,607,,n/e,n/e,n/e,n/e,n/e,n/e,0,,n/e,n/e,146,,n/e,n/e,n/e,n/e,0,
07:00 - 08:00,37,,n/e,n/e,n/e,n/e,0,,n/e,n/e,n/e,n/e,n/e,n/e,n/e,n/e,n/e,n/e,n/e,n/e,185,,n/e,n/e,n/e,n/e,n/e,n/e,0,,n/e,n/e,192,,n/e,n/e,n/e,n/e,0,
08:00 - 09:00,34,,n/e,n/e,n/e,n/e,0,,n/e,n/e,n/e,n/e,n/e,n/e,n/e,n/e,n/e,n/e,n/e,n/e,181,,n/e,n/e,n/e,n/e,n/e,n/e,0,,n/e,n/e,213,,n/e,n/e,n/e,n/e,1,
09:00 - 10:00,33,,n/e,n/e,n/e,n/e,0,,n/e,n/e,n/e,n/e,n/e,n/e,n/e,n/e,n/e,n/e,n/e,n/e,157,,n/e,n/e,n/e,n/e,n/e,n/e,0,,n/e,n/e,225,,n/e,n/e,n/e,n/e,2,
10:00 - 11:00,32,,n/e,n/e,n/e,n/e,0,,n/e,n/e,n/e,n/e,n/e,n/e,n/e,n/e,n/e,n/e,n/e,n/e,182,,n/e,n/e,n/e,n/e,n/e,n/e,0,,n/e,n/e,230,,n/e,n/e,n/e,n/e,1,
11:00 - 12:00,32,,n/e,n/e,n/e,n/e,0,,n/e,n/e,n/e,n/e,n/e,n/e,n/e,n/e,n/e,n/e,n/e,n/e,217,,n/e,n/e,n/e,n/e,n/e,n/e,0,,n/e,n/e,225,,n/e,n/e,n/e,n/e,1,
12:00 - 13:00,33,,n/e,n/e,n/e,n/e,0,,n/e,n/e,n/e,n/e,n/e,n/e,n/e,n/e,n/e,n/e,n/e,n/e,207,,n/e,n/e,n/e,n/e,n/e,n/e,0,,n/e,n/e,206,,n/e,n/e,n/e,n/e,2,
13:00 - 14:00,32,,n/e,n/e,n/e,n/e,0,,n/e,n/e,n/e,n/e,n/e,n/e,n/e,n/e,n/e,n/e,n/e,n/e,296,,n/e,n/e,n/e,n/e,n/e,n/e,0,,n/e,n/e,171,,n/e,n/e,n/e,n/e,2,
14:00 - 15:00,33,,n/e,n/e,n/e,n/e,0,,n/e,n/e,n/e,n/e,n/e,n/e,n/e,n/e,n/e,n/e,n/e,n/e,459,,n/e,n/e,n/e,n/e,n/e,n/e,0,,n/e,n/e,135,,n/e,n/e,n/e,n/e,5,
15:00 - 16:00,37,,n/e,n/e,n/e,n/e,1,,n/e,n/e,n/e,n/e,n/e,n/e,n/e,n/e,n/e,n/e,n/e,n/e,629,,n/e,n/e,n/e,n/e,n/e,n/e,0,,n/e,n/e,85,,n/e,n/e,n/e,n/e,4,
16:00 - 17:00,49,,n/e,n/e,n/e,n/e,5,,n/e,n/e,n/e,n/e,n/e,n/e,n/e,n/e,n/e,n/e,n/e,n/e,681,,n/e,n/e,n/e,n/e,n/e,n/e,0,,n/e,n/e,33,,n/e,n/e,n/e,n/e,1,
17:00 - 18:00,52,,n/e,n/e,n/e,n/e,5,,n/e,n/e,n/e,n/e,n/e,n/e,n/e,n/e,n/e,n/e,n/e,n/e,680,,n/e,n/e,n/e,n/e,n/e,n/e,0,,n/e,n/e,9,,n/e,n/e,n/e,n/e,0,
18:00 - 19:00,55,,n/e,n/e,n/e,n/e,5,,n/e,n/e,n/e,n/e,n/e,n/e,n/e,n/e,n/e,n/e,n/e,n/e,683,,n/e,n/e,n/e,n/e,n/e,n/e,0,,n/e,n/e,1,,n/e,n/e,n/e,n/e,0,
19:00 - 20:00,56,,n/e,n/e,n/e,n/e,5,,n/e,n/e,n/e,n/e,n/e,n/e,n/e,n/e,n/e,n/e,n/e,n/e,684,,n/e,n/e,n/e,n/e,n/e,n/e,0,,n/e,n/e,0,,n/e,n/e,n/e,n/e,0,
20:00 - 21:00,55,,n/e,n/e,n/e,n/e,5,,n/e,n/e,n/e,n/e,n/e,n/e,n/e,n/e,n/e,n/e,n/e,n/e,649,,n/e,n/e,n/e,n/e,n/e,n/e,0,,n/e,n/e,0,,n/e,n/e,n/e,n/e,0,
21:00 - 22:00,49,,n/e,n/e,n/e,n/e,4,,n/e,n/e,n/e,n/e,n/e,n/e,n/e,n/e,n/e,n/e,n/e,n/e,611,,n/e,n/e,n/e,n/e,n/e,n/e,0,,n/e,n/e,0,,n/e,n/e,n/e,n/e,0,
22:00 - 23:00,39,,n/e,n/e,n/e,n/e,0,,n/e,n/e,n/e,n/e,n/e,n/e,n/e,n/e,n/e,n/e,n/e,n/e,588,,n/e,n/e,n/e,n/e,n/e,n/e,0,,n/e,n/e,0,,n/e,n/e,n/e,n/e,0,
23:00 - 00:00,38,,n/e,n/e,n/e,n/e,0,,n/e,n/e,n/e,n/e,n/e,n/e,n/e,n/e,n/e,n/e,n/e,n/e,698,,n/e,n/e,n/e,n/e,n/e,n/e,0,,n/e,n/e,0,,n/e,n/e,n/e,n/e,0,
00:00 - 01:00,38,,n/e,n/e,n/e,n/e,0,,n/e,n/e,n/e,n/e,n/e,n/e,n/e,n/e,n/e,n/e,n/e,n/e,707,,n/e,n/e,n/e,n/e,n/e,n/e,0,,n/e,n/e,0,,n/e,n/e,n/e,n/e,0,
01:00 - 02:00,40,,n/e,n/e,n/e,n/e,0,,n/e,n/e,n/e,n/e,n/e,n/e,n/e,n/e,n/e,n/e,n/e,n/e,722,,n/e,n/e,n/e,n/e,n/e,n/e,0,,n/e,n/e,0,,n/e,n/e,n/e,n/e,0,
02:00 - 03:00,42,,n/e,n/e,n/e,n/e,1,,n/e,n/e,n/e,n/e,n/e,n/e,n/e,n/e,n/e,n/e,n/e,n/e,716,,n/e,n/e,n/e,n/e,n/e,n/e,0,,n/e,n/e,1,,n/e,n/e,n/e,n/e,0,
03:00 - 04:00,51,,n/e,n/e,n/e,n/e,5,,n/e,n/e,n/e,n/e,n/e,n/e,n/e,n/e,n/e,n/e,n/e,n/e,696,,n/e,n/e,n/e,n/e,n/e,n/e,0,,n/e,n/e,12,,n/e,n/e,n/e,n/e,0,
04:00 - 05:00,60,,n/e,n/e,n/e,n/e,13,,n/e,n/e,n/e,n/e,n/e,n/e,n/e,n/e,n/e,n/e,n/e,n/e,856,,n/e,n/e,n/e,n/e,n/e,n/e,0,,n/e,n/e,31,,n/e,n/e,n/e,n/e,0,
05:00 - 06:00,62,,n/e,n/e,n/e,n/e,13,,n/e,n/e,n/e,n/e,n/e,n/e,n/e,n/e,n/e,n/e,n/e,n/e,880,,n/e,n/e,n/e,n/e,n/e,n/e,0,,n/e,n/e,57,,n/e,n/e,n/e,n/e,0,
06:00 - 07:00,65,,n/e,n/e,n/e,n/e,12,,n/e,n/e,n/e,n/e,n/e,n/e,n/e,n/e,n/e,n/e,n/e,n/e,806,,n/e,n/e,n/e,n/e,n/e,n/e,0,,n/e,n/e,95,,n/e,n/e,n/e,n/e,0,
07:00 - 08:00,62,,n/e,n/e,n/e,n/e,9,,n/e,n/e,n/e,n/e,n/e,n/e,n/e,n/e,n/e,n/e,n/e,n/e,518,,n/e,n/e,n/e,n/e,n/e,n/e,0,,n/e,n/e,145,,n/e,n/e,n/e,n/e,0,
08:00 - 09:00,59,,n/e,n/e,n/e,n/e,7,,n/e,n/e,n/e,n/e,n/e,n/e,n/e,n/e,n/e,n/e,n/e,n/e,236,,n/e,n/e,n/e,n/e,n/e,n/e,0,,n/e,n/e,193,,n/e,n/e,n/e,n/e,0,
09:00 - 10:00,49,,n/e,n/e,n/e,n/e,2,,n/e,n/e,n/e,n/e,n/e,n/e,n/e,n/e,n/e,n/e,n/e,n/e,199,,n/e,n/e,n/e,n/e,n/e,n/e,0,,n/e,n/e,226,,n/e,n/e,n/e,n/e,4,
10:00 - 11:00,46,,n/e,n/e,n/e,n/e,2,,n/e,n/e,n/e,n/e,n/e,n/e,n/e,n/e,n/e,n/e,n/e,n/e,252,,n/e,n/e,n/e,n/e,n/e,n/e,0,,n/e,n/e,231,,n/e,n/e,n/e,n/e,4,
11:00 - 12:00,42,,n/e,n/e,n/e,n/e,2,,n/e,n/e,n/e,n/e,n/e,n/e,n/e,n/e,n/e,n/e,n/e,n/e,169,,n/e,n/e,n/e,n/e,n/e,n/e,0,,n/e,n/e,200,,n/e,n/e,n/e,n/e,4,
12:00 - 13:00,46,,n/e,n/e,n/e,n/e,2,,n/e,n/e,n/e,n/e,n/e,n/e,n/e,n/e,n/e,n/e,n/e,n/e,153,,n/e,n/e,n/e,n/e,n/e,n/e,0,,n/e,n/e,156,,n/e,n/e,n/e,n/e,5,
13:00 - 14:00,54,,n/e,n/e,n/e,n/e,6,,n/e,n/e,n/e,n/e,n/e,n/e,n/e,n/e,n/e,n/e,n/e,n/e,213,,n/e,n/e,n/e,n/e,n/e,n/e,0,,n/e,n/e,124,,n/e,n/e,n/e,n/e,7,
14:00 - 15:00,57,,n/e,n/e,n/e,n/e,9,,n/e,n/e,n/e,n/e,n/e,n/e,n/e,n/e,n/e,n/e,n/e,n/e,339,,n/e,n/e,n/e,n/e,n/e,n/e,0,,n/e,n/e,94,,n/e,n/e,n/e,n/e,7,
15:00 - 16:00,56,,n/e,n/e,n/e,n/e,12,,n/e,n/e,n/e,n/e,n/e,n/e,n/e,n/e,n/e,n/e,n/e,n/e,416,,n/e,n/e,n/e,n/e,n/e,n/e,0,,n/e,n/e,63,,n/e,n/e,n/e,n/e,5,
16:00 - 17:00,56,,n/e,n/e,n/e,n/e,11,,n/e,n/e,n/e,n/e,n/e,n/e,n/e,n/e,n/e,n/e,n/e,n/e,497,,n/e,n/e,n/e,n/e,n/e,n/e,0,,n/e,n/e,31,,n/e,n/e,n/e,n/e,3,
17:00 - 18:00,55,,n/e,n/e,n/e,n/e,13,,n/e,n/e,n/e,n/e,n/e,n/e,n/e,n/e,n/e,n/e,n/e,n/e,530,,n/e,n/e,n/e,n/e,n/e,n/e,0,,n/e,n/e,9,,n/e,n/e,n/e,n/e,4,
18:00 - 19:00,55,,n/e,n/e,n/e,n/e,11,,n/e,n/e,n/e,n/e,n/e,n/e,n/e,n/e,n/e,n/e,n/e,n/e,694,,n/e,n/e,n/e,n/e,n/e,n/e,0,,n/e,n/e,1,,n/e,n/e,n/e,n/e,4,
19:00 - 20:00,52,,n/e,n/e,n/e,n/e,9,,n/e,n/e,n/e,n/e,n/e,n/e,n/e,n/e,n/e,n/e,n/e,n/e,632,,n/e,n/e,n/e,n/e,n/e,n/e,0,,n/e,n/e,0,,n/e,n/e,n/e,n/e,6,
20:00 - 21:00,51,,n/e,n/e,n/e,n/e,5,,n/e,n/e,n/e,n/e,n/e,n/e,n/e,n/e,n/e,n/e,n/e,n/e,500,,n/e,n/e,n/e,n/e,n/e,n/e,0,,n/e,n/e,0,,n/e,n/e,n/e,n/e,5,
21:00 - 22:00,51,,n/e,n/e,n/e,n/e,4,,n/e,n/e,n/e,n/e,n/e,n/e,n/e,n/e,n/e,n/e,n/e,n/e,483,,n/e,n/e,n/e,n/e,n/e,n/e,0,,n/e,n/e,0,,n/e,n/e,n/e,n/e,6,
22:00 - 23:00,48,,n/e,n/e,n/e,n/e,3,,n/e,n/e,n/e,n/e,n/e,n/e,n/e,n/e,n/e,n/e,n/e,n/e,379,,n/e,n/e,n/e,n/e,n/e,n/e,0,,n/e,n/e,0,,n/e,n/e,n/e,n/e,7,
23:00 - 00:00,43,,n/e,n/e,n/e,n/e,3,,n/e,n/e,n/e,n/e,n/e,n/e,n/e,n/e,n/e,n/e,n/e,n/e,379,,n/e,n/e,n/e,n/e,n/e,n/e,0,,n/e,n/e,0,,n/e,n/e,n/e,n/e,5,
00:00 - 01:00,44,,n/e,n/e,n/e,n/e,3,,n/e,n/e,n/e,n/e,n/e,n/e,n/e,n/e,n/e,n/e,n/e,n/e,365,,n/e,n/e,n/e,n/e,n/e,n/e,0,,n/e,n/e,0,,n/e,n/e,n/e,n/e,6,
01:00 - 02:00,46,,n/e,n/e,n/e,n/e,4,,n/e,n/e,n/e,n/e,n/e,n/e,n/e,n/e,n/e,n/e,n/e,n/e,377,,n/e,n/e,n/e,n/e,n/e,n/e,0,,n/e,n/e,0,,n/e,n/e,n/e,n/e,7,
02:00 - 03:00,48,,n/e,n/e,n/e,n/e,4,,n/e,n/e,n/e,n/e,n/e,n/e,n/e,n/e,n/e,n/e,n/e,n/e,337,,n/e,n/e,n/e,n/e,n/e,n/e,0,,n/e,n/e,2,,n/e,n/e,n/e,n/e,7,
03:00 - 04:00,53,,n/e,n/e,n/e,n/e,5,,n/e,n/e,n/e,n/e,n/e,n/e,n/e,n/e,n/e,n/e,n/e,n/e,355,,n/e,n/e,n/e,n/e,n/e,n/e,0,,n/e,n/e,13,,n/e,n/e,n/e,n/e,4,
04:00 - 05:00,57,,n/e,n/e,n/e,n/e,7,,n/e,n/e,n/e,n/e,n/e,n/e,n/e,n/e,n/e,n/e,n/e,n/e,379,,n/e,n/e,n/e,n/e,n/e,n/e,0,,n/e,n/e,43,,n/e,n/e,n/e,n/e,3,
05:00 - 06:00,57,,n/e,n/e,n/e,n/e,7,,n/e,n/e,n/e,n/e,n/e,n/e,n/e,n/e,n/e,n/e,n/e,n/e,408,,n/e,n/e,n/e,n/e,n/e,n/e,0,,n/e,n/e,89,,n/e,n/e,n/e,n/e,1,
06:00 - 07:00,53,,n/e,n/e,n/e,n/e,7,,n/e,n/e,n/e,n/e,n/e,n/e,n/e,n/e,n/e,n/e,n/e,n/e,460,,n/e,n/e,n/e,n/e,n/e,n/e,0,,n/e,n/e,145,,n/e,n/e,n/e,n/e,1,
07:00 - 08:00,49,,n/e,n/e,n/e,n/e,5,,n/e,n/e,n/e,n/e,n/e,n/e,n/e,n/e,n/e,n/e,n/e,n/e,415,,n/e,n/e,n/e,n/e,n/e,n/e,0,,n/e,n/e,199,,n/e,n/e,n/e,n/e,2,
08:00 - 09:00,44,,n/e,n/e,n/e,n/e,2,,n/e,n/e,n/e,n/e,n/e,n/e,n/e,n/e,n/e,n/e,n/e,n/e,194,,n/e,n/e,n/e,n/e,n/e,n/e,0,,n/e,n/e,246,,n/e,n/e,n/e,n/e,3,
09:00 - 10:00,40,,n/e,n/e,n/e,n/e,2,,n/e,n/e,n/e,n/e,n/e,n/e,n/e,n/e,n/e,n/e,n/e,n/e,219,,n/e,n/e,n/e,n/e,n/e,n/e,0,,n/e,n/e,255,,n/e,n/e,n/e,n/e,6,
10:00 - 11:00,37,,n/e,n/e,n/e,n/e,2,,n/e,n/e,n/e,n/e,n/e,n/e,n/e,n/e,n/e,n/e,n/e,n/e,222,,n/e,n/e,n/e,n/e,n/e,n/e,0,,n/e,n/e,248,,n/e,n/e,n/e,n/e,9,
11:00 - 12:00,42,,n/e,n/e,n/e,n/e,2,,n/e,n/e,n/e,n/e,n/e,n/e,n/e,n/e,n/e,n/e,n/e,n/e,239,,n/e,n/e,n/e,n/e,n/e,n/e,0,,n/e,n/e,224,,n/e,n/e,n/e,n/e,6,
12:00 - 13:00,45,,n/e,n/e,n/e,n/e,1,,n/e,n/e,n/e,n/e,n/e,n/e,n/e,n/e,n/e,n/e,n/e,n/e,271,,n/e,n/e,n/e,n/e,n/e,n/e,0,,n/e,n/e,205,,n/e,n/e,n/e,n/e,5,
13:00 - 14:00,42,,n/e,n/e,n/e,n/e,2,,n/e,n/e,n/e,n/e,n/e,n/e,n/e,n/e,n/e,n/e,n/e,n/e,299,,n/e,n/e,n/e,n/e,n/e,n/e,0,,n/e,n/e,166,,n/e,n/e,n/e,n/e,4,
14:00 - 15:00,46,,n/e,n/e,n/e,n/e,4,,n/e,n/e,n/e,n/e,n/e,n/e,n/e,n/e,n/e,n/e,n/e,n/e,443,,n/e,n/e,n/e,n/e,n/e,n/e,0,,n/e,n/e,120,,n/e,n/e,n/e,n/e,3,
15:00 - 16:00,47,,n/e,n/e,n/e,n/e,5,,n/e,n/e,n/e,n/e,n/e,n/e,n/e,n/e,n/e,n/e,n/e,n/e,560,,n/e,n/e,n/e,n/e,n/e,n/e,0,,n/e,n/e,70,,n/e,n/e,n/e,n/e,5,
16:00 - 17:00,50,,n/e,n/e,n/e,n/e,7,,n/e,n/e,n/e,n/e,n/e,n/e,n/e,n/e,n/e,n/e,n/e,n/e,717,,n/e,n/e,n/e,n/e,n/e,n/e,0,,n/e,n/e,31,,n/e,n/e,n/e,n/e,10,
17:00 - 18:00,52,,n/e,n/e,n/e,n/e,9,,n/e,n/e,n/e,n/e,n/e,n/e,n/e,n/e,n/e,n/e,n/e,n/e,720,,n/e,n/e,n/e,n/e,n/e,n/e,0,,n/e,n/e,8,,n/e,n/e,n/e,n/e,13,
18:00 - 19:00,53,,n/e,n/e,n/e,n/e,10,,n/e,n/e,n/e,n/e,n/e,n/e,n/e,n/e,n/e,n/e,n/e,n/e,719,,n/e,n/e,n/e,n/e,n/e,n/e,0,,n/e,n/e,1,,n/e,n/e,n/e,n/e,10,
19:00 - 20:00,50,,n/e,n/e,n/e,n/e,5,,n/e,n/e,n/e,n/e,n/e,n/e,n/e,n/e,n/e,n/e,n/e,n/e,717,,n/e,n/e,n/e,n/e,n/e,n/e,0,,n/e,n/e,0,,n/e,n/e,n/e,n/e,14,
20:00 - 21:00,44,,n/e,n/e,n/e,n/e,5,,n/e,n/e,n/e,n/e,n/e,n/e,n/e,n/e,n/e,n/e,n/e,n/e,715,,n/e,n/e,n/e,n/e,n/e,n/e,0,,n/e,n/e,0,,n/e,n/e,n/e,n/e,19,
21:00 - 22:00,35,,n/e,n/e,n/e,n/e,0,,n/e,n/e,n/e,n/e,n/e,n/e,n/e,n/e,n/e,n/e,n/e,n/e,547,,n/e,n/e,n/e,n/e,n/e,n/e,0,,n/e,n/e,0,,n/e,n/e,n/e,n/e,20,
22:00 - 23:00,34,,n/e,n/e,n/e,n/e,0,,n/e,n/e,n/e,n/e,n/e,n/e,n/e,n/e,n/e,n/e,n/e,n/e,485,,n/e,n/e,n/e,n/e,n/e,n/e,0,,n/e,n/e,0,,n/e,n/e,n/e,n/e,17,
23:00 - 00:00,33,,n/e,n/e,n/e,n/e,0,,n/e,n/e,n/e,n/e,n/e,n/e,n/e,n/e,n/e,n/e,n/e,n/e,556,,n/e,n/e,n/e,n/e,n/e,n/e,0,,n/e,n/e,0,,n/e,n/e,n/e,n/e,18,
00:00 - 01:00,34,,n/e,n/e,n/e,n/e,0,,n/e,n/e,n/e,n/e,n/e,n/e,n/e,n/e,n/e,n/e,n/e,n/e,607,,n/e,n/e,n/e,n/e,n/e,n/e,0,,n/e,n/e,0,,n/e,n/e,n/e,n/e,18,
01:00 - 02:00,34,,n/e,n/e,n/e,n/e,0,,n/e,n/e,n/e,n/e,n/e,n/e,n/e,n/e,n/e,n/e,n/e,n/e,607,,n/e,n/e,n/e,n/e,n/e,n/e,0,,n/e,n/e,0,,n/e,n/e,n/e,n/e,22,
02:00 - 03:00,34,,n/e,n/e,n/e,n/e,0,,n/e,n/e,n/e,n/e,n/e,n/e,n/e,n/e,n/e,n/e,n/e,n/e,659,,n/e,n/e,n/e,n/e,n/e,n/e,0,,n/e,n/e,3,,n/e,n/e,n/e,n/e,17,
03:00 - 04:00,37,,n/e,n/e,n/e,n/e,0,,n/e,n/e,n/e,n/e,n/e,n/e,n/e,n/e,n/e,n/e,n/e,n/e,693,,n/e,n/e,n/e,n/e,n/e,n/e,0,,n/e,n/e,16,,n/e,n/e,n/e,n/e,15,
04:00 - 05:00,41,,n/e,n/e,n/e,n/e,3,,n/e,n/e,n/e,n/e,n/e,n/e,n/e,n/e,n/e,n/e,n/e,n/e,698,,n/e,n/e,n/e,n/e,n/e,n/e,0,,n/e,n/e,45,,n/e,n/e,n/e,n/e,7,
05:00 - 06:00,44,,n/e,n/e,n/e,n/e,2,,n/e,n/e,n/e,n/e,n/e,n/e,n/e,n/e,n/e,n/e,n/e,n/e,656,,n/e,n/e,n/e,n/e,n/e,n/e,0,,n/e,n/e,101,,n/e,n/e,n/e,n/e,0,
06:00 - 07:00,48,,n/e,n/e,n/e,n/e,3,,n/e,n/e,n/e,n/e,n/e,n/e,n/e,n/e,n/e,n/e,n/e,n/e,632,,n/e,n/e,n/e,n/e,n/e,n/e,0,,n/e,n/e,167,,n/e,n/e,n/e,n/e,0,
07:00 - 08:00,44,,n/e,n/e,n/e,n/e,0,,n/e,n/e,n/e,n/e,n/e,n/e,n/e,n/e,n/e,n/e,n/e,n/e,332,,n/e,n/e,n/e,n/e,n/e,n/e,0,,n/e,n/e,212,,n/e,n/e,n/e,n/e,0,
08:00 - 09:00,37,,n/e,n/e,n/e,n/e,0,,n/e,n/e,n/e,n/e,n/e,n/e,n/e,n/e,n/e,n/e,n/e,n/e,215,,n/e,n/e,n/e,n/e,n/e,n/e,0,,n/e,n/e,215,,n/e,n/e,n/e,n/e,1,
09:00 - 10:00,36,,n/e,n/e,n/e,n/e,0,,n/e,n/e,n/e,n/e,n/e,n/e,n/e,n/e,n/e,n/e,n/e,n/e,195,,n/e,n/e,n/e,n/e,n/e,n/e,0,,n/e,n/e,191,,n/e,n/e,n/e,n/e,2,
10:00 - 11:00,37,,n/e,n/e,n/e,n/e,0,,n/e,n/e,n/e,n/e,n/e,n/e,n/e,n/e,n/e,n/e,n/e,n/e,202,,n/e,n/e,n/e,n/e,n/e,n/e,0,,n/e,n/e,151,,n/e,n/e,n/e,n/e,10,
11:00 - 12:00,36,,n/e,n/e,n/e,n/e,0,,n/e,n/e,n/e,n/e,n/e,n/e,n/e,n/e,n/e,n/e,n/e,n/e,238,,n/e,n/e,n/e,n/e,n/e,n/e,0,,n/e,n/e,137,,n/e,n/e,n/e,n/e,8,
12:00 - 13:00,34,,n/e,n/e,n/e,n/e,0,,n/e,n/e,n/e,n/e,n/e,n/e,n/e,n/e,n/e,n/e,n/e,n/e,182,,n/e,n/e,n/e,n/e,n/e,n/e,0,,n/e,n/e,134,,n/e,n/e,n/e,n/e,6,
13:00 - 14:00,35,,n/e,n/e,n/e,n/e,0,,n/e,n/e,n/e,n/e,n/e,n/e,n/e,n/e,n/e,n/e,n/e,n/e,191,,n/e,n/e,n/e,n/e,n/e,n/e,0,,n/e,n/e,130,,n/e,n/e,n/e,n/e,4,
14:00 - 15:00,34,,n/e,n/e,n/e,n/e,0,,n/e,n/e,n/e,n/e,n/e,n/e,n/e,n/e,n/e,n/e,n/e,n/e,411,,n/e,n/e,n/e,n/e,n/e,n/e,0,,n/e,n/e,117,,n/e,n/e,n/e,n/e,10,
15:00 - 16:00,36,,n/e,n/e,n/e,n/e,1,,n/e,n/e,n/e,n/e,n/e,n/e,n/e,n/e,n/e,n/e,n/e,n/e,601,,n/e,n/e,n/e,n/e,n/e,n/e,0,,n/e,n/e,74,,n/e,n/e,n/e,n/e,9,
16:00 - 17:00,44,,n/e,n/e,n/e,n/e,5,,n/e,n/e,n/e,n/e,n/e,n/e,n/e,n/e,n/e,n/e,n/e,n/e,658,,n/e,n/e,n/e,n/e,n/e,n/e,0,,n/e,n/e,32,,n/e,n/e,n/e,n/e,3,
17:00 - 18:00,46,,n/e,n/e,n/e,n/e,5,,n/e,n/e,n/e,n/e,n/e,n/e,n/e,n/e,n/e,n/e,n/e,n/e,712,,n/e,n/e,n/e,n/e,n/e,n/e,0,,n/e,n/e,10,,n/e,n/e,n/e,n/e,3,
18:00 - 19:00,46,,n/e,n/e,n/e,n/e,5,,n/e,n/e,n/e,n/e,n/e,n/e,n/e,n/e,n/e,n/e,n/e,n/e,666,,n/e,n/e,n/e,n/e,n/e,n/e,0,,n/e,n/e,1,,n/e,n/e,n/e,n/e,5,
19:00 - 20:00,46,,n/e,n/e,n/e,n/e,5,,n/e,n/e,n/e,n/e,n/e,n/e,n/e,n/e,n/e,n/e,n/e,n/e,502,,n/e,n/e,n/e,n/e,n/e,n/e,0,,n/e,n/e,0,,n/e,n/e,n/e,n/e,10,
20:00 - 21:00,43,,n/e,n/e,n/e,n/e,2,,n/e,n/e,n/e,n/e,n/e,n/e,n/e,n/e,n/e,n/e,n/e,n/e,498,,n/e,n/e,n/e,n/e,n/e,n/e,0,,n/e,n/e,0,,n/e,n/e,n/e,n/e,7,
21:00 - 22:00,38,,n/e,n/e,n/e,n/e,0,,n/e,n/e,n/e,n/e,n/e,n/e,n/e,n/e,n/e,n/e,n/e,n/e,511,,n/e,n/e,n/e,n/e,n/e,n/e,0,,n/e,n/e,0,,n/e,n/e,n/e,n/e,3,
22:00 - 23:00,37,,n/e,n/e,n/e,n/e,0,,n/e,n/e,n/e,n/e,n/e,n/e,n/e,n/e,n/e,n/e,n/e,n/e,338,,n/e,n/e,n/e,n/e,n/e,n/e,0,,n/e,n/e,0,,n/e,n/e,n/e,n/e,2,
23:00 - 00:00,38,,n/e,n/e,n/e,n/e,0,,n/e,n/e,n/e,n/e,n/e,n/e,n/e,n/e,n/e,n/e,n/e,n/e,410,,n/e,n/e,n/e,n/e,n/e,n/e,0,,n/e,n/e,0,,n/e,n/e,n/e,n/e,3,
00:00 - 01:00,38,,n/e,n/e,n/e,n/e,0,,n/e,n/e,n/e,n/e,n/e,n/e,n/e,n/e,n/e,n/e,n/e,n/e,467,,n/e,n/e,n/e,n/e,n/e,n/e,0,,n/e,n/e,0,,n/e,n/e,n/e,n/e,9,
01:00 - 02:00,38,,n/e,n/e,n/e,n/e,0,,n/e,n/e,n/e,n/e,n/e,n/e,n/e,n/e,n/e,n/e,n/e,n/e,466,,n/e,n/e,n/e,n/e,n/e,n/e,0,,n/e,n/e,0,,n/e,n/e,n/e,n/e,13,
02:00 - 03:00,39,,n/e,n/e,n/e,n/e,0,,n/e,n/e,n/e,n/e,n/e,n/e,n/e,n/e,n/e,n/e,n/e,n/e,422,,n/e,n/e,n/e,n/e,n/e,n/e,0,,n/e,n/e,2,,n/e,n/e,n/e,n/e,11,
03:00 - 04:00,42,,n/e,n/e,n/e,n/e,0,,n/e,n/e,n/e,n/e,n/e,n/e,n/e,n/e,n/e,n/e,n/e,n/e,429,,n/e,n/e,n/e,n/e,n/e,n/e,0,,n/e,n/e,11,,n/e,n/e,n/e,n/e,11,
04:00 - 05:00,47,,n/e,n/e,n/e,n/e,2,,n/e,n/e,n/e,n/e,n/e,n/e,n/e,n/e,n/e,n/e,n/e,n/e,468,,n/e,n/e,n/e,n/e,n/e,n/e,0,,n/e,n/e,32,,n/e,n/e,n/e,n/e,13,
05:00 - 06:00,50,,n/e,n/e,n/e,n/e,3,,n/e,n/e,n/e,n/e,n/e,n/e,n/e,n/e,n/e,n/e,n/e,n/e,581,,n/e,n/e,n/e,n/e,n/e,n/e,0,,n/e,n/e,64,,n/e,n/e,n/e,n/e,3,
06:00 - 07:00,50,,n/e,n/e,n/e,n/e,3,,n/e,n/e,n/e,n/e,n/e,n/e,n/e,n/e,n/e,n/e,n/e,n/e,492,,n/e,n/e,n/e,n/e,n/e,n/e,0,,n/e,n/e,107,,n/e,n/e,n/e,n/e,1,
07:00 - 08:00,48,,n/e,n/e,n/e,n/e,3,,n/e,n/e,n/e,n/e,n/e,n/e,n/e,n/e,n/e,n/e,n/e,n/e,300,,n/e,n/e,n/e,n/e,n/e,n/e,0,,n/e,n/e,165,,n/e,n/e,n/e,n/e,5,
08:00 - 09:00,37,,n/e,n/e,n/e,n/e,0,,n/e,n/e,n/e,n/e,n/e,n/e,n/e,n/e,n/e,n/e,n/e,n/e,173,,n/e,n/e,n/e,n/e,n/e,n/e,0,,n/e,n/e,220,,n/e,n/e,n/e,n/e,5,
09:00 - 10:00,39,,n/e,n/e,n/e,n/e,0,,n/e,n/e,n/e,n/e,n/e,n/e,n/e,n/e,n/e,n/e,n/e,n/e,175,,n/e,n/e,n/e,n/e,n/e,n/e,0,,n/e,n/e,261,,n/e,n/e,n/e,n/e,7,
10:00 - 11:00,38,,n/e,n/e,n/e,n/e,0,,n/e,n/e,n/e,n/e,n/e,n/e,n/e,n/e,n/e,n/e,n/e,n/e,173,,n/e,n/e,n/e,n/e,n/e,n/e,0,,n/e,n/e,262,,n/e,n/e,n/e,n/e,9,
11:00 - 12:00,37,,n/e,n/e,n/e,n/e,0,,n/e,n/e,n/e,n/e,n/e,n/e,n/e,n/e,n/e,n/e,n/e,n/e,172,,n/e,n/e,n/e,n/e,n/e,n/e,0,,n/e,n/e,248,,n/e,n/e,n/e,n/e,8,
12:00 - 13:00,37,,n/e,n/e,n/e,n/e,0,,n/e,n/e,n/e,n/e,n/e,n/e,n/e,n/e,n/e,n/e,n/e,n/e,154,,n/e,n/e,n/e,n/e,n/e,n/e,0,,n/e,n/e,223,,n/e,n/e,n/e,n/e,9,
13:00 - 14:00,36,,n/e,n/e,n/e,n/e,0,,n/e,n/e,n/e,n/e,n/e,n/e,n/e,n/e,n/e,n/e,n/e,n/e,173,,n/e,n/e,n/e,n/e,n/e,n/e,0,,n/e,n/e,193,,n/e,n/e,n/e,n/e,9,
14:00 - 15:00,38,,n/e,n/e,n/e,n/e,0,,n/e,n/e,n/e,n/e,n/e,n/e,n/e,n/e,n/e,n/e,n/e,n/e,217,,n/e,n/e,n/e,n/e,n/e,n/e,0,,n/e,n/e,142,,n/e,n/e,n/e,n/e,9,
15:00 - 16:00,46,,n/e,n/e,n/e,n/e,4,,n/e,n/e,n/e,n/e,n/e,n/e,n/e,n/e,n/e,n/e,n/e,n/e,426,,n/e,n/e,n/e,n/e,n/e,n/e,0,,n/e,n/e,83,,n/e,n/e,n/e,n/e,12,
16:00 - 17:00,49,,n/e,n/e,n/e,n/e,10,,n/e,n/e,n/e,n/e,n/e,n/e,n/e,n/e,n/e,n/e,n/e,n/e,536,,n/e,n/e,n/e,n/e,n/e,n/e,0,,n/e,n/e,34,,n/e,n/e,n/e,n/e,13,
17:00 - 18:00,49,,n/e,n/e,n/e,n/e,10,,n/e,n/e,n/e,n/e,n/e,n/e,n/e,n/e,n/e,n/e,n/e,n/e,589,,n/e,n/e,n/e,n/e,n/e,n/e,0,,n/e,n/e,10,,n/e,n/e,n/e,n/e,8,
18:00 - 19:00,50,,n/e,n/e,n/e,n/e,10,,n/e,n/e,n/e,n/e,n/e,n/e,n/e,n/e,n/e,n/e,n/e,n/e,650,,n/e,n/e,n/e,n/e,n/e,n/e,0,,n/e,n/e,1,,n/e,n/e,n/e,n/e,7,
19:00 - 20:00,49,,n/e,n/e,n/e,n/e,5,,n/e,n/e,n/e,n/e,n/e,n/e,n/e,n/e,n/e,n/e,n/e,n/e,576,,n/e,n/e,n/e,n/e,n/e,n/e,0,,n/e,n/e,0,,n/e,n/e,n/e,n/e,10,
20:00 - 21:00,46,,n/e,n/e,n/e,n/e,5,,n/e,n/e,n/e,n/e,n/e,n/e,n/e,n/e,n/e,n/e,n/e,n/e,514,,n/e,n/e,n/e,n/e,n/e,n/e,0,,n/e,n/e,0,,n/e,n/e,n/e,n/e,10,
21:00 - 22:00,44,,n/e,n/e,n/e,n/e,5,,n/e,n/e,n/e,n/e,n/e,n/e,n/e,n/e,n/e,n/e,n/e,n/e,463,,n/e,n/e,n/e,n/e,n/e,n/e,0,,n/e,n/e,0,,n/e,n/e,n/e,n/e,9,
22:00 - 23:00,43,,n/e,n/e,n/e,n/e,2,,n/e,n/e,n/e,n/e,n/e,n/e,n/e,n/e,n/e,n/e,n/e,n/e,500,,n/e,n/e,n/e,n/e,n/e,n/e,0,,n/e,n/e,0,,n/e,n/e,n/e,n/e,7,
23:00 - 00:00,43,,n/e,n/e,n/e,n/e,0,,n/e,n/e,n/e,n/e,n/e,n/e,n/e,n/e,n/e,n/e,n/e,n/e,500,,n/e,n/e,n/e,n/e,n/e,n/e,0,,n/e,n/e,0,,n/e,n/e,n/e,n/e,6,
00:00 - 01:00,43,,n/e,n/e,n/e,n/e,0,,n/e,n/e,n/e,n/e,n/e,n/e,n/e,n/e,n/e,n/e,n/e,n/e,500,,n/e,n/e,n/e,n/e,n/e,n/e,0,,n/e,n/e,0,,n/e,n/e,n/e,n/e,6,
01:00 - 02:00,42,,n/e,n/e,n/e,n/e,0,,n/e,n/e,n/e,n/e,n/e,n/e,n/e,n/e,n/e,n/e,n/e,n/e,600,,n/e,n/e,n/e,n/e,n/e,n/e,0,,n/e,n/e,0,,n/e,n/e,n/e,n/e,4,
02:00 - 03:00,42,,n/e,n/e,n/e,n/e,0,,n/e,n/e,n/e,n/e,n/e,n/e,n/e,n/e,n/e,n/e,n/e,n/e,606,,n/e,n/e,n/e,n/e,n/e,n/e,0,,n/e,n/e,3,,n/e,n/e,n/e,n/e,2,
03:00 - 04:00,43,,n/e,n/e,n/e,n/e,0,,n/e,n/e,n/e,n/e,n/e,n/e,n/e,n/e,n/e,n/e,n/e,n/e,606,,n/e,n/e,n/e,n/e,n/e,n/e,0,,n/e,n/e,16,,n/e,n/e,n/e,n/e,1,
04:00 - 05:00,44,,n/e,n/e,n/e,n/e,4,,n/e,n/e,n/e,n/e,n/e,n/e,n/e,n/e,n/e,n/e,n/e,n/e,616,,n/e,n/e,n/e,n/e,n/e,n/e,0,,n/e,n/e,50,,n/e,n/e,n/e,n/e,1,
05:00 - 06:00,45,,n/e,n/e,n/e,n/e,26,,n/e,n/e,n/e,n/e,n/e,n/e,n/e,n/e,n/e,n/e,n/e,n/e,685,,n/e,n/e,n/e,n/e,n/e,n/e,0,,n/e,n/e,112,,n/e,n/e,n/e,n/e,0,
06:00 - 07:00,44,,n/e,n/e,n/e,n/e,32,,n/e,n/e,n/e,n/e,n/e,n/e,n/e,n/e,n/e,n/e,n/e,n/e,656,,n/e,n/e,n/e,n/e,n/e,n/e,0,,n/e,n/e,178,,n/e,n/e,n/e,n/e,0,
07:00 - 08:00,40,,n/e,n/e,n/e,n/e,30,,n/e,n/e,n/e,n/e,n/e,n/e,n/e,n/e,n/e,n/e,n/e,n/e,317,,n/e,n/e,n/e,n/e,n/e,n/e,0,,n/e,n/e,231,,n/e,n/e,n/e,n/e,0,
08:00 - 09:00,35,,n/e,n/e,n/e,n/e,30,,n/e,n/e,n/e,n/e,n/e,n/e,n/e,n/e,n/e,n/e,n/e,n/e,151,,n/e,n/e,n/e,n/e,n/e,n/e,0,,n/e,n/e,267,,n/e,n/e,n/e,n/e,1,
09:00 - 10:00,35,,n/e,n/e,n/e,n/e,28,,n/e,n/e,n/e,n/e,n/e,n/e,n/e,n/e,n/e,n/e,n/e,n/e,146,,n/e,n/e,n/e,n/e,n/e,n/e,0,,n/e,n/e,282,,n/e,n/e,n/e,n/e,9,
10:00 - 11:00,35,,n/e,n/e,n/e,n/e,27,,n/e,n/e,n/e,n/e,n/e,n/e,n/e,n/e,n/e,n/e,n/e,n/e,188,,n/e,n/e,n/e,n/e,n/e,n/e,0,,n/e,n/e,286,,n/e,n/e,n/e,n/e,13,
11:00 - 12:00,35,,n/e,n/e,n/e,n/e,39,,n/e,n/e,n/e,n/e,n/e,n/e,n/e,n/e,n/e,n/e,n/e,n/e,218,,n/e,n/e,n/e,n/e,n/e,n/e,0,,n/e,n/e,275,,n/e,n/e,n/e,n/e,17,
12:00 - 13:00,34,,n/e,n/e,n/e,n/e,2,,n/e,n/e,n/e,n/e,n/e,n/e,n/e,n/e,n/e,n/e,n/e,n/e,332,,n/e,n/e,n/e,n/e,n/e,n/e,0,,n/e,n/e,241,,n/e,n/e,n/e,n/e,18,
13:00 - 14:00,34,,n/e,n/e,n/e,n/e,0,,n/e,n/e,n/e,n/e,n/e,n/e,n/e,n/e,n/e,n/e,n/e,n/e,475,,n/e,n/e,n/e,n/e,n/e,n/e,0,,n/e,n/e,215,,n/e,n/e,n/e,n/e,21,
14:00 - 15:00,38,,n/e,n/e,n/e,n/e,0,,n/e,n/e,n/e,n/e,n/e,n/e,n/e,n/e,n/e,n/e,n/e,n/e,268,,n/e,n/e,n/e,n/e,n/e,n/e,0,,n/e,n/e,154,,n/e,n/e,n/e,n/e,25,
15:00 - 16:00,42,,n/e,n/e,n/e,n/e,3,,n/e,n/e,n/e,n/e,n/e,n/e,n/e,n/e,n/e,n/e,n/e,n/e,464,,n/e,n/e,n/e,n/e,n/e,n/e,0,,n/e,n/e,92,,n/e,n/e,n/e,n/e,22,
16:00 - 17:00,43,,n/e,n/e,n/e,n/e,5,,n/e,n/e,n/e,n/e,n/e,n/e,n/e,n/e,n/e,n/e,n/e,n/e,668,,n/e,n/e,n/e,n/e,n/e,n/e,0,,n/e,n/e,36,,n/e,n/e,n/e,n/e,18,
17:00 - 18:00,44,,n/e,n/e,n/e,n/e,5,,n/e,n/e,n/e,n/e,n/e,n/e,n/e,n/e,n/e,n/e,n/e,n/e,668,,n/e,n/e,n/e,n/e,n/e,n/e,0,,n/e,n/e,10,,n/e,n/e,n/e,n/e,14,
18:00 - 19:00,47,,n/e,n/e,n/e,n/e,5,,n/e,n/e,n/e,n/e,n/e,n/e,n/e,n/e,n/e,n/e,n/e,n/e,614,,n/e,n/e,n/e,n/e,n/e,n/e,0,,n/e,n/e,1,,n/e,n/e,n/e,n/e,16,
19:00 - 20:00,47,,n/e,n/e,n/e,n/e,5,,n/e,n/e,n/e,n/e,n/e,n/e,n/e,n/e,n/e,n/e,n/e,n/e,526,,n/e,n/e,n/e,n/e,n/e,n/e,0,,n/e,n/e,0,,n/e,n/e,n/e,n/e,21,
20:00 - 21:00,45,,n/e,n/e,n/e,n/e,5,,n/e,n/e,n/e,n/e,n/e,n/e,n/e,n/e,n/e,n/e,n/e,n/e,476,,n/e,n/e,n/e,n/e,n/e,n/e,0,,n/e,n/e,0,,n/e,n/e,n/e,n/e,26,
21:00 - 22:00,44,,n/e,n/e,n/e,n/e,4,,n/e,n/e,n/e,n/e,n/e,n/e,n/e,n/e,n/e,n/e,n/e,n/e,519,,n/e,n/e,n/e,n/e,n/e,n/e,0,,n/e,n/e,0,,n/e,n/e,n/e,n/e,25,
22:00 - 23:00,43,,n/e,n/e,n/e,n/e,2,,n/e,n/e,n/e,n/e,n/e,n/e,n/e,n/e,n/e,n/e,n/e,n/e,520,,n/e,n/e,n/e,n/e,n/e,n/e,0,,n/e,n/e,0,,n/e,n/e,n/e,n/e,12,
23:00 - 00:00,44,,n/e,n/e,n/e,n/e,0,,n/e,n/e,n/e,n/e,n/e,n/e,n/e,n/e,n/e,n/e,n/e,n/e,519,,n/e,n/e,n/e,n/e,n/e,n/e,0,,n/e,n/e,0,,n/e,n/e,n/e,n/e,4,
00:00 - 01:00,43,,n/e,n/e,n/e,n/e,0,,n/e,n/e,n/e,n/e,n/e,n/e,n/e,n/e,n/e,n/e,n/e,n/e,545,,n/e,n/e,n/e,n/e,n/e,n/e,0,,n/e,n/e,0,,n/e,n/e,n/e,n/e,3,
01:00 - 02:00,44,,n/e,n/e,n/e,n/e,0,,n/e,n/e,n/e,n/e,n/e,n/e,n/e,n/e,n/e,n/e,n/e,n/e,522,,n/e,n/e,n/e,n/e,n/e,n/e,0,,n/e,n/e,0,,n/e,n/e,n/e,n/e,3,
02:00 - 03:00,43,,n/e,n/e,n/e,n/e,0,,n/e,n/e,n/e,n/e,n/e,n/e,n/e,n/e,n/e,n/e,n/e,n/e,521,,n/e,n/e,n/e,n/e,n/e,n/e,0,,n/e,n/e,3,,n/e,n/e,n/e,n/e,3,
03:00 - 04:00,43,,n/e,n/e,n/e,n/e,2,,n/e,n/e,n/e,n/e,n/e,n/e,n/e,n/e,n/e,n/e,n/e,n/e,521,,n/e,n/e,n/e,n/e,n/e,n/e,0,,n/e,n/e,17,,n/e,n/e,n/e,n/e,1,
04:00 - 05:00,43,,n/e,n/e,n/e,n/e,2,,n/e,n/e,n/e,n/e,n/e,n/e,n/e,n/e,n/e,n/e,n/e,n/e,522,,n/e,n/e,n/e,n/e,n/e,n/e,0,,n/e,n/e,54,,n/e,n/e,n/e,n/e,0,
05:00 - 06:00,44,,n/e,n/e,n/e,n/e,2,,n/e,n/e,n/e,n/e,n/e,n/e,n/e,n/e,n/e,n/e,n/e,n/e,547,,n/e,n/e,n/e,n/e,n/e,n/e,0,,n/e,n/e,116,,n/e,n/e,n/e,n/e,0,
06:00 - 07:00,40,,n/e,n/e,n/e,n/e,0,,n/e,n/e,n/e,n/e,n/e,n/e,n/e,n/e,n/e,n/e,n/e,n/e,503,,n/e,n/e,n/e,n/e,n/e,n/e,0,,n/e,n/e,181,,n/e,n/e,n/e,n/e,0,
07:00 - 08:00,39,,n/e,n/e,n/e,n/e,0,,n/e,n/e,n/e,n/e,n/e,n/e,n/e,n/e,n/e,n/e,n/e,n/e,182,,n/e,n/e,n/e,n/e,n/e,n/e,0,,n/e,n/e,236,,n/e,n/e,n/e,n/e,0,
08:00 - 09:00,37,,n/e,n/e,n/e,n/e,0,,n/e,n/e,n/e,n/e,n/e,n/e,n/e,n/e,n/e,n/e,n/e,n/e,182,,n/e,n/e,n/e,n/e,n/e,n/e,0,,n/e,n/e,268,,n/e,n/e,n/e,n/e,0,
09:00 - 10:00,35,,n/e,n/e,n/e,n/e,0,,n/e,n/e,n/e,n/e,n/e,n/e,n/e,n/e,n/e,n/e,n/e,n/e,226,,n/e,n/e,n/e,n/e,n/e,n/e,0,,n/e,n/e,237,,n/e,n/e,n/e,n/e,2,
10:00 - 11:00,32,,n/e,n/e,n/e,n/e,0,,n/e,n/e,n/e,n/e,n/e,n/e,n/e,n/e,n/e,n/e,n/e,n/e,214,,n/e,n/e,n/e,n/e,n/e,n/e,0,,n/e,n/e,214,,n/e,n/e,n/e,n/e,5,
11:00 - 12:00,31,,n/e,n/e,n/e,n/e,2,,n/e,n/e,n/e,n/e,n/e,n/e,n/e,n/e,n/e,n/e,n/e,n/e,227,,n/e,n/e,n/e,n/e,n/e,n/e,0,,n/e,n/e,206,,n/e,n/e,n/e,n/e,7,
12:00 - 13:00,31,,n/e,n/e,n/e,n/e,2,,n/e,n/e,n/e,n/e,n/e,n/e,n/e,n/e,n/e,n/e,n/e,n/e,163,,n/e,n/e,n/e,n/e,n/e,n/e,0,,n/e,n/e,195,,n/e,n/e,n/e,n/e,10,
13:00 - 14:00,32,,n/e,n/e,n/e,n/e,3,,n/e,n/e,n/e,n/e,n/e,n/e,n/e,n/e,n/e,n/e,n/e,n/e,164,,n/e,n/e,n/e,n/e,n/e,n/e,0,,n/e,n/e,165,,n/e,n/e,n/e,n/e,8,
14:00 - 15:00,34,,n/e,n/e,n/e,n/e,2,,n/e,n/e,n/e,n/e,n/e,n/e,n/e,n/e,n/e,n/e,n/e,n/e,191,,n/e,n/e,n/e,n/e,n/e,n/e,0,,n/e,n/e,135,,n/e,n/e,n/e,n/e,8,
15:00 - 16:00,41,,n/e,n/e,n/e,n/e,0,,n/e,n/e,n/e,n/e,n/e,n/e,n/e,n/e,n/e,n/e,n/e,n/e,400,,n/e,n/e,n/e,n/e,n/e,n/e,0,,n/e,n/e,83,,n/e,n/e,n/e,n/e,8,
16:00 - 17:00,44,,n/e,n/e,n/e,n/e,4,,n/e,n/e,n/e,n/e,n/e,n/e,n/e,n/e,n/e,n/e,n/e,n/e,460,,n/e,n/e,n/e,n/e,n/e,n/e,0,,n/e,n/e,32,,n/e,n/e,n/e,n/e,6,
17:00 - 18:00,48,,n/e,n/e,n/e,n/e,7,,n/e,n/e,n/e,n/e,n/e,n/e,n/e,n/e,n/e,n/e,n/e,n/e,571,,n/e,n/e,n/e,n/e,n/e,n/e,0,,n/e,n/e,10,,n/e,n/e,n/e,n/e,6,
18:00 - 19:00,50,,n/e,n/e,n/e,n/e,7,,n/e,n/e,n/e,n/e,n/e,n/e,n/e,n/e,n/e,n/e,n/e,n/e,596,,n/e,n/e,n/e,n/e,n/e,n/e,0,,n/e,n/e,1,,n/e,n/e,n/e,n/e,6,
19:00 - 20:00,50,,n/e,n/e,n/e,n/e,7,,n/e,n/e,n/e,n/e,n/e,n/e,n/e,n/e,n/e,n/e,n/e,n/e,561,,n/e,n/e,n/e,n/e,n/e,n/e,0,,n/e,n/e,0,,n/e,n/e,n/e,n/e,11,
20:00 - 21:00,49,,n/e,n/e,n/e,n/e,4,,n/e,n/e,n/e,n/e,n/e,n/e,n/e,n/e,n/e,n/e,n/e,n/e,471,,n/e,n/e,n/e,n/e,n/e,n/e,0,,n/e,n/e,0,,n/e,n/e,n/e,n/e,12,
21:00 - 22:00,47,,n/e,n/e,n/e,n/e,4,,n/e,n/e,n/e,n/e,n/e,n/e,n/e,n/e,n/e,n/e,n/e,n/e,468,,n/e,n/e,n/e,n/e,n/e,n/e,0,,n/e,n/e,0,,n/e,n/e,n/e,n/e,9,
22:00 - 23:00,45,,n/e,n/e,n/e,n/e,3,,n/e,n/e,n/e,n/e,n/e,n/e,n/e,n/e,n/e,n/e,n/e,n/e,379,,n/e,n/e,n/e,n/e,n/e,n/e,0,,n/e,n/e,0,,n/e,n/e,n/e,n/e,5,
23:00 - 00:00,44,,n/e,n/e,n/e,n/e,3,,n/e,n/e,n/e,n/e,n/e,n/e,n/e,n/e,n/e,n/e,n/e,n/e,379,,n/e,n/e,n/e,n/e,n/e,n/e,0,,n/e,n/e,0,,n/e,n/e,n/e,n/e,1,
00:00 - 01:00,44,,n/e,n/e,n/e,n/e,3,,n/e,n/e,n/e,n/e,n/e,n/e,n/e,n/e,n/e,n/e,n/e,n/e,379,,n/e,n/e,n/e,n/e,n/e,n/e,0,,n/e,n/e,0,,n/e,n/e,n/e,n/e,3,
01:00 - 02:00,43,,n/e,n/e,n/e,n/e,3,,n/e,n/e,n/e,n/e,n/e,n/e,n/e,n/e,n/e,n/e,n/e,n/e,379,,n/e,n/e,n/e,n/e,n/e,n/e,0,,n/e,n/e,0,,n/e,n/e,n/e,n/e,4,
02:00 - 03:00,44,,n/e,n/e,n/e,n/e,3,,n/e,n/e,n/e,n/e,n/e,n/e,n/e,n/e,n/e,n/e,n/e,n/e,379,,n/e,n/e,n/e,n/e,n/e,n/e,0,,n/e,n/e,4,,n/e,n/e,n/e,n/e,4,
03:00 - 04:00,43,,n/e,n/e,n/e,n/e,4,,n/e,n/e,n/e,n/e,n/e,n/e,n/e,n/e,n/e,n/e,n/e,n/e,379,,n/e,n/e,n/e,n/e,n/e,n/e,0,,n/e,n/e,19,,n/e,n/e,n/e,n/e,5,
04:00 - 05:00,43,,n/e,n/e,n/e,n/e,0,,n/e,n/e,n/e,n/e,n/e,n/e,n/e,n/e,n/e,n/e,n/e,n/e,359,,n/e,n/e,n/e,n/e,n/e,n/e,0,,n/e,n/e,52,,n/e,n/e,n/e,n/e,2,
05:00 - 06:00,44,,n/e,n/e,n/e,n/e,1,,n/e,n/e,n/e,n/e,n/e,n/e,n/e,n/e,n/e,n/e,n/e,n/e,372,,n/e,n/e,n/e,n/e,n/e,n/e,0,,n/e,n/e,106,,n/e,n/e,n/e,n/e,0,
06:00 - 07:00,42,,n/e,n/e,n/e,n/e,0,,n/e,n/e,n/e,n/e,n/e,n/e,n/e,n/e,n/e,n/e,n/e,n/e,119,,n/e,n/e,n/e,n/e,n/e,n/e,0,,n/e,n/e,165,,n/e,n/e,n/e,n/e,0,
07:00 - 08:00,36,,n/e,n/e,n/e,n/e,0,,n/e,n/e,n/e,n/e,n/e,n/e,n/e,n/e,n/e,n/e,n/e,n/e,98,,n/e,n/e,n/e,n/e,n/e,n/e,0,,n/e,n/e,212,,n/e,n/e,n/e,n/e,0,
08:00 - 09:00,33,,n/e,n/e,n/e,n/e,0,,n/e,n/e,n/e,n/e,n/e,n/e,n/e,n/e,n/e,n/e,n/e,n/e,77,,n/e,n/e,n/e,n/e,n/e,n/e,0,,n/e,n/e,218,,n/e,n/e,n/e,n/e,0,
09:00 - 10:00,33,,n/e,n/e,n/e,n/e,0,,n/e,n/e,n/e,n/e,n/e,n/e,n/e,n/e,n/e,n/e,n/e,n/e,71,,n/e,n/e,n/e,n/e,n/e,n/e,0,,n/e,n/e,223,,n/e,n/e,n/e,n/e,2,
10:00 - 11:00,31,,n/e,n/e,n/e,n/e,0,,n/e,n/e,n/e,n/e,n/e,n/e,n/e,n/e,n/e,n/e,n/e,n/e,89,,n/e,n/e,n/e,n/e,n/e,n/e,0,,n/e,n/e,197,,n/e,n/e,n/e,n/e,1,
11:00 - 12:00,30,,n/e,n/e,n/e,n/e,0,,n/e,n/e,n/e,n/e,n/e,n/e,n/e,n/e,n/e,n/e,n/e,n/e,89,,n/e,n/e,n/e,n/e,n/e,n/e,0,,n/e,n/e,162,,n/e,n/e,n/e,n/e,5,
12:00 - 13:00,29,,n/e,n/e,n/e,n/e,0,,n/e,n/e,n/e,n/e,n/e,n/e,n/e,n/e,n/e,n/e,n/e,n/e,63,,n/e,n/e,n/e,n/e,n/e,n/e,0,,n/e,n/e,129,,n/e,n/e,n/e,n/e,4,
13:00 - 14:00,31,,n/e,n/e,n/e,n/e,0,,n/e,n/e,n/e,n/e,n/e,n/e,n/e,n/e,n/e,n/e,n/e,n/e,120,,n/e,n/e,n/e,n/e,n/e,n/e,0,,n/e,n/e,105,,n/e,n/e,n/e,n/e,0,
14:00 - 15:00,32,,n/e,n/e,n/e,n/e,0,,n/e,n/e,n/e,n/e,n/e,n/e,n/e,n/e,n/e,n/e,n/e,n/e,98,,n/e,n/e,n/e,n/e,n/e,n/e,0,,n/e,n/e,73,,n/e,n/e,n/e,n/e,0,
15:00 - 16:00,36,,n/e,n/e,n/e,n/e,0,,n/e,n/e,n/e,n/e,n/e,n/e,n/e,n/e,n/e,n/e,n/e,n/e,352,,n/e,n/e,n/e,n/e,n/e,n/e,0,,n/e,n/e,41,,n/e,n/e,n/e,n/e,3,
16:00 - 17:00,45,,n/e,n/e,n/e,n/e,4,,n/e,n/e,n/e,n/e,n/e,n/e,n/e,n/e,n/e,n/e,n/e,n/e,511,,n/e,n/e,n/e,n/e,n/e,n/e,0,,n/e,n/e,22,,n/e,n/e,n/e,n/e,1,
17:00 - 18:00,49,,n/e,n/e,n/e,n/e,5,,n/e,n/e,n/e,n/e,n/e,n/e,n/e,n/e,n/e,n/e,n/e,n/e,499,,n/e,n/e,n/e,n/e,n/e,n/e,0,,n/e,n/e,11,,n/e,n/e,n/e,n/e,0,
18:00 - 19:00,51,,n/e,n/e,n/e,n/e,5,,n/e,n/e,n/e,n/e,n/e,n/e,n/e,n/e,n/e,n/e,n/e,n/e,506,,n/e,n/e,n/e,n/e,n/e,n/e,0,,n/e,n/e,2,,n/e,n/e,n/e,n/e,1,
19:00 - 20:00,51,,n/e,n/e,n/e,n/e,5,,n/e,n/e,n/e,n/e,n/e,n/e,n/e,n/e,n/e,n/e,n/e,n/e,584,,n/e,n/e,n/e,n/e,n/e,n/e,0,,n/e,n/e,0,,n/e,n/e,n/e,n/e,2,
20:00 - 21:00,49,,n/e,n/e,n/e,n/e,4,,n/e,n/e,n/e,n/e,n/e,n/e,n/e,n/e,n/e,n/e,n/e,n/e,534,,n/e,n/e,n/e,n/e,n/e,n/e,0,,n/e,n/e,0,,n/e,n/e,n/e,n/e,3,
21:00 - 22:00,49,,n/e,n/e,n/e,n/e,4,,n/e,n/e,n/e,n/e,n/e,n/e,n/e,n/e,n/e,n/e,n/e,n/e,434,,n/e,n/e,n/e,n/e,n/e,n/e,0,,n/e,n/e,0,,n/e,n/e,n/e,n/e,4,
22:00 - 23:00,47,,n/e,n/e,n/e,n/e,4,,n/e,n/e,n/e,n/e,n/e,n/e,n/e,n/e,n/e,n/e,n/e,n/e,330,,n/e,n/e,n/e,n/e,n/e,n/e,0,,n/e,n/e,0,,n/e,n/e,n/e,n/e,4,
23:00 - 00:00,46,,n/e,n/e,n/e,n/e,3,,n/e,n/e,n/e,n/e,n/e,n/e,n/e,n/e,n/e,n/e,n/e,n/e,330,,n/e,n/e,n/e,n/e,n/e,n/e,0,,n/e,n/e,0,,n/e,n/e,n/e,n/e,3,
00:00 - 01:00,46,,n/e,n/e,n/e,n/e,3,,n/e,n/e,n/e,n/e,n/e,n/e,n/e,n/e,n/e,n/e,n/e,n/e,329,,n/e,n/e,n/e,n/e,n/e,n/e,0,,n/e,n/e,0,,n/e,n/e,n/e,n/e,2,
01:00 - 02:00,47,,n/e,n/e,n/e,n/e,3,,n/e,n/e,n/e,n/e,n/e,n/e,n/e,n/e,n/e,n/e,n/e,n/e,329,,n/e,n/e,n/e,n/e,n/e,n/e,0,,n/e,n/e,0,,n/e,n/e,n/e,n/e,2,
02:00 - 03:00,49,,n/e,n/e,n/e,n/e,3,,n/e,n/e,n/e,n/e,n/e,n/e,n/e,n/e,n/e,n/e,n/e,n/e,426,,n/e,n/e,n/e,n/e,n/e,n/e,0,,n/e,n/e,3,,n/e,n/e,n/e,n/e,1,
03:00 - 04:00,50,,n/e,n/e,n/e,n/e,4,,n/e,n/e,n/e,n/e,n/e,n/e,n/e,n/e,n/e,n/e,n/e,n/e,485,,n/e,n/e,n/e,n/e,n/e,n/e,0,,n/e,n/e,16,,n/e,n/e,n/e,n/e,0,
04:00 - 05:00,49,,n/e,n/e,n/e,n/e,2,,n/e,n/e,n/e,n/e,n/e,n/e,n/e,n/e,n/e,n/e,n/e,n/e,487,,n/e,n/e,n/e,n/e,n/e,n/e,0,,n/e,n/e,46,,n/e,n/e,n/e,n/e,1,
05:00 - 06:00,51,,n/e,n/e,n/e,n/e,3,,n/e,n/e,n/e,n/e,n/e,n/e,n/e,n/e,n/e,n/e,n/e,n/e,477,,n/e,n/e,n/e,n/e,n/e,n/e,0,,n/e,n/e,103,,n/e,n/e,n/e,n/e,0,
06:00 - 07:00,51,,n/e,n/e,n/e,n/e,3,,n/e,n/e,n/e,n/e,n/e,n/e,n/e,n/e,n/e,n/e,n/e,n/e,176,,n/e,n/e,n/e,n/e,n/e,n/e,0,,n/e,n/e,172,,n/e,n/e,n/e,n/e,0,
07:00 - 08:00,43,,n/e,n/e,n/e,n/e,0,,n/e,n/e,n/e,n/e,n/e,n/e,n/e,n/e,n/e,n/e,n/e,n/e,285,,n/e,n/e,n/e,n/e,n/e,n/e,0,,n/e,n/e,227,,n/e,n/e,n/e,n/e,1,
08:00 - 09:00,39,,n/e,n/e,n/e,n/e,0,,n/e,n/e,n/e,n/e,n/e,n/e,n/e,n/e,n/e,n/e,n/e,n/e,318,,n/e,n/e,n/e,n/e,n/e,n/e,0,,n/e,n/e,262,,n/e,n/e,n/e,n/e,1,
09:00 - 10:00,39,,n/e,n/e,n/e,n/e,0,,n/e,n/e,n/e,n/e,n/e,n/e,n/e,n/e,n/e,n/e,n/e,n/e,270,,n/e,n/e,n/e,n/e,n/e,n/e,0,,n/e,n/e,276,,n/e,n/e,n/e,n/e,3,
10:00 - 11:00,36,,n/e,n/e,n/e,n/e,0,,n/e,n/e,n/e,n/e,n/e,n/e,n/e,n/e,n/e,n/e,n/e,n/e,56,,n/e,n/e,n/e,n/e,n/e,n/e,0,,n/e,n/e,256,,n/e,n/e,n/e,n/e,6,
11:00 - 12:00,37,,n/e,n/e,n/e,n/e,0,,n/e,n/e,n/e,n/e,n/e,n/e,n/e,n/e,n/e,n/e,n/e,n/e,88,,n/e,n/e,n/e,n/e,n/e,n/e,0,,n/e,n/e,214,,n/e,n/e,n/e,n/e,10,
12:00 - 13:00,37,,n/e,n/e,n/e,n/e,0,,n/e,n/e,n/e,n/e,n/e,n/e,n/e,n/e,n/e,n/e,n/e,n/e,124,,n/e,n/e,n/e,n/e,n/e,n/e,0,,n/e,n/e,182,,n/e,n/e,n/e,n/e,16,
13:00 - 14:00,38,,n/e,n/e,n/e,n/e,0,,n/e,n/e,n/e,n/e,n/e,n/e,n/e,n/e,n/e,n/e,n/e,n/e,149,,n/e,n/e,n/e,n/e,n/e,n/e,0,,n/e,n/e,153,,n/e,n/e,n/e,n/e,26,
14:00 - 15:00,47,,n/e,n/e,n/e,n/e,2,,n/e,n/e,n/e,n/e,n/e,n/e,n/e,n/e,n/e,n/e,n/e,n/e,160,,n/e,n/e,n/e,n/e,n/e,n/e,0,,n/e,n/e,108,,n/e,n/e,n/e,n/e,21,
15:00 - 16:00,51,,n/e,n/e,n/e,n/e,3,,n/e,n/e,n/e,n/e,n/e,n/e,n/e,n/e,n/e,n/e,n/e,n/e,466,,n/e,n/e,n/e,n/e,n/e,n/e,0,,n/e,n/e,76,,n/e,n/e,n/e,n/e,19,
16:00 - 17:00,53,,n/e,n/e,n/e,n/e,7,,n/e,n/e,n/e,n/e,n/e,n/e,n/e,n/e,n/e,n/e,n/e,n/e,471,,n/e,n/e,n/e,n/e,n/e,n/e,0,,n/e,n/e,39,,n/e,n/e,n/e,n/e,19,
17:00 - 18:00,55,,n/e,n/e,n/e,n/e,9,,n/e,n/e,n/e,n/e,n/e,n/e,n/e,n/e,n/e,n/e,n/e,n/e,516,,n/e,n/e,n/e,n/e,n/e,n/e,0,,n/e,n/e,14,,n/e,n/e,n/e,n/e,20,
18:00 - 19:00,55,,n/e,n/e,n/e,n/e,9,,n/e,n/e,n/e,n/e,n/e,n/e,n/e,n/e,n/e,n/e,n/e,n/e,559,,n/e,n/e,n/e,n/e,n/e,n/e,0,,n/e,n/e,2,,n/e,n/e,n/e,n/e,28,
19:00 - 20:00,55,,n/e,n/e,n/e,n/e,9,,n/e,n/e,n/e,n/e,n/e,n/e,n/e,n/e,n/e,n/e,n/e,n/e,558,,n/e,n/e,n/e,n/e,n/e,n/e,0,,n/e,n/e,0,,n/e,n/e,n/e,n/e,30,
20:00 - 21:00,52,,n/e,n/e,n/e,n/e,5,,n/e,n/e,n/e,n/e,n/e,n/e,n/e,n/e,n/e,n/e,n/e,n/e,568,,n/e,n/e,n/e,n/e,n/e,n/e,0,,n/e,n/e,0,,n/e,n/e,n/e,n/e,32,
21:00 - 22:00,52,,n/e,n/e,n/e,n/e,4,,n/e,n/e,n/e,n/e,n/e,n/e,n/e,n/e,n/e,n/e,n/e,n/e,462,,n/e,n/e,n/e,n/e,n/e,n/e,0,,n/e,n/e,0,,n/e,n/e,n/e,n/e,36,
22:00 - 23:00,49,,n/e,n/e,n/e,n/e,3,,n/e,n/e,n/e,n/e,n/e,n/e,n/e,n/e,n/e,n/e,n/e,n/e,384,,n/e,n/e,n/e,n/e,n/e,n/e,0,,n/e,n/e,0,,n/e,n/e,n/e,n/e,35,
23:00 - 00:00,47,,n/e,n/e,n/e,n/e,3,,n/e,n/e,n/e,n/e,n/e,n/e,n/e,n/e,n/e,n/e,n/e,n/e,385,,n/e,n/e,n/e,n/e,n/e,n/e,0,,n/e,n/e,0,,n/e,n/e,n/e,n/e,38,
00:00 - 01:00,46,,n/e,n/e,n/e,n/e,3,,n/e,n/e,n/e,n/e,n/e,n/e,n/e,n/e,n/e,n/e,n/e,n/e,386,,n/e,n/e,n/e,n/e,n/e,n/e,0,,n/e,n/e,0,,n/e,n/e,n/e,n/e,46,
01:00 - 02:00,46,,n/e,n/e,n/e,n/e,3,,n/e,n/e,n/e,n/e,n/e,n/e,n/e,n/e,n/e,n/e,n/e,n/e,533,,n/e,n/e,n/e,n/e,n/e,n/e,0,,n/e,n/e,0,,n/e,n/e,n/e,n/e,44,
02:00 - 03:00,47,,n/e,n/e,n/e,n/e,4,,n/e,n/e,n/e,n/e,n/e,n/e,n/e,n/e,n/e,n/e,n/e,n/e,535,,n/e,n/e,n/e,n/e,n/e,n/e,0,,n/e,n/e,4,,n/e,n/e,n/e,n/e,42,
03:00 - 04:00,49,,n/e,n/e,n/e,n/e,5,,n/e,n/e,n/e,n/e,n/e,n/e,n/e,n/e,n/e,n/e,n/e,n/e,624,,n/e,n/e,n/e,n/e,n/e,n/e,0,,n/e,n/e,17,,n/e,n/e,n/e,n/e,39,
04:00 - 05:00,54,,n/e,n/e,n/e,n/e,7,,n/e,n/e,n/e,n/e,n/e,n/e,n/e,n/e,n/e,n/e,n/e,n/e,625,,n/e,n/e,n/e,n/e,n/e,n/e,0,,n/e,n/e,52,,n/e,n/e,n/e,n/e,36,
05:00 - 06:00,57,,n/e,n/e,n/e,n/e,7,,n/e,n/e,n/e,n/e,n/e,n/e,n/e,n/e,n/e,n/e,n/e,n/e,636,,n/e,n/e,n/e,n/e,n/e,n/e,0,,n/e,n/e,112,,n/e,n/e,n/e,n/e,33,
06:00 - 07:00,55,,n/e,n/e,n/e,n/e,6,,n/e,n/e,n/e,n/e,n/e,n/e,n/e,n/e,n/e,n/e,n/e,n/e,320,,n/e,n/e,n/e,n/e,n/e,n/e,0,,n/e,n/e,175,,n/e,n/e,n/e,n/e,44,
07:00 - 08:00,50,,n/e,n/e,n/e,n/e,3,,n/e,n/e,n/e,n/e,n/e,n/e,n/e,n/e,n/e,n/e,n/e,n/e,187,,n/e,n/e,n/e,n/e,n/e,n/e,0,,n/e,n/e,233,,n/e,n/e,n/e,n/e,55,
08:00 - 09:00,43,,n/e,n/e,n/e,n/e,2,,n/e,n/e,n/e,n/e,n/e,n/e,n/e,n/e,n/e,n/e,n/e,n/e,111,,n/e,n/e,n/e,n/e,n/e,n/e,0,,n/e,n/e,268,,n/e,n/e,n/e,n/e,49,
09:00 - 10:00,42,,n/e,n/e,n/e,n/e,2,,n/e,n/e,n/e,n/e,n/e,n/e,n/e,n/e,n/e,n/e,n/e,n/e,79,,n/e,n/e,n/e,n/e,n/e,n/e,0,,n/e,n/e,280,,n/e,n/e,n/e,n/e,51,
10:00 - 11:00,41,,n/e,n/e,n/e,n/e,2,,n/e,n/e,n/e,n/e,n/e,n/e,n/e,n/e,n/e,n/e,n/e,n/e,75,,n/e,n/e,n/e,n/e,n/e,n/e,0,,n/e,n/e,281,,n/e,n/e,n/e,n/e,37,
11:00 - 12:00,40,,n/e,n/e,n/e,n/e,2,,n/e,n/e,n/e,n/e,n/e,n/e,n/e,n/e,n/e,n/e,n/e,n/e,70,,n/e,n/e,n/e,n/e,n/e,n/e,0,,n/e,n/e,255,,n/e,n/e,n/e,n/e,22,
12:00 - 13:00,41,,n/e,n/e,n/e,n/e,1,,n/e,n/e,n/e,n/e,n/e,n/e,n/e,n/e,n/e,n/e,n/e,n/e,72,,n/e,n/e,n/e,n/e,n/e,n/e,0,,n/e,n/e,223,,n/e,n/e,n/e,n/e,23,
13:00 - 14:00,43,,n/e,n/e,n/e,n/e,4,,n/e,n/e,n/e,n/e,n/e,n/e,n/e,n/e,n/e,n/e,n/e,n/e,160,,n/e,n/e,n/e,n/e,n/e,n/e,0,,n/e,n/e,188,,n/e,n/e,n/e,n/e,27,
14:00 - 15:00,45,,n/e,n/e,n/e,n/e,4,,n/e,n/e,n/e,n/e,n/e,n/e,n/e,n/e,n/e,n/e,n/e,n/e,334,,n/e,n/e,n/e,n/e,n/e,n/e,0,,n/e,n/e,130,,n/e,n/e,n/e,n/e,37,
15:00 - 16:00,48,,n/e,n/e,n/e,n/e,4,,n/e,n/e,n/e,n/e,n/e,n/e,n/e,n/e,n/e,n/e,n/e,n/e,549,,n/e,n/e,n/e,n/e,n/e,n/e,0,,n/e,n/e,78,,n/e,n/e,n/e,n/e,41,
16:00 - 17:00,52,,n/e,n/e,n/e,n/e,5,,n/e,n/e,n/e,n/e,n/e,n/e,n/e,n/e,n/e,n/e,n/e,n/e,524,,n/e,n/e,n/e,n/e,n/e,n/e,0,,n/e,n/e,30,,n/e,n/e,n/e,n/e,43,
17:00 - 18:00,54,,n/e,n/e,n/e,n/e,7,,n/e,n/e,n/e,n/e,n/e,n/e,n/e,n/e,n/e,n/e,n/e,n/e,525,,n/e,n/e,n/e,n/e,n/e,n/e,0,,n/e,n/e,11,,n/e,n/e,n/e,n/e,36,
18:00 - 19:00,54,,n/e,n/e,n/e,n/e,6,,n/e,n/e,n/e,n/e,n/e,n/e,n/e,n/e,n/e,n/e,n/e,n/e,524,,n/e,n/e,n/e,n/e,n/e,n/e,0,,n/e,n/e,2,,n/e,n/e,n/e,n/e,31,
19:00 - 20:00,53,,n/e,n/e,n/e,n/e,5,,n/e,n/e,n/e,n/e,n/e,n/e,n/e,n/e,n/e,n/e,n/e,n/e,532,,n/e,n/e,n/e,n/e,n/e,n/e,0,,n/e,n/e,0,,n/e,n/e,n/e,n/e,35,
20:00 - 21:00,51,,n/e,n/e,n/e,n/e,4,,n/e,n/e,n/e,n/e,n/e,n/e,n/e,n/e,n/e,n/e,n/e,n/e,492,,n/e,n/e,n/e,n/e,n/e,n/e,0,,n/e,n/e,0,,n/e,n/e,n/e,n/e,39,
21:00 - 22:00,47,,n/e,n/e,n/e,n/e,1,,n/e,n/e,n/e,n/e,n/e,n/e,n/e,n/e,n/e,n/e,n/e,n/e,370,,n/e,n/e,n/e,n/e,n/e,n/e,0,,n/e,n/e,0,,n/e,n/e,n/e,n/e,53,
22:00 - 23:00,45,,n/e,n/e,n/e,n/e,0,,n/e,n/e,n/e,n/e,n/e,n/e,n/e,n/e,n/e,n/e,n/e,n/e,370,,n/e,n/e,n/e,n/e,n/e,n/e,0,,n/e,n/e,0,,n/e,n/e,n/e,n/e,59,
23:00 - 00:00,45,,n/e,n/e,n/e,n/e,0,,n/e,n/e,n/e,n/e,n/e,n/e,n/e,n/e,n/e,n/e,n/e,n/e,358,,n/e,n/e,n/e,n/e,n/e,n/e,0,,n/e,n/e,0,,n/e,n/e,n/e,n/e,54,
00:00 - 01:00,44,,n/e,n/e,n/e,n/e,0,,n/e,n/e,n/e,n/e,n/e,n/e,n/e,n/e,n/e,n/e,n/e,n/e,365,,n/e,n/e,n/e,n/e,n/e,n/e,0,,n/e,n/e,0,,n/e,n/e,n/e,n/e,47,
01:00 - 02:00,44,,n/e,n/e,n/e,n/e,0,,n/e,n/e,n/e,n/e,n/e,n/e,n/e,n/e,n/e,n/e,n/e,n/e,504,,n/e,n/e,n/e,n/e,n/e,n/e,0,,n/e,n/e,0,,n/e,n/e,n/e,n/e,41,
02:00 - 03:00,44,,n/e,n/e,n/e,n/e,0,,n/e,n/e,n/e,n/e,n/e,n/e,n/e,n/e,n/e,n/e,n/e,n/e,376,,n/e,n/e,n/e,n/e,n/e,n/e,0,,n/e,n/e,4,,n/e,n/e,n/e,n/e,38,
03:00 - 04:00,45,,n/e,n/e,n/e,n/e,0,,n/e,n/e,n/e,n/e,n/e,n/e,n/e,n/e,n/e,n/e,n/e,n/e,427,,n/e,n/e,n/e,n/e,n/e,n/e,0,,n/e,n/e,18,,n/e,n/e,n/e,n/e,32,
04:00 - 05:00,51,,n/e,n/e,n/e,n/e,3,,n/e,n/e,n/e,n/e,n/e,n/e,n/e,n/e,n/e,n/e,n/e,n/e,386,,n/e,n/e,n/e,n/e,n/e,n/e,0,,n/e,n/e,52,,n/e,n/e,n/e,n/e,26,
05:00 - 06:00,52,,n/e,n/e,n/e,n/e,3,,n/e,n/e,n/e,n/e,n/e,n/e,n/e,n/e,n/e,n/e,n/e,n/e,415,,n/e,n/e,n/e,n/e,n/e,n/e,0,,n/e,n/e,112,,n/e,n/e,n/e,n/e,23,
06:00 - 07:00,50,,n/e,n/e,n/e,n/e,3,,n/e,n/e,n/e,n/e,n/e,n/e,n/e,n/e,n/e,n/e,n/e,n/e,232,,n/e,n/e,n/e,n/e,n/e,n/e,0,,n/e,n/e,177,,n/e,n/e,n/e,n/e,25,
07:00 - 08:00,44,,n/e,n/e,n/e,n/e,0,,n/e,n/e,n/e,n/e,n/e,n/e,n/e,n/e,n/e,n/e,n/e,n/e,238,,n/e,n/e,n/e,n/e,n/e,n/e,0,,n/e,n/e,231,,n/e,n/e,n/e,n/e,40,
08:00 - 09:00,42,,n/e,n/e,n/e,n/e,0,,n/e,n/e,n/e,n/e,n/e,n/e,n/e,n/e,n/e,n/e,n/e,n/e,59,,n/e,n/e,n/e,n/e,n/e,n/e,0,,n/e,n/e,267,,n/e,n/e,n/e,n/e,61,
09:00 - 10:00,42,,n/e,n/e,n/e,n/e,0,,n/e,n/e,n/e,n/e,n/e,n/e,n/e,n/e,n/e,n/e,n/e,n/e,32,,n/e,n/e,n/e,n/e,n/e,n/e,0,,n/e,n/e,283,,n/e,n/e,n/e,n/e,69,
10:00 - 11:00,41,,n/e,n/e,n/e,n/e,1,,n/e,n/e,n/e,n/e,n/e,n/e,n/e,n/e,n/e,n/e,n/e,n/e,23,,n/e,n/e,n/e,n/e,n/e,n/e,0,,n/e,n/e,281,,n/e,n/e,n/e,n/e,67,
11:00 - 12:00,39,,n/e,n/e,n/e,n/e,0,,n/e,n/e,n/e,n/e,n/e,n/e,n/e,n/e,n/e,n/e,n/e,n/e,68,,n/e,n/e,n/e,n/e,n/e,n/e,0,,n/e,n/e,279,,n/e,n/e,n/e,n/e,68,
12:00 - 13:00,39,,n/e,n/e,n/e,n/e,0,,n/e,n/e,n/e,n/e,n/e,n/e,n/e,n/e,n/e,n/e,n/e,n/e,75,,n/e,n/e,n/e,n/e,n/e,n/e,0,,n/e,n/e,254,,n/e,n/e,n/e,n/e,62,
13:00 - 14:00,39,,n/e,n/e,n/e,n/e,0,,n/e,n/e,n/e,n/e,n/e,n/e,n/e,n/e,n/e,n/e,n/e,n/e,75,,n/e,n/e,n/e,n/e,n/e,n/e,0,,n/e,n/e,210,,n/e,n/e,n/e,n/e,63,
14:00 - 15:00,38,,n/e,n/e,n/e,n/e,0,,n/e,n/e,n/e,n/e,n/e,n/e,n/e,n/e,n/e,n/e,n/e,n/e,236,,n/e,n/e,n/e,n/e,n/e,n/e,0,,n/e,n/e,149,,n/e,n/e,n/e,n/e,64,
15:00 - 16:00,40,,n/e,n/e,n/e,n/e,0,,n/e,n/e,n/e,n/e,n/e,n/e,n/e,n/e,n/e,n/e,n/e,n/e,460,,n/e,n/e,n/e,n/e,n/e,n/e,0,,n/e,n/e,89,,n/e,n/e,n/e,n/e,62,
16:00 - 17:00,49,,n/e,n/e,n/e,n/e,5,,n/e,n/e,n/e,n/e,n/e,n/e,n/e,n/e,n/e,n/e,n/e,n/e,585,,n/e,n/e,n/e,n/e,n/e,n/e,0,,n/e,n/e,38,,n/e,n/e,n/e,n/e,64,
17:00 - 18:00,53,,n/e,n/e,n/e,n/e,8,,n/e,n/e,n/e,n/e,n/e,n/e,n/e,n/e,n/e,n/e,n/e,n/e,690,,n/e,n/e,n/e,n/e,n/e,n/e,0,,n/e,n/e,12,,n/e,n/e,n/e,n/e,54,
18:00 - 19:00,54,,n/e,n/e,n/e,n/e,9,,n/e,n/e,n/e,n/e,n/e,n/e,n/e,n/e,n/e,n/e,n/e,n/e,554,,n/e,n/e,n/e,n/e,n/e,n/e,0,,n/e,n/e,2,,n/e,n/e,n/e,n/e,49,
19:00 - 20:00,50,,n/e,n/e,n/e,n/e,5,,n/e,n/e,n/e,n/e,n/e,n/e,n/e,n/e,n/e,n/e,n/e,n/e,539,,n/e,n/e,n/e,n/e,n/e,n/e,0,,n/e,n/e,0,,n/e,n/e,n/e,n/e,59,
20:00 - 21:00,42,,n/e,n/e,n/e,n/e,0,,n/e,n/e,n/e,n/e,n/e,n/e,n/e,n/e,n/e,n/e,n/e,n/e,459,,n/e,n/e,n/e,n/e,n/e,n/e,0,,n/e,n/e,0,,n/e,n/e,n/e,n/e,60,
21:00 - 22:00,39,,n/e,n/e,n/e,n/e,0,,n/e,n/e,n/e,n/e,n/e,n/e,n/e,n/e,n/e,n/e,n/e,n/e,351,,n/e,n/e,n/e,n/e,n/e,n/e,0,,n/e,n/e,0,,n/e,n/e,n/e,n/e,61,
22:00 - 23:00,38,,n/e,n/e,n/e,n/e,0,,n/e,n/e,n/e,n/e,n/e,n/e,n/e,n/e,n/e,n/e,n/e,n/e,367,,n/e,n/e,n/e,n/e,n/e,n/e,0,,n/e,n/e,0,,n/e,n/e,n/e,n/e,62,
23:00 - 00:00,38,,n/e,n/e,n/e,n/e,0,,n/e,n/e,n/e,n/e,n/e,n/e,n/e,n/e,n/e,n/e,n/e,n/e,367,,n/e,n/e,n/e,n/e,n/e,n/e,0,,n/e,n/e,0,,n/e,n/e,n/e,n/e,58,
00:00 - 01:00,37,,n/e,n/e,n/e,n/e,0,,n/e,n/e,n/e,n/e,n/e,n/e,n/e,n/e,n/e,n/e,n/e,n/e,367,,n/e,n/e,n/e,n/e,n/e,n/e,0,,n/e,n/e,0,,n/e,n/e,n/e,n/e,58,
01:00 - 02:00,36,,n/e,n/e,n/e,n/e,0,,n/e,n/e,n/e,n/e,n/e,n/e,n/e,n/e,n/e,n/e,n/e,n/e,505,,n/e,n/e,n/e,n/e,n/e,n/e,0,,n/e,n/e,0,,n/e,n/e,n/e,n/e,60,
02:00 - 03:00,37,,n/e,n/e,n/e,n/e,0,,n/e,n/e,n/e,n/e,n/e,n/e,n/e,n/e,n/e,n/e,n/e,n/e,464,,n/e,n/e,n/e,n/e,n/e,n/e,0,,n/e,n/e,4,,n/e,n/e,n/e,n/e,66,
03:00 - 04:00,42,,n/e,n/e,n/e,n/e,0,,n/e,n/e,n/e,n/e,n/e,n/e,n/e,n/e,n/e,n/e,n/e,n/e,427,,n/e,n/e,n/e,n/e,n/e,n/e,0,,n/e,n/e,18,,n/e,n/e,n/e,n/e,53,
04:00 - 05:00,48,,n/e,n/e,n/e,n/e,2,,n/e,n/e,n/e,n/e,n/e,n/e,n/e,n/e,n/e,n/e,n/e,n/e,376,,n/e,n/e,n/e,n/e,n/e,n/e,0,,n/e,n/e,41,,n/e,n/e,n/e,n/e,46,
05:00 - 06:00,51,,n/e,n/e,n/e,n/e,3,,n/e,n/e,n/e,n/e,n/e,n/e,n/e,n/e,n/e,n/e,n/e,n/e,446,,n/e,n/e,n/e,n/e,n/e,n/e,0,,n/e,n/e,87,,n/e,n/e,n/e,n/e,34,
06:00 - 07:00,50,,n/e,n/e,n/e,n/e,3,,n/e,n/e,n/e,n/e,n/e,n/e,n/e,n/e,n/e,n/e,n/e,n/e,371,,n/e,n/e,n/e,n/e,n/e,n/e,0,,n/e,n/e,156,,n/e,n/e,n/e,n/e,29,
07:00 - 08:00,47,,n/e,n/e,n/e,n/e,4,,n/e,n/e,n/e,n/e,n/e,n/e,n/e,n/e,n/e,n/e,n/e,n/e,242,,n/e,n/e,n/e,n/e,n/e,n/e,0,,n/e,n/e,222,,n/e,n/e,n/e,n/e,22,
08:00 - 09:00,40,,n/e,n/e,n/e,n/e,3,,n/e,n/e,n/e,n/e,n/e,n/e,n/e,n/e,n/e,n/e,n/e,n/e,91,,n/e,n/e,n/e,n/e,n/e,n/e,0,,n/e,n/e,257,,n/e,n/e,n/e,n/e,35,
09:00 - 10:00,37,,n/e,n/e,n/e,n/e,0,,n/e,n/e,n/e,n/e,n/e,n/e,n/e,n/e,n/e,n/e,n/e,n/e,73,,n/e,n/e,n/e,n/e,n/e,n/e,0,,n/e,n/e,276,,n/e,n/e,n/e,n/e,60,
10:00 - 11:00,38,,n/e,n/e,n/e,n/e,0,,n/e,n/e,n/e,n/e,n/e,n/e,n/e,n/e,n/e,n/e,n/e,n/e,89,,n/e,n/e,n/e,n/e,n/e,n/e,0,,n/e,n/e,269,,n/e,n/e,n/e,n/e,65,
11:00 - 12:00,39,,n/e,n/e,n/e,n/e,0,,n/e,n/e,n/e,n/e,n/e,n/e,n/e,n/e,n/e,n/e,n/e,n/e,110,,n/e,n/e,n/e,n/e,n/e,n/e,0,,n/e,n/e,246,,n/e,n/e,n/e,n/e,64,
12:00 - 13:00,38,,n/e,n/e,n/e,n/e,2,,n/e,n/e,n/e,n/e,n/e,n/e,n/e,n/e,n/e,n/e,n/e,n/e,147,,n/e,n/e,n/e,n/e,n/e,n/e,0,,n/e,n/e,218,,n/e,n/e,n/e,n/e,52,
13:00 - 14:00,43,,n/e,n/e,n/e,n/e,4,,n/e,n/e,n/e,n/e,n/e,n/e,n/e,n/e,n/e,n/e,n/e,n/e,125,,n/e,n/e,n/e,n/e,n/e,n/e,0,,n/e,n/e,175,,n/e,n/e,n/e,n/e,44,
14:00 - 15:00,46,,n/e,n/e,n/e,n/e,3,,n/e,n/e,n/e,n/e,n/e,n/e,n/e,n/e,n/e,n/e,n/e,n/e,273,,n/e,n/e,n/e,n/e,n/e,n/e,0,,n/e,n/e,119,,n/e,n/e,n/e,n/e,40,
15:00 - 16:00,49,,n/e,n/e,n/e,n/e,3,,n/e,n/e,n/e,n/e,n/e,n/e,n/e,n/e,n/e,n/e,n/e,n/e,462,,n/e,n/e,n/e,n/e,n/e,n/e,0,,n/e,n/e,69,,n/e,n/e,n/e,n/e,4,
16:00 - 17:00,53,,n/e,n/e,n/e,n/e,5,,n/e,n/e,n/e,n/e,n/e,n/e,n/e,n/e,n/e,n/e,n/e,n/e,464,,n/e,n/e,n/e,n/e,n/e,n/e,0,,n/e,n/e,27,,n/e,n/e,n/e,n/e,9,
17:00 - 18:00,54,,n/e,n/e,n/e,n/e,8,,n/e,n/e,n/e,n/e,n/e,n/e,n/e,n/e,n/e,n/e,n/e,n/e,466,,n/e,n/e,n/e,n/e,n/e,n/e,0,,n/e,n/e,8,,n/e,n/e,n/e,n/e,30,
18:00 - 19:00,57,,n/e,n/e,n/e,n/e,8,,n/e,n/e,n/e,n/e,n/e,n/e,n/e,n/e,n/e,n/e,n/e,n/e,468,,n/e,n/e,n/e,n/e,n/e,n/e,0,,n/e,n/e,1,,n/e,n/e,n/e,n/e,42,
19:00 - 20:00,56,,n/e,n/e,n/e,n/e,8,,n/e,n/e,n/e,n/e,n/e,n/e,n/e,n/e,n/e,n/e,n/e,n/e,467,,n/e,n/e,n/e,n/e,n/e,n/e,0,,n/e,n/e,0,,n/e,n/e,n/e,n/e,34,
20:00 - 21:00,53,,n/e,n/e,n/e,n/e,4,,n/e,n/e,n/e,n/e,n/e,n/e,n/e,n/e,n/e,n/e,n/e,n/e,466,,n/e,n/e,n/e,n/e,n/e,n/e,0,,n/e,n/e,0,,n/e,n/e,n/e,n/e,33,
21:00 - 22:00,51,,n/e,n/e,n/e,n/e,4,,n/e,n/e,n/e,n/e,n/e,n/e,n/e,n/e,n/e,n/e,n/e,n/e,369,,n/e,n/e,n/e,n/e,n/e,n/e,0,,n/e,n/e,0,,n/e,n/e,n/e,n/e,48,
22:00 - 23:00,48,,n/e,n/e,n/e,n/e,3,,n/e,n/e,n/e,n/e,n/e,n/e,n/e,n/e,n/e,n/e,n/e,n/e,380,,n/e,n/e,n/e,n/e,n/e,n/e,0,,n/e,n/e,0,,n/e,n/e,n/e,n/e,61,
23:00 - 00:00,46,,n/e,n/e,n/e,n/e,3,,n/e,n/e,n/e,n/e,n/e,n/e,n/e,n/e,n/e,n/e,n/e,n/e,381,,n/e,n/e,n/e,n/e,n/e,n/e,0,,n/e,n/e,0,,n/e,n/e,n/e,n/e,50,
00:00 - 01:00,46,,n/e,n/e,n/e,n/e,3,,n/e,n/e,n/e,n/e,n/e,n/e,n/e,n/e,n/e,n/e,n/e,n/e,380,,n/e,n/e,n/e,n/e,n/e,n/e,0,,n/e,n/e,0,,n/e,n/e,n/e,n/e,28,
01:00 - 02:00,45,,n/e,n/e,n/e,n/e,3,,n/e,n/e,n/e,n/e,n/e,n/e,n/e,n/e,n/e,n/e,n/e,n/e,526,,n/e,n/e,n/e,n/e,n/e,n/e,0,,n/e,n/e,0,,n/e,n/e,n/e,n/e,26,
02:00 - 03:00,47,,n/e,n/e,n/e,n/e,3,,n/e,n/e,n/e,n/e,n/e,n/e,n/e,n/e,n/e,n/e,n/e,n/e,530,,n/e,n/e,n/e,n/e,n/e,n/e,0,,n/e,n/e,5,,n/e,n/e,n/e,n/e,35,
03:00 - 04:00,53,,n/e,n/e,n/e,n/e,4,,n/e,n/e,n/e,n/e,n/e,n/e,n/e,n/e,n/e,n/e,n/e,n/e,393,,n/e,n/e,n/e,n/e,n/e,n/e,0,,n/e,n/e,19,,n/e,n/e,n/e,n/e,30,
04:00 - 05:00,56,,n/e,n/e,n/e,n/e,4,,n/e,n/e,n/e,n/e,n/e,n/e,n/e,n/e,n/e,n/e,n/e,n/e,390,,n/e,n/e,n/e,n/e,n/e,n/e,0,,n/e,n/e,53,,n/e,n/e,n/e,n/e,26,
05:00 - 06:00,57,,n/e,n/e,n/e,n/e,4,,n/e,n/e,n/e,n/e,n/e,n/e,n/e,n/e,n/e,n/e,n/e,n/e,423,,n/e,n/e,n/e,n/e,n/e,n/e,0,,n/e,n/e,111,,n/e,n/e,n/e,n/e,16,
06:00 - 07:00,57,,n/e,n/e,n/e,n/e,6,,n/e,n/e,n/e,n/e,n/e,n/e,n/e,n/e,n/e,n/e,n/e,n/e,291,,n/e,n/e,n/e,n/e,n/e,n/e,0,,n/e,n/e,176,,n/e,n/e,n/e,n/e,16,
07:00 - 08:00,55,,n/e,n/e,n/e,n/e,6,,n/e,n/e,n/e,n/e,n/e,n/e,n/e,n/e,n/e,n/e,n/e,n/e,171,,n/e,n/e,n/e,n/e,n/e,n/e,0,,n/e,n/e,231,,n/e,n/e,n/e,n/e,14,
08:00 - 09:00,52,,n/e,n/e,n/e,n/e,5,,n/e,n/e,n/e,n/e,n/e,n/e,n/e,n/e,n/e,n/e,n/e,n/e,74,,n/e,n/e,n/e,n/e,n/e,n/e,0,,n/e,n/e,266,,n/e,n/e,n/e,n/e,18,
09:00 - 10:00,44,,n/e,n/e,n/e,n/e,1,,n/e,n/e,n/e,n/e,n/e,n/e,n/e,n/e,n/e,n/e,n/e,n/e,54,,n/e,n/e,n/e,n/e,n/e,n/e,0,,n/e,n/e,282,,n/e,n/e,n/e,n/e,26,
10:00 - 11:00,40,,n/e,n/e,n/e,n/e,2,,n/e,n/e,n/e,n/e,n/e,n/e,n/e,n/e,n/e,n/e,n/e,n/e,63,,n/e,n/e,n/e,n/e,n/e,n/e,0,,n/e,n/e,280,,n/e,n/e,n/e,n/e,31,
11:00 - 12:00,39,,n/e,n/e,n/e,n/e,2,,n/e,n/e,n/e,n/e,n/e,n/e,n/e,n/e,n/e,n/e,n/e,n/e,30,,n/e,n/e,n/e,n/e,n/e,n/e,0,,n/e,n/e,267,,n/e,n/e,n/e,n/e,26,
12:00 - 13:00,40,,n/e,n/e,n/e,n/e,2,,n/e,n/e,n/e,n/e,n/e,n/e,n/e,n/e,n/e,n/e,n/e,n/e,81,,n/e,n/e,n/e,n/e,n/e,n/e,0,,n/e,n/e,243,,n/e,n/e,n/e,n/e,17,
13:00 - 14:00,44,,n/e,n/e,n/e,n/e,4,,n/e,n/e,n/e,n/e,n/e,n/e,n/e,n/e,n/e,n/e,n/e,n/e,91,,n/e,n/e,n/e,n/e,n/e,n/e,0,,n/e,n/e,205,,n/e,n/e,n/e,n/e,13,
14:00 - 15:00,46,,n/e,n/e,n/e,n/e,4,,n/e,n/e,n/e,n/e,n/e,n/e,n/e,n/e,n/e,n/e,n/e,n/e,185,,n/e,n/e,n/e,n/e,n/e,n/e,0,,n/e,n/e,149,,n/e,n/e,n/e,n/e,30,
15:00 - 16:00,49,,n/e,n/e,n/e,n/e,4,,n/e,n/e,n/e,n/e,n/e,n/e,n/e,n/e,n/e,n/e,n/e,n/e,483,,n/e,n/e,n/e,n/e,n/e,n/e,0,,n/e,n/e,87,,n/e,n/e,n/e,n/e,41,
16:00 - 17:00,53,,n/e,n/e,n/e,n/e,4,,n/e,n/e,n/e,n/e,n/e,n/e,n/e,n/e,n/e,n/e,n/e,n/e,500,,n/e,n/e,n/e,n/e,n/e,n/e,0,,n/e,n/e,36,,n/e,n/e,n/e,n/e,8,
17:00 - 18:00,54,,n/e,n/e,n/e,n/e,4,,n/e,n/e,n/e,n/e,n/e,n/e,n/e,n/e,n/e,n/e,n/e,n/e,491,,n/e,n/e,n/e,n/e,n/e,n/e,0,,n/e,n/e,11,,n/e,n/e,n/e,n/e,13,
18:00 - 19:00,55,,n/e,n/e,n/e,n/e,4,,n/e,n/e,n/e,n/e,n/e,n/e,n/e,n/e,n/e,n/e,n/e,n/e,529,,n/e,n/e,n/e,n/e,n/e,n/e,0,,n/e,n/e,2,,n/e,n/e,n/e,n/e,21,
19:00 - 20:00,56,,n/e,n/e,n/e,n/e,4,,n/e,n/e,n/e,n/e,n/e,n/e,n/e,n/e,n/e,n/e,n/e,n/e,530,,n/e,n/e,n/e,n/e,n/e,n/e,0,,n/e,n/e,0,,n/e,n/e,n/e,n/e,27,
20:00 - 21:00,55,,n/e,n/e,n/e,n/e,4,,n/e,n/e,n/e,n/e,n/e,n/e,n/e,n/e,n/e,n/e,n/e,n/e,524,,n/e,n/e,n/e,n/e,n/e,n/e,0,,n/e,n/e,0,,n/e,n/e,n/e,n/e,31,
21:00 - 22:00,52,,n/e,n/e,n/e,n/e,3,,n/e,n/e,n/e,n/e,n/e,n/e,n/e,n/e,n/e,n/e,n/e,n/e,366,,n/e,n/e,n/e,n/e,n/e,n/e,0,,n/e,n/e,0,,n/e,n/e,n/e,n/e,34,
22:00 - 23:00,49,,n/e,n/e,n/e,n/e,3,,n/e,n/e,n/e,n/e,n/e,n/e,n/e,n/e,n/e,n/e,n/e,n/e,280,,n/e,n/e,n/e,n/e,n/e,n/e,0,,n/e,n/e,0,,n/e,n/e,n/e,n/e,32,
23:00 - 00:00,47,,n/e,n/e,n/e,n/e,1,,n/e,n/e,n/e,n/e,n/e,n/e,n/e,n/e,n/e,n/e,n/e,n/e,278,,n/e,n/e,n/e,n/e,n/e,n/e,0,,n/e,n/e,0,,n/e,n/e,n/e,n/e,28,
00:00 - 01:00,47,,n/e,n/e,n/e,n/e,1,,n/e,n/e,n/e,n/e,n/e,n/e,n/e,n/e,n/e,n/e,n/e,n/e,282,,n/e,n/e,n/e,n/e,n/e,n/e,0,,n/e,n/e,0,,n/e,n/e,n/e,n/e,27,
01:00 - 02:00,47,,n/e,n/e,n/e,n/e,4,,n/e,n/e,n/e,n/e,n/e,n/e,n/e,n/e,n/e,n/e,n/e,n/e,427,,n/e,n/e,n/e,n/e,n/e,n/e,0,,n/e,n/e,0,,n/e,n/e,n/e,n/e,29,
02:00 - 03:00,46,,n/e,n/e,n/e,n/e,5,,n/e,n/e,n/e,n/e,n/e,n/e,n/e,n/e,n/e,n/e,n/e,n/e,377,,n/e,n/e,n/e,n/e,n/e,n/e,0,,n/e,n/e,5,,n/e,n/e,n/e,n/e,22,
03:00 - 04:00,47,,n/e,n/e,n/e,n/e,5,,n/e,n/e,n/e,n/e,n/e,n/e,n/e,n/e,n/e,n/e,n/e,n/e,349,,n/e,n/e,n/e,n/e,n/e,n/e,0,,n/e,n/e,19,,n/e,n/e,n/e,n/e,16,
04:00 - 05:00,48,,n/e,n/e,n/e,n/e,0,,n/e,n/e,n/e,n/e,n/e,n/e,n/e,n/e,n/e,n/e,n/e,n/e,320,,n/e,n/e,n/e,n/e,n/e,n/e,0,,n/e,n/e,56,,n/e,n/e,n/e,n/e,7,
05:00 - 06:00,48,,n/e,n/e,n/e,n/e,0,,n/e,n/e,n/e,n/e,n/e,n/e,n/e,n/e,n/e,n/e,n/e,n/e,273,,n/e,n/e,n/e,n/e,n/e,n/e,0,,n/e,n/e,118,,n/e,n/e,n/e,n/e,1,
06:00 - 07:00,49,,n/e,n/e,n/e,n/e,0,,n/e,n/e,n/e,n/e,n/e,n/e,n/e,n/e,n/e,n/e,n/e,n/e,272,,n/e,n/e,n/e,n/e,n/e,n/e,0,,n/e,n/e,184,,n/e,n/e,n/e,n/e,1,
07:00 - 08:00,48,,n/e,n/e,n/e,n/e,1,,n/e,n/e,n/e,n/e,n/e,n/e,n/e,n/e,n/e,n/e,n/e,n/e,166,,n/e,n/e,n/e,n/e,n/e,n/e,0,,n/e,n/e,239,,n/e,n/e,n/e,n/e,2,
08:00 - 09:00,41,,n/e,n/e,n/e,n/e,1,,n/e,n/e,n/e,n/e,n/e,n/e,n/e,n/e,n/e,n/e,n/e,n/e,65,,n/e,n/e,n/e,n/e,n/e,n/e,0,,n/e,n/e,275,,n/e,n/e,n/e,n/e,5,
09:00 - 10:00,39,,n/e,n/e,n/e,n/e,0,,n/e,n/e,n/e,n/e,n/e,n/e,n/e,n/e,n/e,n/e,n/e,n/e,72,,n/e,n/e,n/e,n/e,n/e,n/e,0,,n/e,n/e,287,,n/e,n/e,n/e,n/e,6,
10:00 - 11:00,40,,n/e,n/e,n/e,n/e,1,,n/e,n/e,n/e,n/e,n/e,n/e,n/e,n/e,n/e,n/e,n/e,n/e,72,,n/e,n/e,n/e,n/e,n/e,n/e,0,,n/e,n/e,280,,n/e,n/e,n/e,n/e,6,
11:00 - 12:00,40,,n/e,n/e,n/e,n/e,1,,n/e,n/e,n/e,n/e,n/e,n/e,n/e,n/e,n/e,n/e,n/e,n/e,68,,n/e,n/e,n/e,n/e,n/e,n/e,0,,n/e,n/e,241,,n/e,n/e,n/e,n/e,7,
12:00 - 13:00,40,,n/e,n/e,n/e,n/e,1,,n/e,n/e,n/e,n/e,n/e,n/e,n/e,n/e,n/e,n/e,n/e,n/e,58,,n/e,n/e,n/e,n/e,n/e,n/e,0,,n/e,n/e,204,,n/e,n/e,n/e,n/e,11,
13:00 - 14:00,39,,n/e,n/e,n/e,n/e,1,,n/e,n/e,n/e,n/e,n/e,n/e,n/e,n/e,n/e,n/e,n/e,n/e,87,,n/e,n/e,n/e,n/e,n/e,n/e,0,,n/e,n/e,175,,n/e,n/e,n/e,n/e,4,
14:00 - 15:00,37,,n/e,n/e,n/e,n/e,1,,n/e,n/e,n/e,n/e,n/e,n/e,n/e,n/e,n/e,n/e,n/e,n/e,197,,n/e,n/e,n/e,n/e,n/e,n/e,0,,n/e,n/e,82,,n/e,n/e,n/e,n/e,8,
15:00 - 16:00,45,,n/e,n/e,n/e,n/e,1,,n/e,n/e,n/e,n/e,n/e,n/e,n/e,n/e,n/e,n/e,n/e,n/e,339,,n/e,n/e,n/e,n/e,n/e,n/e,0,,n/e,n/e,31,,n/e,n/e,n/e,n/e,18,
16:00 - 17:00,53,,n/e,n/e,n/e,n/e,2,,n/e,n/e,n/e,n/e,n/e,n/e,n/e,n/e,n/e,n/e,n/e,n/e,410,,n/e,n/e,n/e,n/e,n/e,n/e,0,,n/e,n/e,16,,n/e,n/e,n/e,n/e,25,
17:00 - 18:00,58,,n/e,n/e,n/e,n/e,3,,n/e,n/e,n/e,n/e,n/e,n/e,n/e,n/e,n/e,n/e,n/e,n/e,471,,n/e,n/e,n/e,n/e,n/e,n/e,0,,n/e,n/e,9,,n/e,n/e,n/e,n/e,24,
18:00 - 19:00,58,,n/e,n/e,n/e,n/e,4,,n/e,n/e,n/e,n/e,n/e,n/e,n/e,n/e,n/e,n/e,n/e,n/e,472,,n/e,n/e,n/e,n/e,n/e,n/e,0,,n/e,n/e,2,,n/e,n/e,n/e,n/e,29,
19:00 - 20:00,57,,n/e,n/e,n/e,n/e,4,,n/e,n/e,n/e,n/e,n/e,n/e,n/e,n/e,n/e,n/e,n/e,n/e,471,,n/e,n/e,n/e,n/e,n/e,n/e,0,,n/e,n/e,0,,n/e,n/e,n/e,n/e,10,
20:00 - 21:00,55,,n/e,n/e,n/e,n/e,4,,n/e,n/e,n/e,n/e,n/e,n/e,n/e,n/e,n/e,n/e,n/e,n/e,377,,n/e,n/e,n/e,n/e,n/e,n/e,0,,n/e,n/e,0,,n/e,n/e,n/e,n/e,14,
21:00 - 22:00,54,,n/e,n/e,n/e,n/e,3,,n/e,n/e,n/e,n/e,n/e,n/e,n/e,n/e,n/e,n/e,n/e,n/e,279,,n/e,n/e,n/e,n/e,n/e,n/e,0,,n/e,n/e,0,,n/e,n/e,n/e,n/e,22,
22:00 - 23:00,54,,n/e,n/e,n/e,n/e,3,,n/e,n/e,n/e,n/e,n/e,n/e,n/e,n/e,n/e,n/e,n/e,n/e,261,,n/e,n/e,n/e,n/e,n/e,n/e,0,,n/e,n/e,0,,n/e,n/e,n/e,n/e,20,
23:00 - 00:00,53,,n/e,n/e,n/e,n/e,3,,n/e,n/e,n/e,n/e,n/e,n/e,n/e,n/e,n/e,n/e,n/e,n/e,261,,n/e,n/e,n/e,n/e,n/e,n/e,0,,n/e,n/e,0,,n/e,n/e,n/e,n/e,20,
00:00 - 01:00,52,,n/e,n/e,n/e,n/e,3,,n/e,n/e,n/e,n/e,n/e,n/e,n/e,n/e,n/e,n/e,n/e,n/e,263,,n/e,n/e,n/e,n/e,n/e,n/e,0,,n/e,n/e,0,,n/e,n/e,n/e,n/e,19,
01:00 - 02:00,51,,n/e,n/e,n/e,n/e,3,,n/e,n/e,n/e,n/e,n/e,n/e,n/e,n/e,n/e,n/e,n/e,n/e,359,,n/e,n/e,n/e,n/e,n/e,n/e,0,,n/e,n/e,0,,n/e,n/e,n/e,n/e,30,
02:00 - 03:00,50,,n/e,n/e,n/e,n/e,3,,n/e,n/e,n/e,n/e,n/e,n/e,n/e,n/e,n/e,n/e,n/e,n/e,359,,n/e,n/e,n/e,n/e,n/e,n/e,0,,n/e,n/e,5,,n/e,n/e,n/e,n/e,23,
03:00 - 04:00,50,,n/e,n/e,n/e,n/e,1,,n/e,n/e,n/e,n/e,n/e,n/e,n/e,n/e,n/e,n/e,n/e,n/e,298,,n/e,n/e,n/e,n/e,n/e,n/e,0,,n/e,n/e,20,,n/e,n/e,n/e,n/e,18,
04:00 - 05:00,51,,n/e,n/e,n/e,n/e,0,,n/e,n/e,n/e,n/e,n/e,n/e,n/e,n/e,n/e,n/e,n/e,n/e,300,,n/e,n/e,n/e,n/e,n/e,n/e,0,,n/e,n/e,58,,n/e,n/e,n/e,n/e,9,
05:00 - 06:00,51,,n/e,n/e,n/e,n/e,0,,n/e,n/e,n/e,n/e,n/e,n/e,n/e,n/e,n/e,n/e,n/e,n/e,271,,n/e,n/e,n/e,n/e,n/e,n/e,0,,n/e,n/e,120,,n/e,n/e,n/e,n/e,5,
06:00 - 07:00,46,,n/e,n/e,n/e,n/e,0,,n/e,n/e,n/e,n/e,n/e,n/e,n/e,n/e,n/e,n/e,n/e,n/e,240,,n/e,n/e,n/e,n/e,n/e,n/e,0,,n/e,n/e,185,,n/e,n/e,n/e,n/e,4,
07:00 - 08:00,43,,n/e,n/e,n/e,n/e,0,,n/e,n/e,n/e,n/e,n/e,n/e,n/e,n/e,n/e,n/e,n/e,n/e,137,,n/e,n/e,n/e,n/e,n/e,n/e,0,,n/e,n/e,211,,n/e,n/e,n/e,n/e,8,
08:00 - 09:00,38,,n/e,n/e,n/e,n/e,0,,n/e,n/e,n/e,n/e,n/e,n/e,n/e,n/e,n/e,n/e,n/e,n/e,39,,n/e,n/e,n/e,n/e,n/e,n/e,0,,n/e,n/e,235,,n/e,n/e,n/e,n/e,11,
09:00 - 10:00,35,,n/e,n/e,n/e,n/e,0,,n/e,n/e,n/e,n/e,n/e,n/e,n/e,n/e,n/e,n/e,n/e,n/e,38,,n/e,n/e,n/e,n/e,n/e,n/e,0,,n/e,n/e,242,,n/e,n/e,n/e,n/e,4,
10:00 - 11:00,35,,n/e,n/e,n/e,n/e,0,,n/e,n/e,n/e,n/e,n/e,n/e,n/e,n/e,n/e,n/e,n/e,n/e,38,,n/e,n/e,n/e,n/e,n/e,n/e,0,,n/e,n/e,221,,n/e,n/e,n/e,n/e,4,
11:00 - 12:00,34,,n/e,n/e,n/e,n/e,0,,n/e,n/e,n/e,n/e,n/e,n/e,n/e,n/e,n/e,n/e,n/e,n/e,44,,n/e,n/e,n/e,n/e,n/e,n/e,0,,n/e,n/e,204,,n/e,n/e,n/e,n/e,8,
12:00 - 13:00,34,,n/e,n/e,n/e,n/e,0,,n/e,n/e,n/e,n/e,n/e,n/e,n/e,n/e,n/e,n/e,n/e,n/e,43,,n/e,n/e,n/e,n/e,n/e,n/e,0,,n/e,n/e,178,,n/e,n/e,n/e,n/e,10,
13:00 - 14:00,37,,n/e,n/e,n/e,n/e,0,,n/e,n/e,n/e,n/e,n/e,n/e,n/e,n/e,n/e,n/e,n/e,n/e,42,,n/e,n/e,n/e,n/e,n/e,n/e,0,,n/e,n/e,173,,n/e,n/e,n/e,n/e,7,
14:00 - 15:00,38,,n/e,n/e,n/e,n/e,0,,n/e,n/e,n/e,n/e,n/e,n/e,n/e,n/e,n/e,n/e,n/e,n/e,53,,n/e,n/e,n/e,n/e,n/e,n/e,0,,n/e,n/e,132,,n/e,n/e,n/e,n/e,6,
15:00 - 16:00,47,,n/e,n/e,n/e,n/e,0,,n/e,n/e,n/e,n/e,n/e,n/e,n/e,n/e,n/e,n/e,n/e,n/e,245,,n/e,n/e,n/e,n/e,n/e,n/e,0,,n/e,n/e,90,,n/e,n/e,n/e,n/e,7,
16:00 - 17:00,51,,n/e,n/e,n/e,n/e,4,,n/e,n/e,n/e,n/e,n/e,n/e,n/e,n/e,n/e,n/e,n/e,n/e,331,,n/e,n/e,n/e,n/e,n/e,n/e,0,,n/e,n/e,39,,n/e,n/e,n/e,n/e,15,
17:00 - 18:00,55,,n/e,n/e,n/e,n/e,4,,n/e,n/e,n/e,n/e,n/e,n/e,n/e,n/e,n/e,n/e,n/e,n/e,459,,n/e,n/e,n/e,n/e,n/e,n/e,0,,n/e,n/e,14,,n/e,n/e,n/e,n/e,18,
18:00 - 19:00,58,,n/e,n/e,n/e,n/e,5,,n/e,n/e,n/e,n/e,n/e,n/e,n/e,n/e,n/e,n/e,n/e,n/e,513,,n/e,n/e,n/e,n/e,n/e,n/e,0,,n/e,n/e,3,,n/e,n/e,n/e,n/e,17,
19:00 - 20:00,59,,n/e,n/e,n/e,n/e,4,,n/e,n/e,n/e,n/e,n/e,n/e,n/e,n/e,n/e,n/e,n/e,n/e,509,,n/e,n/e,n/e,n/e,n/e,n/e,0,,n/e,n/e,0,,n/e,n/e,n/e,n/e,22,
20:00 - 21:00,55,,n/e,n/e,n/e,n/e,4,,n/e,n/e,n/e,n/e,n/e,n/e,n/e,n/e,n/e,n/e,n/e,n/e,489,,n/e,n/e,n/e,n/e,n/e,n/e,0,,n/e,n/e,0,,n/e,n/e,n/e,n/e,30,
21:00 - 22:00,53,,n/e,n/e,n/e,n/e,4,,n/e,n/e,n/e,n/e,n/e,n/e,n/e,n/e,n/e,n/e,n/e,n/e,279,,n/e,n/e,n/e,n/e,n/e,n/e,0,,n/e,n/e,0,,n/e,n/e,n/e,n/e,42,
22:00 - 23:00,50,,n/e,n/e,n/e,n/e,3,,n/e,n/e,n/e,n/e,n/e,n/e,n/e,n/e,n/e,n/e,n/e,n/e,274,,n/e,n/e,n/e,n/e,n/e,n/e,0,,n/e,n/e,0,,n/e,n/e,n/e,n/e,36,
23:00 - 00:00,51,,n/e,n/e,n/e,n/e,3,,n/e,n/e,n/e,n/e,n/e,n/e,n/e,n/e,n/e,n/e,n/e,n/e,274,,n/e,n/e,n/e,n/e,n/e,n/e,0,,n/e,n/e,0,,n/e,n/e,n/e,n/e,37,
00:00 - 01:00,50,,n/e,n/e,n/e,n/e,3,,n/e,n/e,n/e,n/e,n/e,n/e,n/e,n/e,n/e,n/e,n/e,n/e,276,,n/e,n/e,n/e,n/e,n/e,n/e,0,,n/e,n/e,0,,n/e,n/e,n/e,n/e,36,
01:00 - 02:00,50,,n/e,n/e,n/e,n/e,3,,n/e,n/e,n/e,n/e,n/e,n/e,n/e,n/e,n/e,n/e,n/e,n/e,371,,n/e,n/e,n/e,n/e,n/e,n/e,0,,n/e,n/e,0,,n/e,n/e,n/e,n/e,32,
02:00 - 03:00,51,,n/e,n/e,n/e,n/e,3,,n/e,n/e,n/e,n/e,n/e,n/e,n/e,n/e,n/e,n/e,n/e,n/e,370,,n/e,n/e,n/e,n/e,n/e,n/e,0,,n/e,n/e,5,,n/e,n/e,n/e,n/e,35,
03:00 - 04:00,53,,n/e,n/e,n/e,n/e,4,,n/e,n/e,n/e,n/e,n/e,n/e,n/e,n/e,n/e,n/e,n/e,n/e,337,,n/e,n/e,n/e,n/e,n/e,n/e,0,,n/e,n/e,21,,n/e,n/e,n/e,n/e,36,
04:00 - 05:00,61,,n/e,n/e,n/e,n/e,4,,n/e,n/e,n/e,n/e,n/e,n/e,n/e,n/e,n/e,n/e,n/e,n/e,338,,n/e,n/e,n/e,n/e,n/e,n/e,0,,n/e,n/e,57,,n/e,n/e,n/e,n/e,25,
05:00 - 06:00,63,,n/e,n/e,n/e,n/e,4,,n/e,n/e,n/e,n/e,n/e,n/e,n/e,n/e,n/e,n/e,n/e,n/e,339,,n/e,n/e,n/e,n/e,n/e,n/e,0,,n/e,n/e,118,,n/e,n/e,n/e,n/e,9,
06:00 - 07:00,58,,n/e,n/e,n/e,n/e,3,,n/e,n/e,n/e,n/e,n/e,n/e,n/e,n/e,n/e,n/e,n/e,n/e,305,,n/e,n/e,n/e,n/e,n/e,n/e,0,,n/e,n/e,183,,n/e,n/e,n/e,n/e,3,
07:00 - 08:00,55,,n/e,n/e,n/e,n/e,4,,n/e,n/e,n/e,n/e,n/e,n/e,n/e,n/e,n/e,n/e,n/e,n/e,214,,n/e,n/e,n/e,n/e,n/e,n/e,0,,n/e,n/e,239,,n/e,n/e,n/e,n/e,6,
08:00 - 09:00,51,,n/e,n/e,n/e,n/e,4,,n/e,n/e,n/e,n/e,n/e,n/e,n/e,n/e,n/e,n/e,n/e,n/e,93,,n/e,n/e,n/e,n/e,n/e,n/e,0,,n/e,n/e,265,,n/e,n/e,n/e,n/e,11,
09:00 - 10:00,49,,n/e,n/e,n/e,n/e,3,,n/e,n/e,n/e,n/e,n/e,n/e,n/e,n/e,n/e,n/e,n/e,n/e,74,,n/e,n/e,n/e,n/e,n/e,n/e,0,,n/e,n/e,271,,n/e,n/e,n/e,n/e,16,
10:00 - 11:00,47,,n/e,n/e,n/e,n/e,4,,n/e,n/e,n/e,n/e,n/e,n/e,n/e,n/e,n/e,n/e,n/e,n/e,108,,n/e,n/e,n/e,n/e,n/e,n/e,0,,n/e,n/e,269,,n/e,n/e,n/e,n/e,11,
11:00 - 12:00,46,,n/e,n/e,n/e,n/e,3,,n/e,n/e,n/e,n/e,n/e,n/e,n/e,n/e,n/e,n/e,n/e,n/e,122,,n/e,n/e,n/e,n/e,n/e,n/e,0,,n/e,n/e,255,,n/e,n/e,n/e,n/e,11,
12:00 - 13:00,48,,n/e,n/e,n/e,n/e,4,,n/e,n/e,n/e,n/e,n/e,n/e,n/e,n/e,n/e,n/e,n/e,n/e,74,,n/e,n/e,n/e,n/e,n/e,n/e,0,,n/e,n/e,236,,n/e,n/e,n/e,n/e,10,
13:00 - 14:00,47,,n/e,n/e,n/e,n/e,3,,n/e,n/e,n/e,n/e,n/e,n/e,n/e,n/e,n/e,n/e,n/e,n/e,75,,n/e,n/e,n/e,n/e,n/e,n/e,0,,n/e,n/e,199,,n/e,n/e,n/e,n/e,8,
14:00 - 15:00,47,,n/e,n/e,n/e,n/e,3,,n/e,n/e,n/e,n/e,n/e,n/e,n/e,n/e,n/e,n/e,n/e,n/e,247,,n/e,n/e,n/e,n/e,n/e,n/e,0,,n/e,n/e,155,,n/e,n/e,n/e,n/e,3,
15:00 - 16:00,53,,n/e,n/e,n/e,n/e,3,,n/e,n/e,n/e,n/e,n/e,n/e,n/e,n/e,n/e,n/e,n/e,n/e,320,,n/e,n/e,n/e,n/e,n/e,n/e,0,,n/e,n/e,97,,n/e,n/e,n/e,n/e,2,
16:00 - 17:00,56,,n/e,n/e,n/e,n/e,7,,n/e,n/e,n/e,n/e,n/e,n/e,n/e,n/e,n/e,n/e,n/e,n/e,336,,n/e,n/e,n/e,n/e,n/e,n/e,0,,n/e,n/e,41,,n/e,n/e,n/e,n/e,1,
17:00 - 18:00,57,,n/e,n/e,n/e,n/e,11,,n/e,n/e,n/e,n/e,n/e,n/e,n/e,n/e,n/e,n/e,n/e,n/e,428,,n/e,n/e,n/e,n/e,n/e,n/e,0,,n/e,n/e,13,,n/e,n/e,n/e,n/e,1,
18:00 - 19:00,58,,n/e,n/e,n/e,n/e,11,,n/e,n/e,n/e,n/e,n/e,n/e,n/e,n/e,n/e,n/e,n/e,n/e,511,,n/e,n/e,n/e,n/e,n/e,n/e,0,,n/e,n/e,3,,n/e,n/e,n/e,n/e,0,
19:00 - 20:00,56,,n/e,n/e,n/e,n/e,9,,n/e,n/e,n/e,n/e,n/e,n/e,n/e,n/e,n/e,n/e,n/e,n/e,481,,n/e,n/e,n/e,n/e,n/e,n/e,0,,n/e,n/e,0,,n/e,n/e,n/e,n/e,2,
20:00 - 21:00,56,,n/e,n/e,n/e,n/e,4,,n/e,n/e,n/e,n/e,n/e,n/e,n/e,n/e,n/e,n/e,n/e,n/e,484,,n/e,n/e,n/e,n/e,n/e,n/e,0,,n/e,n/e,0,,n/e,n/e,n/e,n/e,5,
21:00 - 22:00,53,,n/e,n/e,n/e,n/e,4,,n/e,n/e,n/e,n/e,n/e,n/e,n/e,n/e,n/e,n/e,n/e,n/e,295,,n/e,n/e,n/e,n/e,n/e,n/e,0,,n/e,n/e,0,,n/e,n/e,n/e,n/e,12,
22:00 - 23:00,51,,n/e,n/e,n/e,n/e,5,,n/e,n/e,n/e,n/e,n/e,n/e,n/e,n/e,n/e,n/e,n/e,n/e,277,,n/e,n/e,n/e,n/e,n/e,n/e,0,,n/e,n/e,0,,n/e,n/e,n/e,n/e,14,
23:00 - 00:00,49,,n/e,n/e,n/e,n/e,4,,n/e,n/e,n/e,n/e,n/e,n/e,n/e,n/e,n/e,n/e,n/e,n/e,276,,n/e,n/e,n/e,n/e,n/e,n/e,0,,n/e,n/e,0,,n/e,n/e,n/e,n/e,17,
00:00 - 01:00,48,,n/e,n/e,n/e,n/e,2,,n/e,n/e,n/e,n/e,n/e,n/e,n/e,n/e,n/e,n/e,n/e,n/e,279,,n/e,n/e,n/e,n/e,n/e,n/e,0,,n/e,n/e,0,,n/e,n/e,n/e,n/e,25,
01:00 - 02:00,50,,n/e,n/e,n/e,n/e,3,,n/e,n/e,n/e,n/e,n/e,n/e,n/e,n/e,n/e,n/e,n/e,n/e,405,,n/e,n/e,n/e,n/e,n/e,n/e,0,,n/e,n/e,0,,n/e,n/e,n/e,n/e,27,
02:00 - 03:00,52,,n/e,n/e,n/e,n/e,4,,n/e,n/e,n/e,n/e,n/e,n/e,n/e,n/e,n/e,n/e,n/e,n/e,393,,n/e,n/e,n/e,n/e,n/e,n/e,0,,n/e,n/e,5,,n/e,n/e,n/e,n/e,29,
03:00 - 04:00,52,,n/e,n/e,n/e,n/e,4,,n/e,n/e,n/e,n/e,n/e,n/e,n/e,n/e,n/e,n/e,n/e,n/e,324,,n/e,n/e,n/e,n/e,n/e,n/e,0,,n/e,n/e,20,,n/e,n/e,n/e,n/e,22,
04:00 - 05:00,60,,n/e,n/e,n/e,n/e,5,,n/e,n/e,n/e,n/e,n/e,n/e,n/e,n/e,n/e,n/e,n/e,n/e,322,,n/e,n/e,n/e,n/e,n/e,n/e,0,,n/e,n/e,56,,n/e,n/e,n/e,n/e,11,
05:00 - 06:00,63,,n/e,n/e,n/e,n/e,5,,n/e,n/e,n/e,n/e,n/e,n/e,n/e,n/e,n/e,n/e,n/e,n/e,323,,n/e,n/e,n/e,n/e,n/e,n/e,0,,n/e,n/e,112,,n/e,n/e,n/e,n/e,6,
06:00 - 07:00,60,,n/e,n/e,n/e,n/e,4,,n/e,n/e,n/e,n/e,n/e,n/e,n/e,n/e,n/e,n/e,n/e,n/e,272,,n/e,n/e,n/e,n/e,n/e,n/e,0,,n/e,n/e,169,,n/e,n/e,n/e,n/e,2,
07:00 - 08:00,54,,n/e,n/e,n/e,n/e,2,,n/e,n/e,n/e,n/e,n/e,n/e,n/e,n/e,n/e,n/e,n/e,n/e,162,,n/e,n/e,n/e,n/e,n/e,n/e,0,,n/e,n/e,221,,n/e,n/e,n/e,n/e,2,
08:00 - 09:00,50,,n/e,n/e,n/e,n/e,2,,n/e,n/e,n/e,n/e,n/e,n/e,n/e,n/e,n/e,n/e,n/e,n/e,73,,n/e,n/e,n/e,n/e,n/e,n/e,0,,n/e,n/e,259,,n/e,n/e,n/e,n/e,4,
09:00 - 10:00,48,,n/e,n/e,n/e,n/e,2,,n/e,n/e,n/e,n/e,n/e,n/e,n/e,n/e,n/e,n/e,n/e,n/e,73,,n/e,n/e,n/e,n/e,n/e,n/e,0,,n/e,n/e,278,,n/e,n/e,n/e,n/e,9,
10:00 - 11:00,47,,n/e,n/e,n/e,n/e,5,,n/e,n/e,n/e,n/e,n/e,n/e,n/e,n/e,n/e,n/e,n/e,n/e,106,,n/e,n/e,n/e,n/e,n/e,n/e,0,,n/e,n/e,277,,n/e,n/e,n/e,n/e,6,
11:00 - 12:00,46,,n/e,n/e,n/e,n/e,3,,n/e,n/e,n/e,n/e,n/e,n/e,n/e,n/e,n/e,n/e,n/e,n/e,74,,n/e,n/e,n/e,n/e,n/e,n/e,0,,n/e,n/e,270,,n/e,n/e,n/e,n/e,7,
12:00 - 13:00,45,,n/e,n/e,n/e,n/e,3,,n/e,n/e,n/e,n/e,n/e,n/e,n/e,n/e,n/e,n/e,n/e,n/e,73,,n/e,n/e,n/e,n/e,n/e,n/e,0,,n/e,n/e,239,,n/e,n/e,n/e,n/e,6,
13:00 - 14:00,46,,n/e,n/e,n/e,n/e,2,,n/e,n/e,n/e,n/e,n/e,n/e,n/e,n/e,n/e,n/e,n/e,n/e,72,,n/e,n/e,n/e,n/e,n/e,n/e,0,,n/e,n/e,186,,n/e,n/e,n/e,n/e,4,
14:00 - 15:00,45,,n/e,n/e,n/e,n/e,2,,n/e,n/e,n/e,n/e,n/e,n/e,n/e,n/e,n/e,n/e,n/e,n/e,148,,n/e,n/e,n/e,n/e,n/e,n/e,0,,n/e,n/e,129,,n/e,n/e,n/e,n/e,2,
15:00 - 16:00,51,,n/e,n/e,n/e,n/e,4,,n/e,n/e,n/e,n/e,n/e,n/e,n/e,n/e,n/e,n/e,n/e,n/e,286,,n/e,n/e,n/e,n/e,n/e,n/e,0,,n/e,n/e,86,,n/e,n/e,n/e,n/e,1,
16:00 - 17:00,57,,n/e,n/e,n/e,n/e,6,,n/e,n/e,n/e,n/e,n/e,n/e,n/e,n/e,n/e,n/e,n/e,n/e,293,,n/e,n/e,n/e,n/e,n/e,n/e,0,,n/e,n/e,41,,n/e,n/e,n/e,n/e,1,
17:00 - 18:00,58,,n/e,n/e,n/e,n/e,6,,n/e,n/e,n/e,n/e,n/e,n/e,n/e,n/e,n/e,n/e,n/e,n/e,426,,n/e,n/e,n/e,n/e,n/e,n/e,0,,n/e,n/e,15,,n/e,n/e,n/e,n/e,2,
18:00 - 19:00,59,,n/e,n/e,n/e,n/e,6,,n/e,n/e,n/e,n/e,n/e,n/e,n/e,n/e,n/e,n/e,n/e,n/e,458,,n/e,n/e,n/e,n/e,n/e,n/e,0,,n/e,n/e,4,,n/e,n/e,n/e,n/e,1,
19:00 - 20:00,59,,n/e,n/e,n/e,n/e,7,,n/e,n/e,n/e,n/e,n/e,n/e,n/e,n/e,n/e,n/e,n/e,n/e,487,,n/e,n/e,n/e,n/e,n/e,n/e,0,,n/e,n/e,0,,n/e,n/e,n/e,n/e,4,
20:00 - 21:00,54,,n/e,n/e,n/e,n/e,6,,n/e,n/e,n/e,n/e,n/e,n/e,n/e,n/e,n/e,n/e,n/e,n/e,469,,n/e,n/e,n/e,n/e,n/e,n/e,0,,n/e,n/e,0,,n/e,n/e,n/e,n/e,11,
21:00 - 22:00,54,,n/e,n/e,n/e,n/e,6,,n/e,n/e,n/e,n/e,n/e,n/e,n/e,n/e,n/e,n/e,n/e,n/e,275,,n/e,n/e,n/e,n/e,n/e,n/e,0,,n/e,n/e,0,,n/e,n/e,n/e,n/e,23,
22:00 - 23:00,49,,n/e,n/e,n/e,n/e,4,,n/e,n/e,n/e,n/e,n/e,n/e,n/e,n/e,n/e,n/e,n/e,n/e,275,,n/e,n/e,n/e,n/e,n/e,n/e,0,,n/e,n/e,0,,n/e,n/e,n/e,n/e,23,
23:00 - 00:00,48,,n/e,n/e,n/e,n/e,3,,n/e,n/e,n/e,n/e,n/e,n/e,n/e,n/e,n/e,n/e,n/e,n/e,275,,n/e,n/e,n/e,n/e,n/e,n/e,0,,n/e,n/e,0,,n/e,n/e,n/e,n/e,20,
00:00 - 01:00,48,,n/e,n/e,n/e,n/e,3,,n/e,n/e,n/e,n/e,n/e,n/e,n/e,n/e,n/e,n/e,n/e,n/e,275,,n/e,n/e,n/e,n/e,n/e,n/e,0,,n/e,n/e,0,,n/e,n/e,n/e,n/e,28,
01:00 - 02:00,50,,n/e,n/e,n/e,n/e,3,,n/e,n/e,n/e,n/e,n/e,n/e,n/e,n/e,n/e,n/e,n/e,n/e,282,,n/e,n/e,n/e,n/e,n/e,n/e,0,,n/e,n/e,0,,n/e,n/e,n/e,n/e,31,
02:00 - 03:00,52,,n/e,n/e,n/e,n/e,3,,n/e,n/e,n/e,n/e,n/e,n/e,n/e,n/e,n/e,n/e,n/e,n/e,281,,n/e,n/e,n/e,n/e,n/e,n/e,0,,n/e,n/e,5,,n/e,n/e,n/e,n/e,26,
03:00 - 04:00,55,,n/e,n/e,n/e,n/e,4,,n/e,n/e,n/e,n/e,n/e,n/e,n/e,n/e,n/e,n/e,n/e,n/e,281,,n/e,n/e,n/e,n/e,n/e,n/e,0,,n/e,n/e,21,,n/e,n/e,n/e,n/e,15,
04:00 - 05:00,63,,n/e,n/e,n/e,n/e,4,,n/e,n/e,n/e,n/e,n/e,n/e,n/e,n/e,n/e,n/e,n/e,n/e,330,,n/e,n/e,n/e,n/e,n/e,n/e,0,,n/e,n/e,52,,n/e,n/e,n/e,n/e,7,
05:00 - 06:00,61,,n/e,n/e,n/e,n/e,4,,n/e,n/e,n/e,n/e,n/e,n/e,n/e,n/e,n/e,n/e,n/e,n/e,322,,n/e,n/e,n/e,n/e,n/e,n/e,0,,n/e,n/e,102,,n/e,n/e,n/e,n/e,3,
06:00 - 07:00,54,,n/e,n/e,n/e,n/e,4,,n/e,n/e,n/e,n/e,n/e,n/e,n/e,n/e,n/e,n/e,n/e,n/e,301,,n/e,n/e,n/e,n/e,n/e,n/e,0,,n/e,n/e,142,,n/e,n/e,n/e,n/e,5,
07:00 - 08:00,49,,n/e,n/e,n/e,n/e,3,,n/e,n/e,n/e,n/e,n/e,n/e,n/e,n/e,n/e,n/e,n/e,n/e,27,,n/e,n/e,n/e,n/e,n/e,n/e,0,,n/e,n/e,170,,n/e,n/e,n/e,n/e,5,
08:00 - 09:00,49,,n/e,n/e,n/e,n/e,1,,n/e,n/e,n/e,n/e,n/e,n/e,n/e,n/e,n/e,n/e,n/e,n/e,28,,n/e,n/e,n/e,n/e,n/e,n/e,0,,n/e,n/e,200,,n/e,n/e,n/e,n/e,14,
09:00 - 10:00,46,,n/e,n/e,n/e,n/e,2,,n/e,n/e,n/e,n/e,n/e,n/e,n/e,n/e,n/e,n/e,n/e,n/e,9,,n/e,n/e,n/e,n/e,n/e,n/e,0,,n/e,n/e,212,,n/e,n/e,n/e,n/e,5,
10:00 - 11:00,46,,n/e,n/e,n/e,n/e,0,,n/e,n/e,n/e,n/e,n/e,n/e,n/e,n/e,n/e,n/e,n/e,n/e,35,,n/e,n/e,n/e,n/e,n/e,n/e,0,,n/e,n/e,218,,n/e,n/e,n/e,n/e,1,
11:00 - 12:00,47,,n/e,n/e,n/e,n/e,0,,n/e,n/e,n/e,n/e,n/e,n/e,n/e,n/e,n/e,n/e,n/e,n/e,88,,n/e,n/e,n/e,n/e,n/e,n/e,0,,n/e,n/e,202,,n/e,n/e,n/e,n/e,1,
12:00 - 13:00,50,,n/e,n/e,n/e,n/e,1,,n/e,n/e,n/e,n/e,n/e,n/e,n/e,n/e,n/e,n/e,n/e,n/e,90,,n/e,n/e,n/e,n/e,n/e,n/e,0,,n/e,n/e,179,,n/e,n/e,n/e,n/e,2,
13:00 - 14:00,58,,n/e,n/e,n/e,n/e,11,,n/e,n/e,n/e,n/e,n/e,n/e,n/e,n/e,n/e,n/e,n/e,n/e,126,,n/e,n/e,n/e,n/e,n/e,n/e,0,,n/e,n/e,132,,n/e,n/e,n/e,n/e,2,
14:00 - 15:00,60,,n/e,n/e,n/e,n/e,14,,n/e,n/e,n/e,n/e,n/e,n/e,n/e,n/e,n/e,n/e,n/e,n/e,218,,n/e,n/e,n/e,n/e,n/e,n/e,0,,n/e,n/e,79,,n/e,n/e,n/e,n/e,2,
15:00 - 16:00,55,,n/e,n/e,n/e,n/e,13,,n/e,n/e,n/e,n/e,n/e,n/e,n/e,n/e,n/e,n/e,n/e,n/e,289,,n/e,n/e,n/e,n/e,n/e,n/e,0,,n/e,n/e,35,,n/e,n/e,n/e,n/e,4,
16:00 - 17:00,54,,n/e,n/e,n/e,n/e,14,,n/e,n/e,n/e,n/e,n/e,n/e,n/e,n/e,n/e,n/e,n/e,n/e,356,,n/e,n/e,n/e,n/e,n/e,n/e,0,,n/e,n/e,14,,n/e,n/e,n/e,n/e,1,
17:00 - 18:00,55,,n/e,n/e,n/e,n/e,14,,n/e,n/e,n/e,n/e,n/e,n/e,n/e,n/e,n/e,n/e,n/e,n/e,431,,n/e,n/e,n/e,n/e,n/e,n/e,0,,n/e,n/e,7,,n/e,n/e,n/e,n/e,1,
18:00 - 19:00,56,,n/e,n/e,n/e,n/e,14,,n/e,n/e,n/e,n/e,n/e,n/e,n/e,n/e,n/e,n/e,n/e,n/e,455,,n/e,n/e,n/e,n/e,n/e,n/e,0,,n/e,n/e,1,,n/e,n/e,n/e,n/e,1,
19:00 - 20:00,56,,n/e,n/e,n/e,n/e,9,,n/e,n/e,n/e,n/e,n/e,n/e,n/e,n/e,n/e,n/e,n/e,n/e,396,,n/e,n/e,n/e,n/e,n/e,n/e,0,,n/e,n/e,0,,n/e,n/e,n/e,n/e,1,
20:00 - 21:00,53,,n/e,n/e,n/e,n/e,2,,n/e,n/e,n/e,n/e,n/e,n/e,n/e,n/e,n/e,n/e,n/e,n/e,378,,n/e,n/e,n/e,n/e,n/e,n/e,0,,n/e,n/e,0,,n/e,n/e,n/e,n/e,2,
21:00 - 22:00,51,,n/e,n/e,n/e,n/e,1,,n/e,n/e,n/e,n/e,n/e,n/e,n/e,n/e,n/e,n/e,n/e,n/e,281,,n/e,n/e,n/e,n/e,n/e,n/e,0,,n/e,n/e,0,,n/e,n/e,n/e,n/e,3,
22:00 - 23:00,51,,n/e,n/e,n/e,n/e,1,,n/e,n/e,n/e,n/e,n/e,n/e,n/e,n/e,n/e,n/e,n/e,n/e,132,,n/e,n/e,n/e,n/e,n/e,n/e,0,,n/e,n/e,0,,n/e,n/e,n/e,n/e,0,
23:00 - 00:00,51,,n/e,n/e,n/e,n/e,1,,n/e,n/e,n/e,n/e,n/e,n/e,n/e,n/e,n/e,n/e,n/e,n/e,131,,n/e,n/e,n/e,n/e,n/e,n/e,0,,n/e,n/e,0,,n/e,n/e,n/e,n/e,0,
00:00 - 01:00,49,,n/e,n/e,n/e,n/e,1,,n/e,n/e,n/e,n/e,n/e,n/e,n/e,n/e,n/e,n/e,n/e,n/e,127,,n/e,n/e,n/e,n/e,n/e,n/e,0,,n/e,n/e,0,,n/e,n/e,n/e,n/e,4,
01:00 - 02:00,48,,n/e,n/e,n/e,n/e,2,,n/e,n/e,n/e,n/e,n/e,n/e,n/e,n/e,n/e,n/e,n/e,n/e,184,,n/e,n/e,n/e,n/e,n/e,n/e,0,,n/e,n/e,0,,n/e,n/e,n/e,n/e,9,
02:00 - 03:00,50,,n/e,n/e,n/e,n/e,2,,n/e,n/e,n/e,n/e,n/e,n/e,n/e,n/e,n/e,n/e,n/e,n/e,250,,n/e,n/e,n/e,n/e,n/e,n/e,0,,n/e,n/e,7,,n/e,n/e,n/e,n/e,8,
03:00 - 04:00,52,,n/e,n/e,n/e,n/e,2,,n/e,n/e,n/e,n/e,n/e,n/e,n/e,n/e,n/e,n/e,n/e,n/e,320,,n/e,n/e,n/e,n/e,n/e,n/e,0,,n/e,n/e,24,,n/e,n/e,n/e,n/e,6,
04:00 - 05:00,56,,n/e,n/e,n/e,n/e,2,,n/e,n/e,n/e,n/e,n/e,n/e,n/e,n/e,n/e,n/e,n/e,n/e,320,,n/e,n/e,n/e,n/e,n/e,n/e,0,,n/e,n/e,58,,n/e,n/e,n/e,n/e,3,
05:00 - 06:00,60,,n/e,n/e,n/e,n/e,4,,n/e,n/e,n/e,n/e,n/e,n/e,n/e,n/e,n/e,n/e,n/e,n/e,307,,n/e,n/e,n/e,n/e,n/e,n/e,0,,n/e,n/e,113,,n/e,n/e,n/e,n/e,1,
06:00 - 07:00,60,,n/e,n/e,n/e,n/e,4,,n/e,n/e,n/e,n/e,n/e,n/e,n/e,n/e,n/e,n/e,n/e,n/e,330,,n/e,n/e,n/e,n/e,n/e,n/e,0,,n/e,n/e,175,,n/e,n/e,n/e,n/e,0,
07:00 - 08:00,60,,n/e,n/e,n/e,n/e,4,,n/e,n/e,n/e,n/e,n/e,n/e,n/e,n/e,n/e,n/e,n/e,n/e,50,,n/e,n/e,n/e,n/e,n/e,n/e,0,,n/e,n/e,231,,n/e,n/e,n/e,n/e,0,
08:00 - 09:00,60,,n/e,n/e,n/e,n/e,3,,n/e,n/e,n/e,n/e,n/e,n/e,n/e,n/e,n/e,n/e,n/e,n/e,24,,n/e,n/e,n/e,n/e,n/e,n/e,0,,n/e,n/e,271,,n/e,n/e,n/e,n/e,0,
09:00 - 10:00,56,,n/e,n/e,n/e,n/e,3,,n/e,n/e,n/e,n/e,n/e,n/e,n/e,n/e,n/e,n/e,n/e,n/e,24,,n/e,n/e,n/e,n/e,n/e,n/e,0,,n/e,n/e,283,,n/e,n/e,n/e,n/e,0,
10:00 - 11:00,55,,n/e,n/e,n/e,n/e,4,,n/e,n/e,n/e,n/e,n/e,n/e,n/e,n/e,n/e,n/e,n/e,n/e,24,,n/e,n/e,n/e,n/e,n/e,n/e,0,,n/e,n/e,275,,n/e,n/e,n/e,n/e,1,
11:00 - 12:00,53,,n/e,n/e,n/e,n/e,6,,n/e,n/e,n/e,n/e,n/e,n/e,n/e,n/e,n/e,n/e,n/e,n/e,24,,n/e,n/e,n/e,n/e,n/e,n/e,0,,n/e,n/e,247,,n/e,n/e,n/e,n/e,2,
12:00 - 13:00,56,,n/e,n/e,n/e,n/e,10,,n/e,n/e,n/e,n/e,n/e,n/e,n/e,n/e,n/e,n/e,n/e,n/e,44,,n/e,n/e,n/e,n/e,n/e,n/e,0,,n/e,n/e,234,,n/e,n/e,n/e,n/e,4,
13:00 - 14:00,56,,n/e,n/e,n/e,n/e,10,,n/e,n/e,n/e,n/e,n/e,n/e,n/e,n/e,n/e,n/e,n/e,n/e,92,,n/e,n/e,n/e,n/e,n/e,n/e,0,,n/e,n/e,165,,n/e,n/e,n/e,n/e,5,
14:00 - 15:00,55,,n/e,n/e,n/e,n/e,11,,n/e,n/e,n/e,n/e,n/e,n/e,n/e,n/e,n/e,n/e,n/e,n/e,188,,n/e,n/e,n/e,n/e,n/e,n/e,0,,n/e,n/e,77,,n/e,n/e,n/e,n/e,9,
15:00 - 16:00,58,,n/e,n/e,n/e,n/e,11,,n/e,n/e,n/e,n/e,n/e,n/e,n/e,n/e,n/e,n/e,n/e,n/e,345,,n/e,n/e,n/e,n/e,n/e,n/e,0,,n/e,n/e,41,,n/e,n/e,n/e,n/e,13,
16:00 - 17:00,61,,n/e,n/e,n/e,n/e,11,,n/e,n/e,n/e,n/e,n/e,n/e,n/e,n/e,n/e,n/e,n/e,n/e,358,,n/e,n/e,n/e,n/e,n/e,n/e,0,,n/e,n/e,23,,n/e,n/e,n/e,n/e,18,
17:00 - 18:00,62,,n/e,n/e,n/e,n/e,11,,n/e,n/e,n/e,n/e,n/e,n/e,n/e,n/e,n/e,n/e,n/e,n/e,345,,n/e,n/e,n/e,n/e,n/e,n/e,0,,n/e,n/e,9,,n/e,n/e,n/e,n/e,37,
18:00 - 19:00,63,,n/e,n/e,n/e,n/e,11,,n/e,n/e,n/e,n/e,n/e,n/e,n/e,n/e,n/e,n/e,n/e,n/e,363,,n/e,n/e,n/e,n/e,n/e,n/e,0,,n/e,n/e,2,,n/e,n/e,n/e,n/e,14,
19:00 - 20:00,57,,n/e,n/e,n/e,n/e,8,,n/e,n/e,n/e,n/e,n/e,n/e,n/e,n/e,n/e,n/e,n/e,n/e,271,,n/e,n/e,n/e,n/e,n/e,n/e,0,,n/e,n/e,0,,n/e,n/e,n/e,n/e,1,
20:00 - 21:00,53,,n/e,n/e,n/e,n/e,4,,n/e,n/e,n/e,n/e,n/e,n/e,n/e,n/e,n/e,n/e,n/e,n/e,263,,n/e,n/e,n/e,n/e,n/e,n/e,0,,n/e,n/e,0,,n/e,n/e,n/e,n/e,3,
21:00 - 22:00,52,,n/e,n/e,n/e,n/e,4,,n/e,n/e,n/e,n/e,n/e,n/e,n/e,n/e,n/e,n/e,n/e,n/e,208,,n/e,n/e,n/e,n/e,n/e,n/e,0,,n/e,n/e,0,,n/e,n/e,n/e,n/e,4,
22:00 - 23:00,49,,n/e,n/e,n/e,n/e,4,,n/e,n/e,n/e,n/e,n/e,n/e,n/e,n/e,n/e,n/e,n/e,n/e,125,,n/e,n/e,n/e,n/e,n/e,n/e,0,,n/e,n/e,0,,n/e,n/e,n/e,n/e,21,
23:00 - 00:00,48,,n/e,n/e,n/e,n/e,3,,n/e,n/e,n/e,n/e,n/e,n/e,n/e,n/e,n/e,n/e,n/e,n/e,130,,n/e,n/e,n/e,n/e,n/e,n/e,0,,n/e,n/e,0,,n/e,n/e,n/e,n/e,25,
00:00 - 01:00,47,,n/e,n/e,n/e,n/e,3,,n/e,n/e,n/e,n/e,n/e,n/e,n/e,n/e,n/e,n/e,n/e,n/e,130,,n/e,n/e,n/e,n/e,n/e,n/e,0,,n/e,n/e,0,,n/e,n/e,n/e,n/e,24,
01:00 - 02:00,48,,n/e,n/e,n/e,n/e,3,,n/e,n/e,n/e,n/e,n/e,n/e,n/e,n/e,n/e,n/e,n/e,n/e,130,,n/e,n/e,n/e,n/e,n/e,n/e,0,,n/e,n/e,1,,n/e,n/e,n/e,n/e,18,
02:00 - 03:00,50,,n/e,n/e,n/e,n/e,3,,n/e,n/e,n/e,n/e,n/e,n/e,n/e,n/e,n/e,n/e,n/e,n/e,132,,n/e,n/e,n/e,n/e,n/e,n/e,0,,n/e,n/e,7,,n/e,n/e,n/e,n/e,9,
03:00 - 04:00,53,,n/e,n/e,n/e,n/e,4,,n/e,n/e,n/e,n/e,n/e,n/e,n/e,n/e,n/e,n/e,n/e,n/e,157,,n/e,n/e,n/e,n/e,n/e,n/e,0,,n/e,n/e,23,,n/e,n/e,n/e,n/e,8,
04:00 - 05:00,60,,n/e,n/e,n/e,n/e,5,,n/e,n/e,n/e,n/e,n/e,n/e,n/e,n/e,n/e,n/e,n/e,n/e,376,,n/e,n/e,n/e,n/e,n/e,n/e,0,,n/e,n/e,50,,n/e,n/e,n/e,n/e,5,
05:00 - 06:00,62,,n/e,n/e,n/e,n/e,7,,n/e,n/e,n/e,n/e,n/e,n/e,n/e,n/e,n/e,n/e,n/e,n/e,406,,n/e,n/e,n/e,n/e,n/e,n/e,0,,n/e,n/e,99,,n/e,n/e,n/e,n/e,2,
06:00 - 07:00,61,,n/e,n/e,n/e,n/e,5,,n/e,n/e,n/e,n/e,n/e,n/e,n/e,n/e,n/e,n/e,n/e,n/e,325,,n/e,n/e,n/e,n/e,n/e,n/e,0,,n/e,n/e,149,,n/e,n/e,n/e,n/e,4,
07:00 - 08:00,59,,n/e,n/e,n/e,n/e,3,,n/e,n/e,n/e,n/e,n/e,n/e,n/e,n/e,n/e,n/e,n/e,n/e,402,,n/e,n/e,n/e,n/e,n/e,n/e,0,,n/e,n/e,206,,n/e,n/e,n/e,n/e,1,
08:00 - 09:00,54,,n/e,n/e,n/e,n/e,4,,n/e,n/e,n/e,n/e,n/e,n/e,n/e,n/e,n/e,n/e,n/e,n/e,110,,n/e,n/e,n/e,n/e,n/e,n/e,0,,n/e,n/e,255,,n/e,n/e,n/e,n/e,0,
09:00 - 10:00,51,,n/e,n/e,n/e,n/e,4,,n/e,n/e,n/e,n/e,n/e,n/e,n/e,n/e,n/e,n/e,n/e,n/e,23,,n/e,n/e,n/e,n/e,n/e,n/e,0,,n/e,n/e,264,,n/e,n/e,n/e,n/e,1,
10:00 - 11:00,48,,n/e,n/e,n/e,n/e,4,,n/e,n/e,n/e,n/e,n/e,n/e,n/e,n/e,n/e,n/e,n/e,n/e,58,,n/e,n/e,n/e,n/e,n/e,n/e,0,,n/e,n/e,249,,n/e,n/e,n/e,n/e,2,
11:00 - 12:00,44,,n/e,n/e,n/e,n/e,4,,n/e,n/e,n/e,n/e,n/e,n/e,n/e,n/e,n/e,n/e,n/e,n/e,52,,n/e,n/e,n/e,n/e,n/e,n/e,0,,n/e,n/e,229,,n/e,n/e,n/e,n/e,5,
12:00 - 13:00,44,,n/e,n/e,n/e,n/e,4,,n/e,n/e,n/e,n/e,n/e,n/e,n/e,n/e,n/e,n/e,n/e,n/e,44,,n/e,n/e,n/e,n/e,n/e,n/e,0,,n/e,n/e,219,,n/e,n/e,n/e,n/e,9,
13:00 - 14:00,43,,n/e,n/e,n/e,n/e,4,,n/e,n/e,n/e,n/e,n/e,n/e,n/e,n/e,n/e,n/e,n/e,n/e,72,,n/e,n/e,n/e,n/e,n/e,n/e,0,,n/e,n/e,178,,n/e,n/e,n/e,n/e,16,
14:00 - 15:00,45,,n/e,n/e,n/e,n/e,3,,n/e,n/e,n/e,n/e,n/e,n/e,n/e,n/e,n/e,n/e,n/e,n/e,235,,n/e,n/e,n/e,n/e,n/e,n/e,0,,n/e,n/e,110,,n/e,n/e,n/e,n/e,27,
15:00 - 16:00,49,,n/e,n/e,n/e,n/e,4,,n/e,n/e,n/e,n/e,n/e,n/e,n/e,n/e,n/e,n/e,n/e,n/e,316,,n/e,n/e,n/e,n/e,n/e,n/e,0,,n/e,n/e,51,,n/e,n/e,n/e,n/e,28,
16:00 - 17:00,54,,n/e,n/e,n/e,n/e,6,,n/e,n/e,n/e,n/e,n/e,n/e,n/e,n/e,n/e,n/e,n/e,n/e,365,,n/e,n/e,n/e,n/e,n/e,n/e,0,,n/e,n/e,31,,n/e,n/e,n/e,n/e,26,
17:00 - 18:00,56,,n/e,n/e,n/e,n/e,7,,n/e,n/e,n/e,n/e,n/e,n/e,n/e,n/e,n/e,n/e,n/e,n/e,403,,n/e,n/e,n/e,n/e,n/e,n/e,0,,n/e,n/e,14,,n/e,n/e,n/e,n/e,25,
18:00 - 19:00,56,,n/e,n/e,n/e,n/e,7,,n/e,n/e,n/e,n/e,n/e,n/e,n/e,n/e,n/e,n/e,n/e,n/e,360,,n/e,n/e,n/e,n/e,n/e,n/e,0,,n/e,n/e,3,,n/e,n/e,n/e,n/e,18,
19:00 - 20:00,53,,n/e,n/e,n/e,n/e,4,,n/e,n/e,n/e,n/e,n/e,n/e,n/e,n/e,n/e,n/e,n/e,n/e,375,,n/e,n/e,n/e,n/e,n/e,n/e,0,,n/e,n/e,0,,n/e,n/e,n/e,n/e,14,
20:00 - 21:00,53,,n/e,n/e,n/e,n/e,4,,n/e,n/e,n/e,n/e,n/e,n/e,n/e,n/e,n/e,n/e,n/e,n/e,401,,n/e,n/e,n/e,n/e,n/e,n/e,0,,n/e,n/e,0,,n/e,n/e,n/e,n/e,9,
21:00 - 22:00,50,,n/e,n/e,n/e,n/e,1,,n/e,n/e,n/e,n/e,n/e,n/e,n/e,n/e,n/e,n/e,n/e,n/e,342,,n/e,n/e,n/e,n/e,n/e,n/e,0,,n/e,n/e,0,,n/e,n/e,n/e,n/e,7,
22:00 - 23:00,47,,n/e,n/e,n/e,n/e,0,,n/e,n/e,n/e,n/e,n/e,n/e,n/e,n/e,n/e,n/e,n/e,n/e,181,,n/e,n/e,n/e,n/e,n/e,n/e,0,,n/e,n/e,0,,n/e,n/e,n/e,n/e,5,
23:00 - 00:00,46,,n/e,n/e,n/e,n/e,0,,n/e,n/e,n/e,n/e,n/e,n/e,n/e,n/e,n/e,n/e,n/e,n/e,165,,n/e,n/e,n/e,n/e,n/e,n/e,0,,n/e,n/e,0,,n/e,n/e,n/e,n/e,5,
00:00 - 01:00,44,,n/e,n/e,n/e,n/e,0,,n/e,n/e,n/e,n/e,n/e,n/e,n/e,n/e,n/e,n/e,n/e,n/e,181,,n/e,n/e,n/e,n/e,n/e,n/e,0,,n/e,n/e,0,,n/e,n/e,n/e,n/e,14,
01:00 - 02:00,42,,n/e,n/e,n/e,n/e,0,,n/e,n/e,n/e,n/e,n/e,n/e,n/e,n/e,n/e,n/e,n/e,n/e,185,,n/e,n/e,n/e,n/e,n/e,n/e,0,,n/e,n/e,0,,n/e,n/e,n/e,n/e,13,
02:00 - 03:00,41,,n/e,n/e,n/e,n/e,0,,n/e,n/e,n/e,n/e,n/e,n/e,n/e,n/e,n/e,n/e,n/e,n/e,250,,n/e,n/e,n/e,n/e,n/e,n/e,0,,n/e,n/e,5,,n/e,n/e,n/e,n/e,7,
03:00 - 04:00,42,,n/e,n/e,n/e,n/e,1,,n/e,n/e,n/e,n/e,n/e,n/e,n/e,n/e,n/e,n/e,n/e,n/e,234,,n/e,n/e,n/e,n/e,n/e,n/e,0,,n/e,n/e,22,,n/e,n/e,n/e,n/e,4,
04:00 - 05:00,44,,n/e,n/e,n/e,n/e,2,,n/e,n/e,n/e,n/e,n/e,n/e,n/e,n/e,n/e,n/e,n/e,n/e,269,,n/e,n/e,n/e,n/e,n/e,n/e,0,,n/e,n/e,55,,n/e,n/e,n/e,n/e,1,
05:00 - 06:00,45,,n/e,n/e,n/e,n/e,2,,n/e,n/e,n/e,n/e,n/e,n/e,n/e,n/e,n/e,n/e,n/e,n/e,241,,n/e,n/e,n/e,n/e,n/e,n/e,0,,n/e,n/e,106,,n/e,n/e,n/e,n/e,1,
06:00 - 07:00,42,,n/e,n/e,n/e,n/e,2,,n/e,n/e,n/e,n/e,n/e,n/e,n/e,n/e,n/e,n/e,n/e,n/e,242,,n/e,n/e,n/e,n/e,n/e,n/e,0,,n/e,n/e,172,,n/e,n/e,n/e,n/e,0,
07:00 - 08:00,43,,n/e,n/e,n/e,n/e,2,,n/e,n/e,n/e,n/e,n/e,n/e,n/e,n/e,n/e,n/e,n/e,n/e,34,,n/e,n/e,n/e,n/e,n/e,n/e,0,,n/e,n/e,225,,n/e,n/e,n/e,n/e,1,
08:00 - 09:00,41,,n/e,n/e,n/e,n/e,0,,n/e,n/e,n/e,n/e,n/e,n/e,n/e,n/e,n/e,n/e,n/e,n/e,5,,n/e,n/e,n/e,n/e,n/e,n/e,0,,n/e,n/e,220,,n/e,n/e,n/e,n/e,4,
09:00 - 10:00,39,,n/e,n/e,n/e,n/e,0,,n/e,n/e,n/e,n/e,n/e,n/e,n/e,n/e,n/e,n/e,n/e,n/e,51,,n/e,n/e,n/e,n/e,n/e,n/e,0,,n/e,n/e,174,,n/e,n/e,n/e,n/e,7,
10:00 - 11:00,38,,n/e,n/e,n/e,n/e,2,,n/e,n/e,n/e,n/e,n/e,n/e,n/e,n/e,n/e,n/e,n/e,n/e,77,,n/e,n/e,n/e,n/e,n/e,n/e,0,,n/e,n/e,140,,n/e,n/e,n/e,n/e,5,
11:00 - 12:00,36,,n/e,n/e,n/e,n/e,3,,n/e,n/e,n/e,n/e,n/e,n/e,n/e,n/e,n/e,n/e,n/e,n/e,90,,n/e,n/e,n/e,n/e,n/e,n/e,0,,n/e,n/e,128,,n/e,n/e,n/e,n/e,3,
12:00 - 13:00,35,,n/e,n/e,n/e,n/e,2,,n/e,n/e,n/e,n/e,n/e,n/e,n/e,n/e,n/e,n/e,n/e,n/e,59,,n/e,n/e,n/e,n/e,n/e,n/e,0,,n/e,n/e,120,,n/e,n/e,n/e,n/e,4,
13:00 - 14:00,35,,n/e,n/e,n/e,n/e,0,,n/e,n/e,n/e,n/e,n/e,n/e,n/e,n/e,n/e,n/e,n/e,n/e,23,,n/e,n/e,n/e,n/e,n/e,n/e,0,,n/e,n/e,109,,n/e,n/e,n/e,n/e,3,
14:00 - 15:00,36,,n/e,n/e,n/e,n/e,0,,n/e,n/e,n/e,n/e,n/e,n/e,n/e,n/e,n/e,n/e,n/e,n/e,147,,n/e,n/e,n/e,n/e,n/e,n/e,0,,n/e,n/e,89,,n/e,n/e,n/e,n/e,1,
15:00 - 16:00,40,,n/e,n/e,n/e,n/e,1,,n/e,n/e,n/e,n/e,n/e,n/e,n/e,n/e,n/e,n/e,n/e,n/e,282,,n/e,n/e,n/e,n/e,n/e,n/e,0,,n/e,n/e,75,,n/e,n/e,n/e,n/e,0,
16:00 - 17:00,47,,n/e,n/e,n/e,n/e,6,,n/e,n/e,n/e,n/e,n/e,n/e,n/e,n/e,n/e,n/e,n/e,n/e,300,,n/e,n/e,n/e,n/e,n/e,n/e,0,,n/e,n/e,44,,n/e,n/e,n/e,n/e,0,
17:00 - 18:00,49,,n/e,n/e,n/e,n/e,6,,n/e,n/e,n/e,n/e,n/e,n/e,n/e,n/e,n/e,n/e,n/e,n/e,342,,n/e,n/e,n/e,n/e,n/e,n/e,0,,n/e,n/e,15,,n/e,n/e,n/e,n/e,0,
18:00 - 19:00,53,,n/e,n/e,n/e,n/e,6,,n/e,n/e,n/e,n/e,n/e,n/e,n/e,n/e,n/e,n/e,n/e,n/e,295,,n/e,n/e,n/e,n/e,n/e,n/e,0,,n/e,n/e,3,,n/e,n/e,n/e,n/e,0,
19:00 - 20:00,53,,n/e,n/e,n/e,n/e,6,,n/e,n/e,n/e,n/e,n/e,n/e,n/e,n/e,n/e,n/e,n/e,n/e,328,,n/e,n/e,n/e,n/e,n/e,n/e,0,,n/e,n/e,0,,n/e,n/e,n/e,n/e,1,
20:00 - 21:00,49,,n/e,n/e,n/e,n/e,6,,n/e,n/e,n/e,n/e,n/e,n/e,n/e,n/e,n/e,n/e,n/e,n/e,300,,n/e,n/e,n/e,n/e,n/e,n/e,0,,n/e,n/e,0,,n/e,n/e,n/e,n/e,2,
21:00 - 22:00,47,,n/e,n/e,n/e,n/e,3,,n/e,n/e,n/e,n/e,n/e,n/e,n/e,n/e,n/e,n/e,n/e,n/e,212,,n/e,n/e,n/e,n/e,n/e,n/e,0,,n/e,n/e,0,,n/e,n/e,n/e,n/e,3,
22:00 - 23:00,44,,n/e,n/e,n/e,n/e,3,,n/e,n/e,n/e,n/e,n/e,n/e,n/e,n/e,n/e,n/e,n/e,n/e,204,,n/e,n/e,n/e,n/e,n/e,n/e,0,,n/e,n/e,0,,n/e,n/e,n/e,n/e,2,
23:00 - 00:00,44,,n/e,n/e,n/e,n/e,2,,n/e,n/e,n/e,n/e,n/e,n/e,n/e,n/e,n/e,n/e,n/e,n/e,181,,n/e,n/e,n/e,n/e,n/e,n/e,0,,n/e,n/e,0,,n/e,n/e,n/e,n/e,1,
00:00 - 01:00,44,,n/e,n/e,n/e,n/e,2,,n/e,n/e,n/e,n/e,n/e,n/e,n/e,n/e,n/e,n/e,n/e,n/e,146,,n/e,n/e,n/e,n/e,n/e,n/e,0,,n/e,n/e,0,,n/e,n/e,n/e,n/e,1,
01:00 - 02:00,43,,n/e,n/e,n/e,n/e,2,,n/e,n/e,n/e,n/e,n/e,n/e,n/e,n/e,n/e,n/e,n/e,n/e,141,,n/e,n/e,n/e,n/e,n/e,n/e,0,,n/e,n/e,0,,n/e,n/e,n/e,n/e,1,
02:00 - 03:00,37,,n/e,n/e,n/e,n/e,1,,n/e,n/e,n/e,n/e,n/e,n/e,n/e,n/e,n/e,n/e,n/e,n/e,235,,n/e,n/e,n/e,n/e,n/e,n/e,0,,n/e,n/e,6,,n/e,n/e,n/e,n/e,1,
03:00 - 04:00,36,,n/e,n/e,n/e,n/e,1,,n/e,n/e,n/e,n/e,n/e,n/e,n/e,n/e,n/e,n/e,n/e,n/e,221,,n/e,n/e,n/e,n/e,n/e,n/e,0,,n/e,n/e,23,,n/e,n/e,n/e,n/e,2,
04:00 - 05:00,36,,n/e,n/e,n/e,n/e,1,,n/e,n/e,n/e,n/e,n/e,n/e,n/e,n/e,n/e,n/e,n/e,n/e,218,,n/e,n/e,n/e,n/e,n/e,n/e,0,,n/e,n/e,62,,n/e,n/e,n/e,n/e,1,
05:00 - 06:00,36,,n/e,n/e,n/e,n/e,1,,n/e,n/e,n/e,n/e,n/e,n/e,n/e,n/e,n/e,n/e,n/e,n/e,202,,n/e,n/e,n/e,n/e,n/e,n/e,0,,n/e,n/e,125,,n/e,n/e,n/e,n/e,0,
06:00 - 07:00,35,,n/e,n/e,n/e,n/e,1,,n/e,n/e,n/e,n/e,n/e,n/e,n/e,n/e,n/e,n/e,n/e,n/e,197,,n/e,n/e,n/e,n/e,n/e,n/e,0,,n/e,n/e,194,,n/e,n/e,n/e,n/e,0,
07:00 - 08:00,34,,n/e,n/e,n/e,n/e,0,,n/e,n/e,n/e,n/e,n/e,n/e,n/e,n/e,n/e,n/e,n/e,n/e,91,,n/e,n/e,n/e,n/e,n/e,n/e,0,,n/e,n/e,237,,n/e,n/e,n/e,n/e,0,
08:00 - 09:00,34,,n/e,n/e,n/e,n/e,0,,n/e,n/e,n/e,n/e,n/e,n/e,n/e,n/e,n/e,n/e,n/e,n/e,89,,n/e,n/e,n/e,n/e,n/e,n/e,0,,n/e,n/e,227,,n/e,n/e,n/e,n/e,1,
09:00 - 10:00,33,,n/e,n/e,n/e,n/e,0,,n/e,n/e,n/e,n/e,n/e,n/e,n/e,n/e,n/e,n/e,n/e,n/e,89,,n/e,n/e,n/e,n/e,n/e,n/e,0,,n/e,n/e,217,,n/e,n/e,n/e,n/e,3,
10:00 - 11:00,33,,n/e,n/e,n/e,n/e,0,,n/e,n/e,n/e,n/e,n/e,n/e,n/e,n/e,n/e,n/e,n/e,n/e,103,,n/e,n/e,n/e,n/e,n/e,n/e,0,,n/e,n/e,180,,n/e,n/e,n/e,n/e,7,
11:00 - 12:00,32,,n/e,n/e,n/e,n/e,1,,n/e,n/e,n/e,n/e,n/e,n/e,n/e,n/e,n/e,n/e,n/e,n/e,14,,n/e,n/e,n/e,n/e,n/e,n/e,0,,n/e,n/e,173,,n/e,n/e,n/e,n/e,7,
12:00 - 13:00,32,,n/e,n/e,n/e,n/e,0,,n/e,n/e,n/e,n/e,n/e,n/e,n/e,n/e,n/e,n/e,n/e,n/e,26,,n/e,n/e,n/e,n/e,n/e,n/e,0,,n/e,n/e,172,,n/e,n/e,n/e,n/e,12,
13:00 - 14:00,31,,n/e,n/e,n/e,n/e,0,,n/e,n/e,n/e,n/e,n/e,n/e,n/e,n/e,n/e,n/e,n/e,n/e,179,,n/e,n/e,n/e,n/e,n/e,n/e,0,,n/e,n/e,170,,n/e,n/e,n/e,n/e,10,
14:00 - 15:00,32,,n/e,n/e,n/e,n/e,0,,n/e,n/e,n/e,n/e,n/e,n/e,n/e,n/e,n/e,n/e,n/e,n/e,290,,n/e,n/e,n/e,n/e,n/e,n/e,0,,n/e,n/e,121,,n/e,n/e,n/e,n/e,7,
15:00 - 16:00,35,,n/e,n/e,n/e,n/e,0,,n/e,n/e,n/e,n/e,n/e,n/e,n/e,n/e,n/e,n/e,n/e,n/e,293,,n/e,n/e,n/e,n/e,n/e,n/e,0,,n/e,n/e,66,,n/e,n/e,n/e,n/e,14,
16:00 - 17:00,46,,n/e,n/e,n/e,n/e,8,,n/e,n/e,n/e,n/e,n/e,n/e,n/e,n/e,n/e,n/e,n/e,n/e,379,,n/e,n/e,n/e,n/e,n/e,n/e,0,,n/e,n/e,35,,n/e,n/e,n/e,n/e,13,
17:00 - 18:00,51,,n/e,n/e,n/e,n/e,7,,n/e,n/e,n/e,n/e,n/e,n/e,n/e,n/e,n/e,n/e,n/e,n/e,330,,n/e,n/e,n/e,n/e,n/e,n/e,0,,n/e,n/e,16,,n/e,n/e,n/e,n/e,9,
18:00 - 19:00,51,,n/e,n/e,n/e,n/e,7,,n/e,n/e,n/e,n/e,n/e,n/e,n/e,n/e,n/e,n/e,n/e,n/e,328,,n/e,n/e,n/e,n/e,n/e,n/e,0,,n/e,n/e,5,,n/e,n/e,n/e,n/e,3,
19:00 - 20:00,49,,n/e,n/e,n/e,n/e,8,,n/e,n/e,n/e,n/e,n/e,n/e,n/e,n/e,n/e,n/e,n/e,n/e,321,,n/e,n/e,n/e,n/e,n/e,n/e,0,,n/e,n/e,0,,n/e,n/e,n/e,n/e,4,
20:00 - 21:00,48,,n/e,n/e,n/e,n/e,7,,n/e,n/e,n/e,n/e,n/e,n/e,n/e,n/e,n/e,n/e,n/e,n/e,321,,n/e,n/e,n/e,n/e,n/e,n/e,0,,n/e,n/e,0,,n/e,n/e,n/e,n/e,7,
21:00 - 22:00,46,,n/e,n/e,n/e,n/e,4,,n/e,n/e,n/e,n/e,n/e,n/e,n/e,n/e,n/e,n/e,n/e,n/e,280,,n/e,n/e,n/e,n/e,n/e,n/e,0,,n/e,n/e,0,,n/e,n/e,n/e,n/e,9,
22:00 - 23:00,44,,n/e,n/e,n/e,n/e,4,,n/e,n/e,n/e,n/e,n/e,n/e,n/e,n/e,n/e,n/e,n/e,n/e,181,,n/e,n/e,n/e,n/e,n/e,n/e,0,,n/e,n/e,0,,n/e,n/e,n/e,n/e,8,
23:00 - 00:00,42,,n/e,n/e,n/e,n/e,4,,n/e,n/e,n/e,n/e,n/e,n/e,n/e,n/e,n/e,n/e,n/e,n/e,181,,n/e,n/e,n/e,n/e,n/e,n/e,0,,n/e,n/e,0,,n/e,n/e,n/e,n/e,8,
00:00 - 01:00,40,,n/e,n/e,n/e,n/e,4,,n/e,n/e,n/e,n/e,n/e,n/e,n/e,n/e,n/e,n/e,n/e,n/e,181,,n/e,n/e,n/e,n/e,n/e,n/e,0,,n/e,n/e,0,,n/e,n/e,n/e,n/e,7,
01:00 - 02:00,40,,n/e,n/e,n/e,n/e,4,,n/e,n/e,n/e,n/e,n/e,n/e,n/e,n/e,n/e,n/e,n/e,n/e,183,,n/e,n/e,n/e,n/e,n/e,n/e,0,,n/e,n/e,0,,n/e,n/e,n/e,n/e,5,
02:00 - 03:00,42,,n/e,n/e,n/e,n/e,4,,n/e,n/e,n/e,n/e,n/e,n/e,n/e,n/e,n/e,n/e,n/e,n/e,320,,n/e,n/e,n/e,n/e,n/e,n/e,0,,n/e,n/e,4,,n/e,n/e,n/e,n/e,5,
03:00 - 04:00,44,,n/e,n/e,n/e,n/e,5,,n/e,n/e,n/e,n/e,n/e,n/e,n/e,n/e,n/e,n/e,n/e,n/e,321,,n/e,n/e,n/e,n/e,n/e,n/e,0,,n/e,n/e,17,,n/e,n/e,n/e,n/e,3,
04:00 - 05:00,51,,n/e,n/e,n/e,n/e,8,,n/e,n/e,n/e,n/e,n/e,n/e,n/e,n/e,n/e,n/e,n/e,n/e,377,,n/e,n/e,n/e,n/e,n/e,n/e,0,,n/e,n/e,37,,n/e,n/e,n/e,n/e,4,
05:00 - 06:00,56,,n/e,n/e,n/e,n/e,12,,n/e,n/e,n/e,n/e,n/e,n/e,n/e,n/e,n/e,n/e,n/e,n/e,428,,n/e,n/e,n/e,n/e,n/e,n/e,0,,n/e,n/e,68,,n/e,n/e,n/e,n/e,13,
06:00 - 07:00,57,,n/e,n/e,n/e,n/e,9,,n/e,n/e,n/e,n/e,n/e,n/e,n/e,n/e,n/e,n/e,n/e,n/e,413,,n/e,n/e,n/e,n/e,n/e,n/e,0,,n/e,n/e,99,,n/e,n/e,n/e,n/e,9,
07:00 - 08:00,58,,n/e,n/e,n/e,n/e,9,,n/e,n/e,n/e,n/e,n/e,n/e,n/e,n/e,n/e,n/e,n/e,n/e,154,,n/e,n/e,n/e,n/e,n/e,n/e,0,,n/e,n/e,123,,n/e,n/e,n/e,n/e,5,
08:00 - 09:00,54,,n/e,n/e,n/e,n/e,7,,n/e,n/e,n/e,n/e,n/e,n/e,n/e,n/e,n/e,n/e,n/e,n/e,12,,n/e,n/e,n/e,n/e,n/e,n/e,0,,n/e,n/e,142,,n/e,n/e,n/e,n/e,7,
09:00 - 10:00,50,,n/e,n/e,n/e,n/e,9,,n/e,n/e,n/e,n/e,n/e,n/e,n/e,n/e,n/e,n/e,n/e,n/e,6,,n/e,n/e,n/e,n/e,n/e,n/e,0,,n/e,n/e,155,,n/e,n/e,n/e,n/e,17,
10:00 - 11:00,47,,n/e,n/e,n/e,n/e,13,,n/e,n/e,n/e,n/e,n/e,n/e,n/e,n/e,n/e,n/e,n/e,n/e,6,,n/e,n/e,n/e,n/e,n/e,n/e,0,,n/e,n/e,174,,n/e,n/e,n/e,n/e,15,
11:00 - 12:00,44,,n/e,n/e,n/e,n/e,10,,n/e,n/e,n/e,n/e,n/e,n/e,n/e,n/e,n/e,n/e,n/e,n/e,6,,n/e,n/e,n/e,n/e,n/e,n/e,0,,n/e,n/e,193,,n/e,n/e,n/e,n/e,13,
12:00 - 13:00,42,,n/e,n/e,n/e,n/e,9,,n/e,n/e,n/e,n/e,n/e,n/e,n/e,n/e,n/e,n/e,n/e,n/e,23,,n/e,n/e,n/e,n/e,n/e,n/e,0,,n/e,n/e,214,,n/e,n/e,n/e,n/e,14,
13:00 - 14:00,40,,n/e,n/e,n/e,n/e,9,,n/e,n/e,n/e,n/e,n/e,n/e,n/e,n/e,n/e,n/e,n/e,n/e,61,,n/e,n/e,n/e,n/e,n/e,n/e,0,,n/e,n/e,191,,n/e,n/e,n/e,n/e,15,
14:00 - 15:00,43,,n/e,n/e,n/e,n/e,10,,n/e,n/e,n/e,n/e,n/e,n/e,n/e,n/e,n/e,n/e,n/e,n/e,177,,n/e,n/e,n/e,n/e,n/e,n/e,0,,n/e,n/e,147,,n/e,n/e,n/e,n/e,18,
15:00 - 16:00,48,,n/e,n/e,n/e,n/e,12,,n/e,n/e,n/e,n/e,n/e,n/e,n/e,n/e,n/e,n/e,n/e,n/e,353,,n/e,n/e,n/e,n/e,n/e,n/e,0,,n/e,n/e,92,,n/e,n/e,n/e,n/e,18,
16:00 - 17:00,50,,n/e,n/e,n/e,n/e,12,,n/e,n/e,n/e,n/e,n/e,n/e,n/e,n/e,n/e,n/e,n/e,n/e,403,,n/e,n/e,n/e,n/e,n/e,n/e,0,,n/e,n/e,47,,n/e,n/e,n/e,n/e,18,
17:00 - 18:00,51,,n/e,n/e,n/e,n/e,12,,n/e,n/e,n/e,n/e,n/e,n/e,n/e,n/e,n/e,n/e,n/e,n/e,431,,n/e,n/e,n/e,n/e,n/e,n/e,0,,n/e,n/e,17,,n/e,n/e,n/e,n/e,20,
18:00 - 19:00,52,,n/e,n/e,n/e,n/e,12,,n/e,n/e,n/e,n/e,n/e,n/e,n/e,n/e,n/e,n/e,n/e,n/e,426,,n/e,n/e,n/e,n/e,n/e,n/e,0,,n/e,n/e,4,,n/e,n/e,n/e,n/e,27,
19:00 - 20:00,52,,n/e,n/e,n/e,n/e,12,,n/e,n/e,n/e,n/e,n/e,n/e,n/e,n/e,n/e,n/e,n/e,n/e,372,,n/e,n/e,n/e,n/e,n/e,n/e,0,,n/e,n/e,0,,n/e,n/e,n/e,n/e,33,
20:00 - 21:00,51,,n/e,n/e,n/e,n/e,8,,n/e,n/e,n/e,n/e,n/e,n/e,n/e,n/e,n/e,n/e,n/e,n/e,327,,n/e,n/e,n/e,n/e,n/e,n/e,0,,n/e,n/e,0,,n/e,n/e,n/e,n/e,35,
21:00 - 22:00,48,,n/e,n/e,n/e,n/e,7,,n/e,n/e,n/e,n/e,n/e,n/e,n/e,n/e,n/e,n/e,n/e,n/e,219,,n/e,n/e,n/e,n/e,n/e,n/e,0,,n/e,n/e,0,,n/e,n/e,n/e,n/e,43,
22:00 - 23:00,48,,n/e,n/e,n/e,n/e,7,,n/e,n/e,n/e,n/e,n/e,n/e,n/e,n/e,n/e,n/e,n/e,n/e,210,,n/e,n/e,n/e,n/e,n/e,n/e,0,,n/e,n/e,0,,n/e,n/e,n/e,n/e,38,
23:00 - 00:00,48,,n/e,n/e,n/e,n/e,6,,n/e,n/e,n/e,n/e,n/e,n/e,n/e,n/e,n/e,n/e,n/e,n/e,211,,n/e,n/e,n/e,n/e,n/e,n/e,0,,n/e,n/e,0,,n/e,n/e,n/e,n/e,39,
00:00 - 01:00,47,,n/e,n/e,n/e,n/e,6,,n/e,n/e,n/e,n/e,n/e,n/e,n/e,n/e,n/e,n/e,n/e,n/e,213,,n/e,n/e,n/e,n/e,n/e,n/e,0,,n/e,n/e,0,,n/e,n/e,n/e,n/e,35,
01:00 - 02:00,46,,n/e,n/e,n/e,n/e,7,,n/e,n/e,n/e,n/e,n/e,n/e,n/e,n/e,n/e,n/e,n/e,n/e,198,,n/e,n/e,n/e,n/e,n/e,n/e,0,,n/e,n/e,1,,n/e,n/e,n/e,n/e,28,
02:00 - 03:00,47,,n/e,n/e,n/e,n/e,7,,n/e,n/e,n/e,n/e,n/e,n/e,n/e,n/e,n/e,n/e,n/e,n/e,199,,n/e,n/e,n/e,n/e,n/e,n/e,0,,n/e,n/e,6,,n/e,n/e,n/e,n/e,17,
03:00 - 04:00,50,,n/e,n/e,n/e,n/e,10,,n/e,n/e,n/e,n/e,n/e,n/e,n/e,n/e,n/e,n/e,n/e,n/e,286,,n/e,n/e,n/e,n/e,n/e,n/e,0,,n/e,n/e,19,,n/e,n/e,n/e,n/e,13,
04:00 - 05:00,57,,n/e,n/e,n/e,n/e,11,,n/e,n/e,n/e,n/e,n/e,n/e,n/e,n/e,n/e,n/e,n/e,n/e,285,,n/e,n/e,n/e,n/e,n/e,n/e,0,,n/e,n/e,46,,n/e,n/e,n/e,n/e,8,
05:00 - 06:00,61,,n/e,n/e,n/e,n/e,11,,n/e,n/e,n/e,n/e,n/e,n/e,n/e,n/e,n/e,n/e,n/e,n/e,250,,n/e,n/e,n/e,n/e,n/e,n/e,0,,n/e,n/e,85,,n/e,n/e,n/e,n/e,11,
06:00 - 07:00,61,,n/e,n/e,n/e,n/e,10,,n/e,n/e,n/e,n/e,n/e,n/e,n/e,n/e,n/e,n/e,n/e,n/e,163,,n/e,n/e,n/e,n/e,n/e,n/e,0,,n/e,n/e,136,,n/e,n/e,n/e,n/e,9,
07:00 - 08:00,54,,n/e,n/e,n/e,n/e,7,,n/e,n/e,n/e,n/e,n/e,n/e,n/e,n/e,n/e,n/e,n/e,n/e,56,,n/e,n/e,n/e,n/e,n/e,n/e,0,,n/e,n/e,172,,n/e,n/e,n/e,n/e,10,
08:00 - 09:00,50,,n/e,n/e,n/e,n/e,8,,n/e,n/e,n/e,n/e,n/e,n/e,n/e,n/e,n/e,n/e,n/e,n/e,6,,n/e,n/e,n/e,n/e,n/e,n/e,0,,n/e,n/e,197,,n/e,n/e,n/e,n/e,6,
09:00 - 10:00,46,,n/e,n/e,n/e,n/e,8,,n/e,n/e,n/e,n/e,n/e,n/e,n/e,n/e,n/e,n/e,n/e,n/e,5,,n/e,n/e,n/e,n/e,n/e,n/e,0,,n/e,n/e,240,,n/e,n/e,n/e,n/e,10,
10:00 - 11:00,44,,n/e,n/e,n/e,n/e,6,,n/e,n/e,n/e,n/e,n/e,n/e,n/e,n/e,n/e,n/e,n/e,n/e,5,,n/e,n/e,n/e,n/e,n/e,n/e,0,,n/e,n/e,258,,n/e,n/e,n/e,n/e,12,
11:00 - 12:00,44,,n/e,n/e,n/e,n/e,5,,n/e,n/e,n/e,n/e,n/e,n/e,n/e,n/e,n/e,n/e,n/e,n/e,5,,n/e,n/e,n/e,n/e,n/e,n/e,0,,n/e,n/e,249,,n/e,n/e,n/e,n/e,11,
12:00 - 13:00,43,,n/e,n/e,n/e,n/e,4,,n/e,n/e,n/e,n/e,n/e,n/e,n/e,n/e,n/e,n/e,n/e,n/e,5,,n/e,n/e,n/e,n/e,n/e,n/e,0,,n/e,n/e,226,,n/e,n/e,n/e,n/e,9,
13:00 - 14:00,44,,n/e,n/e,n/e,n/e,5,,n/e,n/e,n/e,n/e,n/e,n/e,n/e,n/e,n/e,n/e,n/e,n/e,9,,n/e,n/e,n/e,n/e,n/e,n/e,0,,n/e,n/e,184,,n/e,n/e,n/e,n/e,9,
14:00 - 15:00,48,,n/e,n/e,n/e,n/e,5,,n/e,n/e,n/e,n/e,n/e,n/e,n/e,n/e,n/e,n/e,n/e,n/e,146,,n/e,n/e,n/e,n/e,n/e,n/e,0,,n/e,n/e,133,,n/e,n/e,n/e,n/e,8,
15:00 - 16:00,52,,n/e,n/e,n/e,n/e,7,,n/e,n/e,n/e,n/e,n/e,n/e,n/e,n/e,n/e,n/e,n/e,n/e,269,,n/e,n/e,n/e,n/e,n/e,n/e,0,,n/e,n/e,87,,n/e,n/e,n/e,n/e,7,
16:00 - 17:00,53,,n/e,n/e,n/e,n/e,12,,n/e,n/e,n/e,n/e,n/e,n/e,n/e,n/e,n/e,n/e,n/e,n/e,357,,n/e,n/e,n/e,n/e,n/e,n/e,0,,n/e,n/e,45,,n/e,n/e,n/e,n/e,4,
17:00 - 18:00,54,,n/e,n/e,n/e,n/e,12,,n/e,n/e,n/e,n/e,n/e,n/e,n/e,n/e,n/e,n/e,n/e,n/e,541,,n/e,n/e,n/e,n/e,n/e,n/e,0,,n/e,n/e,17,,n/e,n/e,n/e,n/e,1,
18:00 - 19:00,55,,n/e,n/e,n/e,n/e,12,,n/e,n/e,n/e,n/e,n/e,n/e,n/e,n/e,n/e,n/e,n/e,n/e,570,,n/e,n/e,n/e,n/e,n/e,n/e,0,,n/e,n/e,4,,n/e,n/e,n/e,n/e,2,
19:00 - 20:00,53,,n/e,n/e,n/e,n/e,12,,n/e,n/e,n/e,n/e,n/e,n/e,n/e,n/e,n/e,n/e,n/e,n/e,414,,n/e,n/e,n/e,n/e,n/e,n/e,0,,n/e,n/e,0,,n/e,n/e,n/e,n/e,2,
20:00 - 21:00,50,,n/e,n/e,n/e,n/e,5,,n/e,n/e,n/e,n/e,n/e,n/e,n/e,n/e,n/e,n/e,n/e,n/e,353,,n/e,n/e,n/e,n/e,n/e,n/e,0,,n/e,n/e,0,,n/e,n/e,n/e,n/e,2,
21:00 - 22:00,50,,n/e,n/e,n/e,n/e,6,,n/e,n/e,n/e,n/e,n/e,n/e,n/e,n/e,n/e,n/e,n/e,n/e,261,,n/e,n/e,n/e,n/e,n/e,n/e,0,,n/e,n/e,0,,n/e,n/e,n/e,n/e,3,
22:00 - 23:00,48,,n/e,n/e,n/e,n/e,6,,n/e,n/e,n/e,n/e,n/e,n/e,n/e,n/e,n/e,n/e,n/e,n/e,130,,n/e,n/e,n/e,n/e,n/e,n/e,0,,n/e,n/e,0,,n/e,n/e,n/e,n/e,5,
23:00 - 00:00,47,,n/e,n/e,n/e,n/e,5,,n/e,n/e,n/e,n/e,n/e,n/e,n/e,n/e,n/e,n/e,n/e,n/e,129,,n/e,n/e,n/e,n/e,n/e,n/e,0,,n/e,n/e,0,,n/e,n/e,n/e,n/e,6,
00:00 - 01:00,48,,n/e,n/e,n/e,n/e,3,,n/e,n/e,n/e,n/e,n/e,n/e,n/e,n/e,n/e,n/e,n/e,n/e,129,,n/e,n/e,n/e,n/e,n/e,n/e,0,,n/e,n/e,0,,n/e,n/e,n/e,n/e,6,
01:00 - 02:00,46,,n/e,n/e,n/e,n/e,3,,n/e,n/e,n/e,n/e,n/e,n/e,n/e,n/e,n/e,n/e,n/e,n/e,129,,n/e,n/e,n/e,n/e,n/e,n/e,0,,n/e,n/e,1,,n/e,n/e,n/e,n/e,8,
02:00 - 03:00,47,,n/e,n/e,n/e,n/e,4,,n/e,n/e,n/e,n/e,n/e,n/e,n/e,n/e,n/e,n/e,n/e,n/e,129,,n/e,n/e,n/e,n/e,n/e,n/e,0,,n/e,n/e,7,,n/e,n/e,n/e,n/e,7,
03:00 - 04:00,52,,n/e,n/e,n/e,n/e,6,,n/e,n/e,n/e,n/e,n/e,n/e,n/e,n/e,n/e,n/e,n/e,n/e,131,,n/e,n/e,n/e,n/e,n/e,n/e,0,,n/e,n/e,23,,n/e,n/e,n/e,n/e,9,
04:00 - 05:00,55,,n/e,n/e,n/e,n/e,6,,n/e,n/e,n/e,n/e,n/e,n/e,n/e,n/e,n/e,n/e,n/e,n/e,134,,n/e,n/e,n/e,n/e,n/e,n/e,0,,n/e,n/e,62,,n/e,n/e,n/e,n/e,4,
05:00 - 06:00,59,,n/e,n/e,n/e,n/e,6,,n/e,n/e,n/e,n/e,n/e,n/e,n/e,n/e,n/e,n/e,n/e,n/e,132,,n/e,n/e,n/e,n/e,n/e,n/e,0,,n/e,n/e,127,,n/e,n/e,n/e,n/e,3,
06:00 - 07:00,56,,n/e,n/e,n/e,n/e,4,,n/e,n/e,n/e,n/e,n/e,n/e,n/e,n/e,n/e,n/e,n/e,n/e,127,,n/e,n/e,n/e,n/e,n/e,n/e,0,,n/e,n/e,195,,n/e,n/e,n/e,n/e,6,
07:00 - 08:00,50,,n/e,n/e,n/e,n/e,4,,n/e,n/e,n/e,n/e,n/e,n/e,n/e,n/e,n/e,n/e,n/e,n/e,17,,n/e,n/e,n/e,n/e,n/e,n/e,0,,n/e,n/e,246,,n/e,n/e,n/e,n/e,4,
08:00 - 09:00,46,,n/e,n/e,n/e,n/e,3,,n/e,n/e,n/e,n/e,n/e,n/e,n/e,n/e,n/e,n/e,n/e,n/e,22,,n/e,n/e,n/e,n/e,n/e,n/e,0,,n/e,n/e,272,,n/e,n/e,n/e,n/e,3,
09:00 - 10:00,43,,n/e,n/e,n/e,n/e,5,,n/e,n/e,n/e,n/e,n/e,n/e,n/e,n/e,n/e,n/e,n/e,n/e,71,,n/e,n/e,n/e,n/e,n/e,n/e,0,,n/e,n/e,279,,n/e,n/e,n/e,n/e,4,
10:00 - 11:00,43,,n/e,n/e,n/e,n/e,6,,n/e,n/e,n/e,n/e,n/e,n/e,n/e,n/e,n/e,n/e,n/e,n/e,25,,n/e,n/e,n/e,n/e,n/e,n/e,0,,n/e,n/e,279,,n/e,n/e,n/e,n/e,4,
11:00 - 12:00,43,,n/e,n/e,n/e,n/e,5,,n/e,n/e,n/e,n/e,n/e,n/e,n/e,n/e,n/e,n/e,n/e,n/e,22,,n/e,n/e,n/e,n/e,n/e,n/e,0,,n/e,n/e,272,,n/e,n/e,n/e,n/e,12,
12:00 - 13:00,43,,n/e,n/e,n/e,n/e,5,,n/e,n/e,n/e,n/e,n/e,n/e,n/e,n/e,n/e,n/e,n/e,n/e,23,,n/e,n/e,n/e,n/e,n/e,n/e,0,,n/e,n/e,255,,n/e,n/e,n/e,n/e,19,
13:00 - 14:00,44,,n/e,n/e,n/e,n/e,5,,n/e,n/e,n/e,n/e,n/e,n/e,n/e,n/e,n/e,n/e,n/e,n/e,56,,n/e,n/e,n/e,n/e,n/e,n/e,0,,n/e,n/e,218,,n/e,n/e,n/e,n/e,21,
14:00 - 15:00,45,,n/e,n/e,n/e,n/e,4,,n/e,n/e,n/e,n/e,n/e,n/e,n/e,n/e,n/e,n/e,n/e,n/e,121,,n/e,n/e,n/e,n/e,n/e,n/e,0,,n/e,n/e,163,,n/e,n/e,n/e,n/e,24,
15:00 - 16:00,51,,n/e,n/e,n/e,n/e,4,,n/e,n/e,n/e,n/e,n/e,n/e,n/e,n/e,n/e,n/e,n/e,n/e,266,,n/e,n/e,n/e,n/e,n/e,n/e,0,,n/e,n/e,101,,n/e,n/e,n/e,n/e,18,
16:00 - 17:00,53,,n/e,n/e,n/e,n/e,5,,n/e,n/e,n/e,n/e,n/e,n/e,n/e,n/e,n/e,n/e,n/e,n/e,318,,n/e,n/e,n/e,n/e,n/e,n/e,0,,n/e,n/e,50,,n/e,n/e,n/e,n/e,9,
17:00 - 18:00,54,,n/e,n/e,n/e,n/e,7,,n/e,n/e,n/e,n/e,n/e,n/e,n/e,n/e,n/e,n/e,n/e,n/e,449,,n/e,n/e,n/e,n/e,n/e,n/e,0,,n/e,n/e,19,,n/e,n/e,n/e,n/e,9,
18:00 - 19:00,55,,n/e,n/e,n/e,n/e,8,,n/e,n/e,n/e,n/e,n/e,n/e,n/e,n/e,n/e,n/e,n/e,n/e,464,,n/e,n/e,n/e,n/e,n/e,n/e,0,,n/e,n/e,4,,n/e,n/e,n/e,n/e,7,
19:00 - 20:00,53,,n/e,n/e,n/e,n/e,8,,n/e,n/e,n/e,n/e,n/e,n/e,n/e,n/e,n/e,n/e,n/e,n/e,445,,n/e,n/e,n/e,n/e,n/e,n/e,0,,n/e,n/e,0,,n/e,n/e,n/e,n/e,11,
20:00 - 21:00,52,,n/e,n/e,n/e,n/e,4,,n/e,n/e,n/e,n/e,n/e,n/e,n/e,n/e,n/e,n/e,n/e,n/e,281,,n/e,n/e,n/e,n/e,n/e,n/e,0,,n/e,n/e,0,,n/e,n/e,n/e,n/e,14,
21:00 - 22:00,50,,n/e,n/e,n/e,n/e,4,,n/e,n/e,n/e,n/e,n/e,n/e,n/e,n/e,n/e,n/e,n/e,n/e,306,,n/e,n/e,n/e,n/e,n/e,n/e,0,,n/e,n/e,0,,n/e,n/e,n/e,n/e,15,
22:00 - 23:00,50,,n/e,n/e,n/e,n/e,6,,n/e,n/e,n/e,n/e,n/e,n/e,n/e,n/e,n/e,n/e,n/e,n/e,184,,n/e,n/e,n/e,n/e,n/e,n/e,0,,n/e,n/e,0,,n/e,n/e,n/e,n/e,11,
23:00 - 00:00,50,,n/e,n/e,n/e,n/e,6,,n/e,n/e,n/e,n/e,n/e,n/e,n/e,n/e,n/e,n/e,n/e,n/e,180,,n/e,n/e,n/e,n/e,n/e,n/e,0,,n/e,n/e,0,,n/e,n/e,n/e,n/e,10,
00:00 - 01:00,49,,n/e,n/e,n/e,n/e,5,,n/e,n/e,n/e,n/e,n/e,n/e,n/e,n/e,n/e,n/e,n/e,n/e,180,,n/e,n/e,n/e,n/e,n/e,n/e,0,,n/e,n/e,0,,n/e,n/e,n/e,n/e,12,
01:00 - 02:00,48,,n/e,n/e,n/e,n/e,5,,n/e,n/e,n/e,n/e,n/e,n/e,n/e,n/e,n/e,n/e,n/e,n/e,180,,n/e,n/e,n/e,n/e,n/e,n/e,0,,n/e,n/e,1,,n/e,n/e,n/e,n/e,17,
02:00 - 03:00,49,,n/e,n/e,n/e,n/e,3,,n/e,n/e,n/e,n/e,n/e,n/e,n/e,n/e,n/e,n/e,n/e,n/e,180,,n/e,n/e,n/e,n/e,n/e,n/e,0,,n/e,n/e,8,,n/e,n/e,n/e,n/e,9,
03:00 - 04:00,50,,n/e,n/e,n/e,n/e,5,,n/e,n/e,n/e,n/e,n/e,n/e,n/e,n/e,n/e,n/e,n/e,n/e,181,,n/e,n/e,n/e,n/e,n/e,n/e,0,,n/e,n/e,23,,n/e,n/e,n/e,n/e,15,
04:00 - 05:00,56,,n/e,n/e,n/e,n/e,4,,n/e,n/e,n/e,n/e,n/e,n/e,n/e,n/e,n/e,n/e,n/e,n/e,203,,n/e,n/e,n/e,n/e,n/e,n/e,0,,n/e,n/e,42,,n/e,n/e,n/e,n/e,19,
05:00 - 06:00,57,,n/e,n/e,n/e,n/e,5,,n/e,n/e,n/e,n/e,n/e,n/e,n/e,n/e,n/e,n/e,n/e,n/e,133,,n/e,n/e,n/e,n/e,n/e,n/e,0,,n/e,n/e,68,,n/e,n/e,n/e,n/e,26,
06:00 - 07:00,57,,n/e,n/e,n/e,n/e,5,,n/e,n/e,n/e,n/e,n/e,n/e,n/e,n/e,n/e,n/e,n/e,n/e,129,,n/e,n/e,n/e,n/e,n/e,n/e,0,,n/e,n/e,97,,n/e,n/e,n/e,n/e,34,
07:00 - 08:00,56,,n/e,n/e,n/e,n/e,4,,n/e,n/e,n/e,n/e,n/e,n/e,n/e,n/e,n/e,n/e,n/e,n/e,23,,n/e,n/e,n/e,n/e,n/e,n/e,0,,n/e,n/e,147,,n/e,n/e,n/e,n/e,48,
08:00 - 09:00,55,,n/e,n/e,n/e,n/e,4,,n/e,n/e,n/e,n/e,n/e,n/e,n/e,n/e,n/e,n/e,n/e,n/e,22,,n/e,n/e,n/e,n/e,n/e,n/e,0,,n/e,n/e,200,,n/e,n/e,n/e,n/e,43,
09:00 - 10:00,51,,n/e,n/e,n/e,n/e,3,,n/e,n/e,n/e,n/e,n/e,n/e,n/e,n/e,n/e,n/e,n/e,n/e,22,,n/e,n/e,n/e,n/e,n/e,n/e,0,,n/e,n/e,240,,n/e,n/e,n/e,n/e,62,
10:00 - 11:00,48,,n/e,n/e,n/e,n/e,2,,n/e,n/e,n/e,n/e,n/e,n/e,n/e,n/e,n/e,n/e,n/e,n/e,22,,n/e,n/e,n/e,n/e,n/e,n/e,0,,n/e,n/e,250,,n/e,n/e,n/e,n/e,48,
11:00 - 12:00,46,,n/e,n/e,n/e,n/e,0,,n/e,n/e,n/e,n/e,n/e,n/e,n/e,n/e,n/e,n/e,n/e,n/e,4,,n/e,n/e,n/e,n/e,n/e,n/e,0,,n/e,n/e,231,,n/e,n/e,n/e,n/e,41,
12:00 - 13:00,43,,n/e,n/e,n/e,n/e,0,,n/e,n/e,n/e,n/e,n/e,n/e,n/e,n/e,n/e,n/e,n/e,n/e,5,,n/e,n/e,n/e,n/e,n/e,n/e,0,,n/e,n/e,233,,n/e,n/e,n/e,n/e,36,
13:00 - 14:00,41,,n/e,n/e,n/e,n/e,0,,n/e,n/e,n/e,n/e,n/e,n/e,n/e,n/e,n/e,n/e,n/e,n/e,28,,n/e,n/e,n/e,n/e,n/e,n/e,0,,n/e,n/e,200,,n/e,n/e,n/e,n/e,45,
14:00 - 15:00,43,,n/e,n/e,n/e,n/e,0,,n/e,n/e,n/e,n/e,n/e,n/e,n/e,n/e,n/e,n/e,n/e,n/e,205,,n/e,n/e,n/e,n/e,n/e,n/e,0,,n/e,n/e,162,,n/e,n/e,n/e,n/e,57,
15:00 - 16:00,50,,n/e,n/e,n/e,n/e,4,,n/e,n/e,n/e,n/e,n/e,n/e,n/e,n/e,n/e,n/e,n/e,n/e,238,,n/e,n/e,n/e,n/e,n/e,n/e,0,,n/e,n/e,104,,n/e,n/e,n/e,n/e,47,
16:00 - 17:00,53,,n/e,n/e,n/e,n/e,8,,n/e,n/e,n/e,n/e,n/e,n/e,n/e,n/e,n/e,n/e,n/e,n/e,295,,n/e,n/e,n/e,n/e,n/e,n/e,0,,n/e,n/e,48,,n/e,n/e,n/e,n/e,38,
17:00 - 18:00,55,,n/e,n/e,n/e,n/e,12,,n/e,n/e,n/e,n/e,n/e,n/e,n/e,n/e,n/e,n/e,n/e,n/e,393,,n/e,n/e,n/e,n/e,n/e,n/e,0,,n/e,n/e,16,,n/e,n/e,n/e,n/e,23,
18:00 - 19:00,55,,n/e,n/e,n/e,n/e,13,,n/e,n/e,n/e,n/e,n/e,n/e,n/e,n/e,n/e,n/e,n/e,n/e,344,,n/e,n/e,n/e,n/e,n/e,n/e,0,,n/e,n/e,4,,n/e,n/e,n/e,n/e,17,
19:00 - 20:00,53,,n/e,n/e,n/e,n/e,12,,n/e,n/e,n/e,n/e,n/e,n/e,n/e,n/e,n/e,n/e,n/e,n/e,352,,n/e,n/e,n/e,n/e,n/e,n/e,0,,n/e,n/e,0,,n/e,n/e,n/e,n/e,17,
20:00 - 21:00,52,,n/e,n/e,n/e,n/e,7,,n/e,n/e,n/e,n/e,n/e,n/e,n/e,n/e,n/e,n/e,n/e,n/e,461,,n/e,n/e,n/e,n/e,n/e,n/e,0,,n/e,n/e,0,,n/e,n/e,n/e,n/e,17,
21:00 - 22:00,50,,n/e,n/e,n/e,n/e,4,,n/e,n/e,n/e,n/e,n/e,n/e,n/e,n/e,n/e,n/e,n/e,n/e,367,,n/e,n/e,n/e,n/e,n/e,n/e,0,,n/e,n/e,0,,n/e,n/e,n/e,n/e,13,
22:00 - 23:00,49,,n/e,n/e,n/e,n/e,4,,n/e,n/e,n/e,n/e,n/e,n/e,n/e,n/e,n/e,n/e,n/e,n/e,261,,n/e,n/e,n/e,n/e,n/e,n/e,0,,n/e,n/e,0,,n/e,n/e,n/e,n/e,10,
23:00 - 00:00,50,,n/e,n/e,n/e,n/e,5,,n/e,n/e,n/e,n/e,n/e,n/e,n/e,n/e,n/e,n/e,n/e,n/e,130,,n/e,n/e,n/e,n/e,n/e,n/e,0,,n/e,n/e,0,,n/e,n/e,n/e,n/e,12,
00:00 - 01:00,48,,n/e,n/e,n/e,n/e,5,,n/e,n/e,n/e,n/e,n/e,n/e,n/e,n/e,n/e,n/e,n/e,n/e,111,,n/e,n/e,n/e,n/e,n/e,n/e,0,,n/e,n/e,0,,n/e,n/e,n/e,n/e,13,
01:00 - 02:00,48,,n/e,n/e,n/e,n/e,4,,n/e,n/e,n/e,n/e,n/e,n/e,n/e,n/e,n/e,n/e,n/e,n/e,113,,n/e,n/e,n/e,n/e,n/e,n/e,0,,n/e,n/e,1,,n/e,n/e,n/e,n/e,12,
02:00 - 03:00,49,,n/e,n/e,n/e,n/e,3,,n/e,n/e,n/e,n/e,n/e,n/e,n/e,n/e,n/e,n/e,n/e,n/e,163,,n/e,n/e,n/e,n/e,n/e,n/e,0,,n/e,n/e,7,,n/e,n/e,n/e,n/e,11,
03:00 - 04:00,51,,n/e,n/e,n/e,n/e,4,,n/e,n/e,n/e,n/e,n/e,n/e,n/e,n/e,n/e,n/e,n/e,n/e,161,,n/e,n/e,n/e,n/e,n/e,n/e,0,,n/e,n/e,25,,n/e,n/e,n/e,n/e,9,
04:00 - 05:00,58,,n/e,n/e,n/e,n/e,4,,n/e,n/e,n/e,n/e,n/e,n/e,n/e,n/e,n/e,n/e,n/e,n/e,215,,n/e,n/e,n/e,n/e,n/e,n/e,0,,n/e,n/e,51,,n/e,n/e,n/e,n/e,3,
05:00 - 06:00,61,,n/e,n/e,n/e,n/e,7,,n/e,n/e,n/e,n/e,n/e,n/e,n/e,n/e,n/e,n/e,n/e,n/e,236,,n/e,n/e,n/e,n/e,n/e,n/e,0,,n/e,n/e,99,,n/e,n/e,n/e,n/e,4,
06:00 - 07:00,61,,n/e,n/e,n/e,n/e,8,,n/e,n/e,n/e,n/e,n/e,n/e,n/e,n/e,n/e,n/e,n/e,n/e,211,,n/e,n/e,n/e,n/e,n/e,n/e,0,,n/e,n/e,175,,n/e,n/e,n/e,n/e,21,
07:00 - 08:00,58,,n/e,n/e,n/e,n/e,8,,n/e,n/e,n/e,n/e,n/e,n/e,n/e,n/e,n/e,n/e,n/e,n/e,112,,n/e,n/e,n/e,n/e,n/e,n/e,0,,n/e,n/e,200,,n/e,n/e,n/e,n/e,10,
08:00 - 09:00,56,,n/e,n/e,n/e,n/e,6,,n/e,n/e,n/e,n/e,n/e,n/e,n/e,n/e,n/e,n/e,n/e,n/e,110,,n/e,n/e,n/e,n/e,n/e,n/e,0,,n/e,n/e,209,,n/e,n/e,n/e,n/e,6,
09:00 - 10:00,56,,n/e,n/e,n/e,n/e,5,,n/e,n/e,n/e,n/e,n/e,n/e,n/e,n/e,n/e,n/e,n/e,n/e,18,,n/e,n/e,n/e,n/e,n/e,n/e,0,,n/e,n/e,228,,n/e,n/e,n/e,n/e,9,
10:00 - 11:00,56,,n/e,n/e,n/e,n/e,5,,n/e,n/e,n/e,n/e,n/e,n/e,n/e,n/e,n/e,n/e,n/e,n/e,13,,n/e,n/e,n/e,n/e,n/e,n/e,0,,n/e,n/e,233,,n/e,n/e,n/e,n/e,12,
11:00 - 12:00,55,,n/e,n/e,n/e,n/e,5,,n/e,n/e,n/e,n/e,n/e,n/e,n/e,n/e,n/e,n/e,n/e,n/e,43,,n/e,n/e,n/e,n/e,n/e,n/e,0,,n/e,n/e,225,,n/e,n/e,n/e,n/e,14,
12:00 - 13:00,50,,n/e,n/e,n/e,n/e,6,,n/e,n/e,n/e,n/e,n/e,n/e,n/e,n/e,n/e,n/e,n/e,n/e,14,,n/e,n/e,n/e,n/e,n/e,n/e,0,,n/e,n/e,201,,n/e,n/e,n/e,n/e,16,
13:00 - 14:00,50,,n/e,n/e,n/e,n/e,5,,n/e,n/e,n/e,n/e,n/e,n/e,n/e,n/e,n/e,n/e,n/e,n/e,5,,n/e,n/e,n/e,n/e,n/e,n/e,0,,n/e,n/e,187,,n/e,n/e,n/e,n/e,17,
14:00 - 15:00,49,,n/e,n/e,n/e,n/e,5,,n/e,n/e,n/e,n/e,n/e,n/e,n/e,n/e,n/e,n/e,n/e,n/e,106,,n/e,n/e,n/e,n/e,n/e,n/e,0,,n/e,n/e,137,,n/e,n/e,n/e,n/e,18,
15:00 - 16:00,51,,n/e,n/e,n/e,n/e,5,,n/e,n/e,n/e,n/e,n/e,n/e,n/e,n/e,n/e,n/e,n/e,n/e,117,,n/e,n/e,n/e,n/e,n/e,n/e,0,,n/e,n/e,76,,n/e,n/e,n/e,n/e,17,
16:00 - 17:00,55,,n/e,n/e,n/e,n/e,5,,n/e,n/e,n/e,n/e,n/e,n/e,n/e,n/e,n/e,n/e,n/e,n/e,356,,n/e,n/e,n/e,n/e,n/e,n/e,0,,n/e,n/e,30,,n/e,n/e,n/e,n/e,10,
17:00 - 18:00,57,,n/e,n/e,n/e,n/e,9,,n/e,n/e,n/e,n/e,n/e,n/e,n/e,n/e,n/e,n/e,n/e,n/e,426,,n/e,n/e,n/e,n/e,n/e,n/e,0,,n/e,n/e,9,,n/e,n/e,n/e,n/e,12,
18:00 - 19:00,57,,n/e,n/e,n/e,n/e,10,,n/e,n/e,n/e,n/e,n/e,n/e,n/e,n/e,n/e,n/e,n/e,n/e,507,,n/e,n/e,n/e,n/e,n/e,n/e,0,,n/e,n/e,2,,n/e,n/e,n/e,n/e,7,
19:00 - 20:00,54,,n/e,n/e,n/e,n/e,9,,n/e,n/e,n/e,n/e,n/e,n/e,n/e,n/e,n/e,n/e,n/e,n/e,451,,n/e,n/e,n/e,n/e,n/e,n/e,0,,n/e,n/e,0,,n/e,n/e,n/e,n/e,13,
20:00 - 21:00,53,,n/e,n/e,n/e,n/e,7,,n/e,n/e,n/e,n/e,n/e,n/e,n/e,n/e,n/e,n/e,n/e,n/e,343,,n/e,n/e,n/e,n/e,n/e,n/e,0,,n/e,n/e,0,,n/e,n/e,n/e,n/e,12,
21:00 - 22:00,53,,n/e,n/e,n/e,n/e,4,,n/e,n/e,n/e,n/e,n/e,n/e,n/e,n/e,n/e,n/e,n/e,n/e,181,,n/e,n/e,n/e,n/e,n/e,n/e,0,,n/e,n/e,0,,n/e,n/e,n/e,n/e,12,
22:00 - 23:00,51,,n/e,n/e,n/e,n/e,4,,n/e,n/e,n/e,n/e,n/e,n/e,n/e,n/e,n/e,n/e,n/e,n/e,180,,n/e,n/e,n/e,n/e,n/e,n/e,0,,n/e,n/e,0,,n/e,n/e,n/e,n/e,8,
23:00 - 00:00,52,,n/e,n/e,n/e,n/e,4,,n/e,n/e,n/e,n/e,n/e,n/e,n/e,n/e,n/e,n/e,n/e,n/e,178,,n/e,n/e,n/e,n/e,n/e,n/e,0,,n/e,n/e,0,,n/e,n/e,n/e,n/e,10,
00:00 - 01:00,52,,n/e,n/e,n/e,n/e,4,,n/e,n/e,n/e,n/e,n/e,n/e,n/e,n/e,n/e,n/e,n/e,n/e,130,,n/e,n/e,n/e,n/e,n/e,n/e,0,,n/e,n/e,0,,n/e,n/e,n/e,n/e,12,
01:00 - 02:00,47,,n/e,n/e,n/e,n/e,4,,n/e,n/e,n/e,n/e,n/e,n/e,n/e,n/e,n/e,n/e,n/e,n/e,126,,n/e,n/e,n/e,n/e,n/e,n/e,0,,n/e,n/e,0,,n/e,n/e,n/e,n/e,12,
02:00 - 03:00,46,,n/e,n/e,n/e,n/e,5,,n/e,n/e,n/e,n/e,n/e,n/e,n/e,n/e,n/e,n/e,n/e,n/e,132,,n/e,n/e,n/e,n/e,n/e,n/e,0,,n/e,n/e,6,,n/e,n/e,n/e,n/e,16,
03:00 - 04:00,51,,n/e,n/e,n/e,n/e,4,,n/e,n/e,n/e,n/e,n/e,n/e,n/e,n/e,n/e,n/e,n/e,n/e,181,,n/e,n/e,n/e,n/e,n/e,n/e,0,,n/e,n/e,25,,n/e,n/e,n/e,n/e,18,
04:00 - 05:00,52,,n/e,n/e,n/e,n/e,2,,n/e,n/e,n/e,n/e,n/e,n/e,n/e,n/e,n/e,n/e,n/e,n/e,163,,n/e,n/e,n/e,n/e,n/e,n/e,0,,n/e,n/e,58,,n/e,n/e,n/e,n/e,9,
05:00 - 06:00,52,,n/e,n/e,n/e,n/e,2,,n/e,n/e,n/e,n/e,n/e,n/e,n/e,n/e,n/e,n/e,n/e,n/e,160,,n/e,n/e,n/e,n/e,n/e,n/e,0,,n/e,n/e,120,,n/e,n/e,n/e,n/e,24,
06:00 - 07:00,46,,n/e,n/e,n/e,n/e,2,,n/e,n/e,n/e,n/e,n/e,n/e,n/e,n/e,n/e,n/e,n/e,n/e,175,,n/e,n/e,n/e,n/e,n/e,n/e,0,,n/e,n/e,180,,n/e,n/e,n/e,n/e,30,
07:00 - 08:00,42,,n/e,n/e,n/e,n/e,0,,n/e,n/e,n/e,n/e,n/e,n/e,n/e,n/e,n/e,n/e,n/e,n/e,25,,n/e,n/e,n/e,n/e,n/e,n/e,0,,n/e,n/e,213,,n/e,n/e,n/e,n/e,28,
08:00 - 09:00,39,,n/e,n/e,n/e,n/e,0,,n/e,n/e,n/e,n/e,n/e,n/e,n/e,n/e,n/e,n/e,n/e,n/e,21,,n/e,n/e,n/e,n/e,n/e,n/e,0,,n/e,n/e,222,,n/e,n/e,n/e,n/e,17,
09:00 - 10:00,38,,n/e,n/e,n/e,n/e,0,,n/e,n/e,n/e,n/e,n/e,n/e,n/e,n/e,n/e,n/e,n/e,n/e,3,,n/e,n/e,n/e,n/e,n/e,n/e,0,,n/e,n/e,219,,n/e,n/e,n/e,n/e,55,
10:00 - 11:00,36,,n/e,n/e,n/e,n/e,0,,n/e,n/e,n/e,n/e,n/e,n/e,n/e,n/e,n/e,n/e,n/e,n/e,38,,n/e,n/e,n/e,n/e,n/e,n/e,0,,n/e,n/e,219,,n/e,n/e,n/e,n/e,54,
11:00 - 12:00,37,,n/e,n/e,n/e,n/e,0,,n/e,n/e,n/e,n/e,n/e,n/e,n/e,n/e,n/e,n/e,n/e,n/e,51,,n/e,n/e,n/e,n/e,n/e,n/e,0,,n/e,n/e,223,,n/e,n/e,n/e,n/e,44,
12:00 - 13:00,36,,n/e,n/e,n/e,n/e,0,,n/e,n/e,n/e,n/e,n/e,n/e,n/e,n/e,n/e,n/e,n/e,n/e,21,,n/e,n/e,n/e,n/e,n/e,n/e,0,,n/e,n/e,181,,n/e,n/e,n/e,n/e,25,
13:00 - 14:00,36,,n/e,n/e,n/e,n/e,0,,n/e,n/e,n/e,n/e,n/e,n/e,n/e,n/e,n/e,n/e,n/e,n/e,21,,n/e,n/e,n/e,n/e,n/e,n/e,0,,n/e,n/e,167,,n/e,n/e,n/e,n/e,21,
14:00 - 15:00,37,,n/e,n/e,n/e,n/e,0,,n/e,n/e,n/e,n/e,n/e,n/e,n/e,n/e,n/e,n/e,n/e,n/e,39,,n/e,n/e,n/e,n/e,n/e,n/e,0,,n/e,n/e,135,,n/e,n/e,n/e,n/e,20,
15:00 - 16:00,41,,n/e,n/e,n/e,n/e,1,,n/e,n/e,n/e,n/e,n/e,n/e,n/e,n/e,n/e,n/e,n/e,n/e,52,,n/e,n/e,n/e,n/e,n/e,n/e,0,,n/e,n/e,93,,n/e,n/e,n/e,n/e,25,
16:00 - 17:00,53,,n/e,n/e,n/e,n/e,6,,n/e,n/e,n/e,n/e,n/e,n/e,n/e,n/e,n/e,n/e,n/e,n/e,651,,n/e,n/e,n/e,n/e,n/e,n/e,0,,n/e,n/e,49,,n/e,n/e,n/e,n/e,27,
17:00 - 18:00,56,,n/e,n/e,n/e,n/e,6,,n/e,n/e,n/e,n/e,n/e,n/e,n/e,n/e,n/e,n/e,n/e,n/e,678,,n/e,n/e,n/e,n/e,n/e,n/e,0,,n/e,n/e,18,,n/e,n/e,n/e,n/e,20,
18:00 - 19:00,57,,n/e,n/e,n/e,n/e,6,,n/e,n/e,n/e,n/e,n/e,n/e,n/e,n/e,n/e,n/e,n/e,n/e,818,,n/e,n/e,n/e,n/e,n/e,n/e,0,,n/e,n/e,4,,n/e,n/e,n/e,n/e,12,
19:00 - 20:00,56,,n/e,n/e,n/e,n/e,6,,n/e,n/e,n/e,n/e,n/e,n/e,n/e,n/e,n/e,n/e,n/e,n/e,720,,n/e,n/e,n/e,n/e,n/e,n/e,0,,n/e,n/e,0,,n/e,n/e,n/e,n/e,20,
20:00 - 21:00,55,,n/e,n/e,n/e,n/e,6,,n/e,n/e,n/e,n/e,n/e,n/e,n/e,n/e,n/e,n/e,n/e,n/e,429,,n/e,n/e,n/e,n/e,n/e,n/e,0,,n/e,n/e,0,,n/e,n/e,n/e,n/e,27,
21:00 - 22:00,50,,n/e,n/e,n/e,n/e,4,,n/e,n/e,n/e,n/e,n/e,n/e,n/e,n/e,n/e,n/e,n/e,n/e,339,,n/e,n/e,n/e,n/e,n/e,n/e,0,,n/e,n/e,0,,n/e,n/e,n/e,n/e,47,
22:00 - 23:00,47,,n/e,n/e,n/e,n/e,2,,n/e,n/e,n/e,n/e,n/e,n/e,n/e,n/e,n/e,n/e,n/e,n/e,7,,n/e,n/e,n/e,n/e,n/e,n/e,0,,n/e,n/e,0,,n/e,n/e,n/e,n/e,52,
23:00 - 00:00,38,,n/e,n/e,n/e,n/e,0,,n/e,n/e,n/e,n/e,n/e,n/e,n/e,n/e,n/e,n/e,n/e,n/e,3,,n/e,n/e,n/e,n/e,n/e,n/e,0,,n/e,n/e,0,,n/e,n/e,n/e,n/e,57,
00:00 - 01:00,37,,n/e,n/e,n/e,n/e,0,,n/e,n/e,n/e,n/e,n/e,n/e,n/e,n/e,n/e,n/e,n/e,n/e,3,,n/e,n/e,n/e,n/e,n/e,n/e,0,,n/e,n/e,0,,n/e,n/e,n/e,n/e,60,
01:00 - 02:00,35,,n/e,n/e,n/e,n/e,0,,n/e,n/e,n/e,n/e,n/e,n/e,n/e,n/e,n/e,n/e,n/e,n/e,3,,n/e,n/e,n/e,n/e,n/e,n/e,0,,n/e,n/e,0,,n/e,n/e,n/e,n/e,52,
02:00 - 03:00,36,,n/e,n/e,n/e,n/e,0,,n/e,n/e,n/e,n/e,n/e,n/e,n/e,n/e,n/e,n/e,n/e,n/e,3,,n/e,n/e,n/e,n/e,n/e,n/e,0,,n/e,n/e,8,,n/e,n/e,n/e,n/e,69,
03:00 - 04:00,36,,n/e,n/e,n/e,n/e,1,,n/e,n/e,n/e,n/e,n/e,n/e,n/e,n/e,n/e,n/e,n/e,n/e,70,,n/e,n/e,n/e,n/e,n/e,n/e,0,,n/e,n/e,17,,n/e,n/e,n/e,n/e,40,
04:00 - 05:00,35,,n/e,n/e,n/e,n/e,3,,n/e,n/e,n/e,n/e,n/e,n/e,n/e,n/e,n/e,n/e,n/e,n/e,72,,n/e,n/e,n/e,n/e,n/e,n/e,0,,n/e,n/e,26,,n/e,n/e,n/e,n/e,53,
05:00 - 06:00,34,,n/e,n/e,n/e,n/e,2,,n/e,n/e,n/e,n/e,n/e,n/e,n/e,n/e,n/e,n/e,n/e,n/e,19,,n/e,n/e,n/e,n/e,n/e,n/e,0,,n/e,n/e,59,,n/e,n/e,n/e,n/e,44,
06:00 - 07:00,33,,n/e,n/e,n/e,n/e,1,,n/e,n/e,n/e,n/e,n/e,n/e,n/e,n/e,n/e,n/e,n/e,n/e,2,,n/e,n/e,n/e,n/e,n/e,n/e,0,,n/e,n/e,89,,n/e,n/e,n/e,n/e,29,
07:00 - 08:00,32,,n/e,n/e,n/e,n/e,0,,n/e,n/e,n/e,n/e,n/e,n/e,n/e,n/e,n/e,n/e,n/e,n/e,2,,n/e,n/e,n/e,n/e,n/e,n/e,0,,n/e,n/e,69,,n/e,n/e,n/e,n/e,40,
08:00 - 09:00,31,,n/e,n/e,n/e,n/e,0,,n/e,n/e,n/e,n/e,n/e,n/e,n/e,n/e,n/e,n/e,n/e,n/e,2,,n/e,n/e,n/e,n/e,n/e,n/e,0,,n/e,n/e,82,,n/e,n/e,n/e,n/e,18,
09:00 - 10:00,32,,n/e,n/e,n/e,n/e,0,,n/e,n/e,n/e,n/e,n/e,n/e,n/e,n/e,n/e,n/e,n/e,n/e,23,,n/e,n/e,n/e,n/e,n/e,n/e,0,,n/e,n/e,86,,n/e,n/e,n/e,n/e,23,
10:00 - 11:00,33,,n/e,n/e,n/e,n/e,0,,n/e,n/e,n/e,n/e,n/e,n/e,n/e,n/e,n/e,n/e,n/e,n/e,17,,n/e,n/e,n/e,n/e,n/e,n/e,0,,n/e,n/e,115,,n/e,n/e,n/e,n/e,24,
11:00 - 12:00,35,,n/e,n/e,n/e,n/e,0,,n/e,n/e,n/e,n/e,n/e,n/e,n/e,n/e,n/e,n/e,n/e,n/e,2,,n/e,n/e,n/e,n/e,n/e,n/e,0,,n/e,n/e,149,,n/e,n/e,n/e,n/e,38,
12:00 - 13:00,34,,n/e,n/e,n/e,n/e,0,,n/e,n/e,n/e,n/e,n/e,n/e,n/e,n/e,n/e,n/e,n/e,n/e,2,,n/e,n/e,n/e,n/e,n/e,n/e,0,,n/e,n/e,160,,n/e,n/e,n/e,n/e,28,
13:00 - 14:00,34,,n/e,n/e,n/e,n/e,0,,n/e,n/e,n/e,n/e,n/e,n/e,n/e,n/e,n/e,n/e,n/e,n/e,4,,n/e,n/e,n/e,n/e,n/e,n/e,0,,n/e,n/e,160,,n/e,n/e,n/e,n/e,29,
14:00 - 15:00,33,,n/e,n/e,n/e,n/e,0,,n/e,n/e,n/e,n/e,n/e,n/e,n/e,n/e,n/e,n/e,n/e,n/e,91,,n/e,n/e,n/e,n/e,n/e,n/e,0,,n/e,n/e,129,,n/e,n/e,n/e,n/e,31,
15:00 - 16:00,34,,n/e,n/e,n/e,n/e,0,,n/e,n/e,n/e,n/e,n/e,n/e,n/e,n/e,n/e,n/e,n/e,n/e,93,,n/e,n/e,n/e,n/e,n/e,n/e,0,,n/e,n/e,92,,n/e,n/e,n/e,n/e,30,
16:00 - 17:00,44,,n/e,n/e,n/e,n/e,4,,n/e,n/e,n/e,n/e,n/e,n/e,n/e,n/e,n/e,n/e,n/e,n/e,167,,n/e,n/e,n/e,n/e,n/e,n/e,0,,n/e,n/e,52,,n/e,n/e,n/e,n/e,94,
17:00 - 18:00,53,,n/e,n/e,n/e,n/e,6,,n/e,n/e,n/e,n/e,n/e,n/e,n/e,n/e,n/e,n/e,n/e,n/e,286,,n/e,n/e,n/e,n/e,n/e,n/e,0,,n/e,n/e,19,,n/e,n/e,n/e,n/e,85,
18:00 - 19:00,55,,n/e,n/e,n/e,n/e,8,,n/e,n/e,n/e,n/e,n/e,n/e,n/e,n/e,n/e,n/e,n/e,n/e,360,,n/e,n/e,n/e,n/e,n/e,n/e,0,,n/e,n/e,4,,n/e,n/e,n/e,n/e,69,
19:00 - 20:00,55,,n/e,n/e,n/e,n/e,9,,n/e,n/e,n/e,n/e,n/e,n/e,n/e,n/e,n/e,n/e,n/e,n/e,309,,n/e,n/e,n/e,n/e,n/e,n/e,0,,n/e,n/e,0,,n/e,n/e,n/e,n/e,78,
20:00 - 21:00,53,,n/e,n/e,n/e,n/e,8,,n/e,n/e,n/e,n/e,n/e,n/e,n/e,n/e,n/e,n/e,n/e,n/e,337,,n/e,n/e,n/e,n/e,n/e,n/e,0,,n/e,n/e,0,,n/e,n/e,n/e,n/e,61,
21:00 - 22:00,50,,n/e,n/e,n/e,n/e,6,,n/e,n/e,n/e,n/e,n/e,n/e,n/e,n/e,n/e,n/e,n/e,n/e,161,,n/e,n/e,n/e,n/e,n/e,n/e,0,,n/e,n/e,0,,n/e,n/e,n/e,n/e,71,
22:00 - 23:00,48,,n/e,n/e,n/e,n/e,2,,n/e,n/e,n/e,n/e,n/e,n/e,n/e,n/e,n/e,n/e,n/e,n/e,14,,n/e,n/e,n/e,n/e,n/e,n/e,0,,n/e,n/e,0,,n/e,n/e,n/e,n/e,98,
23:00 - 00:00,48,,n/e,n/e,n/e,n/e,2,,n/e,n/e,n/e,n/e,n/e,n/e,n/e,n/e,n/e,n/e,n/e,n/e,20,,n/e,n/e,n/e,n/e,n/e,n/e,0,,n/e,n/e,0,,n/e,n/e,n/e,n/e,93,
00:00 - 01:00,49,,n/e,n/e,n/e,n/e,2,,n/e,n/e,n/e,n/e,n/e,n/e,n/e,n/e,n/e,n/e,n/e,n/e,21,,n/e,n/e,n/e,n/e,n/e,n/e,0,,n/e,n/e,0,,n/e,n/e,n/e,n/e,99,
01:00 - 02:00,50,,n/e,n/e,n/e,n/e,2,,n/e,n/e,n/e,n/e,n/e,n/e,n/e,n/e,n/e,n/e,n/e,n/e,21,,n/e,n/e,n/e,n/e,n/e,n/e,0,,n/e,n/e,0,,n/e,n/e,n/e,n/e,71,
02:00 - 03:00,51,,n/e,n/e,n/e,n/e,3,,n/e,n/e,n/e,n/e,n/e,n/e,n/e,n/e,n/e,n/e,n/e,n/e,23,,n/e,n/e,n/e,n/e,n/e,n/e,0,,n/e,n/e,4,,n/e,n/e,n/e,n/e,47,
03:00 - 04:00,54,,n/e,n/e,n/e,n/e,5,,n/e,n/e,n/e,n/e,n/e,n/e,n/e,n/e,n/e,n/e,n/e,n/e,179,,n/e,n/e,n/e,n/e,n/e,n/e,0,,n/e,n/e,13,,n/e,n/e,n/e,n/e,54,
04:00 - 05:00,61,,n/e,n/e,n/e,n/e,9,,n/e,n/e,n/e,n/e,n/e,n/e,n/e,n/e,n/e,n/e,n/e,n/e,236,,n/e,n/e,n/e,n/e,n/e,n/e,0,,n/e,n/e,31,,n/e,n/e,n/e,n/e,50,
05:00 - 06:00,65,,n/e,n/e,n/e,n/e,10,,n/e,n/e,n/e,n/e,n/e,n/e,n/e,n/e,n/e,n/e,n/e,n/e,305,,n/e,n/e,n/e,n/e,n/e,n/e,0,,n/e,n/e,71,,n/e,n/e,n/e,n/e,57,
06:00 - 07:00,66,,n/e,n/e,n/e,n/e,10,,n/e,n/e,n/e,n/e,n/e,n/e,n/e,n/e,n/e,n/e,n/e,n/e,241,,n/e,n/e,n/e,n/e,n/e,n/e,0,,n/e,n/e,144,,n/e,n/e,n/e,n/e,72,
07:00 - 08:00,59,,n/e,n/e,n/e,n/e,7,,n/e,n/e,n/e,n/e,n/e,n/e,n/e,n/e,n/e,n/e,n/e,n/e,4,,n/e,n/e,n/e,n/e,n/e,n/e,0,,n/e,n/e,200,,n/e,n/e,n/e,n/e,84,
08:00 - 09:00,57,,n/e,n/e,n/e,n/e,5,,n/e,n/e,n/e,n/e,n/e,n/e,n/e,n/e,n/e,n/e,n/e,n/e,4,,n/e,n/e,n/e,n/e,n/e,n/e,0,,n/e,n/e,184,,n/e,n/e,n/e,n/e,83,
09:00 - 10:00,54,,n/e,n/e,n/e,n/e,7,,n/e,n/e,n/e,n/e,n/e,n/e,n/e,n/e,n/e,n/e,n/e,n/e,4,,n/e,n/e,n/e,n/e,n/e,n/e,0,,n/e,n/e,168,,n/e,n/e,n/e,n/e,86,
10:00 - 11:00,54,,n/e,n/e,n/e,n/e,5,,n/e,n/e,n/e,n/e,n/e,n/e,n/e,n/e,n/e,n/e,n/e,n/e,3,,n/e,n/e,n/e,n/e,n/e,n/e,0,,n/e,n/e,153,,n/e,n/e,n/e,n/e,97,
11:00 - 12:00,53,,n/e,n/e,n/e,n/e,6,,n/e,n/e,n/e,n/e,n/e,n/e,n/e,n/e,n/e,n/e,n/e,n/e,20,,n/e,n/e,n/e,n/e,n/e,n/e,0,,n/e,n/e,163,,n/e,n/e,n/e,n/e,98,
12:00 - 13:00,55,,n/e,n/e,n/e,n/e,4,,n/e,n/e,n/e,n/e,n/e,n/e,n/e,n/e,n/e,n/e,n/e,n/e,4,,n/e,n/e,n/e,n/e,n/e,n/e,0,,n/e,n/e,142,,n/e,n/e,n/e,n/e,100,
13:00 - 14:00,56,,n/e,n/e,n/e,n/e,4,,n/e,n/e,n/e,n/e,n/e,n/e,n/e,n/e,n/e,n/e,n/e,n/e,22,,n/e,n/e,n/e,n/e,n/e,n/e,0,,n/e,n/e,134,,n/e,n/e,n/e,n/e,100,
14:00 - 15:00,60,,n/e,n/e,n/e,n/e,7,,n/e,n/e,n/e,n/e,n/e,n/e,n/e,n/e,n/e,n/e,n/e,n/e,22,,n/e,n/e,n/e,n/e,n/e,n/e,0,,n/e,n/e,122,,n/e,n/e,n/e,n/e,97,
15:00 - 16:00,62,,n/e,n/e,n/e,n/e,7,,n/e,n/e,n/e,n/e,n/e,n/e,n/e,n/e,n/e,n/e,n/e,n/e,179,,n/e,n/e,n/e,n/e,n/e,n/e,0,,n/e,n/e,73,,n/e,n/e,n/e,n/e,89,
16:00 - 17:00,62,,n/e,n/e,n/e,n/e,7,,n/e,n/e,n/e,n/e,n/e,n/e,n/e,n/e,n/e,n/e,n/e,n/e,194,,n/e,n/e,n/e,n/e,n/e,n/e,0,,n/e,n/e,45,,n/e,n/e,n/e,n/e,74,
17:00 - 18:00,63,,n/e,n/e,n/e,n/e,10,,n/e,n/e,n/e,n/e,n/e,n/e,n/e,n/e,n/e,n/e,n/e,n/e,322,,n/e,n/e,n/e,n/e,n/e,n/e,0,,n/e,n/e,18,,n/e,n/e,n/e,n/e,62,
18:00 - 19:00,64,,n/e,n/e,n/e,n/e,10,,n/e,n/e,n/e,n/e,n/e,n/e,n/e,n/e,n/e,n/e,n/e,n/e,437,,n/e,n/e,n/e,n/e,n/e,n/e,0,,n/e,n/e,5,,n/e,n/e,n/e,n/e,37,
19:00 - 20:00,62,,n/e,n/e,n/e,n/e,10,,n/e,n/e,n/e,n/e,n/e,n/e,n/e,n/e,n/e,n/e,n/e,n/e,461,,n/e,n/e,n/e,n/e,n/e,n/e,0,,n/e,n/e,0,,n/e,n/e,n/e,n/e,32,
20:00 - 21:00,61,,n/e,n/e,n/e,n/e,7,,n/e,n/e,n/e,n/e,n/e,n/e,n/e,n/e,n/e,n/e,n/e,n/e,321,,n/e,n/e,n/e,n/e,n/e,n/e,0,,n/e,n/e,0,,n/e,n/e,n/e,n/e,29,
21:00 - 22:00,59,,n/e,n/e,n/e,n/e,6,,n/e,n/e,n/e,n/e,n/e,n/e,n/e,n/e,n/e,n/e,n/e,n/e,49,,n/e,n/e,n/e,n/e,n/e,n/e,0,,n/e,n/e,0,,n/e,n/e,n/e,n/e,30,
22:00 - 23:00,59,,n/e,n/e,n/e,n/e,5,,n/e,n/e,n/e,n/e,n/e,n/e,n/e,n/e,n/e,n/e,n/e,n/e,178,,n/e,n/e,n/e,n/e,n/e,n/e,0,,n/e,n/e,0,,n/e,n/e,n/e,n/e,29,
23:00 - 00:00,59,,n/e,n/e,n/e,n/e,3,,n/e,n/e,n/e,n/e,n/e,n/e,n/e,n/e,n/e,n/e,n/e,n/e,178,,n/e,n/e,n/e,n/e,n/e,n/e,0,,n/e,n/e,0,,n/e,n/e,n/e,n/e,26,
00:00 - 01:00,56,,n/e,n/e,n/e,n/e,3,,n/e,n/e,n/e,n/e,n/e,n/e,n/e,n/e,n/e,n/e,n/e,n/e,178,,n/e,n/e,n/e,n/e,n/e,n/e,0,,n/e,n/e,0,,n/e,n/e,n/e,n/e,20,
01:00 - 02:00,56,,n/e,n/e,n/e,n/e,3,,n/e,n/e,n/e,n/e,n/e,n/e,n/e,n/e,n/e,n/e,n/e,n/e,178,,n/e,n/e,n/e,n/e,n/e,n/e,0,,n/e,n/e,1,,n/e,n/e,n/e,n/e,19,
02:00 - 03:00,57,,n/e,n/e,n/e,n/e,3,,n/e,n/e,n/e,n/e,n/e,n/e,n/e,n/e,n/e,n/e,n/e,n/e,178,,n/e,n/e,n/e,n/e,n/e,n/e,0,,n/e,n/e,7,,n/e,n/e,n/e,n/e,14,
03:00 - 04:00,59,,n/e,n/e,n/e,n/e,3,,n/e,n/e,n/e,n/e,n/e,n/e,n/e,n/e,n/e,n/e,n/e,n/e,178,,n/e,n/e,n/e,n/e,n/e,n/e,0,,n/e,n/e,24,,n/e,n/e,n/e,n/e,15,
04:00 - 05:00,66,,n/e,n/e,n/e,n/e,3,,n/e,n/e,n/e,n/e,n/e,n/e,n/e,n/e,n/e,n/e,n/e,n/e,179,,n/e,n/e,n/e,n/e,n/e,n/e,0,,n/e,n/e,66,,n/e,n/e,n/e,n/e,14,
05:00 - 06:00,68,,n/e,n/e,n/e,n/e,3,,n/e,n/e,n/e,n/e,n/e,n/e,n/e,n/e,n/e,n/e,n/e,n/e,185,,n/e,n/e,n/e,n/e,n/e,n/e,0,,n/e,n/e,132,,n/e,n/e,n/e,n/e,22,
06:00 - 07:00,66,,n/e,n/e,n/e,n/e,3,,n/e,n/e,n/e,n/e,n/e,n/e,n/e,n/e,n/e,n/e,n/e,n/e,186,,n/e,n/e,n/e,n/e,n/e,n/e,0,,n/e,n/e,201,,n/e,n/e,n/e,n/e,24,
07:00 - 08:00,63,,n/e,n/e,n/e,n/e,2,,n/e,n/e,n/e,n/e,n/e,n/e,n/e,n/e,n/e,n/e,n/e,n/e,7,,n/e,n/e,n/e,n/e,n/e,n/e,0,,n/e,n/e,250,,n/e,n/e,n/e,n/e,20,
08:00 - 09:00,58,,n/e,n/e,n/e,n/e,2,,n/e,n/e,n/e,n/e,n/e,n/e,n/e,n/e,n/e,n/e,n/e,n/e,5,,n/e,n/e,n/e,n/e,n/e,n/e,0,,n/e,n/e,263,,n/e,n/e,n/e,n/e,29,
09:00 - 10:00,55,,n/e,n/e,n/e,n/e,2,,n/e,n/e,n/e,n/e,n/e,n/e,n/e,n/e,n/e,n/e,n/e,n/e,4,,n/e,n/e,n/e,n/e,n/e,n/e,0,,n/e,n/e,262,,n/e,n/e,n/e,n/e,42,
10:00 - 11:00,51,,n/e,n/e,n/e,n/e,2,,n/e,n/e,n/e,n/e,n/e,n/e,n/e,n/e,n/e,n/e,n/e,n/e,4,,n/e,n/e,n/e,n/e,n/e,n/e,0,,n/e,n/e,228,,n/e,n/e,n/e,n/e,45,
11:00 - 12:00,50,,n/e,n/e,n/e,n/e,5,,n/e,n/e,n/e,n/e,n/e,n/e,n/e,n/e,n/e,n/e,n/e,n/e,9,,n/e,n/e,n/e,n/e,n/e,n/e,0,,n/e,n/e,159,,n/e,n/e,n/e,n/e,15,
12:00 - 13:00,48,,n/e,n/e,n/e,n/e,2,,n/e,n/e,n/e,n/e,n/e,n/e,n/e,n/e,n/e,n/e,n/e,n/e,12,,n/e,n/e,n/e,n/e,n/e,n/e,0,,n/e,n/e,120,,n/e,n/e,n/e,n/e,6,
13:00 - 14:00,49,,n/e,n/e,n/e,n/e,5,,n/e,n/e,n/e,n/e,n/e,n/e,n/e,n/e,n/e,n/e,n/e,n/e,10,,n/e,n/e,n/e,n/e,n/e,n/e,0,,n/e,n/e,107,,n/e,n/e,n/e,n/e,5,
14:00 - 15:00,51,,n/e,n/e,n/e,n/e,5,,n/e,n/e,n/e,n/e,n/e,n/e,n/e,n/e,n/e,n/e,n/e,n/e,174,,n/e,n/e,n/e,n/e,n/e,n/e,0,,n/e,n/e,95,,n/e,n/e,n/e,n/e,3,
15:00 - 16:00,54,,n/e,n/e,n/e,n/e,5,,n/e,n/e,n/e,n/e,n/e,n/e,n/e,n/e,n/e,n/e,n/e,n/e,350,,n/e,n/e,n/e,n/e,n/e,n/e,0,,n/e,n/e,51,,n/e,n/e,n/e,n/e,1,
16:00 - 17:00,57,,n/e,n/e,n/e,n/e,6,,n/e,n/e,n/e,n/e,n/e,n/e,n/e,n/e,n/e,n/e,n/e,n/e,450,,n/e,n/e,n/e,n/e,n/e,n/e,0,,n/e,n/e,25,,n/e,n/e,n/e,n/e,8,
17:00 - 18:00,60,,n/e,n/e,n/e,n/e,6,,n/e,n/e,n/e,n/e,n/e,n/e,n/e,n/e,n/e,n/e,n/e,n/e,539,,n/e,n/e,n/e,n/e,n/e,n/e,0,,n/e,n/e,14,,n/e,n/e,n/e,n/e,4,
18:00 - 19:00,64,,n/e,n/e,n/e,n/e,7,,n/e,n/e,n/e,n/e,n/e,n/e,n/e,n/e,n/e,n/e,n/e,n/e,544,,n/e,n/e,n/e,n/e,n/e,n/e,0,,n/e,n/e,3,,n/e,n/e,n/e,n/e,5,
19:00 - 20:00,62,,n/e,n/e,n/e,n/e,9,,n/e,n/e,n/e,n/e,n/e,n/e,n/e,n/e,n/e,n/e,n/e,n/e,513,,n/e,n/e,n/e,n/e,n/e,n/e,0,,n/e,n/e,0,,n/e,n/e,n/e,n/e,9,
20:00 - 21:00,60,,n/e,n/e,n/e,n/e,8,,n/e,n/e,n/e,n/e,n/e,n/e,n/e,n/e,n/e,n/e,n/e,n/e,420,,n/e,n/e,n/e,n/e,n/e,n/e,0,,n/e,n/e,0,,n/e,n/e,n/e,n/e,13,
21:00 - 22:00,58,,n/e,n/e,n/e,n/e,5,,n/e,n/e,n/e,n/e,n/e,n/e,n/e,n/e,n/e,n/e,n/e,n/e,306,,n/e,n/e,n/e,n/e,n/e,n/e,0,,n/e,n/e,0,,n/e,n/e,n/e,n/e,23,
22:00 - 23:00,59,,n/e,n/e,n/e,n/e,6,,n/e,n/e,n/e,n/e,n/e,n/e,n/e,n/e,n/e,n/e,n/e,n/e,7,,n/e,n/e,n/e,n/e,n/e,n/e,0,,n/e,n/e,0,,n/e,n/e,n/e,n/e,19,
23:00 - 00:00,58,,n/e,n/e,n/e,n/e,6,,n/e,n/e,n/e,n/e,n/e,n/e,n/e,n/e,n/e,n/e,n/e,n/e,3,,n/e,n/e,n/e,n/e,n/e,n/e,0,,n/e,n/e,0,,n/e,n/e,n/e,n/e,17,
00:00 - 01:00,56,,n/e,n/e,n/e,n/e,7,,n/e,n/e,n/e,n/e,n/e,n/e,n/e,n/e,n/e,n/e,n/e,n/e,3,,n/e,n/e,n/e,n/e,n/e,n/e,0,,n/e,n/e,0,,n/e,n/e,n/e,n/e,16,
01:00 - 02:00,56,,n/e,n/e,n/e,n/e,7,,n/e,n/e,n/e,n/e,n/e,n/e,n/e,n/e,n/e,n/e,n/e,n/e,3,,n/e,n/e,n/e,n/e,n/e,n/e,0,,n/e,n/e,1,,n/e,n/e,n/e,n/e,11,
02:00 - 03:00,57,,n/e,n/e,n/e,n/e,4,,n/e,n/e,n/e,n/e,n/e,n/e,n/e,n/e,n/e,n/e,n/e,n/e,3,,n/e,n/e,n/e,n/e,n/e,n/e,0,,n/e,n/e,7,,n/e,n/e,n/e,n/e,15,
03:00 - 04:00,58,,n/e,n/e,n/e,n/e,5,,n/e,n/e,n/e,n/e,n/e,n/e,n/e,n/e,n/e,n/e,n/e,n/e,3,,n/e,n/e,n/e,n/e,n/e,n/e,0,,n/e,n/e,23,,n/e,n/e,n/e,n/e,16,
04:00 - 05:00,64,,n/e,n/e,n/e,n/e,9,,n/e,n/e,n/e,n/e,n/e,n/e,n/e,n/e,n/e,n/e,n/e,n/e,4,,n/e,n/e,n/e,n/e,n/e,n/e,0,,n/e,n/e,53,,n/e,n/e,n/e,n/e,12,
05:00 - 06:00,69,,n/e,n/e,n/e,n/e,9,,n/e,n/e,n/e,n/e,n/e,n/e,n/e,n/e,n/e,n/e,n/e,n/e,98,,n/e,n/e,n/e,n/e,n/e,n/e,0,,n/e,n/e,83,,n/e,n/e,n/e,n/e,23,
06:00 - 07:00,68,,n/e,n/e,n/e,n/e,9,,n/e,n/e,n/e,n/e,n/e,n/e,n/e,n/e,n/e,n/e,n/e,n/e,9,,n/e,n/e,n/e,n/e,n/e,n/e,0,,n/e,n/e,129,,n/e,n/e,n/e,n/e,32,
07:00 - 08:00,61,,n/e,n/e,n/e,n/e,6,,n/e,n/e,n/e,n/e,n/e,n/e,n/e,n/e,n/e,n/e,n/e,n/e,4,,n/e,n/e,n/e,n/e,n/e,n/e,0,,n/e,n/e,165,,n/e,n/e,n/e,n/e,37,
08:00 - 09:00,54,,n/e,n/e,n/e,n/e,3,,n/e,n/e,n/e,n/e,n/e,n/e,n/e,n/e,n/e,n/e,n/e,n/e,4,,n/e,n/e,n/e,n/e,n/e,n/e,0,,n/e,n/e,189,,n/e,n/e,n/e,n/e,52,
09:00 - 10:00,52,,n/e,n/e,n/e,n/e,4,,n/e,n/e,n/e,n/e,n/e,n/e,n/e,n/e,n/e,n/e,n/e,n/e,3,,n/e,n/e,n/e,n/e,n/e,n/e,0,,n/e,n/e,196,,n/e,n/e,n/e,n/e,61,
10:00 - 11:00,50,,n/e,n/e,n/e,n/e,3,,n/e,n/e,n/e,n/e,n/e,n/e,n/e,n/e,n/e,n/e,n/e,n/e,3,,n/e,n/e,n/e,n/e,n/e,n/e,0,,n/e,n/e,189,,n/e,n/e,n/e,n/e,66,
11:00 - 12:00,48,,n/e,n/e,n/e,n/e,2,,n/e,n/e,n/e,n/e,n/e,n/e,n/e,n/e,n/e,n/e,n/e,n/e,4,,n/e,n/e,n/e,n/e,n/e,n/e,0,,n/e,n/e,199,,n/e,n/e,n/e,n/e,67,
12:00 - 13:00,46,,n/e,n/e,n/e,n/e,2,,n/e,n/e,n/e,n/e,n/e,n/e,n/e,n/e,n/e,n/e,n/e,n/e,3,,n/e,n/e,n/e,n/e,n/e,n/e,0,,n/e,n/e,173,,n/e,n/e,n/e,n/e,77,
13:00 - 14:00,45,,n/e,n/e,n/e,n/e,2,,n/e,n/e,n/e,n/e,n/e,n/e,n/e,n/e,n/e,n/e,n/e,n/e,3,,n/e,n/e,n/e,n/e,n/e,n/e,0,,n/e,n/e,149,,n/e,n/e,n/e,n/e,81,
14:00 - 15:00,47,,n/e,n/e,n/e,n/e,2,,n/e,n/e,n/e,n/e,n/e,n/e,n/e,n/e,n/e,n/e,n/e,n/e,140,,n/e,n/e,n/e,n/e,n/e,n/e,0,,n/e,n/e,104,,n/e,n/e,n/e,n/e,73,
15:00 - 16:00,53,,n/e,n/e,n/e,n/e,4,,n/e,n/e,n/e,n/e,n/e,n/e,n/e,n/e,n/e,n/e,n/e,n/e,313,,n/e,n/e,n/e,n/e,n/e,n/e,0,,n/e,n/e,77,,n/e,n/e,n/e,n/e,68,
16:00 - 17:00,55,,n/e,n/e,n/e,n/e,7,,n/e,n/e,n/e,n/e,n/e,n/e,n/e,n/e,n/e,n/e,n/e,n/e,367,,n/e,n/e,n/e,n/e,n/e,n/e,0,,n/e,n/e,45,,n/e,n/e,n/e,n/e,65,
17:00 - 18:00,58,,n/e,n/e,n/e,n/e,9,,n/e,n/e,n/e,n/e,n/e,n/e,n/e,n/e,n/e,n/e,n/e,n/e,371,,n/e,n/e,n/e,n/e,n/e,n/e,0,,n/e,n/e,19,,n/e,n/e,n/e,n/e,45,
18:00 - 19:00,57,,n/e,n/e,n/e,n/e,9,,n/e,n/e,n/e,n/e,n/e,n/e,n/e,n/e,n/e,n/e,n/e,n/e,376,,n/e,n/e,n/e,n/e,n/e,n/e,0,,n/e,n/e,5,,n/e,n/e,n/e,n/e,33,
19:00 - 20:00,55,,n/e,n/e,n/e,n/e,9,,n/e,n/e,n/e,n/e,n/e,n/e,n/e,n/e,n/e,n/e,n/e,n/e,385,,n/e,n/e,n/e,n/e,n/e,n/e,0,,n/e,n/e,0,,n/e,n/e,n/e,n/e,25,
20:00 - 21:00,53,,n/e,n/e,n/e,n/e,9,,n/e,n/e,n/e,n/e,n/e,n/e,n/e,n/e,n/e,n/e,n/e,n/e,374,,n/e,n/e,n/e,n/e,n/e,n/e,0,,n/e,n/e,0,,n/e,n/e,n/e,n/e,21,
21:00 - 22:00,51,,n/e,n/e,n/e,n/e,7,,n/e,n/e,n/e,n/e,n/e,n/e,n/e,n/e,n/e,n/e,n/e,n/e,216,,n/e,n/e,n/e,n/e,n/e,n/e,0,,n/e,n/e,0,,n/e,n/e,n/e,n/e,22,
22:00 - 23:00,51,,n/e,n/e,n/e,n/e,5,,n/e,n/e,n/e,n/e,n/e,n/e,n/e,n/e,n/e,n/e,n/e,n/e,174,,n/e,n/e,n/e,n/e,n/e,n/e,0,,n/e,n/e,0,,n/e,n/e,n/e,n/e,21,
23:00 - 00:00,51,,n/e,n/e,n/e,n/e,4,,n/e,n/e,n/e,n/e,n/e,n/e,n/e,n/e,n/e,n/e,n/e,n/e,3,,n/e,n/e,n/e,n/e,n/e,n/e,0,,n/e,n/e,0,,n/e,n/e,n/e,n/e,23,
00:00 - 01:00,49,,n/e,n/e,n/e,n/e,4,,n/e,n/e,n/e,n/e,n/e,n/e,n/e,n/e,n/e,n/e,n/e,n/e,2,,n/e,n/e,n/e,n/e,n/e,n/e,0,,n/e,n/e,0,,n/e,n/e,n/e,n/e,31,
01:00 - 02:00,49,,n/e,n/e,n/e,n/e,4,,n/e,n/e,n/e,n/e,n/e,n/e,n/e,n/e,n/e,n/e,n/e,n/e,3,,n/e,n/e,n/e,n/e,n/e,n/e,0,,n/e,n/e,1,,n/e,n/e,n/e,n/e,35,
02:00 - 03:00,49,,n/e,n/e,n/e,n/e,4,,n/e,n/e,n/e,n/e,n/e,n/e,n/e,n/e,n/e,n/e,n/e,n/e,92,,n/e,n/e,n/e,n/e,n/e,n/e,0,,n/e,n/e,7,,n/e,n/e,n/e,n/e,28,
03:00 - 04:00,53,,n/e,n/e,n/e,n/e,6,,n/e,n/e,n/e,n/e,n/e,n/e,n/e,n/e,n/e,n/e,n/e,n/e,160,,n/e,n/e,n/e,n/e,n/e,n/e,0,,n/e,n/e,24,,n/e,n/e,n/e,n/e,21,
04:00 - 05:00,61,,n/e,n/e,n/e,n/e,11,,n/e,n/e,n/e,n/e,n/e,n/e,n/e,n/e,n/e,n/e,n/e,n/e,177,,n/e,n/e,n/e,n/e,n/e,n/e,0,,n/e,n/e,66,,n/e,n/e,n/e,n/e,49,
05:00 - 06:00,65,,n/e,n/e,n/e,n/e,12,,n/e,n/e,n/e,n/e,n/e,n/e,n/e,n/e,n/e,n/e,n/e,n/e,144,,n/e,n/e,n/e,n/e,n/e,n/e,0,,n/e,n/e,133,,n/e,n/e,n/e,n/e,51,
06:00 - 07:00,62,,n/e,n/e,n/e,n/e,9,,n/e,n/e,n/e,n/e,n/e,n/e,n/e,n/e,n/e,n/e,n/e,n/e,113,,n/e,n/e,n/e,n/e,n/e,n/e,0,,n/e,n/e,194,,n/e,n/e,n/e,n/e,47,
07:00 - 08:00,60,,n/e,n/e,n/e,n/e,6,,n/e,n/e,n/e,n/e,n/e,n/e,n/e,n/e,n/e,n/e,n/e,n/e,102,,n/e,n/e,n/e,n/e,n/e,n/e,0,,n/e,n/e,234,,n/e,n/e,n/e,n/e,37,
08:00 - 09:00,60,,n/e,n/e,n/e,n/e,6,,n/e,n/e,n/e,n/e,n/e,n/e,n/e,n/e,n/e,n/e,n/e,n/e,108,,n/e,n/e,n/e,n/e,n/e,n/e,0,,n/e,n/e,246,,n/e,n/e,n/e,n/e,33,
09:00 - 10:00,59,,n/e,n/e,n/e,n/e,6,,n/e,n/e,n/e,n/e,n/e,n/e,n/e,n/e,n/e,n/e,n/e,n/e,22,,n/e,n/e,n/e,n/e,n/e,n/e,0,,n/e,n/e,229,,n/e,n/e,n/e,n/e,33,
10:00 - 11:00,59,,n/e,n/e,n/e,n/e,9,,n/e,n/e,n/e,n/e,n/e,n/e,n/e,n/e,n/e,n/e,n/e,n/e,5,,n/e,n/e,n/e,n/e,n/e,n/e,0,,n/e,n/e,207,,n/e,n/e,n/e,n/e,31,
11:00 - 12:00,59,,n/e,n/e,n/e,n/e,7,,n/e,n/e,n/e,n/e,n/e,n/e,n/e,n/e,n/e,n/e,n/e,n/e,4,,n/e,n/e,n/e,n/e,n/e,n/e,0,,n/e,n/e,210,,n/e,n/e,n/e,n/e,27,
12:00 - 13:00,60,,n/e,n/e,n/e,n/e,6,,n/e,n/e,n/e,n/e,n/e,n/e,n/e,n/e,n/e,n/e,n/e,n/e,21,,n/e,n/e,n/e,n/e,n/e,n/e,0,,n/e,n/e,194,,n/e,n/e,n/e,n/e,31,
13:00 - 14:00,58,,n/e,n/e,n/e,n/e,8,,n/e,n/e,n/e,n/e,n/e,n/e,n/e,n/e,n/e,n/e,n/e,n/e,11,,n/e,n/e,n/e,n/e,n/e,n/e,0,,n/e,n/e,172,,n/e,n/e,n/e,n/e,28,
14:00 - 15:00,57,,n/e,n/e,n/e,n/e,9,,n/e,n/e,n/e,n/e,n/e,n/e,n/e,n/e,n/e,n/e,n/e,n/e,124,,n/e,n/e,n/e,n/e,n/e,n/e,0,,n/e,n/e,143,,n/e,n/e,n/e,n/e,28,
15:00 - 16:00,56,,n/e,n/e,n/e,n/e,9,,n/e,n/e,n/e,n/e,n/e,n/e,n/e,n/e,n/e,n/e,n/e,n/e,296,,n/e,n/e,n/e,n/e,n/e,n/e,0,,n/e,n/e,88,,n/e,n/e,n/e,n/e,20,
16:00 - 17:00,56,,n/e,n/e,n/e,n/e,11,,n/e,n/e,n/e,n/e,n/e,n/e,n/e,n/e,n/e,n/e,n/e,n/e,498,,n/e,n/e,n/e,n/e,n/e,n/e,0,,n/e,n/e,43,,n/e,n/e,n/e,n/e,15,
17:00 - 18:00,58,,n/e,n/e,n/e,n/e,12,,n/e,n/e,n/e,n/e,n/e,n/e,n/e,n/e,n/e,n/e,n/e,n/e,513,,n/e,n/e,n/e,n/e,n/e,n/e,0,,n/e,n/e,19,,n/e,n/e,n/e,n/e,12,
18:00 - 19:00,58,,n/e,n/e,n/e,n/e,11,,n/e,n/e,n/e,n/e,n/e,n/e,n/e,n/e,n/e,n/e,n/e,n/e,438,,n/e,n/e,n/e,n/e,n/e,n/e,0,,n/e,n/e,5,,n/e,n/e,n/e,n/e,3,
19:00 - 20:00,55,,n/e,n/e,n/e,n/e,9,,n/e,n/e,n/e,n/e,n/e,n/e,n/e,n/e,n/e,n/e,n/e,n/e,402,,n/e,n/e,n/e,n/e,n/e,n/e,0,,n/e,n/e,0,,n/e,n/e,n/e,n/e,3,
20:00 - 21:00,54,,n/e,n/e,n/e,n/e,6,,n/e,n/e,n/e,n/e,n/e,n/e,n/e,n/e,n/e,n/e,n/e,n/e,215,,n/e,n/e,n/e,n/e,n/e,n/e,0,,n/e,n/e,0,,n/e,n/e,n/e,n/e,4,
21:00 - 22:00,53,,n/e,n/e,n/e,n/e,5,,n/e,n/e,n/e,n/e,n/e,n/e,n/e,n/e,n/e,n/e,n/e,n/e,156,,n/e,n/e,n/e,n/e,n/e,n/e,0,,n/e,n/e,0,,n/e,n/e,n/e,n/e,4,
22:00 - 23:00,52,,n/e,n/e,n/e,n/e,5,,n/e,n/e,n/e,n/e,n/e,n/e,n/e,n/e,n/e,n/e,n/e,n/e,3,,n/e,n/e,n/e,n/e,n/e,n/e,0,,n/e,n/e,0,,n/e,n/e,n/e,n/e,4,
23:00 - 00:00,50,,n/e,n/e,n/e,n/e,3,,n/e,n/e,n/e,n/e,n/e,n/e,n/e,n/e,n/e,n/e,n/e,n/e,2,,n/e,n/e,n/e,n/e,n/e,n/e,0,,n/e,n/e,0,,n/e,n/e,n/e,n/e,4,
00:00 - 01:00,49,,n/e,n/e,n/e,n/e,6,,n/e,n/e,n/e,n/e,n/e,n/e,n/e,n/e,n/e,n/e,n/e,n/e,2,,n/e,n/e,n/e,n/e,n/e,n/e,0,,n/e,n/e,0,,n/e,n/e,n/e,n/e,4,
01:00 - 02:00,48,,n/e,n/e,n/e,n/e,5,,n/e,n/e,n/e,n/e,n/e,n/e,n/e,n/e,n/e,n/e,n/e,n/e,27,,n/e,n/e,n/e,n/e,n/e,n/e,0,,n/e,n/e,0,,n/e,n/e,n/e,n/e,4,
02:00 - 03:00,48,,n/e,n/e,n/e,n/e,5,,n/e,n/e,n/e,n/e,n/e,n/e,n/e,n/e,n/e,n/e,n/e,n/e,150,,n/e,n/e,n/e,n/e,n/e,n/e,0,,n/e,n/e,3,,n/e,n/e,n/e,n/e,3,
03:00 - 04:00,53,,n/e,n/e,n/e,n/e,6,,n/e,n/e,n/e,n/e,n/e,n/e,n/e,n/e,n/e,n/e,n/e,n/e,149,,n/e,n/e,n/e,n/e,n/e,n/e,0,,n/e,n/e,11,,n/e,n/e,n/e,n/e,2,
04:00 - 05:00,59,,n/e,n/e,n/e,n/e,11,,n/e,n/e,n/e,n/e,n/e,n/e,n/e,n/e,n/e,n/e,n/e,n/e,183,,n/e,n/e,n/e,n/e,n/e,n/e,0,,n/e,n/e,26,,n/e,n/e,n/e,n/e,1,
05:00 - 06:00,63,,n/e,n/e,n/e,n/e,11,,n/e,n/e,n/e,n/e,n/e,n/e,n/e,n/e,n/e,n/e,n/e,n/e,273,,n/e,n/e,n/e,n/e,n/e,n/e,0,,n/e,n/e,47,,n/e,n/e,n/e,n/e,2,
06:00 - 07:00,63,,n/e,n/e,n/e,n/e,11,,n/e,n/e,n/e,n/e,n/e,n/e,n/e,n/e,n/e,n/e,n/e,n/e,206,,n/e,n/e,n/e,n/e,n/e,n/e,0,,n/e,n/e,72,,n/e,n/e,n/e,n/e,5,
07:00 - 08:00,62,,n/e,n/e,n/e,n/e,9,,n/e,n/e,n/e,n/e,n/e,n/e,n/e,n/e,n/e,n/e,n/e,n/e,56,,n/e,n/e,n/e,n/e,n/e,n/e,0,,n/e,n/e,96,,n/e,n/e,n/e,n/e,10,
08:00 - 09:00,62,,n/e,n/e,n/e,n/e,9,,n/e,n/e,n/e,n/e,n/e,n/e,n/e,n/e,n/e,n/e,n/e,n/e,39,,n/e,n/e,n/e,n/e,n/e,n/e,0,,n/e,n/e,113,,n/e,n/e,n/e,n/e,11,
09:00 - 10:00,61,,n/e,n/e,n/e,n/e,8,,n/e,n/e,n/e,n/e,n/e,n/e,n/e,n/e,n/e,n/e,n/e,n/e,68,,n/e,n/e,n/e,n/e,n/e,n/e,0,,n/e,n/e,134,,n/e,n/e,n/e,n/e,10,
10:00 - 11:00,58,,n/e,n/e,n/e,n/e,6,,n/e,n/e,n/e,n/e,n/e,n/e,n/e,n/e,n/e,n/e,n/e,n/e,71,,n/e,n/e,n/e,n/e,n/e,n/e,0,,n/e,n/e,158,,n/e,n/e,n/e,n/e,14,
11:00 - 12:00,58,,n/e,n/e,n/e,n/e,5,,n/e,n/e,n/e,n/e,n/e,n/e,n/e,n/e,n/e,n/e,n/e,n/e,26,,n/e,n/e,n/e,n/e,n/e,n/e,0,,n/e,n/e,171,,n/e,n/e,n/e,n/e,13,
12:00 - 13:00,56,,n/e,n/e,n/e,n/e,5,,n/e,n/e,n/e,n/e,n/e,n/e,n/e,n/e,n/e,n/e,n/e,n/e,4,,n/e,n/e,n/e,n/e,n/e,n/e,0,,n/e,n/e,167,,n/e,n/e,n/e,n/e,13,
13:00 - 14:00,56,,n/e,n/e,n/e,n/e,5,,n/e,n/e,n/e,n/e,n/e,n/e,n/e,n/e,n/e,n/e,n/e,n/e,35,,n/e,n/e,n/e,n/e,n/e,n/e,0,,n/e,n/e,167,,n/e,n/e,n/e,n/e,13,
14:00 - 15:00,56,,n/e,n/e,n/e,n/e,6,,n/e,n/e,n/e,n/e,n/e,n/e,n/e,n/e,n/e,n/e,n/e,n/e,117,,n/e,n/e,n/e,n/e,n/e,n/e,0,,n/e,n/e,143,,n/e,n/e,n/e,n/e,9,
15:00 - 16:00,56,,n/e,n/e,n/e,n/e,6,,n/e,n/e,n/e,n/e,n/e,n/e,n/e,n/e,n/e,n/e,n/e,n/e,338,,n/e,n/e,n/e,n/e,n/e,n/e,0,,n/e,n/e,90,,n/e,n/e,n/e,n/e,4,
16:00 - 17:00,62,,n/e,n/e,n/e,n/e,9,,n/e,n/e,n/e,n/e,n/e,n/e,n/e,n/e,n/e,n/e,n/e,n/e,404,,n/e,n/e,n/e,n/e,n/e,n/e,0,,n/e,n/e,46,,n/e,n/e,n/e,n/e,1,
17:00 - 18:00,63,,n/e,n/e,n/e,n/e,12,,n/e,n/e,n/e,n/e,n/e,n/e,n/e,n/e,n/e,n/e,n/e,n/e,518,,n/e,n/e,n/e,n/e,n/e,n/e,0,,n/e,n/e,18,,n/e,n/e,n/e,n/e,0,
18:00 - 19:00,62,,n/e,n/e,n/e,n/e,11,,n/e,n/e,n/e,n/e,n/e,n/e,n/e,n/e,n/e,n/e,n/e,n/e,505,,n/e,n/e,n/e,n/e,n/e,n/e,0,,n/e,n/e,5,,n/e,n/e,n/e,n/e,0,
19:00 - 20:00,58,,n/e,n/e,n/e,n/e,11,,n/e,n/e,n/e,n/e,n/e,n/e,n/e,n/e,n/e,n/e,n/e,n/e,492,,n/e,n/e,n/e,n/e,n/e,n/e,0,,n/e,n/e,0,,n/e,n/e,n/e,n/e,0,
20:00 - 21:00,53,,n/e,n/e,n/e,n/e,6,,n/e,n/e,n/e,n/e,n/e,n/e,n/e,n/e,n/e,n/e,n/e,n/e,407,,n/e,n/e,n/e,n/e,n/e,n/e,0,,n/e,n/e,0,,n/e,n/e,n/e,n/e,0,
21:00 - 22:00,50,,n/e,n/e,n/e,n/e,6,,n/e,n/e,n/e,n/e,n/e,n/e,n/e,n/e,n/e,n/e,n/e,n/e,336,,n/e,n/e,n/e,n/e,n/e,n/e,0,,n/e,n/e,0,,n/e,n/e,n/e,n/e,0,
22:00 - 23:00,45,,n/e,n/e,n/e,n/e,4,,n/e,n/e,n/e,n/e,n/e,n/e,n/e,n/e,n/e,n/e,n/e,n/e,170,,n/e,n/e,n/e,n/e,n/e,n/e,0,,n/e,n/e,0,,n/e,n/e,n/e,n/e,0,
23:00 - 00:00,40,,n/e,n/e,n/e,n/e,3,,n/e,n/e,n/e,n/e,n/e,n/e,n/e,n/e,n/e,n/e,n/e,n/e,163,,n/e,n/e,n/e,n/e,n/e,n/e,0,,n/e,n/e,0,,n/e,n/e,n/e,n/e,0,
00:00 - 01:00,39,,n/e,n/e,n/e,n/e,1,,n/e,n/e,n/e,n/e,n/e,n/e,n/e,n/e,n/e,n/e,n/e,n/e,163,,n/e,n/e,n/e,n/e,n/e,n/e,0,,n/e,n/e,0,,n/e,n/e,n/e,n/e,0,
01:00 - 02:00,38,,n/e,n/e,n/e,n/e,0,,n/e,n/e,n/e,n/e,n/e,n/e,n/e,n/e,n/e,n/e,n/e,n/e,163,,n/e,n/e,n/e,n/e,n/e,n/e,0,,n/e,n/e,1,,n/e,n/e,n/e,n/e,3,
02:00 - 03:00,36,,n/e,n/e,n/e,n/e,0,,n/e,n/e,n/e,n/e,n/e,n/e,n/e,n/e,n/e,n/e,n/e,n/e,162,,n/e,n/e,n/e,n/e,n/e,n/e,0,,n/e,n/e,8,,n/e,n/e,n/e,n/e,5,
03:00 - 04:00,36,,n/e,n/e,n/e,n/e,0,,n/e,n/e,n/e,n/e,n/e,n/e,n/e,n/e,n/e,n/e,n/e,n/e,156,,n/e,n/e,n/e,n/e,n/e,n/e,0,,n/e,n/e,26,,n/e,n/e,n/e,n/e,2,
04:00 - 05:00,36,,n/e,n/e,n/e,n/e,0,,n/e,n/e,n/e,n/e,n/e,n/e,n/e,n/e,n/e,n/e,n/e,n/e,96,,n/e,n/e,n/e,n/e,n/e,n/e,0,,n/e,n/e,66,,n/e,n/e,n/e,n/e,2,
05:00 - 06:00,37,,n/e,n/e,n/e,n/e,0,,n/e,n/e,n/e,n/e,n/e,n/e,n/e,n/e,n/e,n/e,n/e,n/e,3,,n/e,n/e,n/e,n/e,n/e,n/e,0,,n/e,n/e,130,,n/e,n/e,n/e,n/e,1,
06:00 - 07:00,37,,n/e,n/e,n/e,n/e,0,,n/e,n/e,n/e,n/e,n/e,n/e,n/e,n/e,n/e,n/e,n/e,n/e,3,,n/e,n/e,n/e,n/e,n/e,n/e,0,,n/e,n/e,193,,n/e,n/e,n/e,n/e,0,
07:00 - 08:00,37,,n/e,n/e,n/e,n/e,0,,n/e,n/e,n/e,n/e,n/e,n/e,n/e,n/e,n/e,n/e,n/e,n/e,3,,n/e,n/e,n/e,n/e,n/e,n/e,0,,n/e,n/e,249,,n/e,n/e,n/e,n/e,0,
08:00 - 09:00,37,,n/e,n/e,n/e,n/e,0,,n/e,n/e,n/e,n/e,n/e,n/e,n/e,n/e,n/e,n/e,n/e,n/e,3,,n/e,n/e,n/e,n/e,n/e,n/e,0,,n/e,n/e,268,,n/e,n/e,n/e,n/e,1,
09:00 - 10:00,37,,n/e,n/e,n/e,n/e,0,,n/e,n/e,n/e,n/e,n/e,n/e,n/e,n/e,n/e,n/e,n/e,n/e,3,,n/e,n/e,n/e,n/e,n/e,n/e,0,,n/e,n/e,285,,n/e,n/e,n/e,n/e,1,
10:00 - 11:00,36,,n/e,n/e,n/e,n/e,0,,n/e,n/e,n/e,n/e,n/e,n/e,n/e,n/e,n/e,n/e,n/e,n/e,3,,n/e,n/e,n/e,n/e,n/e,n/e,0,,n/e,n/e,272,,n/e,n/e,n/e,n/e,2,
11:00 - 12:00,36,,n/e,n/e,n/e,n/e,0,,n/e,n/e,n/e,n/e,n/e,n/e,n/e,n/e,n/e,n/e,n/e,n/e,3,,n/e,n/e,n/e,n/e,n/e,n/e,0,,n/e,n/e,248,,n/e,n/e,n/e,n/e,3,
12:00 - 13:00,36,,n/e,n/e,n/e,n/e,0,,n/e,n/e,n/e,n/e,n/e,n/e,n/e,n/e,n/e,n/e,n/e,n/e,3,,n/e,n/e,n/e,n/e,n/e,n/e,0,,n/e,n/e,221,,n/e,n/e,n/e,n/e,3,
13:00 - 14:00,35,,n/e,n/e,n/e,n/e,0,,n/e,n/e,n/e,n/e,n/e,n/e,n/e,n/e,n/e,n/e,n/e,n/e,14,,n/e,n/e,n/e,n/e,n/e,n/e,0,,n/e,n/e,183,,n/e,n/e,n/e,n/e,6,
14:00 - 15:00,37,,n/e,n/e,n/e,n/e,0,,n/e,n/e,n/e,n/e,n/e,n/e,n/e,n/e,n/e,n/e,n/e,n/e,184,,n/e,n/e,n/e,n/e,n/e,n/e,0,,n/e,n/e,157,,n/e,n/e,n/e,n/e,11,
15:00 - 16:00,37,,n/e,n/e,n/e,n/e,0,,n/e,n/e,n/e,n/e,n/e,n/e,n/e,n/e,n/e,n/e,n/e,n/e,202,,n/e,n/e,n/e,n/e,n/e,n/e,0,,n/e,n/e,113,,n/e,n/e,n/e,n/e,18,
16:00 - 17:00,39,,n/e,n/e,n/e,n/e,0,,n/e,n/e,n/e,n/e,n/e,n/e,n/e,n/e,n/e,n/e,n/e,n/e,273,,n/e,n/e,n/e,n/e,n/e,n/e,0,,n/e,n/e,54,,n/e,n/e,n/e,n/e,21,
17:00 - 18:00,50,,n/e,n/e,n/e,n/e,6,,n/e,n/e,n/e,n/e,n/e,n/e,n/e,n/e,n/e,n/e,n/e,n/e,626,,n/e,n/e,n/e,n/e,n/e,n/e,0,,n/e,n/e,19,,n/e,n/e,n/e,n/e,23,
18:00 - 19:00,51,,n/e,n/e,n/e,n/e,7,,n/e,n/e,n/e,n/e,n/e,n/e,n/e,n/e,n/e,n/e,n/e,n/e,585,,n/e,n/e,n/e,n/e,n/e,n/e,0,,n/e,n/e,5,,n/e,n/e,n/e,n/e,27,
19:00 - 20:00,48,,n/e,n/e,n/e,n/e,7,,n/e,n/e,n/e,n/e,n/e,n/e,n/e,n/e,n/e,n/e,n/e,n/e,531,,n/e,n/e,n/e,n/e,n/e,n/e,0,,n/e,n/e,1,,n/e,n/e,n/e,n/e,36,
20:00 - 21:00,40,,n/e,n/e,n/e,n/e,0,,n/e,n/e,n/e,n/e,n/e,n/e,n/e,n/e,n/e,n/e,n/e,n/e,362,,n/e,n/e,n/e,n/e,n/e,n/e,0,,n/e,n/e,0,,n/e,n/e,n/e,n/e,45,
21:00 - 22:00,36,,n/e,n/e,n/e,n/e,0,,n/e,n/e,n/e,n/e,n/e,n/e,n/e,n/e,n/e,n/e,n/e,n/e,249,,n/e,n/e,n/e,n/e,n/e,n/e,0,,n/e,n/e,0,,n/e,n/e,n/e,n/e,45,
22:00 - 23:00,34,,n/e,n/e,n/e,n/e,0,,n/e,n/e,n/e,n/e,n/e,n/e,n/e,n/e,n/e,n/e,n/e,n/e,53,,n/e,n/e,n/e,n/e,n/e,n/e,0,,n/e,n/e,0,,n/e,n/e,n/e,n/e,39,
23:00 - 00:00,34,,n/e,n/e,n/e,n/e,0,,n/e,n/e,n/e,n/e,n/e,n/e,n/e,n/e,n/e,n/e,n/e,n/e,2,,n/e,n/e,n/e,n/e,n/e,n/e,0,,n/e,n/e,0,,n/e,n/e,n/e,n/e,39,
00:00 - 01:00,34,,n/e,n/e,n/e,n/e,0,,n/e,n/e,n/e,n/e,n/e,n/e,n/e,n/e,n/e,n/e,n/e,n/e,2,,n/e,n/e,n/e,n/e,n/e,n/e,0,,n/e,n/e,0,,n/e,n/e,n/e,n/e,39,
01:00 - 02:00,32,,n/e,n/e,n/e,n/e,0,,n/e,n/e,n/e,n/e,n/e,n/e,n/e,n/e,n/e,n/e,n/e,n/e,2,,n/e,n/e,n/e,n/e,n/e,n/e,0,,n/e,n/e,1,,n/e,n/e,n/e,n/e,41,
02:00 - 03:00,31,,n/e,n/e,n/e,n/e,0,,n/e,n/e,n/e,n/e,n/e,n/e,n/e,n/e,n/e,n/e,n/e,n/e,2,,n/e,n/e,n/e,n/e,n/e,n/e,0,,n/e,n/e,9,,n/e,n/e,n/e,n/e,42,
03:00 - 04:00,33,,n/e,n/e,n/e,n/e,0,,n/e,n/e,n/e,n/e,n/e,n/e,n/e,n/e,n/e,n/e,n/e,n/e,8,,n/e,n/e,n/e,n/e,n/e,n/e,0,,n/e,n/e,26,,n/e,n/e,n/e,n/e,28,
04:00 - 05:00,33,,n/e,n/e,n/e,n/e,0,,n/e,n/e,n/e,n/e,n/e,n/e,n/e,n/e,n/e,n/e,n/e,n/e,166,,n/e,n/e,n/e,n/e,n/e,n/e,0,,n/e,n/e,64,,n/e,n/e,n/e,n/e,18,
05:00 - 06:00,34,,n/e,n/e,n/e,n/e,0,,n/e,n/e,n/e,n/e,n/e,n/e,n/e,n/e,n/e,n/e,n/e,n/e,211,,n/e,n/e,n/e,n/e,n/e,n/e,0,,n/e,n/e,112,,n/e,n/e,n/e,n/e,12,
06:00 - 07:00,32,,n/e,n/e,n/e,n/e,0,,n/e,n/e,n/e,n/e,n/e,n/e,n/e,n/e,n/e,n/e,n/e,n/e,9,,n/e,n/e,n/e,n/e,n/e,n/e,0,,n/e,n/e,166,,n/e,n/e,n/e,n/e,8,
07:00 - 08:00,31,,n/e,n/e,n/e,n/e,0,,n/e,n/e,n/e,n/e,n/e,n/e,n/e,n/e,n/e,n/e,n/e,n/e,2,,n/e,n/e,n/e,n/e,n/e,n/e,0,,n/e,n/e,199,,n/e,n/e,n/e,n/e,2,
08:00 - 09:00,28,,n/e,n/e,n/e,n/e,0,,n/e,n/e,n/e,n/e,n/e,n/e,n/e,n/e,n/e,n/e,n/e,n/e,2,,n/e,n/e,n/e,n/e,n/e,n/e,0,,n/e,n/e,211,,n/e,n/e,n/e,n/e,1,
09:00 - 10:00,30,,n/e,n/e,n/e,n/e,0,,n/e,n/e,n/e,n/e,n/e,n/e,n/e,n/e,n/e,n/e,n/e,n/e,2,,n/e,n/e,n/e,n/e,n/e,n/e,0,,n/e,n/e,222,,n/e,n/e,n/e,n/e,0,
10:00 - 11:00,30,,n/e,n/e,n/e,n/e,1,,n/e,n/e,n/e,n/e,n/e,n/e,n/e,n/e,n/e,n/e,n/e,n/e,2,,n/e,n/e,n/e,n/e,n/e,n/e,0,,n/e,n/e,214,,n/e,n/e,n/e,n/e,0,
11:00 - 12:00,29,,n/e,n/e,n/e,n/e,0,,n/e,n/e,n/e,n/e,n/e,n/e,n/e,n/e,n/e,n/e,n/e,n/e,2,,n/e,n/e,n/e,n/e,n/e,n/e,0,,n/e,n/e,204,,n/e,n/e,n/e,n/e,1,
12:00 - 13:00,30,,n/e,n/e,n/e,n/e,0,,n/e,n/e,n/e,n/e,n/e,n/e,n/e,n/e,n/e,n/e,n/e,n/e,2,,n/e,n/e,n/e,n/e,n/e,n/e,0,,n/e,n/e,184,,n/e,n/e,n/e,n/e,1,
13:00 - 14:00,30,,n/e,n/e,n/e,n/e,0,,n/e,n/e,n/e,n/e,n/e,n/e,n/e,n/e,n/e,n/e,n/e,n/e,6,,n/e,n/e,n/e,n/e,n/e,n/e,0,,n/e,n/e,154,,n/e,n/e,n/e,n/e,1,
14:00 - 15:00,31,,n/e,n/e,n/e,n/e,0,,n/e,n/e,n/e,n/e,n/e,n/e,n/e,n/e,n/e,n/e,n/e,n/e,182,,n/e,n/e,n/e,n/e,n/e,n/e,0,,n/e,n/e,133,,n/e,n/e,n/e,n/e,1,
15:00 - 16:00,34,,n/e,n/e,n/e,n/e,0,,n/e,n/e,n/e,n/e,n/e,n/e,n/e,n/e,n/e,n/e,n/e,n/e,233,,n/e,n/e,n/e,n/e,n/e,n/e,0,,n/e,n/e,90,,n/e,n/e,n/e,n/e,2,
16:00 - 17:00,44,,n/e,n/e,n/e,n/e,4,,n/e,n/e,n/e,n/e,n/e,n/e,n/e,n/e,n/e,n/e,n/e,n/e,318,,n/e,n/e,n/e,n/e,n/e,n/e,0,,n/e,n/e,46,,n/e,n/e,n/e,n/e,3,
17:00 - 18:00,49,,n/e,n/e,n/e,n/e,4,,n/e,n/e,n/e,n/e,n/e,n/e,n/e,n/e,n/e,n/e,n/e,n/e,320,,n/e,n/e,n/e,n/e,n/e,n/e,0,,n/e,n/e,18,,n/e,n/e,n/e,n/e,3,
18:00 - 19:00,51,,n/e,n/e,n/e,n/e,6,,n/e,n/e,n/e,n/e,n/e,n/e,n/e,n/e,n/e,n/e,n/e,n/e,423,,n/e,n/e,n/e,n/e,n/e,n/e,0,,n/e,n/e,5,,n/e,n/e,n/e,n/e,9,
19:00 - 20:00,50,,n/e,n/e,n/e,n/e,7,,n/e,n/e,n/e,n/e,n/e,n/e,n/e,n/e,n/e,n/e,n/e,n/e,429,,n/e,n/e,n/e,n/e,n/e,n/e,0,,n/e,n/e,0,,n/e,n/e,n/e,n/e,10,
20:00 - 21:00,47,,n/e,n/e,n/e,n/e,7,,n/e,n/e,n/e,n/e,n/e,n/e,n/e,n/e,n/e,n/e,n/e,n/e,388,,n/e,n/e,n/e,n/e,n/e,n/e,0,,n/e,n/e,0,,n/e,n/e,n/e,n/e,12,
21:00 - 22:00,45,,n/e,n/e,n/e,n/e,2,,n/e,n/e,n/e,n/e,n/e,n/e,n/e,n/e,n/e,n/e,n/e,n/e,264,,n/e,n/e,n/e,n/e,n/e,n/e,0,,n/e,n/e,0,,n/e,n/e,n/e,n/e,20,
22:00 - 23:00,44,,n/e,n/e,n/e,n/e,1,,n/e,n/e,n/e,n/e,n/e,n/e,n/e,n/e,n/e,n/e,n/e,n/e,3,,n/e,n/e,n/e,n/e,n/e,n/e,0,,n/e,n/e,0,,n/e,n/e,n/e,n/e,21,
23:00 - 00:00,41,,n/e,n/e,n/e,n/e,0,,n/e,n/e,n/e,n/e,n/e,n/e,n/e,n/e,n/e,n/e,n/e,n/e,3,,n/e,n/e,n/e,n/e,n/e,n/e,0,,n/e,n/e,0,,n/e,n/e,n/e,n/e,4,
00:00 - 01:00,41,,n/e,n/e,n/e,n/e,0,,n/e,n/e,n/e,n/e,n/e,n/e,n/e,n/e,n/e,n/e,n/e,n/e,3,,n/e,n/e,n/e,n/e,n/e,n/e,0,,n/e,n/e,0,,n/e,n/e,n/e,n/e,2,
01:00 - 02:00,41,,n/e,n/e,n/e,n/e,0,,n/e,n/e,n/e,n/e,n/e,n/e,n/e,n/e,n/e,n/e,n/e,n/e,3,,n/e,n/e,n/e,n/e,n/e,n/e,0,,n/e,n/e,0,,n/e,n/e,n/e,n/e,3,
02:00 - 03:00,42,,n/e,n/e,n/e,n/e,0,,n/e,n/e,n/e,n/e,n/e,n/e,n/e,n/e,n/e,n/e,n/e,n/e,22,,n/e,n/e,n/e,n/e,n/e,n/e,0,,n/e,n/e,7,,n/e,n/e,n/e,n/e,7,
03:00 - 04:00,45,,n/e,n/e,n/e,n/e,2,,n/e,n/e,n/e,n/e,n/e,n/e,n/e,n/e,n/e,n/e,n/e,n/e,168,,n/e,n/e,n/e,n/e,n/e,n/e,0,,n/e,n/e,21,,n/e,n/e,n/e,n/e,5,
04:00 - 05:00,53,,n/e,n/e,n/e,n/e,3,,n/e,n/e,n/e,n/e,n/e,n/e,n/e,n/e,n/e,n/e,n/e,n/e,253,,n/e,n/e,n/e,n/e,n/e,n/e,0,,n/e,n/e,53,,n/e,n/e,n/e,n/e,7,
05:00 - 06:00,56,,n/e,n/e,n/e,n/e,3,,n/e,n/e,n/e,n/e,n/e,n/e,n/e,n/e,n/e,n/e,n/e,n/e,247,,n/e,n/e,n/e,n/e,n/e,n/e,0,,n/e,n/e,90,,n/e,n/e,n/e,n/e,4,
06:00 - 07:00,54,,n/e,n/e,n/e,n/e,3,,n/e,n/e,n/e,n/e,n/e,n/e,n/e,n/e,n/e,n/e,n/e,n/e,202,,n/e,n/e,n/e,n/e,n/e,n/e,0,,n/e,n/e,116,,n/e,n/e,n/e,n/e,3,
07:00 - 08:00,52,,n/e,n/e,n/e,n/e,3,,n/e,n/e,n/e,n/e,n/e,n/e,n/e,n/e,n/e,n/e,n/e,n/e,10,,n/e,n/e,n/e,n/e,n/e,n/e,0,,n/e,n/e,142,,n/e,n/e,n/e,n/e,3,
08:00 - 09:00,51,,n/e,n/e,n/e,n/e,3,,n/e,n/e,n/e,n/e,n/e,n/e,n/e,n/e,n/e,n/e,n/e,n/e,3,,n/e,n/e,n/e,n/e,n/e,n/e,0,,n/e,n/e,167,,n/e,n/e,n/e,n/e,3,
09:00 - 10:00,50,,n/e,n/e,n/e,n/e,3,,n/e,n/e,n/e,n/e,n/e,n/e,n/e,n/e,n/e,n/e,n/e,n/e,3,,n/e,n/e,n/e,n/e,n/e,n/e,0,,n/e,n/e,170,,n/e,n/e,n/e,n/e,2,
10:00 - 11:00,50,,n/e,n/e,n/e,n/e,3,,n/e,n/e,n/e,n/e,n/e,n/e,n/e,n/e,n/e,n/e,n/e,n/e,4,,n/e,n/e,n/e,n/e,n/e,n/e,0,,n/e,n/e,173,,n/e,n/e,n/e,n/e,1,
11:00 - 12:00,52,,n/e,n/e,n/e,n/e,3,,n/e,n/e,n/e,n/e,n/e,n/e,n/e,n/e,n/e,n/e,n/e,n/e,4,,n/e,n/e,n/e,n/e,n/e,n/e,0,,n/e,n/e,177,,n/e,n/e,n/e,n/e,3,
12:00 - 13:00,52,,n/e,n/e,n/e,n/e,3,,n/e,n/e,n/e,n/e,n/e,n/e,n/e,n/e,n/e,n/e,n/e,n/e,4,,n/e,n/e,n/e,n/e,n/e,n/e,0,,n/e,n/e,152,,n/e,n/e,n/e,n/e,6,
13:00 - 14:00,49,,n/e,n/e,n/e,n/e,4,,n/e,n/e,n/e,n/e,n/e,n/e,n/e,n/e,n/e,n/e,n/e,n/e,4,,n/e,n/e,n/e,n/e,n/e,n/e,0,,n/e,n/e,115,,n/e,n/e,n/e,n/e,4,
14:00 - 15:00,48,,n/e,n/e,n/e,n/e,5,,n/e,n/e,n/e,n/e,n/e,n/e,n/e,n/e,n/e,n/e,n/e,n/e,110,,n/e,n/e,n/e,n/e,n/e,n/e,0,,n/e,n/e,107,,n/e,n/e,n/e,n/e,2,
15:00 - 16:00,48,,n/e,n/e,n/e,n/e,5,,n/e,n/e,n/e,n/e,n/e,n/e,n/e,n/e,n/e,n/e,n/e,n/e,218,,n/e,n/e,n/e,n/e,n/e,n/e,0,,n/e,n/e,90,,n/e,n/e,n/e,n/e,2,
16:00 - 17:00,51,,n/e,n/e,n/e,n/e,5,,n/e,n/e,n/e,n/e,n/e,n/e,n/e,n/e,n/e,n/e,n/e,n/e,383,,n/e,n/e,n/e,n/e,n/e,n/e,0,,n/e,n/e,52,,n/e,n/e,n/e,n/e,1,
17:00 - 18:00,55,,n/e,n/e,n/e,n/e,11,,n/e,n/e,n/e,n/e,n/e,n/e,n/e,n/e,n/e,n/e,n/e,n/e,550,,n/e,n/e,n/e,n/e,n/e,n/e,0,,n/e,n/e,23,,n/e,n/e,n/e,n/e,0,
18:00 - 19:00,55,,n/e,n/e,n/e,n/e,11,,n/e,n/e,n/e,n/e,n/e,n/e,n/e,n/e,n/e,n/e,n/e,n/e,568,,n/e,n/e,n/e,n/e,n/e,n/e,0,,n/e,n/e,6,,n/e,n/e,n/e,n/e,1,
19:00 - 20:00,54,,n/e,n/e,n/e,n/e,11,,n/e,n/e,n/e,n/e,n/e,n/e,n/e,n/e,n/e,n/e,n/e,n/e,571,,n/e,n/e,n/e,n/e,n/e,n/e,0,,n/e,n/e,0,,n/e,n/e,n/e,n/e,0,
20:00 - 21:00,53,,n/e,n/e,n/e,n/e,9,,n/e,n/e,n/e,n/e,n/e,n/e,n/e,n/e,n/e,n/e,n/e,n/e,422,,n/e,n/e,n/e,n/e,n/e,n/e,0,,n/e,n/e,0,,n/e,n/e,n/e,n/e,0,
21:00 - 22:00,51,,n/e,n/e,n/e,n/e,6,,n/e,n/e,n/e,n/e,n/e,n/e,n/e,n/e,n/e,n/e,n/e,n/e,277,,n/e,n/e,n/e,n/e,n/e,n/e,0,,n/e,n/e,0,,n/e,n/e,n/e,n/e,0,
22:00 - 23:00,50,,n/e,n/e,n/e,n/e,6,,n/e,n/e,n/e,n/e,n/e,n/e,n/e,n/e,n/e,n/e,n/e,n/e,4,,n/e,n/e,n/e,n/e,n/e,n/e,0,,n/e,n/e,0,,n/e,n/e,n/e,n/e,0,
23:00 - 00:00,49,,n/e,n/e,n/e,n/e,5,,n/e,n/e,n/e,n/e,n/e,n/e,n/e,n/e,n/e,n/e,n/e,n/e,3,,n/e,n/e,n/e,n/e,n/e,n/e,0,,n/e,n/e,0,,n/e,n/e,n/e,n/e,0,
00:00 - 01:00,48,,n/e,n/e,n/e,n/e,3,,n/e,n/e,n/e,n/e,n/e,n/e,n/e,n/e,n/e,n/e,n/e,n/e,9,,n/e,n/e,n/e,n/e,n/e,n/e,0,,n/e,n/e,0,,n/e,n/e,n/e,n/e,1,
01:00 - 02:00,47,,n/e,n/e,n/e,n/e,5,,n/e,n/e,n/e,n/e,n/e,n/e,n/e,n/e,n/e,n/e,n/e,n/e,33,,n/e,n/e,n/e,n/e,n/e,n/e,0,,n/e,n/e,0,,n/e,n/e,n/e,n/e,1,
02:00 - 03:00,48,,n/e,n/e,n/e,n/e,6,,n/e,n/e,n/e,n/e,n/e,n/e,n/e,n/e,n/e,n/e,n/e,n/e,33,,n/e,n/e,n/e,n/e,n/e,n/e,0,,n/e,n/e,7,,n/e,n/e,n/e,n/e,2,
03:00 - 04:00,49,,n/e,n/e,n/e,n/e,5,,n/e,n/e,n/e,n/e,n/e,n/e,n/e,n/e,n/e,n/e,n/e,n/e,346,,n/e,n/e,n/e,n/e,n/e,n/e,0,,n/e,n/e,24,,n/e,n/e,n/e,n/e,3,
04:00 - 05:00,56,,n/e,n/e,n/e,n/e,3,,n/e,n/e,n/e,n/e,n/e,n/e,n/e,n/e,n/e,n/e,n/e,n/e,357,,n/e,n/e,n/e,n/e,n/e,n/e,0,,n/e,n/e,58,,n/e,n/e,n/e,n/e,1,
05:00 - 06:00,58,,n/e,n/e,n/e,n/e,4,,n/e,n/e,n/e,n/e,n/e,n/e,n/e,n/e,n/e,n/e,n/e,n/e,221,,n/e,n/e,n/e,n/e,n/e,n/e,0,,n/e,n/e,111,,n/e,n/e,n/e,n/e,0,
06:00 - 07:00,55,,n/e,n/e,n/e,n/e,4,,n/e,n/e,n/e,n/e,n/e,n/e,n/e,n/e,n/e,n/e,n/e,n/e,17,,n/e,n/e,n/e,n/e,n/e,n/e,0,,n/e,n/e,170,,n/e,n/e,n/e,n/e,0,
07:00 - 08:00,50,,n/e,n/e,n/e,n/e,3,,n/e,n/e,n/e,n/e,n/e,n/e,n/e,n/e,n/e,n/e,n/e,n/e,4,,n/e,n/e,n/e,n/e,n/e,n/e,0,,n/e,n/e,216,,n/e,n/e,n/e,n/e,2,
08:00 - 09:00,49,,n/e,n/e,n/e,n/e,2,,n/e,n/e,n/e,n/e,n/e,n/e,n/e,n/e,n/e,n/e,n/e,n/e,4,,n/e,n/e,n/e,n/e,n/e,n/e,0,,n/e,n/e,235,,n/e,n/e,n/e,n/e,7,
09:00 - 10:00,46,,n/e,n/e,n/e,n/e,1,,n/e,n/e,n/e,n/e,n/e,n/e,n/e,n/e,n/e,n/e,n/e,n/e,4,,n/e,n/e,n/e,n/e,n/e,n/e,0,,n/e,n/e,250,,n/e,n/e,n/e,n/e,10,
10:00 - 11:00,45,,n/e,n/e,n/e,n/e,2,,n/e,n/e,n/e,n/e,n/e,n/e,n/e,n/e,n/e,n/e,n/e,n/e,4,,n/e,n/e,n/e,n/e,n/e,n/e,0,,n/e,n/e,284,,n/e,n/e,n/e,n/e,9,
11:00 - 12:00,44,,n/e,n/e,n/e,n/e,0,,n/e,n/e,n/e,n/e,n/e,n/e,n/e,n/e,n/e,n/e,n/e,n/e,90,,n/e,n/e,n/e,n/e,n/e,n/e,0,,n/e,n/e,267,,n/e,n/e,n/e,n/e,22,
12:00 - 13:00,42,,n/e,n/e,n/e,n/e,0,,n/e,n/e,n/e,n/e,n/e,n/e,n/e,n/e,n/e,n/e,n/e,n/e,21,,n/e,n/e,n/e,n/e,n/e,n/e,0,,n/e,n/e,198,,n/e,n/e,n/e,n/e,22,
13:00 - 14:00,43,,n/e,n/e,n/e,n/e,0,,n/e,n/e,n/e,n/e,n/e,n/e,n/e,n/e,n/e,n/e,n/e,n/e,21,,n/e,n/e,n/e,n/e,n/e,n/e,0,,n/e,n/e,161,,n/e,n/e,n/e,n/e,18,
14:00 - 15:00,45,,n/e,n/e,n/e,n/e,2,,n/e,n/e,n/e,n/e,n/e,n/e,n/e,n/e,n/e,n/e,n/e,n/e,110,,n/e,n/e,n/e,n/e,n/e,n/e,0,,n/e,n/e,163,,n/e,n/e,n/e,n/e,21,
15:00 - 16:00,51,,n/e,n/e,n/e,n/e,5,,n/e,n/e,n/e,n/e,n/e,n/e,n/e,n/e,n/e,n/e,n/e,n/e,242,,n/e,n/e,n/e,n/e,n/e,n/e,0,,n/e,n/e,112,,n/e,n/e,n/e,n/e,19,
16:00 - 17:00,53,,n/e,n/e,n/e,n/e,8,,n/e,n/e,n/e,n/e,n/e,n/e,n/e,n/e,n/e,n/e,n/e,n/e,326,,n/e,n/e,n/e,n/e,n/e,n/e,0,,n/e,n/e,53,,n/e,n/e,n/e,n/e,16,
17:00 - 18:00,55,,n/e,n/e,n/e,n/e,11,,n/e,n/e,n/e,n/e,n/e,n/e,n/e,n/e,n/e,n/e,n/e,n/e,576,,n/e,n/e,n/e,n/e,n/e,n/e,0,,n/e,n/e,19,,n/e,n/e,n/e,n/e,14,
18:00 - 19:00,56,,n/e,n/e,n/e,n/e,11,,n/e,n/e,n/e,n/e,n/e,n/e,n/e,n/e,n/e,n/e,n/e,n/e,633,,n/e,n/e,n/e,n/e,n/e,n/e,0,,n/e,n/e,6,,n/e,n/e,n/e,n/e,10,
19:00 - 20:00,54,,n/e,n/e,n/e,n/e,11,,n/e,n/e,n/e,n/e,n/e,n/e,n/e,n/e,n/e,n/e,n/e,n/e,549,,n/e,n/e,n/e,n/e,n/e,n/e,0,,n/e,n/e,1,,n/e,n/e,n/e,n/e,11,
20:00 - 21:00,52,,n/e,n/e,n/e,n/e,7,,n/e,n/e,n/e,n/e,n/e,n/e,n/e,n/e,n/e,n/e,n/e,n/e,408,,n/e,n/e,n/e,n/e,n/e,n/e,0,,n/e,n/e,0,,n/e,n/e,n/e,n/e,15,
21:00 - 22:00,50,,n/e,n/e,n/e,n/e,1,,n/e,n/e,n/e,n/e,n/e,n/e,n/e,n/e,n/e,n/e,n/e,n/e,285,,n/e,n/e,n/e,n/e,n/e,n/e,0,,n/e,n/e,0,,n/e,n/e,n/e,n/e,15,
22:00 - 23:00,50,,n/e,n/e,n/e,n/e,1,,n/e,n/e,n/e,n/e,n/e,n/e,n/e,n/e,n/e,n/e,n/e,n/e,27,,n/e,n/e,n/e,n/e,n/e,n/e,0,,n/e,n/e,0,,n/e,n/e,n/e,n/e,20,
23:00 - 00:00,50,,n/e,n/e,n/e,n/e,0,,n/e,n/e,n/e,n/e,n/e,n/e,n/e,n/e,n/e,n/e,n/e,n/e,3,,n/e,n/e,n/e,n/e,n/e,n/e,0,,n/e,n/e,0,,n/e,n/e,n/e,n/e,22,
00:00 - 01:00,49,,n/e,n/e,n/e,n/e,0,,n/e,n/e,n/e,n/e,n/e,n/e,n/e,n/e,n/e,n/e,n/e,n/e,3,,n/e,n/e,n/e,n/e,n/e,n/e,0,,n/e,n/e,0,,n/e,n/e,n/e,n/e,17,
01:00 - 02:00,48,,n/e,n/e,n/e,n/e,0,,n/e,n/e,n/e,n/e,n/e,n/e,n/e,n/e,n/e,n/e,n/e,n/e,33,,n/e,n/e,n/e,n/e,n/e,n/e,0,,n/e,n/e,1,,n/e,n/e,n/e,n/e,14,
02:00 - 03:00,49,,n/e,n/e,n/e,n/e,1,,n/e,n/e,n/e,n/e,n/e,n/e,n/e,n/e,n/e,n/e,n/e,n/e,38,,n/e,n/e,n/e,n/e,n/e,n/e,0,,n/e,n/e,9,,n/e,n/e,n/e,n/e,13,
03:00 - 04:00,51,,n/e,n/e,n/e,n/e,3,,n/e,n/e,n/e,n/e,n/e,n/e,n/e,n/e,n/e,n/e,n/e,n/e,162,,n/e,n/e,n/e,n/e,n/e,n/e,0,,n/e,n/e,27,,n/e,n/e,n/e,n/e,7,
04:00 - 05:00,56,,n/e,n/e,n/e,n/e,3,,n/e,n/e,n/e,n/e,n/e,n/e,n/e,n/e,n/e,n/e,n/e,n/e,145,,n/e,n/e,n/e,n/e,n/e,n/e,0,,n/e,n/e,48,,n/e,n/e,n/e,n/e,4,
05:00 - 06:00,59,,n/e,n/e,n/e,n/e,4,,n/e,n/e,n/e,n/e,n/e,n/e,n/e,n/e,n/e,n/e,n/e,n/e,192,,n/e,n/e,n/e,n/e,n/e,n/e,0,,n/e,n/e,54,,n/e,n/e,n/e,n/e,1,
06:00 - 07:00,59,,n/e,n/e,n/e,n/e,6,,n/e,n/e,n/e,n/e,n/e,n/e,n/e,n/e,n/e,n/e,n/e,n/e,88,,n/e,n/e,n/e,n/e,n/e,n/e,0,,n/e,n/e,47,,n/e,n/e,n/e,n/e,5,
07:00 - 08:00,54,,n/e,n/e,n/e,n/e,6,,n/e,n/e,n/e,n/e,n/e,n/e,n/e,n/e,n/e,n/e,n/e,n/e,73,,n/e,n/e,n/e,n/e,n/e,n/e,0,,n/e,n/e,40,,n/e,n/e,n/e,n/e,9,
08:00 - 09:00,54,,n/e,n/e,n/e,n/e,5,,n/e,n/e,n/e,n/e,n/e,n/e,n/e,n/e,n/e,n/e,n/e,n/e,47,,n/e,n/e,n/e,n/e,n/e,n/e,0,,n/e,n/e,40,,n/e,n/e,n/e,n/e,11,
09:00 - 10:00,49,,n/e,n/e,n/e,n/e,2,,n/e,n/e,n/e,n/e,n/e,n/e,n/e,n/e,n/e,n/e,n/e,n/e,3,,n/e,n/e,n/e,n/e,n/e,n/e,0,,n/e,n/e,45,,n/e,n/e,n/e,n/e,4,
10:00 - 11:00,46,,n/e,n/e,n/e,n/e,2,,n/e,n/e,n/e,n/e,n/e,n/e,n/e,n/e,n/e,n/e,n/e,n/e,4,,n/e,n/e,n/e,n/e,n/e,n/e,0,,n/e,n/e,58,,n/e,n/e,n/e,n/e,2,
11:00 - 12:00,42,,n/e,n/e,n/e,n/e,3,,n/e,n/e,n/e,n/e,n/e,n/e,n/e,n/e,n/e,n/e,n/e,n/e,47,,n/e,n/e,n/e,n/e,n/e,n/e,0,,n/e,n/e,72,,n/e,n/e,n/e,n/e,8,
12:00 - 13:00,38,,n/e,n/e,n/e,n/e,5,,n/e,n/e,n/e,n/e,n/e,n/e,n/e,n/e,n/e,n/e,n/e,n/e,122,,n/e,n/e,n/e,n/e,n/e,n/e,0,,n/e,n/e,76,,n/e,n/e,n/e,n/e,18,
13:00 - 14:00,39,,n/e,n/e,n/e,n/e,5,,n/e,n/e,n/e,n/e,n/e,n/e,n/e,n/e,n/e,n/e,n/e,n/e,58,,n/e,n/e,n/e,n/e,n/e,n/e,0,,n/e,n/e,75,,n/e,n/e,n/e,n/e,33,
14:00 - 15:00,43,,n/e,n/e,n/e,n/e,2,,n/e,n/e,n/e,n/e,n/e,n/e,n/e,n/e,n/e,n/e,n/e,n/e,241,,n/e,n/e,n/e,n/e,n/e,n/e,0,,n/e,n/e,65,,n/e,n/e,n/e,n/e,42,
15:00 - 16:00,49,,n/e,n/e,n/e,n/e,5,,n/e,n/e,n/e,n/e,n/e,n/e,n/e,n/e,n/e,n/e,n/e,n/e,490,,n/e,n/e,n/e,n/e,n/e,n/e,0,,n/e,n/e,49,,n/e,n/e,n/e,n/e,33,
16:00 - 17:00,49,,n/e,n/e,n/e,n/e,5,,n/e,n/e,n/e,n/e,n/e,n/e,n/e,n/e,n/e,n/e,n/e,n/e,486,,n/e,n/e,n/e,n/e,n/e,n/e,0,,n/e,n/e,29,,n/e,n/e,n/e,n/e,38,
17:00 - 18:00,52,,n/e,n/e,n/e,n/e,7,,n/e,n/e,n/e,n/e,n/e,n/e,n/e,n/e,n/e,n/e,n/e,n/e,503,,n/e,n/e,n/e,n/e,n/e,n/e,0,,n/e,n/e,19,,n/e,n/e,n/e,n/e,57,
18:00 - 19:00,51,,n/e,n/e,n/e,n/e,6,,n/e,n/e,n/e,n/e,n/e,n/e,n/e,n/e,n/e,n/e,n/e,n/e,499,,n/e,n/e,n/e,n/e,n/e,n/e,0,,n/e,n/e,7,,n/e,n/e,n/e,n/e,39,
19:00 - 20:00,49,,n/e,n/e,n/e,n/e,5,,n/e,n/e,n/e,n/e,n/e,n/e,n/e,n/e,n/e,n/e,n/e,n/e,437,,n/e,n/e,n/e,n/e,n/e,n/e,0,,n/e,n/e,1,,n/e,n/e,n/e,n/e,23,
20:00 - 21:00,49,,n/e,n/e,n/e,n/e,4,,n/e,n/e,n/e,n/e,n/e,n/e,n/e,n/e,n/e,n/e,n/e,n/e,442,,n/e,n/e,n/e,n/e,n/e,n/e,0,,n/e,n/e,0,,n/e,n/e,n/e,n/e,15,
21:00 - 22:00,48,,n/e,n/e,n/e,n/e,2,,n/e,n/e,n/e,n/e,n/e,n/e,n/e,n/e,n/e,n/e,n/e,n/e,140,,n/e,n/e,n/e,n/e,n/e,n/e,0,,n/e,n/e,0,,n/e,n/e,n/e,n/e,13,
22:00 - 23:00,47,,n/e,n/e,n/e,n/e,2,,n/e,n/e,n/e,n/e,n/e,n/e,n/e,n/e,n/e,n/e,n/e,n/e,22,,n/e,n/e,n/e,n/e,n/e,n/e,0,,n/e,n/e,0,,n/e,n/e,n/e,n/e,13,
23:00 - 00:00,47,,n/e,n/e,n/e,n/e,2,,n/e,n/e,n/e,n/e,n/e,n/e,n/e,n/e,n/e,n/e,n/e,n/e,3,,n/e,n/e,n/e,n/e,n/e,n/e,0,,n/e,n/e,0,,n/e,n/e,n/e,n/e,17,
00:00 - 01:00,44,,n/e,n/e,n/e,n/e,2,,n/e,n/e,n/e,n/e,n/e,n/e,n/e,n/e,n/e,n/e,n/e,n/e,3,,n/e,n/e,n/e,n/e,n/e,n/e,0,,n/e,n/e,0,,n/e,n/e,n/e,n/e,18,
01:00 - 02:00,44,,n/e,n/e,n/e,n/e,2,,n/e,n/e,n/e,n/e,n/e,n/e,n/e,n/e,n/e,n/e,n/e,n/e,3,,n/e,n/e,n/e,n/e,n/e,n/e,0,,n/e,n/e,1,,n/e,n/e,n/e,n/e,17,
02:00 - 03:00,44,,n/e,n/e,n/e,n/e,3,,n/e,n/e,n/e,n/e,n/e,n/e,n/e,n/e,n/e,n/e,n/e,n/e,3,,n/e,n/e,n/e,n/e,n/e,n/e,0,,n/e,n/e,7,,n/e,n/e,n/e,n/e,12,
03:00 - 04:00,48,,n/e,n/e,n/e,n/e,3,,n/e,n/e,n/e,n/e,n/e,n/e,n/e,n/e,n/e,n/e,n/e,n/e,15,,n/e,n/e,n/e,n/e,n/e,n/e,0,,n/e,n/e,24,,n/e,n/e,n/e,n/e,9,
04:00 - 05:00,54,,n/e,n/e,n/e,n/e,4,,n/e,n/e,n/e,n/e,n/e,n/e,n/e,n/e,n/e,n/e,n/e,n/e,41,,n/e,n/e,n/e,n/e,n/e,n/e,0,,n/e,n/e,61,,n/e,n/e,n/e,n/e,11,
05:00 - 06:00,56,,n/e,n/e,n/e,n/e,5,,n/e,n/e,n/e,n/e,n/e,n/e,n/e,n/e,n/e,n/e,n/e,n/e,5,,n/e,n/e,n/e,n/e,n/e,n/e,0,,n/e,n/e,131,,n/e,n/e,n/e,n/e,19,
06:00 - 07:00,53,,n/e,n/e,n/e,n/e,3,,n/e,n/e,n/e,n/e,n/e,n/e,n/e,n/e,n/e,n/e,n/e,n/e,31,,n/e,n/e,n/e,n/e,n/e,n/e,0,,n/e,n/e,209,,n/e,n/e,n/e,n/e,21,
07:00 - 08:00,45,,n/e,n/e,n/e,n/e,2,,n/e,n/e,n/e,n/e,n/e,n/e,n/e,n/e,n/e,n/e,n/e,n/e,22,,n/e,n/e,n/e,n/e,n/e,n/e,0,,n/e,n/e,265,,n/e,n/e,n/e,n/e,26,
08:00 - 09:00,39,,n/e,n/e,n/e,n/e,0,,n/e,n/e,n/e,n/e,n/e,n/e,n/e,n/e,n/e,n/e,n/e,n/e,4,,n/e,n/e,n/e,n/e,n/e,n/e,0,,n/e,n/e,289,,n/e,n/e,n/e,n/e,37,
09:00 - 10:00,36,,n/e,n/e,n/e,n/e,0,,n/e,n/e,n/e,n/e,n/e,n/e,n/e,n/e,n/e,n/e,n/e,n/e,3,,n/e,n/e,n/e,n/e,n/e,n/e,0,,n/e,n/e,278,,n/e,n/e,n/e,n/e,43,
10:00 - 11:00,35,,n/e,n/e,n/e,n/e,0,,n/e,n/e,n/e,n/e,n/e,n/e,n/e,n/e,n/e,n/e,n/e,n/e,24,,n/e,n/e,n/e,n/e,n/e,n/e,0,,n/e,n/e,248,,n/e,n/e,n/e,n/e,42,
11:00 - 12:00,35,,n/e,n/e,n/e,n/e,0,,n/e,n/e,n/e,n/e,n/e,n/e,n/e,n/e,n/e,n/e,n/e,n/e,11,,n/e,n/e,n/e,n/e,n/e,n/e,0,,n/e,n/e,271,,n/e,n/e,n/e,n/e,54,
12:00 - 13:00,36,,n/e,n/e,n/e,n/e,0,,n/e,n/e,n/e,n/e,n/e,n/e,n/e,n/e,n/e,n/e,n/e,n/e,3,,n/e,n/e,n/e,n/e,n/e,n/e,0,,n/e,n/e,264,,n/e,n/e,n/e,n/e,76,
13:00 - 14:00,40,,n/e,n/e,n/e,n/e,2,,n/e,n/e,n/e,n/e,n/e,n/e,n/e,n/e,n/e,n/e,n/e,n/e,3,,n/e,n/e,n/e,n/e,n/e,n/e,0,,n/e,n/e,234,,n/e,n/e,n/e,n/e,92,
14:00 - 15:00,45,,n/e,n/e,n/e,n/e,2,,n/e,n/e,n/e,n/e,n/e,n/e,n/e,n/e,n/e,n/e,n/e,n/e,5,,n/e,n/e,n/e,n/e,n/e,n/e,0,,n/e,n/e,184,,n/e,n/e,n/e,n/e,81,
15:00 - 16:00,49,,n/e,n/e,n/e,n/e,3,,n/e,n/e,n/e,n/e,n/e,n/e,n/e,n/e,n/e,n/e,n/e,n/e,108,,n/e,n/e,n/e,n/e,n/e,n/e,0,,n/e,n/e,119,,n/e,n/e,n/e,n/e,87,
16:00 - 17:00,48,,n/e,n/e,n/e,n/e,5,,n/e,n/e,n/e,n/e,n/e,n/e,n/e,n/e,n/e,n/e,n/e,n/e,297,,n/e,n/e,n/e,n/e,n/e,n/e,0,,n/e,n/e,56,,n/e,n/e,n/e,n/e,81,
17:00 - 18:00,50,,n/e,n/e,n/e,n/e,7,,n/e,n/e,n/e,n/e,n/e,n/e,n/e,n/e,n/e,n/e,n/e,n/e,438,,n/e,n/e,n/e,n/e,n/e,n/e,0,,n/e,n/e,20,,n/e,n/e,n/e,n/e,70,
18:00 - 19:00,50,,n/e,n/e,n/e,n/e,8,,n/e,n/e,n/e,n/e,n/e,n/e,n/e,n/e,n/e,n/e,n/e,n/e,505,,n/e,n/e,n/e,n/e,n/e,n/e,0,,n/e,n/e,6,,n/e,n/e,n/e,n/e,56,
19:00 - 20:00,49,,n/e,n/e,n/e,n/e,10,,n/e,n/e,n/e,n/e,n/e,n/e,n/e,n/e,n/e,n/e,n/e,n/e,511,,n/e,n/e,n/e,n/e,n/e,n/e,0,,n/e,n/e,1,,n/e,n/e,n/e,n/e,45,
20:00 - 21:00,47,,n/e,n/e,n/e,n/e,8,,n/e,n/e,n/e,n/e,n/e,n/e,n/e,n/e,n/e,n/e,n/e,n/e,461,,n/e,n/e,n/e,n/e,n/e,n/e,0,,n/e,n/e,0,,n/e,n/e,n/e,n/e,38,
21:00 - 22:00,45,,n/e,n/e,n/e,n/e,5,,n/e,n/e,n/e,n/e,n/e,n/e,n/e,n/e,n/e,n/e,n/e,n/e,369,,n/e,n/e,n/e,n/e,n/e,n/e,0,,n/e,n/e,0,,n/e,n/e,n/e,n/e,34,
22:00 - 23:00,45,,n/e,n/e,n/e,n/e,3,,n/e,n/e,n/e,n/e,n/e,n/e,n/e,n/e,n/e,n/e,n/e,n/e,87,,n/e,n/e,n/e,n/e,n/e,n/e,0,,n/e,n/e,0,,n/e,n/e,n/e,n/e,30,
23:00 - 00:00,45,,n/e,n/e,n/e,n/e,2,,n/e,n/e,n/e,n/e,n/e,n/e,n/e,n/e,n/e,n/e,n/e,n/e,3,,n/e,n/e,n/e,n/e,n/e,n/e,0,,n/e,n/e,0,,n/e,n/e,n/e,n/e,16,
00:00 - 01:00,45,,n/e,n/e,n/e,n/e,2,,n/e,n/e,n/e,n/e,n/e,n/e,n/e,n/e,n/e,n/e,n/e,n/e,2,,n/e,n/e,n/e,n/e,n/e,n/e,0,,n/e,n/e,0,,n/e,n/e,n/e,n/e,10,
01:00 - 02:00,45,,n/e,n/e,n/e,n/e,2,,n/e,n/e,n/e,n/e,n/e,n/e,n/e,n/e,n/e,n/e,n/e,n/e,2,,n/e,n/e,n/e,n/e,n/e,n/e,0,,n/e,n/e,1,,n/e,n/e,n/e,n/e,15,
02:00 - 03:00,47,,n/e,n/e,n/e,n/e,3,,n/e,n/e,n/e,n/e,n/e,n/e,n/e,n/e,n/e,n/e,n/e,n/e,69,,n/e,n/e,n/e,n/e,n/e,n/e,0,,n/e,n/e,8,,n/e,n/e,n/e,n/e,19,
03:00 - 04:00,49,,n/e,n/e,n/e,n/e,3,,n/e,n/e,n/e,n/e,n/e,n/e,n/e,n/e,n/e,n/e,n/e,n/e,176,,n/e,n/e,n/e,n/e,n/e,n/e,0,,n/e,n/e,26,,n/e,n/e,n/e,n/e,21,
04:00 - 05:00,54,,n/e,n/e,n/e,n/e,5,,n/e,n/e,n/e,n/e,n/e,n/e,n/e,n/e,n/e,n/e,n/e,n/e,181,,n/e,n/e,n/e,n/e,n/e,n/e,0,,n/e,n/e,62,,n/e,n/e,n/e,n/e,21,
05:00 - 06:00,58,,n/e,n/e,n/e,n/e,5,,n/e,n/e,n/e,n/e,n/e,n/e,n/e,n/e,n/e,n/e,n/e,n/e,182,,n/e,n/e,n/e,n/e,n/e,n/e,0,,n/e,n/e,121,,n/e,n/e,n/e,n/e,24,
06:00 - 07:00,56,,n/e,n/e,n/e,n/e,5,,n/e,n/e,n/e,n/e,n/e,n/e,n/e,n/e,n/e,n/e,n/e,n/e,58,,n/e,n/e,n/e,n/e,n/e,n/e,0,,n/e,n/e,191,,n/e,n/e,n/e,n/e,26,
07:00 - 08:00,54,,n/e,n/e,n/e,n/e,3,,n/e,n/e,n/e,n/e,n/e,n/e,n/e,n/e,n/e,n/e,n/e,n/e,5,,n/e,n/e,n/e,n/e,n/e,n/e,0,,n/e,n/e,253,,n/e,n/e,n/e,n/e,21,
08:00 - 09:00,51,,n/e,n/e,n/e,n/e,3,,n/e,n/e,n/e,n/e,n/e,n/e,n/e,n/e,n/e,n/e,n/e,n/e,4,,n/e,n/e,n/e,n/e,n/e,n/e,0,,n/e,n/e,284,,n/e,n/e,n/e,n/e,12,
09:00 - 10:00,48,,n/e,n/e,n/e,n/e,2,,n/e,n/e,n/e,n/e,n/e,n/e,n/e,n/e,n/e,n/e,n/e,n/e,4,,n/e,n/e,n/e,n/e,n/e,n/e,0,,n/e,n/e,300,,n/e,n/e,n/e,n/e,12,
10:00 - 11:00,47,,n/e,n/e,n/e,n/e,2,,n/e,n/e,n/e,n/e,n/e,n/e,n/e,n/e,n/e,n/e,n/e,n/e,4,,n/e,n/e,n/e,n/e,n/e,n/e,0,,n/e,n/e,298,,n/e,n/e,n/e,n/e,14,
11:00 - 12:00,48,,n/e,n/e,n/e,n/e,2,,n/e,n/e,n/e,n/e,n/e,n/e,n/e,n/e,n/e,n/e,n/e,n/e,4,,n/e,n/e,n/e,n/e,n/e,n/e,0,,n/e,n/e,302,,n/e,n/e,n/e,n/e,16,
12:00 - 13:00,49,,n/e,n/e,n/e,n/e,2,,n/e,n/e,n/e,n/e,n/e,n/e,n/e,n/e,n/e,n/e,n/e,n/e,4,,n/e,n/e,n/e,n/e,n/e,n/e,0,,n/e,n/e,288,,n/e,n/e,n/e,n/e,17,
13:00 - 14:00,49,,n/e,n/e,n/e,n/e,2,,n/e,n/e,n/e,n/e,n/e,n/e,n/e,n/e,n/e,n/e,n/e,n/e,4,,n/e,n/e,n/e,n/e,n/e,n/e,0,,n/e,n/e,263,,n/e,n/e,n/e,n/e,10,
14:00 - 15:00,48,,n/e,n/e,n/e,n/e,2,,n/e,n/e,n/e,n/e,n/e,n/e,n/e,n/e,n/e,n/e,n/e,n/e,123,,n/e,n/e,n/e,n/e,n/e,n/e,0,,n/e,n/e,207,,n/e,n/e,n/e,n/e,9,
15:00 - 16:00,50,,n/e,n/e,n/e,n/e,3,,n/e,n/e,n/e,n/e,n/e,n/e,n/e,n/e,n/e,n/e,n/e,n/e,350,,n/e,n/e,n/e,n/e,n/e,n/e,0,,n/e,n/e,131,,n/e,n/e,n/e,n/e,6,
16:00 - 17:00,49,,n/e,n/e,n/e,n/e,6,,n/e,n/e,n/e,n/e,n/e,n/e,n/e,n/e,n/e,n/e,n/e,n/e,462,,n/e,n/e,n/e,n/e,n/e,n/e,0,,n/e,n/e,61,,n/e,n/e,n/e,n/e,3,
17:00 - 18:00,51,,n/e,n/e,n/e,n/e,9,,n/e,n/e,n/e,n/e,n/e,n/e,n/e,n/e,n/e,n/e,n/e,n/e,560,,n/e,n/e,n/e,n/e,n/e,n/e,0,,n/e,n/e,21,,n/e,n/e,n/e,n/e,1,
18:00 - 19:00,51,,n/e,n/e,n/e,n/e,9,,n/e,n/e,n/e,n/e,n/e,n/e,n/e,n/e,n/e,n/e,n/e,n/e,556,,n/e,n/e,n/e,n/e,n/e,n/e,0,,n/e,n/e,6,,n/e,n/e,n/e,n/e,0,
19:00 - 20:00,49,,n/e,n/e,n/e,n/e,9,,n/e,n/e,n/e,n/e,n/e,n/e,n/e,n/e,n/e,n/e,n/e,n/e,466,,n/e,n/e,n/e,n/e,n/e,n/e,0,,n/e,n/e,1,,n/e,n/e,n/e,n/e,0,
20:00 - 21:00,47,,n/e,n/e,n/e,n/e,5,,n/e,n/e,n/e,n/e,n/e,n/e,n/e,n/e,n/e,n/e,n/e,n/e,320,,n/e,n/e,n/e,n/e,n/e,n/e,0,,n/e,n/e,0,,n/e,n/e,n/e,n/e,0,
21:00 - 22:00,46,,n/e,n/e,n/e,n/e,2,,n/e,n/e,n/e,n/e,n/e,n/e,n/e,n/e,n/e,n/e,n/e,n/e,298,,n/e,n/e,n/e,n/e,n/e,n/e,0,,n/e,n/e,0,,n/e,n/e,n/e,n/e,0,
22:00 - 23:00,43,,n/e,n/e,n/e,n/e,5,,n/e,n/e,n/e,n/e,n/e,n/e,n/e,n/e,n/e,n/e,n/e,n/e,63,,n/e,n/e,n/e,n/e,n/e,n/e,0,,n/e,n/e,0,,n/e,n/e,n/e,n/e,0,
23:00 - 00:00,41,,n/e,n/e,n/e,n/e,5,,n/e,n/e,n/e,n/e,n/e,n/e,n/e,n/e,n/e,n/e,n/e,n/e,49,,n/e,n/e,n/e,n/e,n/e,n/e,0,,n/e,n/e,0,,n/e,n/e,n/e,n/e,1,
00:00 - 01:00,44,,n/e,n/e,n/e,n/e,5,,n/e,n/e,n/e,n/e,n/e,n/e,n/e,n/e,n/e,n/e,n/e,n/e,12,,n/e,n/e,n/e,n/e,n/e,n/e,0,,n/e,n/e,0,,n/e,n/e,n/e,n/e,4,
01:00 - 02:00,43,,n/e,n/e,n/e,n/e,2,,n/e,n/e,n/e,n/e,n/e,n/e,n/e,n/e,n/e,n/e,n/e,n/e,21,,n/e,n/e,n/e,n/e,n/e,n/e,0,,n/e,n/e,1,,n/e,n/e,n/e,n/e,10,
02:00 - 03:00,43,,n/e,n/e,n/e,n/e,0,,n/e,n/e,n/e,n/e,n/e,n/e,n/e,n/e,n/e,n/e,n/e,n/e,26,,n/e,n/e,n/e,n/e,n/e,n/e,0,,n/e,n/e,13,,n/e,n/e,n/e,n/e,10,
03:00 - 04:00,44,,n/e,n/e,n/e,n/e,0,,n/e,n/e,n/e,n/e,n/e,n/e,n/e,n/e,n/e,n/e,n/e,n/e,179,,n/e,n/e,n/e,n/e,n/e,n/e,0,,n/e,n/e,32,,n/e,n/e,n/e,n/e,19,
04:00 - 05:00,45,,n/e,n/e,n/e,n/e,0,,n/e,n/e,n/e,n/e,n/e,n/e,n/e,n/e,n/e,n/e,n/e,n/e,179,,n/e,n/e,n/e,n/e,n/e,n/e,0,,n/e,n/e,73,,n/e,n/e,n/e,n/e,12,
05:00 - 06:00,42,,n/e,n/e,n/e,n/e,0,,n/e,n/e,n/e,n/e,n/e,n/e,n/e,n/e,n/e,n/e,n/e,n/e,180,,n/e,n/e,n/e,n/e,n/e,n/e,0,,n/e,n/e,130,,n/e,n/e,n/e,n/e,13,
06:00 - 07:00,42,,n/e,n/e,n/e,n/e,0,,n/e,n/e,n/e,n/e,n/e,n/e,n/e,n/e,n/e,n/e,n/e,n/e,179,,n/e,n/e,n/e,n/e,n/e,n/e,0,,n/e,n/e,190,,n/e,n/e,n/e,n/e,13,
07:00 - 08:00,40,,n/e,n/e,n/e,n/e,0,,n/e,n/e,n/e,n/e,n/e,n/e,n/e,n/e,n/e,n/e,n/e,n/e,38,,n/e,n/e,n/e,n/e,n/e,n/e,0,,n/e,n/e,238,,n/e,n/e,n/e,n/e,15,
08:00 - 09:00,36,,n/e,n/e,n/e,n/e,1,,n/e,n/e,n/e,n/e,n/e,n/e,n/e,n/e,n/e,n/e,n/e,n/e,3,,n/e,n/e,n/e,n/e,n/e,n/e,0,,n/e,n/e,269,,n/e,n/e,n/e,n/e,21,
09:00 - 10:00,35,,n/e,n/e,n/e,n/e,1,,n/e,n/e,n/e,n/e,n/e,n/e,n/e,n/e,n/e,n/e,n/e,n/e,3,,n/e,n/e,n/e,n/e,n/e,n/e,0,,n/e,n/e,267,,n/e,n/e,n/e,n/e,18,
10:00 - 11:00,35,,n/e,n/e,n/e,n/e,0,,n/e,n/e,n/e,n/e,n/e,n/e,n/e,n/e,n/e,n/e,n/e,n/e,2,,n/e,n/e,n/e,n/e,n/e,n/e,0,,n/e,n/e,294,,n/e,n/e,n/e,n/e,18,
11:00 - 12:00,34,,n/e,n/e,n/e,n/e,0,,n/e,n/e,n/e,n/e,n/e,n/e,n/e,n/e,n/e,n/e,n/e,n/e,2,,n/e,n/e,n/e,n/e,n/e,n/e,0,,n/e,n/e,258,,n/e,n/e,n/e,n/e,18,
12:00 - 13:00,34,,n/e,n/e,n/e,n/e,0,,n/e,n/e,n/e,n/e,n/e,n/e,n/e,n/e,n/e,n/e,n/e,n/e,2,,n/e,n/e,n/e,n/e,n/e,n/e,0,,n/e,n/e,208,,n/e,n/e,n/e,n/e,18,
13:00 - 14:00,34,,n/e,n/e,n/e,n/e,0,,n/e,n/e,n/e,n/e,n/e,n/e,n/e,n/e,n/e,n/e,n/e,n/e,2,,n/e,n/e,n/e,n/e,n/e,n/e,0,,n/e,n/e,182,,n/e,n/e,n/e,n/e,28,
14:00 - 15:00,34,,n/e,n/e,n/e,n/e,0,,n/e,n/e,n/e,n/e,n/e,n/e,n/e,n/e,n/e,n/e,n/e,n/e,105,,n/e,n/e,n/e,n/e,n/e,n/e,0,,n/e,n/e,117,,n/e,n/e,n/e,n/e,26,
15:00 - 16:00,36,,n/e,n/e,n/e,n/e,2,,n/e,n/e,n/e,n/e,n/e,n/e,n/e,n/e,n/e,n/e,n/e,n/e,298,,n/e,n/e,n/e,n/e,n/e,n/e,0,,n/e,n/e,46,,n/e,n/e,n/e,n/e,34,
16:00 - 17:00,45,,n/e,n/e,n/e,n/e,3,,n/e,n/e,n/e,n/e,n/e,n/e,n/e,n/e,n/e,n/e,n/e,n/e,494,,n/e,n/e,n/e,n/e,n/e,n/e,0,,n/e,n/e,20,,n/e,n/e,n/e,n/e,37,
17:00 - 18:00,48,,n/e,n/e,n/e,n/e,7,,n/e,n/e,n/e,n/e,n/e,n/e,n/e,n/e,n/e,n/e,n/e,n/e,492,,n/e,n/e,n/e,n/e,n/e,n/e,0,,n/e,n/e,7,,n/e,n/e,n/e,n/e,47,
18:00 - 19:00,53,,n/e,n/e,n/e,n/e,6,,n/e,n/e,n/e,n/e,n/e,n/e,n/e,n/e,n/e,n/e,n/e,n/e,449,,n/e,n/e,n/e,n/e,n/e,n/e,0,,n/e,n/e,1,,n/e,n/e,n/e,n/e,50,
19:00 - 20:00,52,,n/e,n/e,n/e,n/e,6,,n/e,n/e,n/e,n/e,n/e,n/e,n/e,n/e,n/e,n/e,n/e,n/e,465,,n/e,n/e,n/e,n/e,n/e,n/e,0,,n/e,n/e,0,,n/e,n/e,n/e,n/e,37,
20:00 - 21:00,50,,n/e,n/e,n/e,n/e,6,,n/e,n/e,n/e,n/e,n/e,n/e,n/e,n/e,n/e,n/e,n/e,n/e,468,,n/e,n/e,n/e,n/e,n/e,n/e,0,,n/e,n/e,0,,n/e,n/e,n/e,n/e,36,
21:00 - 22:00,48,,n/e,n/e,n/e,n/e,2,,n/e,n/e,n/e,n/e,n/e,n/e,n/e,n/e,n/e,n/e,n/e,n/e,334,,n/e,n/e,n/e,n/e,n/e,n/e,0,,n/e,n/e,0,,n/e,n/e,n/e,n/e,43,
22:00 - 23:00,48,,n/e,n/e,n/e,n/e,3,,n/e,n/e,n/e,n/e,n/e,n/e,n/e,n/e,n/e,n/e,n/e,n/e,52,,n/e,n/e,n/e,n/e,n/e,n/e,0,,n/e,n/e,0,,n/e,n/e,n/e,n/e,39,
23:00 - 00:00,46,,n/e,n/e,n/e,n/e,3,,n/e,n/e,n/e,n/e,n/e,n/e,n/e,n/e,n/e,n/e,n/e,n/e,38,,n/e,n/e,n/e,n/e,n/e,n/e,0,,n/e,n/e,0,,n/e,n/e,n/e,n/e,20,
00:00 - 01:00,44,,n/e,n/e,n/e,n/e,3,,n/e,n/e,n/e,n/e,n/e,n/e,n/e,n/e,n/e,n/e,n/e,n/e,68,,n/e,n/e,n/e,n/e,n/e,n/e,0,,n/e,n/e,0,,n/e,n/e,n/e,n/e,10,
01:00 - 02:00,44,,n/e,n/e,n/e,n/e,3,,n/e,n/e,n/e,n/e,n/e,n/e,n/e,n/e,n/e,n/e,n/e,n/e,2,,n/e,n/e,n/e,n/e,n/e,n/e,0,,n/e,n/e,0,,n/e,n/e,n/e,n/e,5,
02:00 - 03:00,45,,n/e,n/e,n/e,n/e,3,,n/e,n/e,n/e,n/e,n/e,n/e,n/e,n/e,n/e,n/e,n/e,n/e,2,,n/e,n/e,n/e,n/e,n/e,n/e,0,,n/e,n/e,1,,n/e,n/e,n/e,n/e,4,
03:00 - 04:00,46,,n/e,n/e,n/e,n/e,3,,n/e,n/e,n/e,n/e,n/e,n/e,n/e,n/e,n/e,n/e,n/e,n/e,2,,n/e,n/e,n/e,n/e,n/e,n/e,0,,n/e,n/e,7,,n/e,n/e,n/e,n/e,4,
04:00 - 05:00,45,,n/e,n/e,n/e,n/e,2,,n/e,n/e,n/e,n/e,n/e,n/e,n/e,n/e,n/e,n/e,n/e,n/e,3,,n/e,n/e,n/e,n/e,n/e,n/e,0,,n/e,n/e,18,,n/e,n/e,n/e,n/e,3,
05:00 - 06:00,43,,n/e,n/e,n/e,n/e,0,,n/e,n/e,n/e,n/e,n/e,n/e,n/e,n/e,n/e,n/e,n/e,n/e,3,,n/e,n/e,n/e,n/e,n/e,n/e,0,,n/e,n/e,32,,n/e,n/e,n/e,n/e,4,
06:00 - 07:00,41,,n/e,n/e,n/e,n/e,0,,n/e,n/e,n/e,n/e,n/e,n/e,n/e,n/e,n/e,n/e,n/e,n/e,2,,n/e,n/e,n/e,n/e,n/e,n/e,0,,n/e,n/e,44,,n/e,n/e,n/e,n/e,5,
07:00 - 08:00,39,,n/e,n/e,n/e,n/e,1,,n/e,n/e,n/e,n/e,n/e,n/e,n/e,n/e,n/e,n/e,n/e,n/e,2,,n/e,n/e,n/e,n/e,n/e,n/e,0,,n/e,n/e,59,,n/e,n/e,n/e,n/e,6,
08:00 - 09:00,38,,n/e,n/e,n/e,n/e,2,,n/e,n/e,n/e,n/e,n/e,n/e,n/e,n/e,n/e,n/e,n/e,n/e,2,,n/e,n/e,n/e,n/e,n/e,n/e,0,,n/e,n/e,60,,n/e,n/e,n/e,n/e,3,
09:00 - 10:00,37,,n/e,n/e,n/e,n/e,3,,n/e,n/e,n/e,n/e,n/e,n/e,n/e,n/e,n/e,n/e,n/e,n/e,42,,n/e,n/e,n/e,n/e,n/e,n/e,0,,n/e,n/e,64,,n/e,n/e,n/e,n/e,3,
10:00 - 11:00,37,,n/e,n/e,n/e,n/e,3,,n/e,n/e,n/e,n/e,n/e,n/e,n/e,n/e,n/e,n/e,n/e,n/e,73,,n/e,n/e,n/e,n/e,n/e,n/e,0,,n/e,n/e,73,,n/e,n/e,n/e,n/e,3,
11:00 - 12:00,36,,n/e,n/e,n/e,n/e,2,,n/e,n/e,n/e,n/e,n/e,n/e,n/e,n/e,n/e,n/e,n/e,n/e,38,,n/e,n/e,n/e,n/e,n/e,n/e,0,,n/e,n/e,83,,n/e,n/e,n/e,n/e,3,
12:00 - 13:00,37,,n/e,n/e,n/e,n/e,0,,n/e,n/e,n/e,n/e,n/e,n/e,n/e,n/e,n/e,n/e,n/e,n/e,20,,n/e,n/e,n/e,n/e,n/e,n/e,0,,n/e,n/e,91,,n/e,n/e,n/e,n/e,1,
13:00 - 14:00,38,,n/e,n/e,n/e,n/e,0,,n/e,n/e,n/e,n/e,n/e,n/e,n/e,n/e,n/e,n/e,n/e,n/e,44,,n/e,n/e,n/e,n/e,n/e,n/e,0,,n/e,n/e,73,,n/e,n/e,n/e,n/e,1,
14:00 - 15:00,39,,n/e,n/e,n/e,n/e,3,,n/e,n/e,n/e,n/e,n/e,n/e,n/e,n/e,n/e,n/e,n/e,n/e,21,,n/e,n/e,n/e,n/e,n/e,n/e,0,,n/e,n/e,55,,n/e,n/e,n/e,n/e,1,
15:00 - 16:00,42,,n/e,n/e,n/e,n/e,5,,n/e,n/e,n/e,n/e,n/e,n/e,n/e,n/e,n/e,n/e,n/e,n/e,38,,n/e,n/e,n/e,n/e,n/e,n/e,0,,n/e,n/e,35,,n/e,n/e,n/e,n/e,2,
16:00 - 17:00,50,,n/e,n/e,n/e,n/e,5,,n/e,n/e,n/e,n/e,n/e,n/e,n/e,n/e,n/e,n/e,n/e,n/e,130,,n/e,n/e,n/e,n/e,n/e,n/e,0,,n/e,n/e,27,,n/e,n/e,n/e,n/e,1,
17:00 - 18:00,52,,n/e,n/e,n/e,n/e,5,,n/e,n/e,n/e,n/e,n/e,n/e,n/e,n/e,n/e,n/e,n/e,n/e,228,,n/e,n/e,n/e,n/e,n/e,n/e,0,,n/e,n/e,13,,n/e,n/e,n/e,n/e,2,
18:00 - 19:00,57,,n/e,n/e,n/e,n/e,5,,n/e,n/e,n/e,n/e,n/e,n/e,n/e,n/e,n/e,n/e,n/e,n/e,383,,n/e,n/e,n/e,n/e,n/e,n/e,0,,n/e,n/e,3,,n/e,n/e,n/e,n/e,1,
19:00 - 20:00,55,,n/e,n/e,n/e,n/e,5,,n/e,n/e,n/e,n/e,n/e,n/e,n/e,n/e,n/e,n/e,n/e,n/e,378,,n/e,n/e,n/e,n/e,n/e,n/e,0,,n/e,n/e,0,,n/e,n/e,n/e,n/e,0,
20:00 - 21:00,54,,n/e,n/e,n/e,n/e,5,,n/e,n/e,n/e,n/e,n/e,n/e,n/e,n/e,n/e,n/e,n/e,n/e,317,,n/e,n/e,n/e,n/e,n/e,n/e,0,,n/e,n/e,0,,n/e,n/e,n/e,n/e,1,
21:00 - 22:00,52,,n/e,n/e,n/e,n/e,6,,n/e,n/e,n/e,n/e,n/e,n/e,n/e,n/e,n/e,n/e,n/e,n/e,177,,n/e,n/e,n/e,n/e,n/e,n/e,0,,n/e,n/e,0,,n/e,n/e,n/e,n/e,0,
22:00 - 23:00,51,,n/e,n/e,n/e,n/e,6,,n/e,n/e,n/e,n/e,n/e,n/e,n/e,n/e,n/e,n/e,n/e,n/e,4,,n/e,n/e,n/e,n/e,n/e,n/e,0,,n/e,n/e,0,,n/e,n/e,n/e,n/e,1,
23:00 - 00:00,50,,n/e,n/e,n/e,n/e,5,,n/e,n/e,n/e,n/e,n/e,n/e,n/e,n/e,n/e,n/e,n/e,n/e,45,,n/e,n/e,n/e,n/e,n/e,n/e,0,,n/e,n/e,0,,n/e,n/e,n/e,n/e,1,
00:00 - 01:00,50,,n/e,n/e,n/e,n/e,4,,n/e,n/e,n/e,n/e,n/e,n/e,n/e,n/e,n/e,n/e,n/e,n/e,3,,n/e,n/e,n/e,n/e,n/e,n/e,0,,n/e,n/e,0,,n/e,n/e,n/e,n/e,1,
01:00 - 02:00,49,,n/e,n/e,n/e,n/e,6,,n/e,n/e,n/e,n/e,n/e,n/e,n/e,n/e,n/e,n/e,n/e,n/e,3,,n/e,n/e,n/e,n/e,n/e,n/e,0,,n/e,n/e,0,,n/e,n/e,n/e,n/e,2,
02:00 - 03:00,49,,n/e,n/e,n/e,n/e,6,,n/e,n/e,n/e,n/e,n/e,n/e,n/e,n/e,n/e,n/e,n/e,n/e,107,,n/e,n/e,n/e,n/e,n/e,n/e,0,,n/e,n/e,3,,n/e,n/e,n/e,n/e,7,
03:00 - 04:00,50,,n/e,n/e,n/e,n/e,4,,n/e,n/e,n/e,n/e,n/e,n/e,n/e,n/e,n/e,n/e,n/e,n/e,111,,n/e,n/e,n/e,n/e,n/e,n/e,0,,n/e,n/e,10,,n/e,n/e,n/e,n/e,15,
04:00 - 05:00,55,,n/e,n/e,n/e,n/e,3,,n/e,n/e,n/e,n/e,n/e,n/e,n/e,n/e,n/e,n/e,n/e,n/e,112,,n/e,n/e,n/e,n/e,n/e,n/e,0,,n/e,n/e,23,,n/e,n/e,n/e,n/e,6,
05:00 - 06:00,55,,n/e,n/e,n/e,n/e,4,,n/e,n/e,n/e,n/e,n/e,n/e,n/e,n/e,n/e,n/e,n/e,n/e,123,,n/e,n/e,n/e,n/e,n/e,n/e,0,,n/e,n/e,44,,n/e,n/e,n/e,n/e,3,
06:00 - 07:00,53,,n/e,n/e,n/e,n/e,4,,n/e,n/e,n/e,n/e,n/e,n/e,n/e,n/e,n/e,n/e,n/e,n/e,121,,n/e,n/e,n/e,n/e,n/e,n/e,0,,n/e,n/e,72,,n/e,n/e,n/e,n/e,3,
07:00 - 08:00,48,,n/e,n/e,n/e,n/e,3,,n/e,n/e,n/e,n/e,n/e,n/e,n/e,n/e,n/e,n/e,n/e,n/e,26,,n/e,n/e,n/e,n/e,n/e,n/e,0,,n/e,n/e,104,,n/e,n/e,n/e,n/e,3,
08:00 - 09:00,44,,n/e,n/e,n/e,n/e,2,,n/e,n/e,n/e,n/e,n/e,n/e,n/e,n/e,n/e,n/e,n/e,n/e,37,,n/e,n/e,n/e,n/e,n/e,n/e,0,,n/e,n/e,151,,n/e,n/e,n/e,n/e,5,
09:00 - 10:00,40,,n/e,n/e,n/e,n/e,2,,n/e,n/e,n/e,n/e,n/e,n/e,n/e,n/e,n/e,n/e,n/e,n/e,38,,n/e,n/e,n/e,n/e,n/e,n/e,0,,n/e,n/e,183,,n/e,n/e,n/e,n/e,16,
10:00 - 11:00,41,,n/e,n/e,n/e,n/e,2,,n/e,n/e,n/e,n/e,n/e,n/e,n/e,n/e,n/e,n/e,n/e,n/e,3,,n/e,n/e,n/e,n/e,n/e,n/e,0,,n/e,n/e,218,,n/e,n/e,n/e,n/e,15,
11:00 - 12:00,43,,n/e,n/e,n/e,n/e,2,,n/e,n/e,n/e,n/e,n/e,n/e,n/e,n/e,n/e,n/e,n/e,n/e,4,,n/e,n/e,n/e,n/e,n/e,n/e,0,,n/e,n/e,237,,n/e,n/e,n/e,n/e,17,
12:00 - 13:00,47,,n/e,n/e,n/e,n/e,2,,n/e,n/e,n/e,n/e,n/e,n/e,n/e,n/e,n/e,n/e,n/e,n/e,4,,n/e,n/e,n/e,n/e,n/e,n/e,0,,n/e,n/e,247,,n/e,n/e,n/e,n/e,17,
13:00 - 14:00,52,,n/e,n/e,n/e,n/e,2,,n/e,n/e,n/e,n/e,n/e,n/e,n/e,n/e,n/e,n/e,n/e,n/e,11,,n/e,n/e,n/e,n/e,n/e,n/e,0,,n/e,n/e,232,,n/e,n/e,n/e,n/e,17,
14:00 - 15:00,56,,n/e,n/e,n/e,n/e,3,,n/e,n/e,n/e,n/e,n/e,n/e,n/e,n/e,n/e,n/e,n/e,n/e,125,,n/e,n/e,n/e,n/e,n/e,n/e,0,,n/e,n/e,191,,n/e,n/e,n/e,n/e,20,
15:00 - 16:00,58,,n/e,n/e,n/e,n/e,6,,n/e,n/e,n/e,n/e,n/e,n/e,n/e,n/e,n/e,n/e,n/e,n/e,164,,n/e,n/e,n/e,n/e,n/e,n/e,0,,n/e,n/e,130,,n/e,n/e,n/e,n/e,18,
16:00 - 17:00,58,,n/e,n/e,n/e,n/e,7,,n/e,n/e,n/e,n/e,n/e,n/e,n/e,n/e,n/e,n/e,n/e,n/e,291,,n/e,n/e,n/e,n/e,n/e,n/e,0,,n/e,n/e,59,,n/e,n/e,n/e,n/e,14,
17:00 - 18:00,59,,n/e,n/e,n/e,n/e,8,,n/e,n/e,n/e,n/e,n/e,n/e,n/e,n/e,n/e,n/e,n/e,n/e,457,,n/e,n/e,n/e,n/e,n/e,n/e,0,,n/e,n/e,23,,n/e,n/e,n/e,n/e,10,
18:00 - 19:00,58,,n/e,n/e,n/e,n/e,9,,n/e,n/e,n/e,n/e,n/e,n/e,n/e,n/e,n/e,n/e,n/e,n/e,483,,n/e,n/e,n/e,n/e,n/e,n/e,0,,n/e,n/e,6,,n/e,n/e,n/e,n/e,8,
19:00 - 20:00,55,,n/e,n/e,n/e,n/e,9,,n/e,n/e,n/e,n/e,n/e,n/e,n/e,n/e,n/e,n/e,n/e,n/e,405,,n/e,n/e,n/e,n/e,n/e,n/e,0,,n/e,n/e,1,,n/e,n/e,n/e,n/e,9,
20:00 - 21:00,55,,n/e,n/e,n/e,n/e,8,,n/e,n/e,n/e,n/e,n/e,n/e,n/e,n/e,n/e,n/e,n/e,n/e,289,,n/e,n/e,n/e,n/e,n/e,n/e,0,,n/e,n/e,0,,n/e,n/e,n/e,n/e,10,
21:00 - 22:00,54,,n/e,n/e,n/e,n/e,7,,n/e,n/e,n/e,n/e,n/e,n/e,n/e,n/e,n/e,n/e,n/e,n/e,84,,n/e,n/e,n/e,n/e,n/e,n/e,0,,n/e,n/e,0,,n/e,n/e,n/e,n/e,9,
22:00 - 23:00,53,,n/e,n/e,n/e,n/e,5,,n/e,n/e,n/e,n/e,n/e,n/e,n/e,n/e,n/e,n/e,n/e,n/e,106,,n/e,n/e,n/e,n/e,n/e,n/e,0,,n/e,n/e,0,,n/e,n/e,n/e,n/e,8,
23:00 - 00:00,54,,n/e,n/e,n/e,n/e,5,,n/e,n/e,n/e,n/e,n/e,n/e,n/e,n/e,n/e,n/e,n/e,n/e,105,,n/e,n/e,n/e,n/e,n/e,n/e,0,,n/e,n/e,0,,n/e,n/e,n/e,n/e,5,
00:00 - 01:00,54,,n/e,n/e,n/e,n/e,5,,n/e,n/e,n/e,n/e,n/e,n/e,n/e,n/e,n/e,n/e,n/e,n/e,102,,n/e,n/e,n/e,n/e,n/e,n/e,0,,n/e,n/e,0,,n/e,n/e,n/e,n/e,3,
01:00 - 02:00,54,,n/e,n/e,n/e,n/e,5,,n/e,n/e,n/e,n/e,n/e,n/e,n/e,n/e,n/e,n/e,n/e,n/e,119,,n/e,n/e,n/e,n/e,n/e,n/e,0,,n/e,n/e,1,,n/e,n/e,n/e,n/e,2,
02:00 - 03:00,55,,n/e,n/e,n/e,n/e,5,,n/e,n/e,n/e,n/e,n/e,n/e,n/e,n/e,n/e,n/e,n/e,n/e,176,,n/e,n/e,n/e,n/e,n/e,n/e,0,,n/e,n/e,8,,n/e,n/e,n/e,n/e,2,
03:00 - 04:00,56,,n/e,n/e,n/e,n/e,5,,n/e,n/e,n/e,n/e,n/e,n/e,n/e,n/e,n/e,n/e,n/e,n/e,165,,n/e,n/e,n/e,n/e,n/e,n/e,0,,n/e,n/e,25,,n/e,n/e,n/e,n/e,1,
04:00 - 05:00,59,,n/e,n/e,n/e,n/e,5,,n/e,n/e,n/e,n/e,n/e,n/e,n/e,n/e,n/e,n/e,n/e,n/e,164,,n/e,n/e,n/e,n/e,n/e,n/e,0,,n/e,n/e,68,,n/e,n/e,n/e,n/e,0,
05:00 - 06:00,64,,n/e,n/e,n/e,n/e,6,,n/e,n/e,n/e,n/e,n/e,n/e,n/e,n/e,n/e,n/e,n/e,n/e,142,,n/e,n/e,n/e,n/e,n/e,n/e,0,,n/e,n/e,141,,n/e,n/e,n/e,n/e,0,
06:00 - 07:00,59,,n/e,n/e,n/e,n/e,4,,n/e,n/e,n/e,n/e,n/e,n/e,n/e,n/e,n/e,n/e,n/e,n/e,138,,n/e,n/e,n/e,n/e,n/e,n/e,0,,n/e,n/e,216,,n/e,n/e,n/e,n/e,0,
07:00 - 08:00,55,,n/e,n/e,n/e,n/e,3,,n/e,n/e,n/e,n/e,n/e,n/e,n/e,n/e,n/e,n/e,n/e,n/e,5,,n/e,n/e,n/e,n/e,n/e,n/e,0,,n/e,n/e,279,,n/e,n/e,n/e,n/e,0,
08:00 - 09:00,50,,n/e,n/e,n/e,n/e,0,,n/e,n/e,n/e,n/e,n/e,n/e,n/e,n/e,n/e,n/e,n/e,n/e,4,,n/e,n/e,n/e,n/e,n/e,n/e,0,,n/e,n/e,314,,n/e,n/e,n/e,n/e,1,
09:00 - 10:00,48,,n/e,n/e,n/e,n/e,0,,n/e,n/e,n/e,n/e,n/e,n/e,n/e,n/e,n/e,n/e,n/e,n/e,4,,n/e,n/e,n/e,n/e,n/e,n/e,0,,n/e,n/e,329,,n/e,n/e,n/e,n/e,3,
10:00 - 11:00,48,,n/e,n/e,n/e,n/e,0,,n/e,n/e,n/e,n/e,n/e,n/e,n/e,n/e,n/e,n/e,n/e,n/e,21,,n/e,n/e,n/e,n/e,n/e,n/e,0,,n/e,n/e,330,,n/e,n/e,n/e,n/e,7,
11:00 - 12:00,47,,n/e,n/e,n/e,n/e,0,,n/e,n/e,n/e,n/e,n/e,n/e,n/e,n/e,n/e,n/e,n/e,n/e,43,,n/e,n/e,n/e,n/e,n/e,n/e,0,,n/e,n/e,325,,n/e,n/e,n/e,n/e,9,
12:00 - 13:00,47,,n/e,n/e,n/e,n/e,1,,n/e,n/e,n/e,n/e,n/e,n/e,n/e,n/e,n/e,n/e,n/e,n/e,136,,n/e,n/e,n/e,n/e,n/e,n/e,0,,n/e,n/e,306,,n/e,n/e,n/e,n/e,10,
13:00 - 14:00,48,,n/e,n/e,n/e,n/e,1,,n/e,n/e,n/e,n/e,n/e,n/e,n/e,n/e,n/e,n/e,n/e,n/e,90,,n/e,n/e,n/e,n/e,n/e,n/e,0,,n/e,n/e,273,,n/e,n/e,n/e,n/e,8,
14:00 - 15:00,52,,n/e,n/e,n/e,n/e,1,,n/e,n/e,n/e,n/e,n/e,n/e,n/e,n/e,n/e,n/e,n/e,n/e,214,,n/e,n/e,n/e,n/e,n/e,n/e,0,,n/e,n/e,212,,n/e,n/e,n/e,n/e,8,
15:00 - 16:00,56,,n/e,n/e,n/e,n/e,4,,n/e,n/e,n/e,n/e,n/e,n/e,n/e,n/e,n/e,n/e,n/e,n/e,270,,n/e,n/e,n/e,n/e,n/e,n/e,0,,n/e,n/e,134,,n/e,n/e,n/e,n/e,4,
16:00 - 17:00,60,,n/e,n/e,n/e,n/e,12,,n/e,n/e,n/e,n/e,n/e,n/e,n/e,n/e,n/e,n/e,n/e,n/e,429,,n/e,n/e,n/e,n/e,n/e,n/e,0,,n/e,n/e,60,,n/e,n/e,n/e,n/e,1,
17:00 - 18:00,62,,n/e,n/e,n/e,n/e,14,,n/e,n/e,n/e,n/e,n/e,n/e,n/e,n/e,n/e,n/e,n/e,n/e,483,,n/e,n/e,n/e,n/e,n/e,n/e,0,,n/e,n/e,21,,n/e,n/e,n/e,n/e,0,
18:00 - 19:00,62,,n/e,n/e,n/e,n/e,14,,n/e,n/e,n/e,n/e,n/e,n/e,n/e,n/e,n/e,n/e,n/e,n/e,445,,n/e,n/e,n/e,n/e,n/e,n/e,0,,n/e,n/e,6,,n/e,n/e,n/e,n/e,1,
19:00 - 20:00,60,,n/e,n/e,n/e,n/e,14,,n/e,n/e,n/e,n/e,n/e,n/e,n/e,n/e,n/e,n/e,n/e,n/e,416,,n/e,n/e,n/e,n/e,n/e,n/e,0,,n/e,n/e,1,,n/e,n/e,n/e,n/e,0,
20:00 - 21:00,59,,n/e,n/e,n/e,n/e,13,,n/e,n/e,n/e,n/e,n/e,n/e,n/e,n/e,n/e,n/e,n/e,n/e,390,,n/e,n/e,n/e,n/e,n/e,n/e,0,,n/e,n/e,0,,n/e,n/e,n/e,n/e,0,
21:00 - 22:00,57,,n/e,n/e,n/e,n/e,10,,n/e,n/e,n/e,n/e,n/e,n/e,n/e,n/e,n/e,n/e,n/e,n/e,329,,n/e,n/e,n/e,n/e,n/e,n/e,0,,n/e,n/e,0,,n/e,n/e,n/e,n/e,0,
22:00 - 23:00,57,,n/e,n/e,n/e,n/e,8,,n/e,n/e,n/e,n/e,n/e,n/e,n/e,n/e,n/e,n/e,n/e,n/e,81,,n/e,n/e,n/e,n/e,n/e,n/e,0,,n/e,n/e,0,,n/e,n/e,n/e,n/e,3,
23:00 - 00:00,57,,n/e,n/e,n/e,n/e,7,,n/e,n/e,n/e,n/e,n/e,n/e,n/e,n/e,n/e,n/e,n/e,n/e,64,,n/e,n/e,n/e,n/e,n/e,n/e,0,,n/e,n/e,0,,n/e,n/e,n/e,n/e,6,
00:00 - 01:00,56,,n/e,n/e,n/e,n/e,4,,n/e,n/e,n/e,n/e,n/e,n/e,n/e,n/e,n/e,n/e,n/e,n/e,59,,n/e,n/e,n/e,n/e,n/e,n/e,0,,n/e,n/e,0,,n/e,n/e,n/e,n/e,10,
01:00 - 02:00,55,,n/e,n/e,n/e,n/e,3,,n/e,n/e,n/e,n/e,n/e,n/e,n/e,n/e,n/e,n/e,n/e,n/e,58,,n/e,n/e,n/e,n/e,n/e,n/e,0,,n/e,n/e,1,,n/e,n/e,n/e,n/e,11,
02:00 - 03:00,55,,n/e,n/e,n/e,n/e,3,,n/e,n/e,n/e,n/e,n/e,n/e,n/e,n/e,n/e,n/e,n/e,n/e,133,,n/e,n/e,n/e,n/e,n/e,n/e,0,,n/e,n/e,7,,n/e,n/e,n/e,n/e,10,
03:00 - 04:00,56,,n/e,n/e,n/e,n/e,3,,n/e,n/e,n/e,n/e,n/e,n/e,n/e,n/e,n/e,n/e,n/e,n/e,142,,n/e,n/e,n/e,n/e,n/e,n/e,0,,n/e,n/e,24,,n/e,n/e,n/e,n/e,11,
04:00 - 05:00,61,,n/e,n/e,n/e,n/e,4,,n/e,n/e,n/e,n/e,n/e,n/e,n/e,n/e,n/e,n/e,n/e,n/e,161,,n/e,n/e,n/e,n/e,n/e,n/e,0,,n/e,n/e,67,,n/e,n/e,n/e,n/e,6,
05:00 - 06:00,64,,n/e,n/e,n/e,n/e,4,,n/e,n/e,n/e,n/e,n/e,n/e,n/e,n/e,n/e,n/e,n/e,n/e,161,,n/e,n/e,n/e,n/e,n/e,n/e,0,,n/e,n/e,138,,n/e,n/e,n/e,n/e,1,
06:00 - 07:00,61,,n/e,n/e,n/e,n/e,3,,n/e,n/e,n/e,n/e,n/e,n/e,n/e,n/e,n/e,n/e,n/e,n/e,109,,n/e,n/e,n/e,n/e,n/e,n/e,0,,n/e,n/e,211,,n/e,n/e,n/e,n/e,0,
07:00 - 08:00,56,,n/e,n/e,n/e,n/e,2,,n/e,n/e,n/e,n/e,n/e,n/e,n/e,n/e,n/e,n/e,n/e,n/e,90,,n/e,n/e,n/e,n/e,n/e,n/e,0,,n/e,n/e,270,,n/e,n/e,n/e,n/e,1,
08:00 - 09:00,54,,n/e,n/e,n/e,n/e,3,,n/e,n/e,n/e,n/e,n/e,n/e,n/e,n/e,n/e,n/e,n/e,n/e,3,,n/e,n/e,n/e,n/e,n/e,n/e,0,,n/e,n/e,307,,n/e,n/e,n/e,n/e,2,
09:00 - 10:00,49,,n/e,n/e,n/e,n/e,0,,n/e,n/e,n/e,n/e,n/e,n/e,n/e,n/e,n/e,n/e,n/e,n/e,3,,n/e,n/e,n/e,n/e,n/e,n/e,0,,n/e,n/e,326,,n/e,n/e,n/e,n/e,2,
10:00 - 11:00,48,,n/e,n/e,n/e,n/e,3,,n/e,n/e,n/e,n/e,n/e,n/e,n/e,n/e,n/e,n/e,n/e,n/e,3,,n/e,n/e,n/e,n/e,n/e,n/e,0,,n/e,n/e,329,,n/e,n/e,n/e,n/e,1,
11:00 - 12:00,49,,n/e,n/e,n/e,n/e,0,,n/e,n/e,n/e,n/e,n/e,n/e,n/e,n/e,n/e,n/e,n/e,n/e,3,,n/e,n/e,n/e,n/e,n/e,n/e,0,,n/e,n/e,323,,n/e,n/e,n/e,n/e,1,
12:00 - 13:00,51,,n/e,n/e,n/e,n/e,0,,n/e,n/e,n/e,n/e,n/e,n/e,n/e,n/e,n/e,n/e,n/e,n/e,4,,n/e,n/e,n/e,n/e,n/e,n/e,0,,n/e,n/e,307,,n/e,n/e,n/e,n/e,1,
13:00 - 14:00,52,,n/e,n/e,n/e,n/e,0,,n/e,n/e,n/e,n/e,n/e,n/e,n/e,n/e,n/e,n/e,n/e,n/e,127,,n/e,n/e,n/e,n/e,n/e,n/e,0,,n/e,n/e,266,,n/e,n/e,n/e,n/e,1,
14:00 - 15:00,59,,n/e,n/e,n/e,n/e,5,,n/e,n/e,n/e,n/e,n/e,n/e,n/e,n/e,n/e,n/e,n/e,n/e,128,,n/e,n/e,n/e,n/e,n/e,n/e,0,,n/e,n/e,201,,n/e,n/e,n/e,n/e,1,
15:00 - 16:00,60,,n/e,n/e,n/e,n/e,9,,n/e,n/e,n/e,n/e,n/e,n/e,n/e,n/e,n/e,n/e,n/e,n/e,195,,n/e,n/e,n/e,n/e,n/e,n/e,0,,n/e,n/e,127,,n/e,n/e,n/e,n/e,2,
16:00 - 17:00,59,,n/e,n/e,n/e,n/e,10,,n/e,n/e,n/e,n/e,n/e,n/e,n/e,n/e,n/e,n/e,n/e,n/e,389,,n/e,n/e,n/e,n/e,n/e,n/e,0,,n/e,n/e,57,,n/e,n/e,n/e,n/e,0,
17:00 - 18:00,59,,n/e,n/e,n/e,n/e,10,,n/e,n/e,n/e,n/e,n/e,n/e,n/e,n/e,n/e,n/e,n/e,n/e,602,,n/e,n/e,n/e,n/e,n/e,n/e,0,,n/e,n/e,20,,n/e,n/e,n/e,n/e,0,
18:00 - 19:00,60,,n/e,n/e,n/e,n/e,10,,n/e,n/e,n/e,n/e,n/e,n/e,n/e,n/e,n/e,n/e,n/e,n/e,606,,n/e,n/e,n/e,n/e,n/e,n/e,0,,n/e,n/e,6,,n/e,n/e,n/e,n/e,1,
19:00 - 20:00,55,,n/e,n/e,n/e,n/e,10,,n/e,n/e,n/e,n/e,n/e,n/e,n/e,n/e,n/e,n/e,n/e,n/e,520,,n/e,n/e,n/e,n/e,n/e,n/e,0,,n/e,n/e,1,,n/e,n/e,n/e,n/e,4,
20:00 - 21:00,51,,n/e,n/e,n/e,n/e,4,,n/e,n/e,n/e,n/e,n/e,n/e,n/e,n/e,n/e,n/e,n/e,n/e,392,,n/e,n/e,n/e,n/e,n/e,n/e,0,,n/e,n/e,0,,n/e,n/e,n/e,n/e,10,
21:00 - 22:00,49,,n/e,n/e,n/e,n/e,3,,n/e,n/e,n/e,n/e,n/e,n/e,n/e,n/e,n/e,n/e,n/e,n/e,234,,n/e,n/e,n/e,n/e,n/e,n/e,0,,n/e,n/e,0,,n/e,n/e,n/e,n/e,14,
22:00 - 23:00,50,,n/e,n/e,n/e,n/e,1,,n/e,n/e,n/e,n/e,n/e,n/e,n/e,n/e,n/e,n/e,n/e,n/e,168,,n/e,n/e,n/e,n/e,n/e,n/e,0,,n/e,n/e,0,,n/e,n/e,n/e,n/e,14,
23:00 - 00:00,51,,n/e,n/e,n/e,n/e,1,,n/e,n/e,n/e,n/e,n/e,n/e,n/e,n/e,n/e,n/e,n/e,n/e,161,,n/e,n/e,n/e,n/e,n/e,n/e,0,,n/e,n/e,0,,n/e,n/e,n/e,n/e,18,
00:00 - 01:00,51,,n/e,n/e,n/e,n/e,0,,n/e,n/e,n/e,n/e,n/e,n/e,n/e,n/e,n/e,n/e,n/e,n/e,154,,n/e,n/e,n/e,n/e,n/e,n/e,0,,n/e,n/e,0,,n/e,n/e,n/e,n/e,26,
01:00 - 02:00,50,,n/e,n/e,n/e,n/e,0,,n/e,n/e,n/e,n/e,n/e,n/e,n/e,n/e,n/e,n/e,n/e,n/e,161,,n/e,n/e,n/e,n/e,n/e,n/e,0,,n/e,n/e,1,,n/e,n/e,n/e,n/e,34,
02:00 - 03:00,51,,n/e,n/e,n/e,n/e,1,,n/e,n/e,n/e,n/e,n/e,n/e,n/e,n/e,n/e,n/e,n/e,n/e,149,,n/e,n/e,n/e,n/e,n/e,n/e,0,,n/e,n/e,7,,n/e,n/e,n/e,n/e,33,
03:00 - 04:00,53,,n/e,n/e,n/e,n/e,2,,n/e,n/e,n/e,n/e,n/e,n/e,n/e,n/e,n/e,n/e,n/e,n/e,195,,n/e,n/e,n/e,n/e,n/e,n/e,0,,n/e,n/e,23,,n/e,n/e,n/e,n/e,23,
04:00 - 05:00,60,,n/e,n/e,n/e,n/e,6,,n/e,n/e,n/e,n/e,n/e,n/e,n/e,n/e,n/e,n/e,n/e,n/e,224,,n/e,n/e,n/e,n/e,n/e,n/e,0,,n/e,n/e,66,,n/e,n/e,n/e,n/e,14,
05:00 - 06:00,61,,n/e,n/e,n/e,n/e,4,,n/e,n/e,n/e,n/e,n/e,n/e,n/e,n/e,n/e,n/e,n/e,n/e,199,,n/e,n/e,n/e,n/e,n/e,n/e,0,,n/e,n/e,135,,n/e,n/e,n/e,n/e,7,
06:00 - 07:00,58,,n/e,n/e,n/e,n/e,5,,n/e,n/e,n/e,n/e,n/e,n/e,n/e,n/e,n/e,n/e,n/e,n/e,5,,n/e,n/e,n/e,n/e,n/e,n/e,0,,n/e,n/e,208,,n/e,n/e,n/e,n/e,7,
07:00 - 08:00,53,,n/e,n/e,n/e,n/e,3,,n/e,n/e,n/e,n/e,n/e,n/e,n/e,n/e,n/e,n/e,n/e,n/e,4,,n/e,n/e,n/e,n/e,n/e,n/e,0,,n/e,n/e,268,,n/e,n/e,n/e,n/e,4,
08:00 - 09:00,47,,n/e,n/e,n/e,n/e,0,,n/e,n/e,n/e,n/e,n/e,n/e,n/e,n/e,n/e,n/e,n/e,n/e,4,,n/e,n/e,n/e,n/e,n/e,n/e,0,,n/e,n/e,306,,n/e,n/e,n/e,n/e,2,
09:00 - 10:00,42,,n/e,n/e,n/e,n/e,0,,n/e,n/e,n/e,n/e,n/e,n/e,n/e,n/e,n/e,n/e,n/e,n/e,3,,n/e,n/e,n/e,n/e,n/e,n/e,0,,n/e,n/e,325,,n/e,n/e,n/e,n/e,2,
10:00 - 11:00,42,,n/e,n/e,n/e,n/e,0,,n/e,n/e,n/e,n/e,n/e,n/e,n/e,n/e,n/e,n/e,n/e,n/e,3,,n/e,n/e,n/e,n/e,n/e,n/e,0,,n/e,n/e,326,,n/e,n/e,n/e,n/e,1,
11:00 - 12:00,41,,n/e,n/e,n/e,n/e,0,,n/e,n/e,n/e,n/e,n/e,n/e,n/e,n/e,n/e,n/e,n/e,n/e,3,,n/e,n/e,n/e,n/e,n/e,n/e,0,,n/e,n/e,312,,n/e,n/e,n/e,n/e,0,
12:00 - 13:00,41,,n/e,n/e,n/e,n/e,0,,n/e,n/e,n/e,n/e,n/e,n/e,n/e,n/e,n/e,n/e,n/e,n/e,3,,n/e,n/e,n/e,n/e,n/e,n/e,0,,n/e,n/e,298,,n/e,n/e,n/e,n/e,2,
13:00 - 14:00,40,,n/e,n/e,n/e,n/e,0,,n/e,n/e,n/e,n/e,n/e,n/e,n/e,n/e,n/e,n/e,n/e,n/e,38,,n/e,n/e,n/e,n/e,n/e,n/e,0,,n/e,n/e,260,,n/e,n/e,n/e,n/e,2,
14:00 - 15:00,44,,n/e,n/e,n/e,n/e,3,,n/e,n/e,n/e,n/e,n/e,n/e,n/e,n/e,n/e,n/e,n/e,n/e,209,,n/e,n/e,n/e,n/e,n/e,n/e,0,,n/e,n/e,198,,n/e,n/e,n/e,n/e,2,
15:00 - 16:00,50,,n/e,n/e,n/e,n/e,7,,n/e,n/e,n/e,n/e,n/e,n/e,n/e,n/e,n/e,n/e,n/e,n/e,303,,n/e,n/e,n/e,n/e,n/e,n/e,0,,n/e,n/e,125,,n/e,n/e,n/e,n/e,2,
16:00 - 17:00,53,,n/e,n/e,n/e,n/e,12,,n/e,n/e,n/e,n/e,n/e,n/e,n/e,n/e,n/e,n/e,n/e,n/e,501,,n/e,n/e,n/e,n/e,n/e,n/e,0,,n/e,n/e,56,,n/e,n/e,n/e,n/e,1,
17:00 - 18:00,57,,n/e,n/e,n/e,n/e,13,,n/e,n/e,n/e,n/e,n/e,n/e,n/e,n/e,n/e,n/e,n/e,n/e,646,,n/e,n/e,n/e,n/e,n/e,n/e,0,,n/e,n/e,19,,n/e,n/e,n/e,n/e,8,
18:00 - 19:00,55,,n/e,n/e,n/e,n/e,12,,n/e,n/e,n/e,n/e,n/e,n/e,n/e,n/e,n/e,n/e,n/e,n/e,627,,n/e,n/e,n/e,n/e,n/e,n/e,0,,n/e,n/e,6,,n/e,n/e,n/e,n/e,10,
19:00 - 20:00,54,,n/e,n/e,n/e,n/e,12,,n/e,n/e,n/e,n/e,n/e,n/e,n/e,n/e,n/e,n/e,n/e,n/e,624,,n/e,n/e,n/e,n/e,n/e,n/e,0,,n/e,n/e,1,,n/e,n/e,n/e,n/e,17,
20:00 - 21:00,51,,n/e,n/e,n/e,n/e,6,,n/e,n/e,n/e,n/e,n/e,n/e,n/e,n/e,n/e,n/e,n/e,n/e,441,,n/e,n/e,n/e,n/e,n/e,n/e,0,,n/e,n/e,0,,n/e,n/e,n/e,n/e,26,
21:00 - 22:00,48,,n/e,n/e,n/e,n/e,5,,n/e,n/e,n/e,n/e,n/e,n/e,n/e,n/e,n/e,n/e,n/e,n/e,246,,n/e,n/e,n/e,n/e,n/e,n/e,0,,n/e,n/e,0,,n/e,n/e,n/e,n/e,38,
22:00 - 23:00,46,,n/e,n/e,n/e,n/e,2,,n/e,n/e,n/e,n/e,n/e,n/e,n/e,n/e,n/e,n/e,n/e,n/e,181,,n/e,n/e,n/e,n/e,n/e,n/e,0,,n/e,n/e,0,,n/e,n/e,n/e,n/e,46,
23:00 - 00:00,47,,n/e,n/e,n/e,n/e,2,,n/e,n/e,n/e,n/e,n/e,n/e,n/e,n/e,n/e,n/e,n/e,n/e,179,,n/e,n/e,n/e,n/e,n/e,n/e,0,,n/e,n/e,0,,n/e,n/e,n/e,n/e,47,
00:00 - 01:00,46,,n/e,n/e,n/e,n/e,2,,n/e,n/e,n/e,n/e,n/e,n/e,n/e,n/e,n/e,n/e,n/e,n/e,204,,n/e,n/e,n/e,n/e,n/e,n/e,0,,n/e,n/e,0,,n/e,n/e,n/e,n/e,48,
01:00 - 02:00,45,,n/e,n/e,n/e,n/e,2,,n/e,n/e,n/e,n/e,n/e,n/e,n/e,n/e,n/e,n/e,n/e,n/e,211,,n/e,n/e,n/e,n/e,n/e,n/e,0,,n/e,n/e,1,,n/e,n/e,n/e,n/e,42,
02:00 - 03:00,46,,n/e,n/e,n/e,n/e,5,,n/e,n/e,n/e,n/e,n/e,n/e,n/e,n/e,n/e,n/e,n/e,n/e,231,,n/e,n/e,n/e,n/e,n/e,n/e,0,,n/e,n/e,7,,n/e,n/e,n/e,n/e,34,
03:00 - 04:00,48,,n/e,n/e,n/e,n/e,6,,n/e,n/e,n/e,n/e,n/e,n/e,n/e,n/e,n/e,n/e,n/e,n/e,234,,n/e,n/e,n/e,n/e,n/e,n/e,0,,n/e,n/e,23,,n/e,n/e,n/e,n/e,23,
04:00 - 05:00,54,,n/e,n/e,n/e,n/e,6,,n/e,n/e,n/e,n/e,n/e,n/e,n/e,n/e,n/e,n/e,n/e,n/e,183,,n/e,n/e,n/e,n/e,n/e,n/e,0,,n/e,n/e,64,,n/e,n/e,n/e,n/e,15,
05:00 - 06:00,56,,n/e,n/e,n/e,n/e,4,,n/e,n/e,n/e,n/e,n/e,n/e,n/e,n/e,n/e,n/e,n/e,n/e,232,,n/e,n/e,n/e,n/e,n/e,n/e,0,,n/e,n/e,132,,n/e,n/e,n/e,n/e,10,
06:00 - 07:00,52,,n/e,n/e,n/e,n/e,4,,n/e,n/e,n/e,n/e,n/e,n/e,n/e,n/e,n/e,n/e,n/e,n/e,196,,n/e,n/e,n/e,n/e,n/e,n/e,0,,n/e,n/e,204,,n/e,n/e,n/e,n/e,10,
07:00 - 08:00,49,,n/e,n/e,n/e,n/e,3,,n/e,n/e,n/e,n/e,n/e,n/e,n/e,n/e,n/e,n/e,n/e,n/e,23,,n/e,n/e,n/e,n/e,n/e,n/e,0,,n/e,n/e,268,,n/e,n/e,n/e,n/e,20,
08:00 - 09:00,44,,n/e,n/e,n/e,n/e,3,,n/e,n/e,n/e,n/e,n/e,n/e,n/e,n/e,n/e,n/e,n/e,n/e,3,,n/e,n/e,n/e,n/e,n/e,n/e,0,,n/e,n/e,304,,n/e,n/e,n/e,n/e,35,
09:00 - 10:00,42,,n/e,n/e,n/e,n/e,0,,n/e,n/e,n/e,n/e,n/e,n/e,n/e,n/e,n/e,n/e,n/e,n/e,3,,n/e,n/e,n/e,n/e,n/e,n/e,0,,n/e,n/e,304,,n/e,n/e,n/e,n/e,59,
10:00 - 11:00,39,,n/e,n/e,n/e,n/e,0,,n/e,n/e,n/e,n/e,n/e,n/e,n/e,n/e,n/e,n/e,n/e,n/e,32,,n/e,n/e,n/e,n/e,n/e,n/e,0,,n/e,n/e,292,,n/e,n/e,n/e,n/e,58,
11:00 - 12:00,38,,n/e,n/e,n/e,n/e,1,,n/e,n/e,n/e,n/e,n/e,n/e,n/e,n/e,n/e,n/e,n/e,n/e,54,,n/e,n/e,n/e,n/e,n/e,n/e,0,,n/e,n/e,294,,n/e,n/e,n/e,n/e,67,
12:00 - 13:00,37,,n/e,n/e,n/e,n/e,3,,n/e,n/e,n/e,n/e,n/e,n/e,n/e,n/e,n/e,n/e,n/e,n/e,110,,n/e,n/e,n/e,n/e,n/e,n/e,0,,n/e,n/e,270,,n/e,n/e,n/e,n/e,57,
13:00 - 14:00,37,,n/e,n/e,n/e,n/e,2,,n/e,n/e,n/e,n/e,n/e,n/e,n/e,n/e,n/e,n/e,n/e,n/e,110,,n/e,n/e,n/e,n/e,n/e,n/e,0,,n/e,n/e,238,,n/e,n/e,n/e,n/e,28,
14:00 - 15:00,35,,n/e,n/e,n/e,n/e,0,,n/e,n/e,n/e,n/e,n/e,n/e,n/e,n/e,n/e,n/e,n/e,n/e,249,,n/e,n/e,n/e,n/e,n/e,n/e,0,,n/e,n/e,180,,n/e,n/e,n/e,n/e,25,
15:00 - 16:00,38,,n/e,n/e,n/e,n/e,3,,n/e,n/e,n/e,n/e,n/e,n/e,n/e,n/e,n/e,n/e,n/e,n/e,440,,n/e,n/e,n/e,n/e,n/e,n/e,0,,n/e,n/e,113,,n/e,n/e,n/e,n/e,13,
16:00 - 17:00,42,,n/e,n/e,n/e,n/e,8,,n/e,n/e,n/e,n/e,n/e,n/e,n/e,n/e,n/e,n/e,n/e,n/e,587,,n/e,n/e,n/e,n/e,n/e,n/e,0,,n/e,n/e,52,,n/e,n/e,n/e,n/e,4,
17:00 - 18:00,44,,n/e,n/e,n/e,n/e,8,,n/e,n/e,n/e,n/e,n/e,n/e,n/e,n/e,n/e,n/e,n/e,n/e,592,,n/e,n/e,n/e,n/e,n/e,n/e,0,,n/e,n/e,18,,n/e,n/e,n/e,n/e,3,
18:00 - 19:00,43,,n/e,n/e,n/e,n/e,8,,n/e,n/e,n/e,n/e,n/e,n/e,n/e,n/e,n/e,n/e,n/e,n/e,554,,n/e,n/e,n/e,n/e,n/e,n/e,0,,n/e,n/e,4,,n/e,n/e,n/e,n/e,18,
19:00 - 20:00,41,,n/e,n/e,n/e,n/e,5,,n/e,n/e,n/e,n/e,n/e,n/e,n/e,n/e,n/e,n/e,n/e,n/e,446,,n/e,n/e,n/e,n/e,n/e,n/e,0,,n/e,n/e,0,,n/e,n/e,n/e,n/e,39,
20:00 - 21:00,40,,n/e,n/e,n/e,n/e,3,,n/e,n/e,n/e,n/e,n/e,n/e,n/e,n/e,n/e,n/e,n/e,n/e,429,,n/e,n/e,n/e,n/e,n/e,n/e,0,,n/e,n/e,0,,n/e,n/e,n/e,n/e,8,
21:00 - 22:00,40,,n/e,n/e,n/e,n/e,2,,n/e,n/e,n/e,n/e,n/e,n/e,n/e,n/e,n/e,n/e,n/e,n/e,326,,n/e,n/e,n/e,n/e,n/e,n/e,0,,n/e,n/e,0,,n/e,n/e,n/e,n/e,5,
22:00 - 23:00,40,,n/e,n/e,n/e,n/e,4,,n/e,n/e,n/e,n/e,n/e,n/e,n/e,n/e,n/e,n/e,n/e,n/e,308,,n/e,n/e,n/e,n/e,n/e,n/e,0,,n/e,n/e,0,,n/e,n/e,n/e,n/e,12,
23:00 - 00:00,39,,n/e,n/e,n/e,n/e,3,,n/e,n/e,n/e,n/e,n/e,n/e,n/e,n/e,n/e,n/e,n/e,n/e,266,,n/e,n/e,n/e,n/e,n/e,n/e,0,,n/e,n/e,0,,n/e,n/e,n/e,n/e,26,
00:00 - 01:00,40,,n/e,n/e,n/e,n/e,2,,n/e,n/e,n/e,n/e,n/e,n/e,n/e,n/e,n/e,n/e,n/e,n/e,178,,n/e,n/e,n/e,n/e,n/e,n/e,0,,n/e,n/e,0,,n/e,n/e,n/e,n/e,35,
01:00 - 02:00,39,,n/e,n/e,n/e,n/e,2,,n/e,n/e,n/e,n/e,n/e,n/e,n/e,n/e,n/e,n/e,n/e,n/e,206,,n/e,n/e,n/e,n/e,n/e,n/e,0,,n/e,n/e,1,,n/e,n/e,n/e,n/e,33,
02:00 - 03:00,40,,n/e,n/e,n/e,n/e,3,,n/e,n/e,n/e,n/e,n/e,n/e,n/e,n/e,n/e,n/e,n/e,n/e,159,,n/e,n/e,n/e,n/e,n/e,n/e,0,,n/e,n/e,6,,n/e,n/e,n/e,n/e,27,
03:00 - 04:00,40,,n/e,n/e,n/e,n/e,1,,n/e,n/e,n/e,n/e,n/e,n/e,n/e,n/e,n/e,n/e,n/e,n/e,159,,n/e,n/e,n/e,n/e,n/e,n/e,0,,n/e,n/e,19,,n/e,n/e,n/e,n/e,41,
04:00 - 05:00,41,,n/e,n/e,n/e,n/e,0,,n/e,n/e,n/e,n/e,n/e,n/e,n/e,n/e,n/e,n/e,n/e,n/e,178,,n/e,n/e,n/e,n/e,n/e,n/e,0,,n/e,n/e,47,,n/e,n/e,n/e,n/e,26,
05:00 - 06:00,42,,n/e,n/e,n/e,n/e,0,,n/e,n/e,n/e,n/e,n/e,n/e,n/e,n/e,n/e,n/e,n/e,n/e,180,,n/e,n/e,n/e,n/e,n/e,n/e,0,,n/e,n/e,96,,n/e,n/e,n/e,n/e,23,
06:00 - 07:00,40,,n/e,n/e,n/e,n/e,0,,n/e,n/e,n/e,n/e,n/e,n/e,n/e,n/e,n/e,n/e,n/e,n/e,157,,n/e,n/e,n/e,n/e,n/e,n/e,0,,n/e,n/e,141,,n/e,n/e,n/e,n/e,15,
07:00 - 08:00,38,,n/e,n/e,n/e,n/e,0,,n/e,n/e,n/e,n/e,n/e,n/e,n/e,n/e,n/e,n/e,n/e,n/e,38,,n/e,n/e,n/e,n/e,n/e,n/e,0,,n/e,n/e,182,,n/e,n/e,n/e,n/e,13,
08:00 - 09:00,33,,n/e,n/e,n/e,n/e,0,,n/e,n/e,n/e,n/e,n/e,n/e,n/e,n/e,n/e,n/e,n/e,n/e,2,,n/e,n/e,n/e,n/e,n/e,n/e,0,,n/e,n/e,238,,n/e,n/e,n/e,n/e,20,
09:00 - 10:00,31,,n/e,n/e,n/e,n/e,0,,n/e,n/e,n/e,n/e,n/e,n/e,n/e,n/e,n/e,n/e,n/e,n/e,2,,n/e,n/e,n/e,n/e,n/e,n/e,0,,n/e,n/e,245,,n/e,n/e,n/e,n/e,30,
10:00 - 11:00,30,,n/e,n/e,n/e,n/e,0,,n/e,n/e,n/e,n/e,n/e,n/e,n/e,n/e,n/e,n/e,n/e,n/e,2,,n/e,n/e,n/e,n/e,n/e,n/e,0,,n/e,n/e,259,,n/e,n/e,n/e,n/e,27,
11:00 - 12:00,31,,n/e,n/e,n/e,n/e,0,,n/e,n/e,n/e,n/e,n/e,n/e,n/e,n/e,n/e,n/e,n/e,n/e,2,,n/e,n/e,n/e,n/e,n/e,n/e,0,,n/e,n/e,268,,n/e,n/e,n/e,n/e,38,
12:00 - 13:00,31,,n/e,n/e,n/e,n/e,0,,n/e,n/e,n/e,n/e,n/e,n/e,n/e,n/e,n/e,n/e,n/e,n/e,2,,n/e,n/e,n/e,n/e,n/e,n/e,0,,n/e,n/e,248,,n/e,n/e,n/e,n/e,22,
13:00 - 14:00,31,,n/e,n/e,n/e,n/e,0,,n/e,n/e,n/e,n/e,n/e,n/e,n/e,n/e,n/e,n/e,n/e,n/e,2,,n/e,n/e,n/e,n/e,n/e,n/e,0,,n/e,n/e,228,,n/e,n/e,n/e,n/e,48,
14:00 - 15:00,31,,n/e,n/e,n/e,n/e,0,,n/e,n/e,n/e,n/e,n/e,n/e,n/e,n/e,n/e,n/e,n/e,n/e,6,,n/e,n/e,n/e,n/e,n/e,n/e,0,,n/e,n/e,189,,n/e,n/e,n/e,n/e,44,
15:00 - 16:00,37,,n/e,n/e,n/e,n/e,0,,n/e,n/e,n/e,n/e,n/e,n/e,n/e,n/e,n/e,n/e,n/e,n/e,162,,n/e,n/e,n/e,n/e,n/e,n/e,0,,n/e,n/e,129,,n/e,n/e,n/e,n/e,34,
16:00 - 17:00,41,,n/e,n/e,n/e,n/e,4,,n/e,n/e,n/e,n/e,n/e,n/e,n/e,n/e,n/e,n/e,n/e,n/e,374,,n/e,n/e,n/e,n/e,n/e,n/e,0,,n/e,n/e,62,,n/e,n/e,n/e,n/e,28,
17:00 - 18:00,44,,n/e,n/e,n/e,n/e,6,,n/e,n/e,n/e,n/e,n/e,n/e,n/e,n/e,n/e,n/e,n/e,n/e,511,,n/e,n/e,n/e,n/e,n/e,n/e,0,,n/e,n/e,22,,n/e,n/e,n/e,n/e,22,
18:00 - 19:00,47,,n/e,n/e,n/e,n/e,5,,n/e,n/e,n/e,n/e,n/e,n/e,n/e,n/e,n/e,n/e,n/e,n/e,502,,n/e,n/e,n/e,n/e,n/e,n/e,0,,n/e,n/e,6,,n/e,n/e,n/e,n/e,14,
19:00 - 20:00,48,,n/e,n/e,n/e,n/e,5,,n/e,n/e,n/e,n/e,n/e,n/e,n/e,n/e,n/e,n/e,n/e,n/e,497,,n/e,n/e,n/e,n/e,n/e,n/e,0,,n/e,n/e,1,,n/e,n/e,n/e,n/e,12,
20:00 - 21:00,46,,n/e,n/e,n/e,n/e,5,,n/e,n/e,n/e,n/e,n/e,n/e,n/e,n/e,n/e,n/e,n/e,n/e,381,,n/e,n/e,n/e,n/e,n/e,n/e,0,,n/e,n/e,0,,n/e,n/e,n/e,n/e,8,
21:00 - 22:00,44,,n/e,n/e,n/e,n/e,1,,n/e,n/e,n/e,n/e,n/e,n/e,n/e,n/e,n/e,n/e,n/e,n/e,196,,n/e,n/e,n/e,n/e,n/e,n/e,0,,n/e,n/e,0,,n/e,n/e,n/e,n/e,5,
22:00 - 23:00,44,,n/e,n/e,n/e,n/e,0,,n/e,n/e,n/e,n/e,n/e,n/e,n/e,n/e,n/e,n/e,n/e,n/e,270,,n/e,n/e,n/e,n/e,n/e,n/e,0,,n/e,n/e,0,,n/e,n/e,n/e,n/e,4,
23:00 - 00:00,42,,n/e,n/e,n/e,n/e,1,,n/e,n/e,n/e,n/e,n/e,n/e,n/e,n/e,n/e,n/e,n/e,n/e,268,,n/e,n/e,n/e,n/e,n/e,n/e,0,,n/e,n/e,0,,n/e,n/e,n/e,n/e,5,
00:00 - 01:00,40,,n/e,n/e,n/e,n/e,0,,n/e,n/e,n/e,n/e,n/e,n/e,n/e,n/e,n/e,n/e,n/e,n/e,277,,n/e,n/e,n/e,n/e,n/e,n/e,0,,n/e,n/e,0,,n/e,n/e,n/e,n/e,4,
01:00 - 02:00,40,,n/e,n/e,n/e,n/e,0,,n/e,n/e,n/e,n/e,n/e,n/e,n/e,n/e,n/e,n/e,n/e,n/e,256,,n/e,n/e,n/e,n/e,n/e,n/e,0,,n/e,n/e,0,,n/e,n/e,n/e,n/e,7,
02:00 - 03:00,40,,n/e,n/e,n/e,n/e,0,,n/e,n/e,n/e,n/e,n/e,n/e,n/e,n/e,n/e,n/e,n/e,n/e,171,,n/e,n/e,n/e,n/e,n/e,n/e,0,,n/e,n/e,8,,n/e,n/e,n/e,n/e,11,
03:00 - 04:00,40,,n/e,n/e,n/e,n/e,0,,n/e,n/e,n/e,n/e,n/e,n/e,n/e,n/e,n/e,n/e,n/e,n/e,158,,n/e,n/e,n/e,n/e,n/e,n/e,0,,n/e,n/e,26,,n/e,n/e,n/e,n/e,10,
04:00 - 05:00,41,,n/e,n/e,n/e,n/e,0,,n/e,n/e,n/e,n/e,n/e,n/e,n/e,n/e,n/e,n/e,n/e,n/e,159,,n/e,n/e,n/e,n/e,n/e,n/e,0,,n/e,n/e,69,,n/e,n/e,n/e,n/e,6,
05:00 - 06:00,39,,n/e,n/e,n/e,n/e,0,,n/e,n/e,n/e,n/e,n/e,n/e,n/e,n/e,n/e,n/e,n/e,n/e,159,,n/e,n/e,n/e,n/e,n/e,n/e,0,,n/e,n/e,142,,n/e,n/e,n/e,n/e,5,
06:00 - 07:00,35,,n/e,n/e,n/e,n/e,0,,n/e,n/e,n/e,n/e,n/e,n/e,n/e,n/e,n/e,n/e,n/e,n/e,159,,n/e,n/e,n/e,n/e,n/e,n/e,0,,n/e,n/e,213,,n/e,n/e,n/e,n/e,10,
07:00 - 08:00,33,,n/e,n/e,n/e,n/e,0,,n/e,n/e,n/e,n/e,n/e,n/e,n/e,n/e,n/e,n/e,n/e,n/e,10,,n/e,n/e,n/e,n/e,n/e,n/e,0,,n/e,n/e,242,,n/e,n/e,n/e,n/e,11,
08:00 - 09:00,33,,n/e,n/e,n/e,n/e,0,,n/e,n/e,n/e,n/e,n/e,n/e,n/e,n/e,n/e,n/e,n/e,n/e,2,,n/e,n/e,n/e,n/e,n/e,n/e,0,,n/e,n/e,282,,n/e,n/e,n/e,n/e,17,
09:00 - 10:00,32,,n/e,n/e,n/e,n/e,0,,n/e,n/e,n/e,n/e,n/e,n/e,n/e,n/e,n/e,n/e,n/e,n/e,2,,n/e,n/e,n/e,n/e,n/e,n/e,0,,n/e,n/e,296,,n/e,n/e,n/e,n/e,24,
10:00 - 11:00,32,,n/e,n/e,n/e,n/e,0,,n/e,n/e,n/e,n/e,n/e,n/e,n/e,n/e,n/e,n/e,n/e,n/e,3,,n/e,n/e,n/e,n/e,n/e,n/e,0,,n/e,n/e,300,,n/e,n/e,n/e,n/e,42,
11:00 - 12:00,32,,n/e,n/e,n/e,n/e,0,,n/e,n/e,n/e,n/e,n/e,n/e,n/e,n/e,n/e,n/e,n/e,n/e,3,,n/e,n/e,n/e,n/e,n/e,n/e,0,,n/e,n/e,294,,n/e,n/e,n/e,n/e,60,
12:00 - 13:00,31,,n/e,n/e,n/e,n/e,0,,n/e,n/e,n/e,n/e,n/e,n/e,n/e,n/e,n/e,n/e,n/e,n/e,3,,n/e,n/e,n/e,n/e,n/e,n/e,0,,n/e,n/e,273,,n/e,n/e,n/e,n/e,74,
13:00 - 14:00,31,,n/e,n/e,n/e,n/e,0,,n/e,n/e,n/e,n/e,n/e,n/e,n/e,n/e,n/e,n/e,n/e,n/e,2,,n/e,n/e,n/e,n/e,n/e,n/e,0,,n/e,n/e,229,,n/e,n/e,n/e,n/e,94,
14:00 - 15:00,30,,n/e,n/e,n/e,n/e,0,,n/e,n/e,n/e,n/e,n/e,n/e,n/e,n/e,n/e,n/e,n/e,n/e,2,,n/e,n/e,n/e,n/e,n/e,n/e,0,,n/e,n/e,184,,n/e,n/e,n/e,n/e,92,
15:00 - 16:00,34,,n/e,n/e,n/e,n/e,1,,n/e,n/e,n/e,n/e,n/e,n/e,n/e,n/e,n/e,n/e,n/e,n/e,161,,n/e,n/e,n/e,n/e,n/e,n/e,0,,n/e,n/e,120,,n/e,n/e,n/e,n/e,86,
16:00 - 17:00,39,,n/e,n/e,n/e,n/e,3,,n/e,n/e,n/e,n/e,n/e,n/e,n/e,n/e,n/e,n/e,n/e,n/e,521,,n/e,n/e,n/e,n/e,n/e,n/e,0,,n/e,n/e,58,,n/e,n/e,n/e,n/e,83,
17:00 - 18:00,42,,n/e,n/e,n/e,n/e,3,,n/e,n/e,n/e,n/e,n/e,n/e,n/e,n/e,n/e,n/e,n/e,n/e,523,,n/e,n/e,n/e,n/e,n/e,n/e,0,,n/e,n/e,22,,n/e,n/e,n/e,n/e,70,
18:00 - 19:00,42,,n/e,n/e,n/e,n/e,2,,n/e,n/e,n/e,n/e,n/e,n/e,n/e,n/e,n/e,n/e,n/e,n/e,511,,n/e,n/e,n/e,n/e,n/e,n/e,0,,n/e,n/e,5,,n/e,n/e,n/e,n/e,79,
19:00 - 20:00,43,,n/e,n/e,n/e,n/e,1,,n/e,n/e,n/e,n/e,n/e,n/e,n/e,n/e,n/e,n/e,n/e,n/e,520,,n/e,n/e,n/e,n/e,n/e,n/e,0,,n/e,n/e,1,,n/e,n/e,n/e,n/e,37,
20:00 - 21:00,40,,n/e,n/e,n/e,n/e,3,,n/e,n/e,n/e,n/e,n/e,n/e,n/e,n/e,n/e,n/e,n/e,n/e,518,,n/e,n/e,n/e,n/e,n/e,n/e,0,,n/e,n/e,0,,n/e,n/e,n/e,n/e,30,
21:00 - 22:00,36,,n/e,n/e,n/e,n/e,3,,n/e,n/e,n/e,n/e,n/e,n/e,n/e,n/e,n/e,n/e,n/e,n/e,359,,n/e,n/e,n/e,n/e,n/e,n/e,0,,n/e,n/e,0,,n/e,n/e,n/e,n/e,49,
22:00 - 23:00,37,,n/e,n/e,n/e,n/e,3,,n/e,n/e,n/e,n/e,n/e,n/e,n/e,n/e,n/e,n/e,n/e,n/e,140,,n/e,n/e,n/e,n/e,n/e,n/e,0,,n/e,n/e,0,,n/e,n/e,n/e,n/e,51,
23:00 - 00:00,38,,n/e,n/e,n/e,n/e,3,,n/e,n/e,n/e,n/e,n/e,n/e,n/e,n/e,n/e,n/e,n/e,n/e,4,,n/e,n/e,n/e,n/e,n/e,n/e,0,,n/e,n/e,0,,n/e,n/e,n/e,n/e,45,
00:00 - 01:00,38,,n/e,n/e,n/e,n/e,3,,n/e,n/e,n/e,n/e,n/e,n/e,n/e,n/e,n/e,n/e,n/e,n/e,2,,n/e,n/e,n/e,n/e,n/e,n/e,0,,n/e,n/e,0,,n/e,n/e,n/e,n/e,56,
01:00 - 02:00,39,,n/e,n/e,n/e,n/e,3,,n/e,n/e,n/e,n/e,n/e,n/e,n/e,n/e,n/e,n/e,n/e,n/e,2,,n/e,n/e,n/e,n/e,n/e,n/e,0,,n/e,n/e,1,,n/e,n/e,n/e,n/e,41,
02:00 - 03:00,39,,n/e,n/e,n/e,n/e,1,,n/e,n/e,n/e,n/e,n/e,n/e,n/e,n/e,n/e,n/e,n/e,n/e,2,,n/e,n/e,n/e,n/e,n/e,n/e,0,,n/e,n/e,9,,n/e,n/e,n/e,n/e,26,
03:00 - 04:00,40,,n/e,n/e,n/e,n/e,1,,n/e,n/e,n/e,n/e,n/e,n/e,n/e,n/e,n/e,n/e,n/e,n/e,4,,n/e,n/e,n/e,n/e,n/e,n/e,0,,n/e,n/e,27,,n/e,n/e,n/e,n/e,38,
04:00 - 05:00,43,,n/e,n/e,n/e,n/e,4,,n/e,n/e,n/e,n/e,n/e,n/e,n/e,n/e,n/e,n/e,n/e,n/e,73,,n/e,n/e,n/e,n/e,n/e,n/e,0,,n/e,n/e,50,,n/e,n/e,n/e,n/e,22,
05:00 - 06:00,42,,n/e,n/e,n/e,n/e,6,,n/e,n/e,n/e,n/e,n/e,n/e,n/e,n/e,n/e,n/e,n/e,n/e,175,,n/e,n/e,n/e,n/e,n/e,n/e,0,,n/e,n/e,86,,n/e,n/e,n/e,n/e,15,
06:00 - 07:00,41,,n/e,n/e,n/e,n/e,6,,n/e,n/e,n/e,n/e,n/e,n/e,n/e,n/e,n/e,n/e,n/e,n/e,190,,n/e,n/e,n/e,n/e,n/e,n/e,0,,n/e,n/e,133,,n/e,n/e,n/e,n/e,16,
07:00 - 08:00,40,,n/e,n/e,n/e,n/e,5,,n/e,n/e,n/e,n/e,n/e,n/e,n/e,n/e,n/e,n/e,n/e,n/e,178,,n/e,n/e,n/e,n/e,n/e,n/e,0,,n/e,n/e,137,,n/e,n/e,n/e,n/e,15,
08:00 - 09:00,40,,n/e,n/e,n/e,n/e,2,,n/e,n/e,n/e,n/e,n/e,n/e,n/e,n/e,n/e,n/e,n/e,n/e,178,,n/e,n/e,n/e,n/e,n/e,n/e,0,,n/e,n/e,105,,n/e,n/e,n/e,n/e,22,
09:00 - 10:00,39,,n/e,n/e,n/e,n/e,2,,n/e,n/e,n/e,n/e,n/e,n/e,n/e,n/e,n/e,n/e,n/e,n/e,178,,n/e,n/e,n/e,n/e,n/e,n/e,0,,n/e,n/e,92,,n/e,n/e,n/e,n/e,27,
10:00 - 11:00,38,,n/e,n/e,n/e,n/e,2,,n/e,n/e,n/e,n/e,n/e,n/e,n/e,n/e,n/e,n/e,n/e,n/e,156,,n/e,n/e,n/e,n/e,n/e,n/e,0,,n/e,n/e,109,,n/e,n/e,n/e,n/e,36,
11:00 - 12:00,33,,n/e,n/e,n/e,n/e,2,,n/e,n/e,n/e,n/e,n/e,n/e,n/e,n/e,n/e,n/e,n/e,n/e,190,,n/e,n/e,n/e,n/e,n/e,n/e,0,,n/e,n/e,94,,n/e,n/e,n/e,n/e,39,
12:00 - 13:00,33,,n/e,n/e,n/e,n/e,2,,n/e,n/e,n/e,n/e,n/e,n/e,n/e,n/e,n/e,n/e,n/e,n/e,189,,n/e,n/e,n/e,n/e,n/e,n/e,0,,n/e,n/e,79,,n/e,n/e,n/e,n/e,42,
13:00 - 14:00,38,,n/e,n/e,n/e,n/e,5,,n/e,n/e,n/e,n/e,n/e,n/e,n/e,n/e,n/e,n/e,n/e,n/e,195,,n/e,n/e,n/e,n/e,n/e,n/e,0,,n/e,n/e,62,,n/e,n/e,n/e,n/e,49,
14:00 - 15:00,41,,n/e,n/e,n/e,n/e,8,,n/e,n/e,n/e,n/e,n/e,n/e,n/e,n/e,n/e,n/e,n/e,n/e,256,,n/e,n/e,n/e,n/e,n/e,n/e,0,,n/e,n/e,56,,n/e,n/e,n/e,n/e,50,
15:00 - 16:00,43,,n/e,n/e,n/e,n/e,11,,n/e,n/e,n/e,n/e,n/e,n/e,n/e,n/e,n/e,n/e,n/e,n/e,395,,n/e,n/e,n/e,n/e,n/e,n/e,0,,n/e,n/e,37,,n/e,n/e,n/e,n/e,36,
16:00 - 17:00,46,,n/e,n/e,n/e,n/e,8,,n/e,n/e,n/e,n/e,n/e,n/e,n/e,n/e,n/e,n/e,n/e,n/e,600,,n/e,n/e,n/e,n/e,n/e,n/e,0,,n/e,n/e,27,,n/e,n/e,n/e,n/e,28,
17:00 - 18:00,47,,n/e,n/e,n/e,n/e,9,,n/e,n/e,n/e,n/e,n/e,n/e,n/e,n/e,n/e,n/e,n/e,n/e,607,,n/e,n/e,n/e,n/e,n/e,n/e,0,,n/e,n/e,13,,n/e,n/e,n/e,n/e,17,
18:00 - 19:00,48,,n/e,n/e,n/e,n/e,9,,n/e,n/e,n/e,n/e,n/e,n/e,n/e,n/e,n/e,n/e,n/e,n/e,608,,n/e,n/e,n/e,n/e,n/e,n/e,0,,n/e,n/e,4,,n/e,n/e,n/e,n/e,14,
19:00 - 20:00,47,,n/e,n/e,n/e,n/e,8,,n/e,n/e,n/e,n/e,n/e,n/e,n/e,n/e,n/e,n/e,n/e,n/e,605,,n/e,n/e,n/e,n/e,n/e,n/e,0,,n/e,n/e,1,,n/e,n/e,n/e,n/e,18,
20:00 - 21:00,45,,n/e,n/e,n/e,n/e,7,,n/e,n/e,n/e,n/e,n/e,n/e,n/e,n/e,n/e,n/e,n/e,n/e,383,,n/e,n/e,n/e,n/e,n/e,n/e,0,,n/e,n/e,0,,n/e,n/e,n/e,n/e,15,
21:00 - 22:00,44,,n/e,n/e,n/e,n/e,4,,n/e,n/e,n/e,n/e,n/e,n/e,n/e,n/e,n/e,n/e,n/e,n/e,150,,n/e,n/e,n/e,n/e,n/e,n/e,0,,n/e,n/e,0,,n/e,n/e,n/e,n/e,16,
22:00 - 23:00,42,,n/e,n/e,n/e,n/e,2,,n/e,n/e,n/e,n/e,n/e,n/e,n/e,n/e,n/e,n/e,n/e,n/e,193,,n/e,n/e,n/e,n/e,n/e,n/e,0,,n/e,n/e,0,,n/e,n/e,n/e,n/e,11,
23:00 - 00:00,42,,n/e,n/e,n/e,n/e,2,,n/e,n/e,n/e,n/e,n/e,n/e,n/e,n/e,n/e,n/e,n/e,n/e,223,,n/e,n/e,n/e,n/e,n/e,n/e,0,,n/e,n/e,0,,n/e,n/e,n/e,n/e,11,
00:00 - 01:00,41,,n/e,n/e,n/e,n/e,4,,n/e,n/e,n/e,n/e,n/e,n/e,n/e,n/e,n/e,n/e,n/e,n/e,231,,n/e,n/e,n/e,n/e,n/e,n/e,0,,n/e,n/e,0,,n/e,n/e,n/e,n/e,11,
01:00 - 02:00,41,,n/e,n/e,n/e,n/e,3,,n/e,n/e,n/e,n/e,n/e,n/e,n/e,n/e,n/e,n/e,n/e,n/e,228,,n/e,n/e,n/e,n/e,n/e,n/e,0,,n/e,n/e,0,,n/e,n/e,n/e,n/e,10,
02:00 - 03:00,41,,n/e,n/e,n/e,n/e,4,,n/e,n/e,n/e,n/e,n/e,n/e,n/e,n/e,n/e,n/e,n/e,n/e,228,,n/e,n/e,n/e,n/e,n/e,n/e,0,,n/e,n/e,8,,n/e,n/e,n/e,n/e,10,
03:00 - 04:00,44,,n/e,n/e,n/e,n/e,6,,n/e,n/e,n/e,n/e,n/e,n/e,n/e,n/e,n/e,n/e,n/e,n/e,225,,n/e,n/e,n/e,n/e,n/e,n/e,0,,n/e,n/e,28,,n/e,n/e,n/e,n/e,7,
04:00 - 05:00,45,,n/e,n/e,n/e,n/e,7,,n/e,n/e,n/e,n/e,n/e,n/e,n/e,n/e,n/e,n/e,n/e,n/e,225,,n/e,n/e,n/e,n/e,n/e,n/e,0,,n/e,n/e,61,,n/e,n/e,n/e,n/e,2,
05:00 - 06:00,47,,n/e,n/e,n/e,n/e,7,,n/e,n/e,n/e,n/e,n/e,n/e,n/e,n/e,n/e,n/e,n/e,n/e,179,,n/e,n/e,n/e,n/e,n/e,n/e,0,,n/e,n/e,101,,n/e,n/e,n/e,n/e,0,
06:00 - 07:00,48,,n/e,n/e,n/e,n/e,7,,n/e,n/e,n/e,n/e,n/e,n/e,n/e,n/e,n/e,n/e,n/e,n/e,71,,n/e,n/e,n/e,n/e,n/e,n/e,0,,n/e,n/e,134,,n/e,n/e,n/e,n/e,1,
07:00 - 08:00,49,,n/e,n/e,n/e,n/e,7,,n/e,n/e,n/e,n/e,n/e,n/e,n/e,n/e,n/e,n/e,n/e,n/e,108,,n/e,n/e,n/e,n/e,n/e,n/e,0,,n/e,n/e,173,,n/e,n/e,n/e,n/e,2,
08:00 - 09:00,50,,n/e,n/e,n/e,n/e,7,,n/e,n/e,n/e,n/e,n/e,n/e,n/e,n/e,n/e,n/e,n/e,n/e,39,,n/e,n/e,n/e,n/e,n/e,n/e,0,,n/e,n/e,204,,n/e,n/e,n/e,n/e,6,
09:00 - 10:00,46,,n/e,n/e,n/e,n/e,5,,n/e,n/e,n/e,n/e,n/e,n/e,n/e,n/e,n/e,n/e,n/e,n/e,13,,n/e,n/e,n/e,n/e,n/e,n/e,0,,n/e,n/e,221,,n/e,n/e,n/e,n/e,7,
10:00 - 11:00,44,,n/e,n/e,n/e,n/e,5,,n/e,n/e,n/e,n/e,n/e,n/e,n/e,n/e,n/e,n/e,n/e,n/e,19,,n/e,n/e,n/e,n/e,n/e,n/e,0,,n/e,n/e,206,,n/e,n/e,n/e,n/e,9,
11:00 - 12:00,44,,n/e,n/e,n/e,n/e,5,,n/e,n/e,n/e,n/e,n/e,n/e,n/e,n/e,n/e,n/e,n/e,n/e,83,,n/e,n/e,n/e,n/e,n/e,n/e,0,,n/e,n/e,180,,n/e,n/e,n/e,n/e,11,
12:00 - 13:00,45,,n/e,n/e,n/e,n/e,9,,n/e,n/e,n/e,n/e,n/e,n/e,n/e,n/e,n/e,n/e,n/e,n/e,92,,n/e,n/e,n/e,n/e,n/e,n/e,0,,n/e,n/e,171,,n/e,n/e,n/e,n/e,15,
13:00 - 14:00,45,,n/e,n/e,n/e,n/e,11,,n/e,n/e,n/e,n/e,n/e,n/e,n/e,n/e,n/e,n/e,n/e,n/e,174,,n/e,n/e,n/e,n/e,n/e,n/e,0,,n/e,n/e,139,,n/e,n/e,n/e,n/e,10,
14:00 - 15:00,45,,n/e,n/e,n/e,n/e,13,,n/e,n/e,n/e,n/e,n/e,n/e,n/e,n/e,n/e,n/e,n/e,n/e,260,,n/e,n/e,n/e,n/e,n/e,n/e,0,,n/e,n/e,103,,n/e,n/e,n/e,n/e,5,
15:00 - 16:00,45,,n/e,n/e,n/e,n/e,13,,n/e,n/e,n/e,n/e,n/e,n/e,n/e,n/e,n/e,n/e,n/e,n/e,326,,n/e,n/e,n/e,n/e,n/e,n/e,0,,n/e,n/e,74,,n/e,n/e,n/e,n/e,2,
16:00 - 17:00,46,,n/e,n/e,n/e,n/e,12,,n/e,n/e,n/e,n/e,n/e,n/e,n/e,n/e,n/e,n/e,n/e,n/e,420,,n/e,n/e,n/e,n/e,n/e,n/e,0,,n/e,n/e,37,,n/e,n/e,n/e,n/e,2,
17:00 - 18:00,48,,n/e,n/e,n/e,n/e,12,,n/e,n/e,n/e,n/e,n/e,n/e,n/e,n/e,n/e,n/e,n/e,n/e,485,,n/e,n/e,n/e,n/e,n/e,n/e,0,,n/e,n/e,15,,n/e,n/e,n/e,n/e,2,
18:00 - 19:00,48,,n/e,n/e,n/e,n/e,12,,n/e,n/e,n/e,n/e,n/e,n/e,n/e,n/e,n/e,n/e,n/e,n/e,458,,n/e,n/e,n/e,n/e,n/e,n/e,0,,n/e,n/e,3,,n/e,n/e,n/e,n/e,0,
19:00 - 20:00,47,,n/e,n/e,n/e,n/e,12,,n/e,n/e,n/e,n/e,n/e,n/e,n/e,n/e,n/e,n/e,n/e,n/e,382,,n/e,n/e,n/e,n/e,n/e,n/e,0,,n/e,n/e,0,,n/e,n/e,n/e,n/e,4,
20:00 - 21:00,43,,n/e,n/e,n/e,n/e,11,,n/e,n/e,n/e,n/e,n/e,n/e,n/e,n/e,n/e,n/e,n/e,n/e,265,,n/e,n/e,n/e,n/e,n/e,n/e,0,,n/e,n/e,0,,n/e,n/e,n/e,n/e,2,
21:00 - 22:00,43,,n/e,n/e,n/e,n/e,4,,n/e,n/e,n/e,n/e,n/e,n/e,n/e,n/e,n/e,n/e,n/e,n/e,156,,n/e,n/e,n/e,n/e,n/e,n/e,0,,n/e,n/e,0,,n/e,n/e,n/e,n/e,0,
22:00 - 23:00,42,,n/e,n/e,n/e,n/e,6,,n/e,n/e,n/e,n/e,n/e,n/e,n/e,n/e,n/e,n/e,n/e,n/e,175,,n/e,n/e,n/e,n/e,n/e,n/e,0,,n/e,n/e,0,,n/e,n/e,n/e,n/e,1,
23:00 - 00:00,42,,n/e,n/e,n/e,n/e,4,,n/e,n/e,n/e,n/e,n/e,n/e,n/e,n/e,n/e,n/e,n/e,n/e,87,,n/e,n/e,n/e,n/e,n/e,n/e,0,,n/e,n/e,0,,n/e,n/e,n/e,n/e,1,
00:00 - 01:00,40,,n/e,n/e,n/e,n/e,2,,n/e,n/e,n/e,n/e,n/e,n/e,n/e,n/e,n/e,n/e,n/e,n/e,52,,n/e,n/e,n/e,n/e,n/e,n/e,0,,n/e,n/e,0,,n/e,n/e,n/e,n/e,4,
01:00 - 02:00,39,,n/e,n/e,n/e,n/e,2,,n/e,n/e,n/e,n/e,n/e,n/e,n/e,n/e,n/e,n/e,n/e,n/e,51,,n/e,n/e,n/e,n/e,n/e,n/e,0,,n/e,n/e,0,,n/e,n/e,n/e,n/e,9,
02:00 - 03:00,38,,n/e,n/e,n/e,n/e,2,,n/e,n/e,n/e,n/e,n/e,n/e,n/e,n/e,n/e,n/e,n/e,n/e,39,,n/e,n/e,n/e,n/e,n/e,n/e,0,,n/e,n/e,3,,n/e,n/e,n/e,n/e,2,
03:00 - 04:00,39,,n/e,n/e,n/e,n/e,2,,n/e,n/e,n/e,n/e,n/e,n/e,n/e,n/e,n/e,n/e,n/e,n/e,143,,n/e,n/e,n/e,n/e,n/e,n/e,0,,n/e,n/e,16,,n/e,n/e,n/e,n/e,4,
04:00 - 05:00,42,,n/e,n/e,n/e,n/e,2,,n/e,n/e,n/e,n/e,n/e,n/e,n/e,n/e,n/e,n/e,n/e,n/e,124,,n/e,n/e,n/e,n/e,n/e,n/e,0,,n/e,n/e,41,,n/e,n/e,n/e,n/e,5,
05:00 - 06:00,43,,n/e,n/e,n/e,n/e,4,,n/e,n/e,n/e,n/e,n/e,n/e,n/e,n/e,n/e,n/e,n/e,n/e,168,,n/e,n/e,n/e,n/e,n/e,n/e,0,,n/e,n/e,71,,n/e,n/e,n/e,n/e,7,
06:00 - 07:00,42,,n/e,n/e,n/e,n/e,4,,n/e,n/e,n/e,n/e,n/e,n/e,n/e,n/e,n/e,n/e,n/e,n/e,132,,n/e,n/e,n/e,n/e,n/e,n/e,0,,n/e,n/e,101,,n/e,n/e,n/e,n/e,16,
07:00 - 08:00,42,,n/e,n/e,n/e,n/e,2,,n/e,n/e,n/e,n/e,n/e,n/e,n/e,n/e,n/e,n/e,n/e,n/e,94,,n/e,n/e,n/e,n/e,n/e,n/e,0,,n/e,n/e,145,,n/e,n/e,n/e,n/e,13,
08:00 - 09:00,39,,n/e,n/e,n/e,n/e,2,,n/e,n/e,n/e,n/e,n/e,n/e,n/e,n/e,n/e,n/e,n/e,n/e,92,,n/e,n/e,n/e,n/e,n/e,n/e,0,,n/e,n/e,174,,n/e,n/e,n/e,n/e,25,
09:00 - 10:00,39,,n/e,n/e,n/e,n/e,2,,n/e,n/e,n/e,n/e,n/e,n/e,n/e,n/e,n/e,n/e,n/e,n/e,71,,n/e,n/e,n/e,n/e,n/e,n/e,0,,n/e,n/e,189,,n/e,n/e,n/e,n/e,37,
10:00 - 11:00,39,,n/e,n/e,n/e,n/e,2,,n/e,n/e,n/e,n/e,n/e,n/e,n/e,n/e,n/e,n/e,n/e,n/e,69,,n/e,n/e,n/e,n/e,n/e,n/e,0,,n/e,n/e,177,,n/e,n/e,n/e,n/e,41,
11:00 - 12:00,36,,n/e,n/e,n/e,n/e,2,,n/e,n/e,n/e,n/e,n/e,n/e,n/e,n/e,n/e,n/e,n/e,n/e,85,,n/e,n/e,n/e,n/e,n/e,n/e,0,,n/e,n/e,171,,n/e,n/e,n/e,n/e,48,
12:00 - 13:00,35,,n/e,n/e,n/e,n/e,2,,n/e,n/e,n/e,n/e,n/e,n/e,n/e,n/e,n/e,n/e,n/e,n/e,44,,n/e,n/e,n/e,n/e,n/e,n/e,0,,n/e,n/e,187,,n/e,n/e,n/e,n/e,49,
13:00 - 14:00,34,,n/e,n/e,n/e,n/e,2,,n/e,n/e,n/e,n/e,n/e,n/e,n/e,n/e,n/e,n/e,n/e,n/e,28,,n/e,n/e,n/e,n/e,n/e,n/e,0,,n/e,n/e,173,,n/e,n/e,n/e,n/e,51,
14:00 - 15:00,35,,n/e,n/e,n/e,n/e,2,,n/e,n/e,n/e,n/e,n/e,n/e,n/e,n/e,n/e,n/e,n/e,n/e,134,,n/e,n/e,n/e,n/e,n/e,n/e,0,,n/e,n/e,137,,n/e,n/e,n/e,n/e,52,
15:00 - 16:00,35,,n/e,n/e,n/e,n/e,4,,n/e,n/e,n/e,n/e,n/e,n/e,n/e,n/e,n/e,n/e,n/e,n/e,201,,n/e,n/e,n/e,n/e,n/e,n/e,0,,n/e,n/e,90,,n/e,n/e,n/e,n/e,56,
16:00 - 17:00,40,,n/e,n/e,n/e,n/e,3,,n/e,n/e,n/e,n/e,n/e,n/e,n/e,n/e,n/e,n/e,n/e,n/e,236,,n/e,n/e,n/e,n/e,n/e,n/e,0,,n/e,n/e,53,,n/e,n/e,n/e,n/e,40,
17:00 - 18:00,40,,n/e,n/e,n/e,n/e,5,,n/e,n/e,n/e,n/e,n/e,n/e,n/e,n/e,n/e,n/e,n/e,n/e,307,,n/e,n/e,n/e,n/e,n/e,n/e,0,,n/e,n/e,21,,n/e,n/e,n/e,n/e,35,
18:00 - 19:00,40,,n/e,n/e,n/e,n/e,6,,n/e,n/e,n/e,n/e,n/e,n/e,n/e,n/e,n/e,n/e,n/e,n/e,375,,n/e,n/e,n/e,n/e,n/e,n/e,0,,n/e,n/e,6,,n/e,n/e,n/e,n/e,19,
19:00 - 20:00,39,,n/e,n/e,n/e,n/e,6,,n/e,n/e,n/e,n/e,n/e,n/e,n/e,n/e,n/e,n/e,n/e,n/e,286,,n/e,n/e,n/e,n/e,n/e,n/e,0,,n/e,n/e,1,,n/e,n/e,n/e,n/e,22,
20:00 - 21:00,39,,n/e,n/e,n/e,n/e,3,,n/e,n/e,n/e,n/e,n/e,n/e,n/e,n/e,n/e,n/e,n/e,n/e,237,,n/e,n/e,n/e,n/e,n/e,n/e,0,,n/e,n/e,0,,n/e,n/e,n/e,n/e,22,
21:00 - 22:00,38,,n/e,n/e,n/e,n/e,2,,n/e,n/e,n/e,n/e,n/e,n/e,n/e,n/e,n/e,n/e,n/e,n/e,192,,n/e,n/e,n/e,n/e,n/e,n/e,0,,n/e,n/e,0,,n/e,n/e,n/e,n/e,22,
22:00 - 23:00,37,,n/e,n/e,n/e,n/e,3,,n/e,n/e,n/e,n/e,n/e,n/e,n/e,n/e,n/e,n/e,n/e,n/e,70,,n/e,n/e,n/e,n/e,n/e,n/e,0,,n/e,n/e,0,,n/e,n/e,n/e,n/e,24,
23:00 - 00:00,37,,n/e,n/e,n/e,n/e,5,,n/e,n/e,n/e,n/e,n/e,n/e,n/e,n/e,n/e,n/e,n/e,n/e,70,,n/e,n/e,n/e,n/e,n/e,n/e,0,,n/e,n/e,0,,n/e,n/e,n/e,n/e,25,
00:00 - 01:00,36,,n/e,n/e,n/e,n/e,2,,n/e,n/e,n/e,n/e,n/e,n/e,n/e,n/e,n/e,n/e,n/e,n/e,70,,n/e,n/e,n/e,n/e,n/e,n/e,0,,n/e,n/e,0,,n/e,n/e,n/e,n/e,36,
01:00 - 02:00,35,,n/e,n/e,n/e,n/e,2,,n/e,n/e,n/e,n/e,n/e,n/e,n/e,n/e,n/e,n/e,n/e,n/e,70,,n/e,n/e,n/e,n/e,n/e,n/e,0,,n/e,n/e,0,,n/e,n/e,n/e,n/e,34,
02:00 - 03:00,35,,n/e,n/e,n/e,n/e,3,,n/e,n/e,n/e,n/e,n/e,n/e,n/e,n/e,n/e,n/e,n/e,n/e,70,,n/e,n/e,n/e,n/e,n/e,n/e,0,,n/e,n/e,4,,n/e,n/e,n/e,n/e,29,
03:00 - 04:00,36,,n/e,n/e,n/e,n/e,3,,n/e,n/e,n/e,n/e,n/e,n/e,n/e,n/e,n/e,n/e,n/e,n/e,70,,n/e,n/e,n/e,n/e,n/e,n/e,0,,n/e,n/e,15,,n/e,n/e,n/e,n/e,31,
04:00 - 05:00,38,,n/e,n/e,n/e,n/e,5,,n/e,n/e,n/e,n/e,n/e,n/e,n/e,n/e,n/e,n/e,n/e,n/e,91,,n/e,n/e,n/e,n/e,n/e,n/e,0,,n/e,n/e,30,,n/e,n/e,n/e,n/e,23,
05:00 - 06:00,39,,n/e,n/e,n/e,n/e,5,,n/e,n/e,n/e,n/e,n/e,n/e,n/e,n/e,n/e,n/e,n/e,n/e,215,,n/e,n/e,n/e,n/e,n/e,n/e,0,,n/e,n/e,47,,n/e,n/e,n/e,n/e,19,
06:00 - 07:00,39,,n/e,n/e,n/e,n/e,5,,n/e,n/e,n/e,n/e,n/e,n/e,n/e,n/e,n/e,n/e,n/e,n/e,158,,n/e,n/e,n/e,n/e,n/e,n/e,0,,n/e,n/e,75,,n/e,n/e,n/e,n/e,24,
07:00 - 08:00,38,,n/e,n/e,n/e,n/e,3,,n/e,n/e,n/e,n/e,n/e,n/e,n/e,n/e,n/e,n/e,n/e,n/e,23,,n/e,n/e,n/e,n/e,n/e,n/e,0,,n/e,n/e,103,,n/e,n/e,n/e,n/e,25,
08:00 - 09:00,33,,n/e,n/e,n/e,n/e,2,,n/e,n/e,n/e,n/e,n/e,n/e,n/e,n/e,n/e,n/e,n/e,n/e,37,,n/e,n/e,n/e,n/e,n/e,n/e,0,,n/e,n/e,124,,n/e,n/e,n/e,n/e,18,
09:00 - 10:00,32,,n/e,n/e,n/e,n/e,2,,n/e,n/e,n/e,n/e,n/e,n/e,n/e,n/e,n/e,n/e,n/e,n/e,38,,n/e,n/e,n/e,n/e,n/e,n/e,0,,n/e,n/e,135,,n/e,n/e,n/e,n/e,20,
10:00 - 11:00,33,,n/e,n/e,n/e,n/e,2,,n/e,n/e,n/e,n/e,n/e,n/e,n/e,n/e,n/e,n/e,n/e,n/e,31,,n/e,n/e,n/e,n/e,n/e,n/e,0,,n/e,n/e,143,,n/e,n/e,n/e,n/e,21,
11:00 - 12:00,33,,n/e,n/e,n/e,n/e,2,,n/e,n/e,n/e,n/e,n/e,n/e,n/e,n/e,n/e,n/e,n/e,n/e,12,,n/e,n/e,n/e,n/e,n/e,n/e,0,,n/e,n/e,154,,n/e,n/e,n/e,n/e,14,
12:00 - 13:00,33,,n/e,n/e,n/e,n/e,2,,n/e,n/e,n/e,n/e,n/e,n/e,n/e,n/e,n/e,n/e,n/e,n/e,7,,n/e,n/e,n/e,n/e,n/e,n/e,0,,n/e,n/e,167,,n/e,n/e,n/e,n/e,8,
13:00 - 14:00,32,,n/e,n/e,n/e,n/e,2,,n/e,n/e,n/e,n/e,n/e,n/e,n/e,n/e,n/e,n/e,n/e,n/e,120,,n/e,n/e,n/e,n/e,n/e,n/e,0,,n/e,n/e,140,,n/e,n/e,n/e,n/e,8,
14:00 - 15:00,32,,n/e,n/e,n/e,n/e,3,,n/e,n/e,n/e,n/e,n/e,n/e,n/e,n/e,n/e,n/e,n/e,n/e,160,,n/e,n/e,n/e,n/e,n/e,n/e,0,,n/e,n/e,110,,n/e,n/e,n/e,n/e,5,
15:00 - 16:00,35,,n/e,n/e,n/e,n/e,3,,n/e,n/e,n/e,n/e,n/e,n/e,n/e,n/e,n/e,n/e,n/e,n/e,251,,n/e,n/e,n/e,n/e,n/e,n/e,0,,n/e,n/e,71,,n/e,n/e,n/e,n/e,4,
16:00 - 17:00,39,,n/e,n/e,n/e,n/e,6,,n/e,n/e,n/e,n/e,n/e,n/e,n/e,n/e,n/e,n/e,n/e,n/e,306,,n/e,n/e,n/e,n/e,n/e,n/e,0,,n/e,n/e,43,,n/e,n/e,n/e,n/e,4,
17:00 - 18:00,41,,n/e,n/e,n/e,n/e,6,,n/e,n/e,n/e,n/e,n/e,n/e,n/e,n/e,n/e,n/e,n/e,n/e,485,,n/e,n/e,n/e,n/e,n/e,n/e,0,,n/e,n/e,18,,n/e,n/e,n/e,n/e,2,
18:00 - 19:00,41,,n/e,n/e,n/e,n/e,6,,n/e,n/e,n/e,n/e,n/e,n/e,n/e,n/e,n/e,n/e,n/e,n/e,462,,n/e,n/e,n/e,n/e,n/e,n/e,0,,n/e,n/e,5,,n/e,n/e,n/e,n/e,2,
19:00 - 20:00,40,,n/e,n/e,n/e,n/e,8,,n/e,n/e,n/e,n/e,n/e,n/e,n/e,n/e,n/e,n/e,n/e,n/e,357,,n/e,n/e,n/e,n/e,n/e,n/e,0,,n/e,n/e,0,,n/e,n/e,n/e,n/e,4,
20:00 - 21:00,40,,n/e,n/e,n/e,n/e,8,,n/e,n/e,n/e,n/e,n/e,n/e,n/e,n/e,n/e,n/e,n/e,n/e,247,,n/e,n/e,n/e,n/e,n/e,n/e,0,,n/e,n/e,0,,n/e,n/e,n/e,n/e,12,
21:00 - 22:00,40,,n/e,n/e,n/e,n/e,4,,n/e,n/e,n/e,n/e,n/e,n/e,n/e,n/e,n/e,n/e,n/e,n/e,237,,n/e,n/e,n/e,n/e,n/e,n/e,0,,n/e,n/e,0,,n/e,n/e,n/e,n/e,20,
22:00 - 23:00,39,,n/e,n/e,n/e,n/e,4,,n/e,n/e,n/e,n/e,n/e,n/e,n/e,n/e,n/e,n/e,n/e,n/e,95,,n/e,n/e,n/e,n/e,n/e,n/e,0,,n/e,n/e,0,,n/e,n/e,n/e,n/e,27,
23:00 - 00:00,32,,n/e,n/e,n/e,n/e,2,,n/e,n/e,n/e,n/e,n/e,n/e,n/e,n/e,n/e,n/e,n/e,n/e,14,,n/e,n/e,n/e,n/e,n/e,n/e,0,,n/e,n/e,0,,n/e,n/e,n/e,n/e,29,
00:00 - 01:00,35,,n/e,n/e,n/e,n/e,2,,n/e,n/e,n/e,n/e,n/e,n/e,n/e,n/e,n/e,n/e,n/e,n/e,33,,n/e,n/e,n/e,n/e,n/e,n/e,0,,n/e,n/e,0,,n/e,n/e,n/e,n/e,18,
01:00 - 02:00,31,,n/e,n/e,n/e,n/e,2,,n/e,n/e,n/e,n/e,n/e,n/e,n/e,n/e,n/e,n/e,n/e,n/e,93,,n/e,n/e,n/e,n/e,n/e,n/e,0,,n/e,n/e,0,,n/e,n/e,n/e,n/e,26,
02:00 - 03:00,30,,n/e,n/e,n/e,n/e,2,,n/e,n/e,n/e,n/e,n/e,n/e,n/e,n/e,n/e,n/e,n/e,n/e,139,,n/e,n/e,n/e,n/e,n/e,n/e,0,,n/e,n/e,4,,n/e,n/e,n/e,n/e,23,
03:00 - 04:00,41,,n/e,n/e,n/e,n/e,3,,n/e,n/e,n/e,n/e,n/e,n/e,n/e,n/e,n/e,n/e,n/e,n/e,283,,n/e,n/e,n/e,n/e,n/e,n/e,0,,n/e,n/e,13,,n/e,n/e,n/e,n/e,19,
04:00 - 05:00,41,,n/e,n/e,n/e,n/e,2,,n/e,n/e,n/e,n/e,n/e,n/e,n/e,n/e,n/e,n/e,n/e,n/e,301,,n/e,n/e,n/e,n/e,n/e,n/e,0,,n/e,n/e,30,,n/e,n/e,n/e,n/e,17,
05:00 - 06:00,41,,n/e,n/e,n/e,n/e,3,,n/e,n/e,n/e,n/e,n/e,n/e,n/e,n/e,n/e,n/e,n/e,n/e,353,,n/e,n/e,n/e,n/e,n/e,n/e,0,,n/e,n/e,49,,n/e,n/e,n/e,n/e,19,
06:00 - 07:00,33,,n/e,n/e,n/e,n/e,0,,n/e,n/e,n/e,n/e,n/e,n/e,n/e,n/e,n/e,n/e,n/e,n/e,245,,n/e,n/e,n/e,n/e,n/e,n/e,0,,n/e,n/e,87,,n/e,n/e,n/e,n/e,35,
07:00 - 08:00,31,,n/e,n/e,n/e,n/e,0,,n/e,n/e,n/e,n/e,n/e,n/e,n/e,n/e,n/e,n/e,n/e,n/e,14,,n/e,n/e,n/e,n/e,n/e,n/e,0,,n/e,n/e,135,,n/e,n/e,n/e,n/e,48,
08:00 - 09:00,31,,n/e,n/e,n/e,n/e,1,,n/e,n/e,n/e,n/e,n/e,n/e,n/e,n/e,n/e,n/e,n/e,n/e,7,,n/e,n/e,n/e,n/e,n/e,n/e,0,,n/e,n/e,188,,n/e,n/e,n/e,n/e,50,
09:00 - 10:00,31,,n/e,n/e,n/e,n/e,0,,n/e,n/e,n/e,n/e,n/e,n/e,n/e,n/e,n/e,n/e,n/e,n/e,11,,n/e,n/e,n/e,n/e,n/e,n/e,0,,n/e,n/e,225,,n/e,n/e,n/e,n/e,48,
10:00 - 11:00,30,,n/e,n/e,n/e,n/e,0,,n/e,n/e,n/e,n/e,n/e,n/e,n/e,n/e,n/e,n/e,n/e,n/e,13,,n/e,n/e,n/e,n/e,n/e,n/e,0,,n/e,n/e,244,,n/e,n/e,n/e,n/e,40,
11:00 - 12:00,29,,n/e,n/e,n/e,n/e,0,,n/e,n/e,n/e,n/e,n/e,n/e,n/e,n/e,n/e,n/e,n/e,n/e,3,,n/e,n/e,n/e,n/e,n/e,n/e,0,,n/e,n/e,234,,n/e,n/e,n/e,n/e,42,
12:00 - 13:00,32,,n/e,n/e,n/e,n/e,0,,n/e,n/e,n/e,n/e,n/e,n/e,n/e,n/e,n/e,n/e,n/e,n/e,3,,n/e,n/e,n/e,n/e,n/e,n/e,0,,n/e,n/e,222,,n/e,n/e,n/e,n/e,42,
13:00 - 14:00,32,,n/e,n/e,n/e,n/e,0,,n/e,n/e,n/e,n/e,n/e,n/e,n/e,n/e,n/e,n/e,n/e,n/e,4,,n/e,n/e,n/e,n/e,n/e,n/e,0,,n/e,n/e,203,,n/e,n/e,n/e,n/e,48,
14:00 - 15:00,32,,n/e,n/e,n/e,n/e,0,,n/e,n/e,n/e,n/e,n/e,n/e,n/e,n/e,n/e,n/e,n/e,n/e,147,,n/e,n/e,n/e,n/e,n/e,n/e,0,,n/e,n/e,171,,n/e,n/e,n/e,n/e,89,
15:00 - 16:00,33,,n/e,n/e,n/e,n/e,1,,n/e,n/e,n/e,n/e,n/e,n/e,n/e,n/e,n/e,n/e,n/e,n/e,306,,n/e,n/e,n/e,n/e,n/e,n/e,0,,n/e,n/e,122,,n/e,n/e,n/e,n/e,95,
16:00 - 17:00,39,,n/e,n/e,n/e,n/e,8,,n/e,n/e,n/e,n/e,n/e,n/e,n/e,n/e,n/e,n/e,n/e,n/e,352,,n/e,n/e,n/e,n/e,n/e,n/e,0,,n/e,n/e,55,,n/e,n/e,n/e,n/e,96,
17:00 - 18:00,43,,n/e,n/e,n/e,n/e,8,,n/e,n/e,n/e,n/e,n/e,n/e,n/e,n/e,n/e,n/e,n/e,n/e,388,,n/e,n/e,n/e,n/e,n/e,n/e,0,,n/e,n/e,23,,n/e,n/e,n/e,n/e,87,
18:00 - 19:00,45,,n/e,n/e,n/e,n/e,11,,n/e,n/e,n/e,n/e,n/e,n/e,n/e,n/e,n/e,n/e,n/e,n/e,453,,n/e,n/e,n/e,n/e,n/e,n/e,0,,n/e,n/e,6,,n/e,n/e,n/e,n/e,78,
19:00 - 20:00,45,,n/e,n/e,n/e,n/e,11,,n/e,n/e,n/e,n/e,n/e,n/e,n/e,n/e,n/e,n/e,n/e,n/e,409,,n/e,n/e,n/e,n/e,n/e,n/e,0,,n/e,n/e,1,,n/e,n/e,n/e,n/e,70,
20:00 - 21:00,44,,n/e,n/e,n/e,n/e,9,,n/e,n/e,n/e,n/e,n/e,n/e,n/e,n/e,n/e,n/e,n/e,n/e,323,,n/e,n/e,n/e,n/e,n/e,n/e,0,,n/e,n/e,0,,n/e,n/e,n/e,n/e,57,
21:00 - 22:00,42,,n/e,n/e,n/e,n/e,2,,n/e,n/e,n/e,n/e,n/e,n/e,n/e,n/e,n/e,n/e,n/e,n/e,266,,n/e,n/e,n/e,n/e,n/e,n/e,0,,n/e,n/e,0,,n/e,n/e,n/e,n/e,42,
22:00 - 23:00,42,,n/e,n/e,n/e,n/e,2,,n/e,n/e,n/e,n/e,n/e,n/e,n/e,n/e,n/e,n/e,n/e,n/e,230,,n/e,n/e,n/e,n/e,n/e,n/e,0,,n/e,n/e,0,,n/e,n/e,n/e,n/e,35,
23:00 - 00:00,34,,n/e,n/e,n/e,n/e,0,,n/e,n/e,n/e,n/e,n/e,n/e,n/e,n/e,n/e,n/e,n/e,n/e,192,,n/e,n/e,n/e,n/e,n/e,n/e,0,,n/e,n/e,0,,n/e,n/e,n/e,n/e,39,
00:00 - 01:00,33,,n/e,n/e,n/e,n/e,0,,n/e,n/e,n/e,n/e,n/e,n/e,n/e,n/e,n/e,n/e,n/e,n/e,180,,n/e,n/e,n/e,n/e,n/e,n/e,0,,n/e,n/e,0,,n/e,n/e,n/e,n/e,44,
01:00 - 02:00,32,,n/e,n/e,n/e,n/e,0,,n/e,n/e,n/e,n/e,n/e,n/e,n/e,n/e,n/e,n/e,n/e,n/e,178,,n/e,n/e,n/e,n/e,n/e,n/e,0,,n/e,n/e,1,,n/e,n/e,n/e,n/e,41,
02:00 - 03:00,31,,n/e,n/e,n/e,n/e,0,,n/e,n/e,n/e,n/e,n/e,n/e,n/e,n/e,n/e,n/e,n/e,n/e,187,,n/e,n/e,n/e,n/e,n/e,n/e,0,,n/e,n/e,5,,n/e,n/e,n/e,n/e,50,
03:00 - 04:00,31,,n/e,n/e,n/e,n/e,0,,n/e,n/e,n/e,n/e,n/e,n/e,n/e,n/e,n/e,n/e,n/e,n/e,187,,n/e,n/e,n/e,n/e,n/e,n/e,0,,n/e,n/e,18,,n/e,n/e,n/e,n/e,50,
04:00 - 05:00,32,,n/e,n/e,n/e,n/e,0,,n/e,n/e,n/e,n/e,n/e,n/e,n/e,n/e,n/e,n/e,n/e,n/e,214,,n/e,n/e,n/e,n/e,n/e,n/e,0,,n/e,n/e,52,,n/e,n/e,n/e,n/e,58,
05:00 - 06:00,33,,n/e,n/e,n/e,n/e,0,,n/e,n/e,n/e,n/e,n/e,n/e,n/e,n/e,n/e,n/e,n/e,n/e,201,,n/e,n/e,n/e,n/e,n/e,n/e,0,,n/e,n/e,114,,n/e,n/e,n/e,n/e,56,
06:00 - 07:00,31,,n/e,n/e,n/e,n/e,0,,n/e,n/e,n/e,n/e,n/e,n/e,n/e,n/e,n/e,n/e,n/e,n/e,31,,n/e,n/e,n/e,n/e,n/e,n/e,0,,n/e,n/e,173,,n/e,n/e,n/e,n/e,79,
07:00 - 08:00,31,,n/e,n/e,n/e,n/e,0,,n/e,n/e,n/e,n/e,n/e,n/e,n/e,n/e,n/e,n/e,n/e,n/e,14,,n/e,n/e,n/e,n/e,n/e,n/e,0,,n/e,n/e,232,,n/e,n/e,n/e,n/e,81,
08:00 - 09:00,29,,n/e,n/e,n/e,n/e,0,,n/e,n/e,n/e,n/e,n/e,n/e,n/e,n/e,n/e,n/e,n/e,n/e,11,,n/e,n/e,n/e,n/e,n/e,n/e,0,,n/e,n/e,246,,n/e,n/e,n/e,n/e,36,
09:00 - 10:00,29,,n/e,n/e,n/e,n/e,0,,n/e,n/e,n/e,n/e,n/e,n/e,n/e,n/e,n/e,n/e,n/e,n/e,37,,n/e,n/e,n/e,n/e,n/e,n/e,0,,n/e,n/e,234,,n/e,n/e,n/e,n/e,34,
10:00 - 11:00,29,,n/e,n/e,n/e,n/e,1,,n/e,n/e,n/e,n/e,n/e,n/e,n/e,n/e,n/e,n/e,n/e,n/e,5,,n/e,n/e,n/e,n/e,n/e,n/e,0,,n/e,n/e,242,,n/e,n/e,n/e,n/e,33,
11:00 - 12:00,28,,n/e,n/e,n/e,n/e,0,,n/e,n/e,n/e,n/e,n/e,n/e,n/e,n/e,n/e,n/e,n/e,n/e,2,,n/e,n/e,n/e,n/e,n/e,n/e,0,,n/e,n/e,245,,n/e,n/e,n/e,n/e,31,
12:00 - 13:00,29,,n/e,n/e,n/e,n/e,0,,n/e,n/e,n/e,n/e,n/e,n/e,n/e,n/e,n/e,n/e,n/e,n/e,2,,n/e,n/e,n/e,n/e,n/e,n/e,0,,n/e,n/e,243,,n/e,n/e,n/e,n/e,28,
13:00 - 14:00,31,,n/e,n/e,n/e,n/e,0,,n/e,n/e,n/e,n/e,n/e,n/e,n/e,n/e,n/e,n/e,n/e,n/e,2,,n/e,n/e,n/e,n/e,n/e,n/e,0,,n/e,n/e,215,,n/e,n/e,n/e,n/e,27,
14:00 - 15:00,31,,n/e,n/e,n/e,n/e,0,,n/e,n/e,n/e,n/e,n/e,n/e,n/e,n/e,n/e,n/e,n/e,n/e,2,,n/e,n/e,n/e,n/e,n/e,n/e,0,,n/e,n/e,169,,n/e,n/e,n/e,n/e,19,
15:00 - 16:00,31,,n/e,n/e,n/e,n/e,1,,n/e,n/e,n/e,n/e,n/e,n/e,n/e,n/e,n/e,n/e,n/e,n/e,19,,n/e,n/e,n/e,n/e,n/e,n/e,0,,n/e,n/e,113,,n/e,n/e,n/e,n/e,33,
16:00 - 17:00,30,,n/e,n/e,n/e,n/e,0,,n/e,n/e,n/e,n/e,n/e,n/e,n/e,n/e,n/e,n/e,n/e,n/e,244,,n/e,n/e,n/e,n/e,n/e,n/e,0,,n/e,n/e,54,,n/e,n/e,n/e,n/e,26,
17:00 - 18:00,39,,n/e,n/e,n/e,n/e,0,,n/e,n/e,n/e,n/e,n/e,n/e,n/e,n/e,n/e,n/e,n/e,n/e,270,,n/e,n/e,n/e,n/e,n/e,n/e,0,,n/e,n/e,21,,n/e,n/e,n/e,n/e,13,
18:00 - 19:00,40,,n/e,n/e,n/e,n/e,1,,n/e,n/e,n/e,n/e,n/e,n/e,n/e,n/e,n/e,n/e,n/e,n/e,252,,n/e,n/e,n/e,n/e,n/e,n/e,0,,n/e,n/e,6,,n/e,n/e,n/e,n/e,26,
19:00 - 20:00,37,,n/e,n/e,n/e,n/e,0,,n/e,n/e,n/e,n/e,n/e,n/e,n/e,n/e,n/e,n/e,n/e,n/e,234,,n/e,n/e,n/e,n/e,n/e,n/e,0,,n/e,n/e,1,,n/e,n/e,n/e,n/e,54,
20:00 - 21:00,30,,n/e,n/e,n/e,n/e,0,,n/e,n/e,n/e,n/e,n/e,n/e,n/e,n/e,n/e,n/e,n/e,n/e,216,,n/e,n/e,n/e,n/e,n/e,n/e,0,,n/e,n/e,0,,n/e,n/e,n/e,n/e,70,
21:00 - 22:00,28,,n/e,n/e,n/e,n/e,0,,n/e,n/e,n/e,n/e,n/e,n/e,n/e,n/e,n/e,n/e,n/e,n/e,153,,n/e,n/e,n/e,n/e,n/e,n/e,0,,n/e,n/e,0,,n/e,n/e,n/e,n/e,34,
22:00 - 23:00,27,,n/e,n/e,n/e,n/e,0,,n/e,n/e,n/e,n/e,n/e,n/e,n/e,n/e,n/e,n/e,n/e,n/e,1,,n/e,n/e,n/e,n/e,n/e,n/e,0,,n/e,n/e,0,,n/e,n/e,n/e,n/e,37,
23:00 - 00:00,27,,n/e,n/e,n/e,n/e,0,,n/e,n/e,n/e,n/e,n/e,n/e,n/e,n/e,n/e,n/e,n/e,n/e,1,,n/e,n/e,n/e,n/e,n/e,n/e,0,,n/e,n/e,0,,n/e,n/e,n/e,n/e,38,
00:00 - 01:00,27,,n/e,n/e,n/e,n/e,2,,n/e,n/e,n/e,n/e,n/e,n/e,n/e,n/e,n/e,n/e,n/e,n/e,1,,n/e,n/e,n/e,n/e,n/e,n/e,0,,n/e,n/e,0,,n/e,n/e,n/e,n/e,39,
01:00 - 02:00,26,,n/e,n/e,n/e,n/e,1,,n/e,n/e,n/e,n/e,n/e,n/e,n/e,n/e,n/e,n/e,n/e,n/e,1,,n/e,n/e,n/e,n/e,n/e,n/e,0,,n/e,n/e,0,,n/e,n/e,n/e,n/e,25,
02:00 - 03:00,26,,n/e,n/e,n/e,n/e,0,,n/e,n/e,n/e,n/e,n/e,n/e,n/e,n/e,n/e,n/e,n/e,n/e,1,,n/e,n/e,n/e,n/e,n/e,n/e,0,,n/e,n/e,6,,n/e,n/e,n/e,n/e,27,
03:00 - 04:00,28,,n/e,n/e,n/e,n/e,0,,n/e,n/e,n/e,n/e,n/e,n/e,n/e,n/e,n/e,n/e,n/e,n/e,1,,n/e,n/e,n/e,n/e,n/e,n/e,0,,n/e,n/e,23,,n/e,n/e,n/e,n/e,32,
04:00 - 05:00,29,,n/e,n/e,n/e,n/e,0,,n/e,n/e,n/e,n/e,n/e,n/e,n/e,n/e,n/e,n/e,n/e,n/e,1,,n/e,n/e,n/e,n/e,n/e,n/e,0,,n/e,n/e,51,,n/e,n/e,n/e,n/e,32,
05:00 - 06:00,30,,n/e,n/e,n/e,n/e,0,,n/e,n/e,n/e,n/e,n/e,n/e,n/e,n/e,n/e,n/e,n/e,n/e,1,,n/e,n/e,n/e,n/e,n/e,n/e,0,,n/e,n/e,102,,n/e,n/e,n/e,n/e,30,
06:00 - 07:00,29,,n/e,n/e,n/e,n/e,0,,n/e,n/e,n/e,n/e,n/e,n/e,n/e,n/e,n/e,n/e,n/e,n/e,2,,n/e,n/e,n/e,n/e,n/e,n/e,0,,n/e,n/e,152,,n/e,n/e,n/e,n/e,25,
07:00 - 08:00,29,,n/e,n/e,n/e,n/e,0,,n/e,n/e,n/e,n/e,n/e,n/e,n/e,n/e,n/e,n/e,n/e,n/e,11,,n/e,n/e,n/e,n/e,n/e,n/e,0,,n/e,n/e,173,,n/e,n/e,n/e,n/e,16,
08:00 - 09:00,26,,n/e,n/e,n/e,n/e,0,,n/e,n/e,n/e,n/e,n/e,n/e,n/e,n/e,n/e,n/e,n/e,n/e,14,,n/e,n/e,n/e,n/e,n/e,n/e,0,,n/e,n/e,130,,n/e,n/e,n/e,n/e,26,
09:00 - 10:00,26,,n/e,n/e,n/e,n/e,2,,n/e,n/e,n/e,n/e,n/e,n/e,n/e,n/e,n/e,n/e,n/e,n/e,11,,n/e,n/e,n/e,n/e,n/e,n/e,0,,n/e,n/e,126,,n/e,n/e,n/e,n/e,77,
10:00 - 11:00,26,,n/e,n/e,n/e,n/e,3,,n/e,n/e,n/e,n/e,n/e,n/e,n/e,n/e,n/e,n/e,n/e,n/e,33,,n/e,n/e,n/e,n/e,n/e,n/e,0,,n/e,n/e,121,,n/e,n/e,n/e,n/e,82,
11:00 - 12:00,26,,n/e,n/e,n/e,n/e,3,,n/e,n/e,n/e,n/e,n/e,n/e,n/e,n/e,n/e,n/e,n/e,n/e,43,,n/e,n/e,n/e,n/e,n/e,n/e,0,,n/e,n/e,128,,n/e,n/e,n/e,n/e,57,
12:00 - 13:00,27,,n/e,n/e,n/e,n/e,2,,n/e,n/e,n/e,n/e,n/e,n/e,n/e,n/e,n/e,n/e,n/e,n/e,18,,n/e,n/e,n/e,n/e,n/e,n/e,0,,n/e,n/e,124,,n/e,n/e,n/e,n/e,63,
13:00 - 14:00,27,,n/e,n/e,n/e,n/e,0,,n/e,n/e,n/e,n/e,n/e,n/e,n/e,n/e,n/e,n/e,n/e,n/e,19,,n/e,n/e,n/e,n/e,n/e,n/e,0,,n/e,n/e,119,,n/e,n/e,n/e,n/e,82,
14:00 - 15:00,27,,n/e,n/e,n/e,n/e,0,,n/e,n/e,n/e,n/e,n/e,n/e,n/e,n/e,n/e,n/e,n/e,n/e,5,,n/e,n/e,n/e,n/e,n/e,n/e,0,,n/e,n/e,111,,n/e,n/e,n/e,n/e,92,
15:00 - 16:00,36,,n/e,n/e,n/e,n/e,2,,n/e,n/e,n/e,n/e,n/e,n/e,n/e,n/e,n/e,n/e,n/e,n/e,42,,n/e,n/e,n/e,n/e,n/e,n/e,0,,n/e,n/e,91,,n/e,n/e,n/e,n/e,87,
16:00 - 17:00,39,,n/e,n/e,n/e,n/e,2,,n/e,n/e,n/e,n/e,n/e,n/e,n/e,n/e,n/e,n/e,n/e,n/e,256,,n/e,n/e,n/e,n/e,n/e,n/e,0,,n/e,n/e,53,,n/e,n/e,n/e,n/e,69,
17:00 - 18:00,41,,n/e,n/e,n/e,n/e,2,,n/e,n/e,n/e,n/e,n/e,n/e,n/e,n/e,n/e,n/e,n/e,n/e,247,,n/e,n/e,n/e,n/e,n/e,n/e,0,,n/e,n/e,19,,n/e,n/e,n/e,n/e,48,
18:00 - 19:00,42,,n/e,n/e,n/e,n/e,2,,n/e,n/e,n/e,n/e,n/e,n/e,n/e,n/e,n/e,n/e,n/e,n/e,246,,n/e,n/e,n/e,n/e,n/e,n/e,0,,n/e,n/e,5,,n/e,n/e,n/e,n/e,31,
19:00 - 20:00,41,,n/e,n/e,n/e,n/e,26,,n/e,n/e,n/e,n/e,n/e,n/e,n/e,n/e,n/e,n/e,n/e,n/e,222,,n/e,n/e,n/e,n/e,n/e,n/e,0,,n/e,n/e,0,,n/e,n/e,n/e,n/e,25,
20:00 - 21:00,40,,n/e,n/e,n/e,n/e,29,,n/e,n/e,n/e,n/e,n/e,n/e,n/e,n/e,n/e,n/e,n/e,n/e,175,,n/e,n/e,n/e,n/e,n/e,n/e,0,,n/e,n/e,0,,n/e,n/e,n/e,n/e,14,
21:00 - 22:00,38,,n/e,n/e,n/e,n/e,29,,n/e,n/e,n/e,n/e,n/e,n/e,n/e,n/e,n/e,n/e,n/e,n/e,6,,n/e,n/e,n/e,n/e,n/e,n/e,0,,n/e,n/e,0,,n/e,n/e,n/e,n/e,13,
22:00 - 23:00,37,,n/e,n/e,n/e,n/e,29,,n/e,n/e,n/e,n/e,n/e,n/e,n/e,n/e,n/e,n/e,n/e,n/e,381,,n/e,n/e,n/e,n/e,n/e,n/e,0,,n/e,n/e,0,,n/e,n/e,n/e,n/e,17,
23:00 - 00:00,37,,n/e,n/e,n/e,n/e,29,,n/e,n/e,n/e,n/e,n/e,n/e,n/e,n/e,n/e,n/e,n/e,n/e,388,,n/e,n/e,n/e,n/e,n/e,n/e,0,,n/e,n/e,0,,n/e,n/e,n/e,n/e,17,
00:00 - 01:00,36,,n/e,n/e,n/e,n/e,30,,n/e,n/e,n/e,n/e,n/e,n/e,n/e,n/e,n/e,n/e,n/e,n/e,399,,n/e,n/e,n/e,n/e,n/e,n/e,0,,n/e,n/e,0,,n/e,n/e,n/e,n/e,16,
01:00 - 02:00,35,,n/e,n/e,n/e,n/e,57,,n/e,n/e,n/e,n/e,n/e,n/e,n/e,n/e,n/e,n/e,n/e,n/e,374,,n/e,n/e,n/e,n/e,n/e,n/e,0,,n/e,n/e,0,,n/e,n/e,n/e,n/e,15,
02:00 - 03:00,35,,n/e,n/e,n/e,n/e,64,,n/e,n/e,n/e,n/e,n/e,n/e,n/e,n/e,n/e,n/e,n/e,n/e,366,,n/e,n/e,n/e,n/e,n/e,n/e,0,,n/e,n/e,4,,n/e,n/e,n/e,n/e,10,
03:00 - 04:00,37,,n/e,n/e,n/e,n/e,55,,n/e,n/e,n/e,n/e,n/e,n/e,n/e,n/e,n/e,n/e,n/e,n/e,365,,n/e,n/e,n/e,n/e,n/e,n/e,0,,n/e,n/e,16,,n/e,n/e,n/e,n/e,5,
04:00 - 05:00,41,,n/e,n/e,n/e,n/e,39,,n/e,n/e,n/e,n/e,n/e,n/e,n/e,n/e,n/e,n/e,n/e,n/e,378,,n/e,n/e,n/e,n/e,n/e,n/e,0,,n/e,n/e,41,,n/e,n/e,n/e,n/e,1,
05:00 - 06:00,43,,n/e,n/e,n/e,n/e,144,,n/e,n/e,n/e,n/e,n/e,n/e,n/e,n/e,n/e,n/e,n/e,n/e,261,,n/e,n/e,n/e,n/e,n/e,n/e,0,,n/e,n/e,80,,n/e,n/e,n/e,n/e,1,
06:00 - 07:00,42,,n/e,n/e,n/e,n/e,153,,n/e,n/e,n/e,n/e,n/e,n/e,n/e,n/e,n/e,n/e,n/e,n/e,132,,n/e,n/e,n/e,n/e,n/e,n/e,0,,n/e,n/e,141,,n/e,n/e,n/e,n/e,4,
07:00 - 08:00,39,,n/e,n/e,n/e,n/e,153,,n/e,n/e,n/e,n/e,n/e,n/e,n/e,n/e,n/e,n/e,n/e,n/e,5,,n/e,n/e,n/e,n/e,n/e,n/e,0,,n/e,n/e,210,,n/e,n/e,n/e,n/e,7,
08:00 - 09:00,38,,n/e,n/e,n/e,n/e,152,,n/e,n/e,n/e,n/e,n/e,n/e,n/e,n/e,n/e,n/e,n/e,n/e,3,,n/e,n/e,n/e,n/e,n/e,n/e,0,,n/e,n/e,255,,n/e,n/e,n/e,n/e,7,
09:00 - 10:00,37,,n/e,n/e,n/e,n/e,152,,n/e,n/e,n/e,n/e,n/e,n/e,n/e,n/e,n/e,n/e,n/e,n/e,3,,n/e,n/e,n/e,n/e,n/e,n/e,0,,n/e,n/e,277,,n/e,n/e,n/e,n/e,4,
10:00 - 11:00,36,,n/e,n/e,n/e,n/e,152,,n/e,n/e,n/e,n/e,n/e,n/e,n/e,n/e,n/e,n/e,n/e,n/e,3,,n/e,n/e,n/e,n/e,n/e,n/e,0,,n/e,n/e,277,,n/e,n/e,n/e,n/e,5,
11:00 - 12:00,36,,n/e,n/e,n/e,n/e,152,,n/e,n/e,n/e,n/e,n/e,n/e,n/e,n/e,n/e,n/e,n/e,n/e,3,,n/e,n/e,n/e,n/e,n/e,n/e,0,,n/e,n/e,280,,n/e,n/e,n/e,n/e,3,
12:00 - 13:00,36,,n/e,n/e,n/e,n/e,152,,n/e,n/e,n/e,n/e,n/e,n/e,n/e,n/e,n/e,n/e,n/e,n/e,3,,n/e,n/e,n/e,n/e,n/e,n/e,0,,n/e,n/e,264,,n/e,n/e,n/e,n/e,2,
13:00 - 14:00,38,,n/e,n/e,n/e,n/e,154,,n/e,n/e,n/e,n/e,n/e,n/e,n/e,n/e,n/e,n/e,n/e,n/e,5,,n/e,n/e,n/e,n/e,n/e,n/e,0,,n/e,n/e,232,,n/e,n/e,n/e,n/e,3,
14:00 - 15:00,37,,n/e,n/e,n/e,n/e,181,,n/e,n/e,n/e,n/e,n/e,n/e,n/e,n/e,n/e,n/e,n/e,n/e,59,,n/e,n/e,n/e,n/e,n/e,n/e,0,,n/e,n/e,185,,n/e,n/e,n/e,n/e,1,
15:00 - 16:00,36,,n/e,n/e,n/e,n/e,155,,n/e,n/e,n/e,n/e,n/e,n/e,n/e,n/e,n/e,n/e,n/e,n/e,406,,n/e,n/e,n/e,n/e,n/e,n/e,0,,n/e,n/e,118,,n/e,n/e,n/e,n/e,0,
16:00 - 17:00,38,,n/e,n/e,n/e,n/e,218,,n/e,n/e,n/e,n/e,n/e,n/e,n/e,n/e,n/e,n/e,n/e,n/e,545,,n/e,n/e,n/e,n/e,n/e,n/e,0,,n/e,n/e,56,,n/e,n/e,n/e,n/e,0,
17:00 - 18:00,39,,n/e,n/e,n/e,n/e,226,,n/e,n/e,n/e,n/e,n/e,n/e,n/e,n/e,n/e,n/e,n/e,n/e,637,,n/e,n/e,n/e,n/e,n/e,n/e,0,,n/e,n/e,21,,n/e,n/e,n/e,n/e,0,
18:00 - 19:00,45,,n/e,n/e,n/e,n/e,362,,n/e,n/e,n/e,n/e,n/e,n/e,n/e,n/e,n/e,n/e,n/e,n/e,741,,n/e,n/e,n/e,n/e,n/e,n/e,0,,n/e,n/e,5,,n/e,n/e,n/e,n/e,0,
19:00 - 20:00,45,,n/e,n/e,n/e,n/e,388,,n/e,n/e,n/e,n/e,n/e,n/e,n/e,n/e,n/e,n/e,n/e,n/e,646,,n/e,n/e,n/e,n/e,n/e,n/e,0,,n/e,n/e,0,,n/e,n/e,n/e,n/e,0,
20:00 - 21:00,40,,n/e,n/e,n/e,n/e,332,,n/e,n/e,n/e,n/e,n/e,n/e,n/e,n/e,n/e,n/e,n/e,n/e,411,,n/e,n/e,n/e,n/e,n/e,n/e,0,,n/e,n/e,0,,n/e,n/e,n/e,n/e,3,
21:00 - 22:00,38,,n/e,n/e,n/e,n/e,206,,n/e,n/e,n/e,n/e,n/e,n/e,n/e,n/e,n/e,n/e,n/e,n/e,443,,n/e,n/e,n/e,n/e,n/e,n/e,0,,n/e,n/e,0,,n/e,n/e,n/e,n/e,10,
22:00 - 23:00,38,,n/e,n/e,n/e,n/e,153,,n/e,n/e,n/e,n/e,n/e,n/e,n/e,n/e,n/e,n/e,n/e,n/e,82,,n/e,n/e,n/e,n/e,n/e,n/e,0,,n/e,n/e,0,,n/e,n/e,n/e,n/e,12,
23:00 - 00:00,37,,n/e,n/e,n/e,n/e,152,,n/e,n/e,n/e,n/e,n/e,n/e,n/e,n/e,n/e,n/e,n/e,n/e,34,,n/e,n/e,n/e,n/e,n/e,n/e,0,,n/e,n/e,0,,n/e,n/e,n/e,n/e,10,
00:00 - 01:00,36,,n/e,n/e,n/e,n/e,152,,n/e,n/e,n/e,n/e,n/e,n/e,n/e,n/e,n/e,n/e,n/e,n/e,71,,n/e,n/e,n/e,n/e,n/e,n/e,0,,n/e,n/e,0,,n/e,n/e,n/e,n/e,11,
01:00 - 02:00,36,,n/e,n/e,n/e,n/e,152,,n/e,n/e,n/e,n/e,n/e,n/e,n/e,n/e,n/e,n/e,n/e,n/e,71,,n/e,n/e,n/e,n/e,n/e,n/e,0,,n/e,n/e,0,,n/e,n/e,n/e,n/e,12,
02:00 - 03:00,37,,n/e,n/e,n/e,n/e,152,,n/e,n/e,n/e,n/e,n/e,n/e,n/e,n/e,n/e,n/e,n/e,n/e,71,,n/e,n/e,n/e,n/e,n/e,n/e,0,,n/e,n/e,6,,n/e,n/e,n/e,n/e,12,
03:00 - 04:00,37,,n/e,n/e,n/e,n/e,152,,n/e,n/e,n/e,n/e,n/e,n/e,n/e,n/e,n/e,n/e,n/e,n/e,70,,n/e,n/e,n/e,n/e,n/e,n/e,0,,n/e,n/e,22,,n/e,n/e,n/e,n/e,10,
04:00 - 05:00,40,,n/e,n/e,n/e,n/e,152,,n/e,n/e,n/e,n/e,n/e,n/e,n/e,n/e,n/e,n/e,n/e,n/e,53,,n/e,n/e,n/e,n/e,n/e,n/e,0,,n/e,n/e,59,,n/e,n/e,n/e,n/e,4,
05:00 - 06:00,41,,n/e,n/e,n/e,n/e,152,,n/e,n/e,n/e,n/e,n/e,n/e,n/e,n/e,n/e,n/e,n/e,n/e,5,,n/e,n/e,n/e,n/e,n/e,n/e,0,,n/e,n/e,132,,n/e,n/e,n/e,n/e,2,
06:00 - 07:00,39,,n/e,n/e,n/e,n/e,152,,n/e,n/e,n/e,n/e,n/e,n/e,n/e,n/e,n/e,n/e,n/e,n/e,13,,n/e,n/e,n/e,n/e,n/e,n/e,0,,n/e,n/e,209,,n/e,n/e,n/e,n/e,6,
07:00 - 08:00,39,,n/e,n/e,n/e,n/e,152,,n/e,n/e,n/e,n/e,n/e,n/e,n/e,n/e,n/e,n/e,n/e,n/e,3,,n/e,n/e,n/e,n/e,n/e,n/e,0,,n/e,n/e,278,,n/e,n/e,n/e,n/e,4,
08:00 - 09:00,35,,n/e,n/e,n/e,n/e,151,,n/e,n/e,n/e,n/e,n/e,n/e,n/e,n/e,n/e,n/e,n/e,n/e,3,,n/e,n/e,n/e,n/e,n/e,n/e,0,,n/e,n/e,320,,n/e,n/e,n/e,n/e,10,
09:00 - 10:00,33,,n/e,n/e,n/e,n/e,150,,n/e,n/e,n/e,n/e,n/e,n/e,n/e,n/e,n/e,n/e,n/e,n/e,20,,n/e,n/e,n/e,n/e,n/e,n/e,0,,n/e,n/e,324,,n/e,n/e,n/e,n/e,13,
10:00 - 11:00,33,,n/e,n/e,n/e,n/e,150,,n/e,n/e,n/e,n/e,n/e,n/e,n/e,n/e,n/e,n/e,n/e,n/e,21,,n/e,n/e,n/e,n/e,n/e,n/e,0,,n/e,n/e,315,,n/e,n/e,n/e,n/e,13,
11:00 - 12:00,33,,n/e,n/e,n/e,n/e,150,,n/e,n/e,n/e,n/e,n/e,n/e,n/e,n/e,n/e,n/e,n/e,n/e,21,,n/e,n/e,n/e,n/e,n/e,n/e,0,,n/e,n/e,301,,n/e,n/e,n/e,n/e,12,
12:00 - 13:00,32,,n/e,n/e,n/e,n/e,150,,n/e,n/e,n/e,n/e,n/e,n/e,n/e,n/e,n/e,n/e,n/e,n/e,21,,n/e,n/e,n/e,n/e,n/e,n/e,0,,n/e,n/e,285,,n/e,n/e,n/e,n/e,11,
13:00 - 14:00,32,,n/e,n/e,n/e,n/e,151,,n/e,n/e,n/e,n/e,n/e,n/e,n/e,n/e,n/e,n/e,n/e,n/e,37,,n/e,n/e,n/e,n/e,n/e,n/e,0,,n/e,n/e,259,,n/e,n/e,n/e,n/e,7,
14:00 - 15:00,35,,n/e,n/e,n/e,n/e,152,,n/e,n/e,n/e,n/e,n/e,n/e,n/e,n/e,n/e,n/e,n/e,n/e,278,,n/e,n/e,n/e,n/e,n/e,n/e,0,,n/e,n/e,201,,n/e,n/e,n/e,n/e,4,
15:00 - 16:00,40,,n/e,n/e,n/e,n/e,153,,n/e,n/e,n/e,n/e,n/e,n/e,n/e,n/e,n/e,n/e,n/e,n/e,313,,n/e,n/e,n/e,n/e,n/e,n/e,0,,n/e,n/e,130,,n/e,n/e,n/e,n/e,1,
16:00 - 17:00,40,,n/e,n/e,n/e,n/e,155,,n/e,n/e,n/e,n/e,n/e,n/e,n/e,n/e,n/e,n/e,n/e,n/e,394,,n/e,n/e,n/e,n/e,n/e,n/e,0,,n/e,n/e,58,,n/e,n/e,n/e,n/e,0,
17:00 - 18:00,42,,n/e,n/e,n/e,n/e,157,,n/e,n/e,n/e,n/e,n/e,n/e,n/e,n/e,n/e,n/e,n/e,n/e,582,,n/e,n/e,n/e,n/e,n/e,n/e,0,,n/e,n/e,19,,n/e,n/e,n/e,n/e,0,
18:00 - 19:00,45,,n/e,n/e,n/e,n/e,158,,n/e,n/e,n/e,n/e,n/e,n/e,n/e,n/e,n/e,n/e,n/e,n/e,592,,n/e,n/e,n/e,n/e,n/e,n/e,0,,n/e,n/e,5,,n/e,n/e,n/e,n/e,1,
19:00 - 20:00,43,,n/e,n/e,n/e,n/e,155,,n/e,n/e,n/e,n/e,n/e,n/e,n/e,n/e,n/e,n/e,n/e,n/e,504,,n/e,n/e,n/e,n/e,n/e,n/e,0,,n/e,n/e,0,,n/e,n/e,n/e,n/e,5,
20:00 - 21:00,43,,n/e,n/e,n/e,n/e,81,,n/e,n/e,n/e,n/e,n/e,n/e,n/e,n/e,n/e,n/e,n/e,n/e,354,,n/e,n/e,n/e,n/e,n/e,n/e,0,,n/e,n/e,0,,n/e,n/e,n/e,n/e,10,
21:00 - 22:00,40,,n/e,n/e,n/e,n/e,0,,n/e,n/e,n/e,n/e,n/e,n/e,n/e,n/e,n/e,n/e,n/e,n/e,372,,n/e,n/e,n/e,n/e,n/e,n/e,0,,n/e,n/e,0,,n/e,n/e,n/e,n/e,16,
22:00 - 23:00,38,,n/e,n/e,n/e,n/e,0,,n/e,n/e,n/e,n/e,n/e,n/e,n/e,n/e,n/e,n/e,n/e,n/e,6,,n/e,n/e,n/e,n/e,n/e,n/e,0,,n/e,n/e,0,,n/e,n/e,n/e,n/e,18,
23:00 - 00:00,37,,n/e,n/e,n/e,n/e,0,,n/e,n/e,n/e,n/e,n/e,n/e,n/e,n/e,n/e,n/e,n/e,n/e,3,,n/e,n/e,n/e,n/e,n/e,n/e,0,,n/e,n/e,0,,n/e,n/e,n/e,n/e,20,
00:00 - 01:00,37,,n/e,n/e,n/e,n/e,0,,n/e,n/e,n/e,n/e,n/e,n/e,n/e,n/e,n/e,n/e,n/e,n/e,3,,n/e,n/e,n/e,n/e,n/e,n/e,0,,n/e,n/e,0,,n/e,n/e,n/e,n/e,23,
01:00 - 02:00,34,,n/e,n/e,n/e,n/e,0,,n/e,n/e,n/e,n/e,n/e,n/e,n/e,n/e,n/e,n/e,n/e,n/e,2,,n/e,n/e,n/e,n/e,n/e,n/e,0,,n/e,n/e,0,,n/e,n/e,n/e,n/e,28,
02:00 - 03:00,36,,n/e,n/e,n/e,n/e,0,,n/e,n/e,n/e,n/e,n/e,n/e,n/e,n/e,n/e,n/e,n/e,n/e,3,,n/e,n/e,n/e,n/e,n/e,n/e,0,,n/e,n/e,6,,n/e,n/e,n/e,n/e,31,
03:00 - 04:00,41,,n/e,n/e,n/e,n/e,0,,n/e,n/e,n/e,n/e,n/e,n/e,n/e,n/e,n/e,n/e,n/e,n/e,3,,n/e,n/e,n/e,n/e,n/e,n/e,0,,n/e,n/e,22,,n/e,n/e,n/e,n/e,27,
04:00 - 05:00,42,,n/e,n/e,n/e,n/e,0,,n/e,n/e,n/e,n/e,n/e,n/e,n/e,n/e,n/e,n/e,n/e,n/e,3,,n/e,n/e,n/e,n/e,n/e,n/e,0,,n/e,n/e,49,,n/e,n/e,n/e,n/e,20,
05:00 - 06:00,44,,n/e,n/e,n/e,n/e,0,,n/e,n/e,n/e,n/e,n/e,n/e,n/e,n/e,n/e,n/e,n/e,n/e,15,,n/e,n/e,n/e,n/e,n/e,n/e,0,,n/e,n/e,103,,n/e,n/e,n/e,n/e,11,
06:00 - 07:00,43,,n/e,n/e,n/e,n/e,0,,n/e,n/e,n/e,n/e,n/e,n/e,n/e,n/e,n/e,n/e,n/e,n/e,3,,n/e,n/e,n/e,n/e,n/e,n/e,0,,n/e,n/e,172,,n/e,n/e,n/e,n/e,14,
07:00 - 08:00,41,,n/e,n/e,n/e,n/e,1,,n/e,n/e,n/e,n/e,n/e,n/e,n/e,n/e,n/e,n/e,n/e,n/e,3,,n/e,n/e,n/e,n/e,n/e,n/e,0,,n/e,n/e,241,,n/e,n/e,n/e,n/e,23,
08:00 - 09:00,37,,n/e,n/e,n/e,n/e,2,,n/e,n/e,n/e,n/e,n/e,n/e,n/e,n/e,n/e,n/e,n/e,n/e,3,,n/e,n/e,n/e,n/e,n/e,n/e,0,,n/e,n/e,282,,n/e,n/e,n/e,n/e,21,
09:00 - 10:00,35,,n/e,n/e,n/e,n/e,0,,n/e,n/e,n/e,n/e,n/e,n/e,n/e,n/e,n/e,n/e,n/e,n/e,3,,n/e,n/e,n/e,n/e,n/e,n/e,0,,n/e,n/e,299,,n/e,n/e,n/e,n/e,13,
10:00 - 11:00,34,,n/e,n/e,n/e,n/e,0,,n/e,n/e,n/e,n/e,n/e,n/e,n/e,n/e,n/e,n/e,n/e,n/e,3,,n/e,n/e,n/e,n/e,n/e,n/e,0,,n/e,n/e,303,,n/e,n/e,n/e,n/e,12,
11:00 - 12:00,34,,n/e,n/e,n/e,n/e,0,,n/e,n/e,n/e,n/e,n/e,n/e,n/e,n/e,n/e,n/e,n/e,n/e,3,,n/e,n/e,n/e,n/e,n/e,n/e,0,,n/e,n/e,309,,n/e,n/e,n/e,n/e,11,
12:00 - 13:00,34,,n/e,n/e,n/e,n/e,0,,n/e,n/e,n/e,n/e,n/e,n/e,n/e,n/e,n/e,n/e,n/e,n/e,3,,n/e,n/e,n/e,n/e,n/e,n/e,0,,n/e,n/e,296,,n/e,n/e,n/e,n/e,17,
13:00 - 14:00,34,,n/e,n/e,n/e,n/e,1,,n/e,n/e,n/e,n/e,n/e,n/e,n/e,n/e,n/e,n/e,n/e,n/e,3,,n/e,n/e,n/e,n/e,n/e,n/e,0,,n/e,n/e,256,,n/e,n/e,n/e,n/e,24,
14:00 - 15:00,35,,n/e,n/e,n/e,n/e,1,,n/e,n/e,n/e,n/e,n/e,n/e,n/e,n/e,n/e,n/e,n/e,n/e,13,,n/e,n/e,n/e,n/e,n/e,n/e,0,,n/e,n/e,198,,n/e,n/e,n/e,n/e,34,
15:00 - 16:00,38,,n/e,n/e,n/e,n/e,2,,n/e,n/e,n/e,n/e,n/e,n/e,n/e,n/e,n/e,n/e,n/e,n/e,125,,n/e,n/e,n/e,n/e,n/e,n/e,0,,n/e,n/e,124,,n/e,n/e,n/e,n/e,43,
16:00 - 17:00,40,,n/e,n/e,n/e,n/e,3,,n/e,n/e,n/e,n/e,n/e,n/e,n/e,n/e,n/e,n/e,n/e,n/e,402,,n/e,n/e,n/e,n/e,n/e,n/e,0,,n/e,n/e,55,,n/e,n/e,n/e,n/e,32,
17:00 - 18:00,42,,n/e,n/e,n/e,n/e,5,,n/e,n/e,n/e,n/e,n/e,n/e,n/e,n/e,n/e,n/e,n/e,n/e,517,,n/e,n/e,n/e,n/e,n/e,n/e,0,,n/e,n/e,19,,n/e,n/e,n/e,n/e,25,
18:00 - 19:00,42,,n/e,n/e,n/e,n/e,6,,n/e,n/e,n/e,n/e,n/e,n/e,n/e,n/e,n/e,n/e,n/e,n/e,601,,n/e,n/e,n/e,n/e,n/e,n/e,0,,n/e,n/e,4,,n/e,n/e,n/e,n/e,28,
19:00 - 20:00,41,,n/e,n/e,n/e,n/e,5,,n/e,n/e,n/e,n/e,n/e,n/e,n/e,n/e,n/e,n/e,n/e,n/e,475,,n/e,n/e,n/e,n/e,n/e,n/e,0,,n/e,n/e,1,,n/e,n/e,n/e,n/e,52,
20:00 - 21:00,40,,n/e,n/e,n/e,n/e,3,,n/e,n/e,n/e,n/e,n/e,n/e,n/e,n/e,n/e,n/e,n/e,n/e,322,,n/e,n/e,n/e,n/e,n/e,n/e,0,,n/e,n/e,0,,n/e,n/e,n/e,n/e,74,
21:00 - 22:00,39,,n/e,n/e,n/e,n/e,3,,n/e,n/e,n/e,n/e,n/e,n/e,n/e,n/e,n/e,n/e,n/e,n/e,108,,n/e,n/e,n/e,n/e,n/e,n/e,0,,n/e,n/e,0,,n/e,n/e,n/e,n/e,80,
22:00 - 23:00,38,,n/e,n/e,n/e,n/e,3,,n/e,n/e,n/e,n/e,n/e,n/e,n/e,n/e,n/e,n/e,n/e,n/e,2,,n/e,n/e,n/e,n/e,n/e,n/e,0,,n/e,n/e,0,,n/e,n/e,n/e,n/e,81,
23:00 - 00:00,37,,n/e,n/e,n/e,n/e,1,,n/e,n/e,n/e,n/e,n/e,n/e,n/e,n/e,n/e,n/e,n/e,n/e,2,,n/e,n/e,n/e,n/e,n/e,n/e,0,,n/e,n/e,0,,n/e,n/e,n/e,n/e,75,
00:00 - 01:00,37,,n/e,n/e,n/e,n/e,0,,n/e,n/e,n/e,n/e,n/e,n/e,n/e,n/e,n/e,n/e,n/e,n/e,2,,n/e,n/e,n/e,n/e,n/e,n/e,0,,n/e,n/e,0,,n/e,n/e,n/e,n/e,44,
01:00 - 02:00,35,,n/e,n/e,n/e,n/e,0,,n/e,n/e,n/e,n/e,n/e,n/e,n/e,n/e,n/e,n/e,n/e,n/e,2,,n/e,n/e,n/e,n/e,n/e,n/e,0,,n/e,n/e,0,,n/e,n/e,n/e,n/e,12,
02:00 - 03:00,36,,n/e,n/e,n/e,n/e,0,,n/e,n/e,n/e,n/e,n/e,n/e,n/e,n/e,n/e,n/e,n/e,n/e,2,,n/e,n/e,n/e,n/e,n/e,n/e,0,,n/e,n/e,7,,n/e,n/e,n/e,n/e,12,
03:00 - 04:00,38,,n/e,n/e,n/e,n/e,3,,n/e,n/e,n/e,n/e,n/e,n/e,n/e,n/e,n/e,n/e,n/e,n/e,2,,n/e,n/e,n/e,n/e,n/e,n/e,0,,n/e,n/e,23,,n/e,n/e,n/e,n/e,4,
04:00 - 05:00,41,,n/e,n/e,n/e,n/e,3,,n/e,n/e,n/e,n/e,n/e,n/e,n/e,n/e,n/e,n/e,n/e,n/e,37,,n/e,n/e,n/e,n/e,n/e,n/e,0,,n/e,n/e,54,,n/e,n/e,n/e,n/e,8,
05:00 - 06:00,42,,n/e,n/e,n/e,n/e,3,,n/e,n/e,n/e,n/e,n/e,n/e,n/e,n/e,n/e,n/e,n/e,n/e,42,,n/e,n/e,n/e,n/e,n/e,n/e,0,,n/e,n/e,84,,n/e,n/e,n/e,n/e,10,
06:00 - 07:00,39,,n/e,n/e,n/e,n/e,3,,n/e,n/e,n/e,n/e,n/e,n/e,n/e,n/e,n/e,n/e,n/e,n/e,55,,n/e,n/e,n/e,n/e,n/e,n/e,0,,n/e,n/e,110,,n/e,n/e,n/e,n/e,10,
07:00 - 08:00,38,,n/e,n/e,n/e,n/e,3,,n/e,n/e,n/e,n/e,n/e,n/e,n/e,n/e,n/e,n/e,n/e,n/e,26,,n/e,n/e,n/e,n/e,n/e,n/e,0,,n/e,n/e,144,,n/e,n/e,n/e,n/e,18,
08:00 - 09:00,36,,n/e,n/e,n/e,n/e,3,,n/e,n/e,n/e,n/e,n/e,n/e,n/e,n/e,n/e,n/e,n/e,n/e,5,,n/e,n/e,n/e,n/e,n/e,n/e,0,,n/e,n/e,164,,n/e,n/e,n/e,n/e,14,
09:00 - 10:00,36,,n/e,n/e,n/e,n/e,2,,n/e,n/e,n/e,n/e,n/e,n/e,n/e,n/e,n/e,n/e,n/e,n/e,42,,n/e,n/e,n/e,n/e,n/e,n/e,0,,n/e,n/e,221,,n/e,n/e,n/e,n/e,6,
10:00 - 11:00,35,,n/e,n/e,n/e,n/e,1,,n/e,n/e,n/e,n/e,n/e,n/e,n/e,n/e,n/e,n/e,n/e,n/e,33,,n/e,n/e,n/e,n/e,n/e,n/e,0,,n/e,n/e,268,,n/e,n/e,n/e,n/e,2,
11:00 - 12:00,35,,n/e,n/e,n/e,n/e,2,,n/e,n/e,n/e,n/e,n/e,n/e,n/e,n/e,n/e,n/e,n/e,n/e,41,,n/e,n/e,n/e,n/e,n/e,n/e,0,,n/e,n/e,251,,n/e,n/e,n/e,n/e,1,
12:00 - 13:00,33,,n/e,n/e,n/e,n/e,2,,n/e,n/e,n/e,n/e,n/e,n/e,n/e,n/e,n/e,n/e,n/e,n/e,11,,n/e,n/e,n/e,n/e,n/e,n/e,0,,n/e,n/e,175,,n/e,n/e,n/e,n/e,1,
13:00 - 14:00,33,,n/e,n/e,n/e,n/e,3,,n/e,n/e,n/e,n/e,n/e,n/e,n/e,n/e,n/e,n/e,n/e,n/e,66,,n/e,n/e,n/e,n/e,n/e,n/e,0,,n/e,n/e,92,,n/e,n/e,n/e,n/e,1,
14:00 - 15:00,33,,n/e,n/e,n/e,n/e,3,,n/e,n/e,n/e,n/e,n/e,n/e,n/e,n/e,n/e,n/e,n/e,n/e,60,,n/e,n/e,n/e,n/e,n/e,n/e,0,,n/e,n/e,68,,n/e,n/e,n/e,n/e,2,
15:00 - 16:00,37,,n/e,n/e,n/e,n/e,25,,n/e,n/e,n/e,n/e,n/e,n/e,n/e,n/e,n/e,n/e,n/e,n/e,182,,n/e,n/e,n/e,n/e,n/e,n/e,0,,n/e,n/e,40,,n/e,n/e,n/e,n/e,3,
16:00 - 17:00,39,,n/e,n/e,n/e,n/e,30,,n/e,n/e,n/e,n/e,n/e,n/e,n/e,n/e,n/e,n/e,n/e,n/e,324,,n/e,n/e,n/e,n/e,n/e,n/e,0,,n/e,n/e,19,,n/e,n/e,n/e,n/e,1,
17:00 - 18:00,45,,n/e,n/e,n/e,n/e,66,,n/e,n/e,n/e,n/e,n/e,n/e,n/e,n/e,n/e,n/e,n/e,n/e,397,,n/e,n/e,n/e,n/e,n/e,n/e,0,,n/e,n/e,9,,n/e,n/e,n/e,n/e,1,
18:00 - 19:00,46,,n/e,n/e,n/e,n/e,123,,n/e,n/e,n/e,n/e,n/e,n/e,n/e,n/e,n/e,n/e,n/e,n/e,365,,n/e,n/e,n/e,n/e,n/e,n/e,0,,n/e,n/e,3,,n/e,n/e,n/e,n/e,1,
19:00 - 20:00,45,,n/e,n/e,n/e,n/e,159,,n/e,n/e,n/e,n/e,n/e,n/e,n/e,n/e,n/e,n/e,n/e,n/e,234,,n/e,n/e,n/e,n/e,n/e,n/e,0,,n/e,n/e,0,,n/e,n/e,n/e,n/e,1,
20:00 - 21:00,40,,n/e,n/e,n/e,n/e,154,,n/e,n/e,n/e,n/e,n/e,n/e,n/e,n/e,n/e,n/e,n/e,n/e,131,,n/e,n/e,n/e,n/e,n/e,n/e,0,,n/e,n/e,0,,n/e,n/e,n/e,n/e,0,
21:00 - 22:00,40,,n/e,n/e,n/e,n/e,152,,n/e,n/e,n/e,n/e,n/e,n/e,n/e,n/e,n/e,n/e,n/e,n/e,131,,n/e,n/e,n/e,n/e,n/e,n/e,0,,n/e,n/e,0,,n/e,n/e,n/e,n/e,0,
22:00 - 23:00,39,,n/e,n/e,n/e,n/e,152,,n/e,n/e,n/e,n/e,n/e,n/e,n/e,n/e,n/e,n/e,n/e,n/e,267,,n/e,n/e,n/e,n/e,n/e,n/e,0,,n/e,n/e,0,,n/e,n/e,n/e,n/e,1,
23:00 - 00:00,39,,n/e,n/e,n/e,n/e,152,,n/e,n/e,n/e,n/e,n/e,n/e,n/e,n/e,n/e,n/e,n/e,n/e,267,,n/e,n/e,n/e,n/e,n/e,n/e,0,,n/e,n/e,0,,n/e,n/e,n/e,n/e,2,
00:00 - 01:00,38,,n/e,n/e,n/e,n/e,152,,n/e,n/e,n/e,n/e,n/e,n/e,n/e,n/e,n/e,n/e,n/e,n/e,267,,n/e,n/e,n/e,n/e,n/e,n/e,0,,n/e,n/e,0,,n/e,n/e,n/e,n/e,3,
01:00 - 02:00,38,,n/e,n/e,n/e,n/e,152,,n/e,n/e,n/e,n/e,n/e,n/e,n/e,n/e,n/e,n/e,n/e,n/e,267,,n/e,n/e,n/e,n/e,n/e,n/e,0,,n/e,n/e,0,,n/e,n/e,n/e,n/e,2,
02:00 - 03:00,37,,n/e,n/e,n/e,n/e,152,,n/e,n/e,n/e,n/e,n/e,n/e,n/e,n/e,n/e,n/e,n/e,n/e,267,,n/e,n/e,n/e,n/e,n/e,n/e,0,,n/e,n/e,1,,n/e,n/e,n/e,n/e,2,
03:00 - 04:00,38,,n/e,n/e,n/e,n/e,152,,n/e,n/e,n/e,n/e,n/e,n/e,n/e,n/e,n/e,n/e,n/e,n/e,324,,n/e,n/e,n/e,n/e,n/e,n/e,0,,n/e,n/e,7,,n/e,n/e,n/e,n/e,1,
04:00 - 05:00,38,,n/e,n/e,n/e,n/e,154,,n/e,n/e,n/e,n/e,n/e,n/e,n/e,n/e,n/e,n/e,n/e,n/e,374,,n/e,n/e,n/e,n/e,n/e,n/e,0,,n/e,n/e,23,,n/e,n/e,n/e,n/e,1,
05:00 - 06:00,41,,n/e,n/e,n/e,n/e,153,,n/e,n/e,n/e,n/e,n/e,n/e,n/e,n/e,n/e,n/e,n/e,n/e,376,,n/e,n/e,n/e,n/e,n/e,n/e,0,,n/e,n/e,43,,n/e,n/e,n/e,n/e,2,
06:00 - 07:00,40,,n/e,n/e,n/e,n/e,154,,n/e,n/e,n/e,n/e,n/e,n/e,n/e,n/e,n/e,n/e,n/e,n/e,404,,n/e,n/e,n/e,n/e,n/e,n/e,0,,n/e,n/e,61,,n/e,n/e,n/e,n/e,2,
07:00 - 08:00,39,,n/e,n/e,n/e,n/e,156,,n/e,n/e,n/e,n/e,n/e,n/e,n/e,n/e,n/e,n/e,n/e,n/e,117,,n/e,n/e,n/e,n/e,n/e,n/e,0,,n/e,n/e,95,,n/e,n/e,n/e,n/e,3,
08:00 - 09:00,35,,n/e,n/e,n/e,n/e,154,,n/e,n/e,n/e,n/e,n/e,n/e,n/e,n/e,n/e,n/e,n/e,n/e,28,,n/e,n/e,n/e,n/e,n/e,n/e,0,,n/e,n/e,127,,n/e,n/e,n/e,n/e,3,
09:00 - 10:00,34,,n/e,n/e,n/e,n/e,153,,n/e,n/e,n/e,n/e,n/e,n/e,n/e,n/e,n/e,n/e,n/e,n/e,20,,n/e,n/e,n/e,n/e,n/e,n/e,0,,n/e,n/e,163,,n/e,n/e,n/e,n/e,2,
10:00 - 11:00,34,,n/e,n/e,n/e,n/e,153,,n/e,n/e,n/e,n/e,n/e,n/e,n/e,n/e,n/e,n/e,n/e,n/e,20,,n/e,n/e,n/e,n/e,n/e,n/e,0,,n/e,n/e,195,,n/e,n/e,n/e,n/e,2,
11:00 - 12:00,35,,n/e,n/e,n/e,n/e,153,,n/e,n/e,n/e,n/e,n/e,n/e,n/e,n/e,n/e,n/e,n/e,n/e,4,,n/e,n/e,n/e,n/e,n/e,n/e,0,,n/e,n/e,213,,n/e,n/e,n/e,n/e,3,
12:00 - 13:00,36,,n/e,n/e,n/e,n/e,152,,n/e,n/e,n/e,n/e,n/e,n/e,n/e,n/e,n/e,n/e,n/e,n/e,20,,n/e,n/e,n/e,n/e,n/e,n/e,0,,n/e,n/e,211,,n/e,n/e,n/e,n/e,5,
13:00 - 14:00,36,,n/e,n/e,n/e,n/e,156,,n/e,n/e,n/e,n/e,n/e,n/e,n/e,n/e,n/e,n/e,n/e,n/e,120,,n/e,n/e,n/e,n/e,n/e,n/e,0,,n/e,n/e,190,,n/e,n/e,n/e,n/e,7,
14:00 - 15:00,39,,n/e,n/e,n/e,n/e,253,,n/e,n/e,n/e,n/e,n/e,n/e,n/e,n/e,n/e,n/e,n/e,n/e,253,,n/e,n/e,n/e,n/e,n/e,n/e,0,,n/e,n/e,163,,n/e,n/e,n/e,n/e,8,
15:00 - 16:00,39,,n/e,n/e,n/e,n/e,330,,n/e,n/e,n/e,n/e,n/e,n/e,n/e,n/e,n/e,n/e,n/e,n/e,253,,n/e,n/e,n/e,n/e,n/e,n/e,0,,n/e,n/e,111,,n/e,n/e,n/e,n/e,5,
16:00 - 17:00,39,,n/e,n/e,n/e,n/e,330,,n/e,n/e,n/e,n/e,n/e,n/e,n/e,n/e,n/e,n/e,n/e,n/e,357,,n/e,n/e,n/e,n/e,n/e,n/e,0,,n/e,n/e,55,,n/e,n/e,n/e,n/e,1,
17:00 - 18:00,40,,n/e,n/e,n/e,n/e,333,,n/e,n/e,n/e,n/e,n/e,n/e,n/e,n/e,n/e,n/e,n/e,n/e,359,,n/e,n/e,n/e,n/e,n/e,n/e,0,,n/e,n/e,20,,n/e,n/e,n/e,n/e,0,
18:00 - 19:00,40,,n/e,n/e,n/e,n/e,288,,n/e,n/e,n/e,n/e,n/e,n/e,n/e,n/e,n/e,n/e,n/e,n/e,415,,n/e,n/e,n/e,n/e,n/e,n/e,0,,n/e,n/e,5,,n/e,n/e,n/e,n/e,0,
19:00 - 20:00,39,,n/e,n/e,n/e,n/e,240,,n/e,n/e,n/e,n/e,n/e,n/e,n/e,n/e,n/e,n/e,n/e,n/e,339,,n/e,n/e,n/e,n/e,n/e,n/e,0,,n/e,n/e,0,,n/e,n/e,n/e,n/e,0,
20:00 - 21:00,39,,n/e,n/e,n/e,n/e,213,,n/e,n/e,n/e,n/e,n/e,n/e,n/e,n/e,n/e,n/e,n/e,n/e,323,,n/e,n/e,n/e,n/e,n/e,n/e,0,,n/e,n/e,0,,n/e,n/e,n/e,n/e,0,
21:00 - 22:00,38,,n/e,n/e,n/e,n/e,145,,n/e,n/e,n/e,n/e,n/e,n/e,n/e,n/e,n/e,n/e,n/e,n/e,384,,n/e,n/e,n/e,n/e,n/e,n/e,0,,n/e,n/e,0,,n/e,n/e,n/e,n/e,2,
22:00 - 23:00,38,,n/e,n/e,n/e,n/e,2,,n/e,n/e,n/e,n/e,n/e,n/e,n/e,n/e,n/e,n/e,n/e,n/e,90,,n/e,n/e,n/e,n/e,n/e,n/e,0,,n/e,n/e,0,,n/e,n/e,n/e,n/e,5,
23:00 - 00:00,37,,n/e,n/e,n/e,n/e,0,,n/e,n/e,n/e,n/e,n/e,n/e,n/e,n/e,n/e,n/e,n/e,n/e,2,,n/e,n/e,n/e,n/e,n/e,n/e,0,,n/e,n/e,0,,n/e,n/e,n/e,n/e,7,
00:00 - 01:00,33,,n/e,n/e,n/e,n/e,0,,n/e,n/e,n/e,n/e,n/e,n/e,n/e,n/e,n/e,n/e,n/e,n/e,2,,n/e,n/e,n/e,n/e,n/e,n/e,0,,n/e,n/e,0,,n/e,n/e,n/e,n/e,9,
01:00 - 02:00,33,,n/e,n/e,n/e,n/e,0,,n/e,n/e,n/e,n/e,n/e,n/e,n/e,n/e,n/e,n/e,n/e,n/e,2,,n/e,n/e,n/e,n/e,n/e,n/e,0,,n/e,n/e,1,,n/e,n/e,n/e,n/e,8,
02:00 - 03:00,33,,n/e,n/e,n/e,n/e,0,,n/e,n/e,n/e,n/e,n/e,n/e,n/e,n/e,n/e,n/e,n/e,n/e,2,,n/e,n/e,n/e,n/e,n/e,n/e,0,,n/e,n/e,6,,n/e,n/e,n/e,n/e,10,
03:00 - 04:00,34,,n/e,n/e,n/e,n/e,0,,n/e,n/e,n/e,n/e,n/e,n/e,n/e,n/e,n/e,n/e,n/e,n/e,2,,n/e,n/e,n/e,n/e,n/e,n/e,0,,n/e,n/e,26,,n/e,n/e,n/e,n/e,16,
04:00 - 05:00,34,,n/e,n/e,n/e,n/e,0,,n/e,n/e,n/e,n/e,n/e,n/e,n/e,n/e,n/e,n/e,n/e,n/e,2,,n/e,n/e,n/e,n/e,n/e,n/e,0,,n/e,n/e,59,,n/e,n/e,n/e,n/e,25,
05:00 - 06:00,35,,n/e,n/e,n/e,n/e,0,,n/e,n/e,n/e,n/e,n/e,n/e,n/e,n/e,n/e,n/e,n/e,n/e,2,,n/e,n/e,n/e,n/e,n/e,n/e,0,,n/e,n/e,95,,n/e,n/e,n/e,n/e,31,
06:00 - 07:00,31,,n/e,n/e,n/e,n/e,0,,n/e,n/e,n/e,n/e,n/e,n/e,n/e,n/e,n/e,n/e,n/e,n/e,53,,n/e,n/e,n/e,n/e,n/e,n/e,0,,n/e,n/e,125,,n/e,n/e,n/e,n/e,28,
07:00 - 08:00,29,,n/e,n/e,n/e,n/e,1,,n/e,n/e,n/e,n/e,n/e,n/e,n/e,n/e,n/e,n/e,n/e,n/e,86,,n/e,n/e,n/e,n/e,n/e,n/e,0,,n/e,n/e,139,,n/e,n/e,n/e,n/e,36,
08:00 - 09:00,27,,n/e,n/e,n/e,n/e,1,,n/e,n/e,n/e,n/e,n/e,n/e,n/e,n/e,n/e,n/e,n/e,n/e,102,,n/e,n/e,n/e,n/e,n/e,n/e,0,,n/e,n/e,106,,n/e,n/e,n/e,n/e,47,
09:00 - 10:00,27,,n/e,n/e,n/e,n/e,1,,n/e,n/e,n/e,n/e,n/e,n/e,n/e,n/e,n/e,n/e,n/e,n/e,72,,n/e,n/e,n/e,n/e,n/e,n/e,0,,n/e,n/e,98,,n/e,n/e,n/e,n/e,57,
10:00 - 11:00,27,,n/e,n/e,n/e,n/e,0,,n/e,n/e,n/e,n/e,n/e,n/e,n/e,n/e,n/e,n/e,n/e,n/e,37,,n/e,n/e,n/e,n/e,n/e,n/e,0,,n/e,n/e,79,,n/e,n/e,n/e,n/e,60,
11:00 - 12:00,27,,n/e,n/e,n/e,n/e,0,,n/e,n/e,n/e,n/e,n/e,n/e,n/e,n/e,n/e,n/e,n/e,n/e,37,,n/e,n/e,n/e,n/e,n/e,n/e,0,,n/e,n/e,59,,n/e,n/e,n/e,n/e,58,
12:00 - 13:00,27,,n/e,n/e,n/e,n/e,0,,n/e,n/e,n/e,n/e,n/e,n/e,n/e,n/e,n/e,n/e,n/e,n/e,21,,n/e,n/e,n/e,n/e,n/e,n/e,0,,n/e,n/e,76,,n/e,n/e,n/e,n/e,59,
13:00 - 14:00,27,,n/e,n/e,n/e,n/e,0,,n/e,n/e,n/e,n/e,n/e,n/e,n/e,n/e,n/e,n/e,n/e,n/e,5,,n/e,n/e,n/e,n/e,n/e,n/e,0,,n/e,n/e,86,,n/e,n/e,n/e,n/e,45,
14:00 - 15:00,27,,n/e,n/e,n/e,n/e,0,,n/e,n/e,n/e,n/e,n/e,n/e,n/e,n/e,n/e,n/e,n/e,n/e,13,,n/e,n/e,n/e,n/e,n/e,n/e,0,,n/e,n/e,83,,n/e,n/e,n/e,n/e,60,
15:00 - 16:00,32,,n/e,n/e,n/e,n/e,0,,n/e,n/e,n/e,n/e,n/e,n/e,n/e,n/e,n/e,n/e,n/e,n/e,127,,n/e,n/e,n/e,n/e,n/e,n/e,0,,n/e,n/e,51,,n/e,n/e,n/e,n/e,62,
16:00 - 17:00,38,,n/e,n/e,n/e,n/e,5,,n/e,n/e,n/e,n/e,n/e,n/e,n/e,n/e,n/e,n/e,n/e,n/e,194,,n/e,n/e,n/e,n/e,n/e,n/e,0,,n/e,n/e,24,,n/e,n/e,n/e,n/e,53,
17:00 - 18:00,42,,n/e,n/e,n/e,n/e,8,,n/e,n/e,n/e,n/e,n/e,n/e,n/e,n/e,n/e,n/e,n/e,n/e,378,,n/e,n/e,n/e,n/e,n/e,n/e,0,,n/e,n/e,10,,n/e,n/e,n/e,n/e,36,
18:00 - 19:00,41,,n/e,n/e,n/e,n/e,8,,n/e,n/e,n/e,n/e,n/e,n/e,n/e,n/e,n/e,n/e,n/e,n/e,371,,n/e,n/e,n/e,n/e,n/e,n/e,0,,n/e,n/e,3,,n/e,n/e,n/e,n/e,45,
19:00 - 20:00,41,,n/e,n/e,n/e,n/e,9,,n/e,n/e,n/e,n/e,n/e,n/e,n/e,n/e,n/e,n/e,n/e,n/e,323,,n/e,n/e,n/e,n/e,n/e,n/e,0,,n/e,n/e,1,,n/e,n/e,n/e,n/e,96,
20:00 - 21:00,41,,n/e,n/e,n/e,n/e,7,,n/e,n/e,n/e,n/e,n/e,n/e,n/e,n/e,n/e,n/e,n/e,n/e,229,,n/e,n/e,n/e,n/e,n/e,n/e,0,,n/e,n/e,1,,n/e,n/e,n/e,n/e,103,
21:00 - 22:00,40,,n/e,n/e,n/e,n/e,5,,n/e,n/e,n/e,n/e,n/e,n/e,n/e,n/e,n/e,n/e,n/e,n/e,166,,n/e,n/e,n/e,n/e,n/e,n/e,0,,n/e,n/e,1,,n/e,n/e,n/e,n/e,105,
22:00 - 23:00,39,,n/e,n/e,n/e,n/e,4,,n/e,n/e,n/e,n/e,n/e,n/e,n/e,n/e,n/e,n/e,n/e,n/e,15,,n/e,n/e,n/e,n/e,n/e,n/e,0,,n/e,n/e,0,,n/e,n/e,n/e,n/e,105,
23:00 - 00:00,37,,n/e,n/e,n/e,n/e,3,,n/e,n/e,n/e,n/e,n/e,n/e,n/e,n/e,n/e,n/e,n/e,n/e,2,,n/e,n/e,n/e,n/e,n/e,n/e,0,,n/e,n/e,0,,n/e,n/e,n/e,n/e,101,
00:00 - 01:00,36,,n/e,n/e,n/e,n/e,1,,n/e,n/e,n/e,n/e,n/e,n/e,n/e,n/e,n/e,n/e,n/e,n/e,2,,n/e,n/e,n/e,n/e,n/e,n/e,0,,n/e,n/e,0,,n/e,n/e,n/e,n/e,98,
01:00 - 02:00,35,,n/e,n/e,n/e,n/e,1,,n/e,n/e,n/e,n/e,n/e,n/e,n/e,n/e,n/e,n/e,n/e,n/e,2,,n/e,n/e,n/e,n/e,n/e,n/e,0,,n/e,n/e,0,,n/e,n/e,n/e,n/e,85,
02:00 - 03:00,31,,n/e,n/e,n/e,n/e,1,,n/e,n/e,n/e,n/e,n/e,n/e,n/e,n/e,n/e,n/e,n/e,n/e,2,,n/e,n/e,n/e,n/e,n/e,n/e,0,,n/e,n/e,2,,n/e,n/e,n/e,n/e,68,
03:00 - 04:00,31,,n/e,n/e,n/e,n/e,1,,n/e,n/e,n/e,n/e,n/e,n/e,n/e,n/e,n/e,n/e,n/e,n/e,2,,n/e,n/e,n/e,n/e,n/e,n/e,0,,n/e,n/e,11,,n/e,n/e,n/e,n/e,55,
04:00 - 05:00,31,,n/e,n/e,n/e,n/e,1,,n/e,n/e,n/e,n/e,n/e,n/e,n/e,n/e,n/e,n/e,n/e,n/e,2,,n/e,n/e,n/e,n/e,n/e,n/e,0,,n/e,n/e,35,,n/e,n/e,n/e,n/e,47,
05:00 - 06:00,30,,n/e,n/e,n/e,n/e,1,,n/e,n/e,n/e,n/e,n/e,n/e,n/e,n/e,n/e,n/e,n/e,n/e,2,,n/e,n/e,n/e,n/e,n/e,n/e,0,,n/e,n/e,70,,n/e,n/e,n/e,n/e,51,
06:00 - 07:00,29,,n/e,n/e,n/e,n/e,0,,n/e,n/e,n/e,n/e,n/e,n/e,n/e,n/e,n/e,n/e,n/e,n/e,2,,n/e,n/e,n/e,n/e,n/e,n/e,0,,n/e,n/e,116,,n/e,n/e,n/e,n/e,69,
07:00 - 08:00,28,,n/e,n/e,n/e,n/e,0,,n/e,n/e,n/e,n/e,n/e,n/e,n/e,n/e,n/e,n/e,n/e,n/e,2,,n/e,n/e,n/e,n/e,n/e,n/e,0,,n/e,n/e,162,,n/e,n/e,n/e,n/e,77,
08:00 - 09:00,26,,n/e,n/e,n/e,n/e,0,,n/e,n/e,n/e,n/e,n/e,n/e,n/e,n/e,n/e,n/e,n/e,n/e,3,,n/e,n/e,n/e,n/e,n/e,n/e,0,,n/e,n/e,214,,n/e,n/e,n/e,n/e,77,
09:00 - 10:00,26,,n/e,n/e,n/e,n/e,0,,n/e,n/e,n/e,n/e,n/e,n/e,n/e,n/e,n/e,n/e,n/e,n/e,2,,n/e,n/e,n/e,n/e,n/e,n/e,0,,n/e,n/e,242,,n/e,n/e,n/e,n/e,83,
10:00 - 11:00,26,,n/e,n/e,n/e,n/e,1,,n/e,n/e,n/e,n/e,n/e,n/e,n/e,n/e,n/e,n/e,n/e,n/e,3,,n/e,n/e,n/e,n/e,n/e,n/e,0,,n/e,n/e,251,,n/e,n/e,n/e,n/e,81,
11:00 - 12:00,26,,n/e,n/e,n/e,n/e,1,,n/e,n/e,n/e,n/e,n/e,n/e,n/e,n/e,n/e,n/e,n/e,n/e,40,,n/e,n/e,n/e,n/e,n/e,n/e,0,,n/e,n/e,227,,n/e,n/e,n/e,n/e,60,
12:00 - 13:00,26,,n/e,n/e,n/e,n/e,1,,n/e,n/e,n/e,n/e,n/e,n/e,n/e,n/e,n/e,n/e,n/e,n/e,73,,n/e,n/e,n/e,n/e,n/e,n/e,0,,n/e,n/e,192,,n/e,n/e,n/e,n/e,48,
13:00 - 14:00,25,,n/e,n/e,n/e,n/e,1,,n/e,n/e,n/e,n/e,n/e,n/e,n/e,n/e,n/e,n/e,n/e,n/e,178,,n/e,n/e,n/e,n/e,n/e,n/e,0,,n/e,n/e,153,,n/e,n/e,n/e,n/e,42,
14:00 - 15:00,26,,n/e,n/e,n/e,n/e,0,,n/e,n/e,n/e,n/e,n/e,n/e,n/e,n/e,n/e,n/e,n/e,n/e,137,,n/e,n/e,n/e,n/e,n/e,n/e,0,,n/e,n/e,131,,n/e,n/e,n/e,n/e,32,
15:00 - 16:00,27,,n/e,n/e,n/e,n/e,0,,n/e,n/e,n/e,n/e,n/e,n/e,n/e,n/e,n/e,n/e,n/e,n/e,230,,n/e,n/e,n/e,n/e,n/e,n/e,0,,n/e,n/e,95,,n/e,n/e,n/e,n/e,33,
16:00 - 17:00,34,,n/e,n/e,n/e,n/e,5,,n/e,n/e,n/e,n/e,n/e,n/e,n/e,n/e,n/e,n/e,n/e,n/e,269,,n/e,n/e,n/e,n/e,n/e,n/e,0,,n/e,n/e,57,,n/e,n/e,n/e,n/e,21,
17:00 - 18:00,41,,n/e,n/e,n/e,n/e,10,,n/e,n/e,n/e,n/e,n/e,n/e,n/e,n/e,n/e,n/e,n/e,n/e,328,,n/e,n/e,n/e,n/e,n/e,n/e,0,,n/e,n/e,20,,n/e,n/e,n/e,n/e,16,
18:00 - 19:00,41,,n/e,n/e,n/e,n/e,11,,n/e,n/e,n/e,n/e,n/e,n/e,n/e,n/e,n/e,n/e,n/e,n/e,423,,n/e,n/e,n/e,n/e,n/e,n/e,0,,n/e,n/e,5,,n/e,n/e,n/e,n/e,8,
19:00 - 20:00,41,,n/e,n/e,n/e,n/e,11,,n/e,n/e,n/e,n/e,n/e,n/e,n/e,n/e,n/e,n/e,n/e,n/e,456,,n/e,n/e,n/e,n/e,n/e,n/e,0,,n/e,n/e,0,,n/e,n/e,n/e,n/e,7,
20:00 - 21:00,39,,n/e,n/e,n/e,n/e,8,,n/e,n/e,n/e,n/e,n/e,n/e,n/e,n/e,n/e,n/e,n/e,n/e,273,,n/e,n/e,n/e,n/e,n/e,n/e,0,,n/e,n/e,0,,n/e,n/e,n/e,n/e,9,
21:00 - 22:00,39,,n/e,n/e,n/e,n/e,4,,n/e,n/e,n/e,n/e,n/e,n/e,n/e,n/e,n/e,n/e,n/e,n/e,283,,n/e,n/e,n/e,n/e,n/e,n/e,0,,n/e,n/e,0,,n/e,n/e,n/e,n/e,7,
22:00 - 23:00,38,,n/e,n/e,n/e,n/e,5,,n/e,n/e,n/e,n/e,n/e,n/e,n/e,n/e,n/e,n/e,n/e,n/e,57,,n/e,n/e,n/e,n/e,n/e,n/e,0,,n/e,n/e,0,,n/e,n/e,n/e,n/e,9,
23:00 - 00:00,37,,n/e,n/e,n/e,n/e,5,,n/e,n/e,n/e,n/e,n/e,n/e,n/e,n/e,n/e,n/e,n/e,n/e,6,,n/e,n/e,n/e,n/e,n/e,n/e,0,,n/e,n/e,0,,n/e,n/e,n/e,n/e,10,
00:00 - 01:00,36,,n/e,n/e,n/e,n/e,4,,n/e,n/e,n/e,n/e,n/e,n/e,n/e,n/e,n/e,n/e,n/e,n/e,2,,n/e,n/e,n/e,n/e,n/e,n/e,0,,n/e,n/e,0,,n/e,n/e,n/e,n/e,10,
01:00 - 02:00,35,,n/e,n/e,n/e,n/e,4,,n/e,n/e,n/e,n/e,n/e,n/e,n/e,n/e,n/e,n/e,n/e,n/e,2,,n/e,n/e,n/e,n/e,n/e,n/e,0,,n/e,n/e,0,,n/e,n/e,n/e,n/e,6,
02:00 - 03:00,36,,n/e,n/e,n/e,n/e,5,,n/e,n/e,n/e,n/e,n/e,n/e,n/e,n/e,n/e,n/e,n/e,n/e,2,,n/e,n/e,n/e,n/e,n/e,n/e,0,,n/e,n/e,5,,n/e,n/e,n/e,n/e,6,
03:00 - 04:00,39,,n/e,n/e,n/e,n/e,7,,n/e,n/e,n/e,n/e,n/e,n/e,n/e,n/e,n/e,n/e,n/e,n/e,142,,n/e,n/e,n/e,n/e,n/e,n/e,0,,n/e,n/e,22,,n/e,n/e,n/e,n/e,6,
04:00 - 05:00,40,,n/e,n/e,n/e,n/e,7,,n/e,n/e,n/e,n/e,n/e,n/e,n/e,n/e,n/e,n/e,n/e,n/e,161,,n/e,n/e,n/e,n/e,n/e,n/e,0,,n/e,n/e,61,,n/e,n/e,n/e,n/e,3,
05:00 - 06:00,42,,n/e,n/e,n/e,n/e,5,,n/e,n/e,n/e,n/e,n/e,n/e,n/e,n/e,n/e,n/e,n/e,n/e,157,,n/e,n/e,n/e,n/e,n/e,n/e,0,,n/e,n/e,125,,n/e,n/e,n/e,n/e,1,
06:00 - 07:00,40,,n/e,n/e,n/e,n/e,4,,n/e,n/e,n/e,n/e,n/e,n/e,n/e,n/e,n/e,n/e,n/e,n/e,3,,n/e,n/e,n/e,n/e,n/e,n/e,0,,n/e,n/e,171,,n/e,n/e,n/e,n/e,2,
07:00 - 08:00,38,,n/e,n/e,n/e,n/e,3,,n/e,n/e,n/e,n/e,n/e,n/e,n/e,n/e,n/e,n/e,n/e,n/e,3,,n/e,n/e,n/e,n/e,n/e,n/e,0,,n/e,n/e,207,,n/e,n/e,n/e,n/e,7,
08:00 - 09:00,37,,n/e,n/e,n/e,n/e,3,,n/e,n/e,n/e,n/e,n/e,n/e,n/e,n/e,n/e,n/e,n/e,n/e,19,,n/e,n/e,n/e,n/e,n/e,n/e,0,,n/e,n/e,230,,n/e,n/e,n/e,n/e,13,
09:00 - 10:00,33,,n/e,n/e,n/e,n/e,2,,n/e,n/e,n/e,n/e,n/e,n/e,n/e,n/e,n/e,n/e,n/e,n/e,3,,n/e,n/e,n/e,n/e,n/e,n/e,0,,n/e,n/e,242,,n/e,n/e,n/e,n/e,18,
10:00 - 11:00,32,,n/e,n/e,n/e,n/e,1,,n/e,n/e,n/e,n/e,n/e,n/e,n/e,n/e,n/e,n/e,n/e,n/e,3,,n/e,n/e,n/e,n/e,n/e,n/e,0,,n/e,n/e,248,,n/e,n/e,n/e,n/e,23,
11:00 - 12:00,32,,n/e,n/e,n/e,n/e,28,,n/e,n/e,n/e,n/e,n/e,n/e,n/e,n/e,n/e,n/e,n/e,n/e,4,,n/e,n/e,n/e,n/e,n/e,n/e,0,,n/e,n/e,259,,n/e,n/e,n/e,n/e,17,
12:00 - 13:00,32,,n/e,n/e,n/e,n/e,28,,n/e,n/e,n/e,n/e,n/e,n/e,n/e,n/e,n/e,n/e,n/e,n/e,118,,n/e,n/e,n/e,n/e,n/e,n/e,0,,n/e,n/e,242,,n/e,n/e,n/e,n/e,20,
13:00 - 14:00,33,,n/e,n/e,n/e,n/e,41,,n/e,n/e,n/e,n/e,n/e,n/e,n/e,n/e,n/e,n/e,n/e,n/e,298,,n/e,n/e,n/e,n/e,n/e,n/e,0,,n/e,n/e,202,,n/e,n/e,n/e,n/e,13,
14:00 - 15:00,36,,n/e,n/e,n/e,n/e,69,,n/e,n/e,n/e,n/e,n/e,n/e,n/e,n/e,n/e,n/e,n/e,n/e,588,,n/e,n/e,n/e,n/e,n/e,n/e,0,,n/e,n/e,160,,n/e,n/e,n/e,n/e,11,
15:00 - 16:00,39,,n/e,n/e,n/e,n/e,138,,n/e,n/e,n/e,n/e,n/e,n/e,n/e,n/e,n/e,n/e,n/e,n/e,608,,n/e,n/e,n/e,n/e,n/e,n/e,0,,n/e,n/e,108,,n/e,n/e,n/e,n/e,2,
16:00 - 17:00,41,,n/e,n/e,n/e,n/e,301,,n/e,n/e,n/e,n/e,n/e,n/e,n/e,n/e,n/e,n/e,n/e,n/e,483,,n/e,n/e,n/e,n/e,n/e,n/e,0,,n/e,n/e,54,,n/e,n/e,n/e,n/e,1,
17:00 - 18:00,42,,n/e,n/e,n/e,n/e,386,,n/e,n/e,n/e,n/e,n/e,n/e,n/e,n/e,n/e,n/e,n/e,n/e,463,,n/e,n/e,n/e,n/e,n/e,n/e,0,,n/e,n/e,19,,n/e,n/e,n/e,n/e,0,
18:00 - 19:00,43,,n/e,n/e,n/e,n/e,393,,n/e,n/e,n/e,n/e,n/e,n/e,n/e,n/e,n/e,n/e,n/e,n/e,429,,n/e,n/e,n/e,n/e,n/e,n/e,0,,n/e,n/e,4,,n/e,n/e,n/e,n/e,0,
19:00 - 20:00,42,,n/e,n/e,n/e,n/e,392,,n/e,n/e,n/e,n/e,n/e,n/e,n/e,n/e,n/e,n/e,n/e,n/e,393,,n/e,n/e,n/e,n/e,n/e,n/e,0,,n/e,n/e,0,,n/e,n/e,n/e,n/e,3,
20:00 - 21:00,38,,n/e,n/e,n/e,n/e,377,,n/e,n/e,n/e,n/e,n/e,n/e,n/e,n/e,n/e,n/e,n/e,n/e,269,,n/e,n/e,n/e,n/e,n/e,n/e,0,,n/e,n/e,0,,n/e,n/e,n/e,n/e,9,
21:00 - 22:00,37,,n/e,n/e,n/e,n/e,224,,n/e,n/e,n/e,n/e,n/e,n/e,n/e,n/e,n/e,n/e,n/e,n/e,364,,n/e,n/e,n/e,n/e,n/e,n/e,0,,n/e,n/e,0,,n/e,n/e,n/e,n/e,16,
22:00 - 23:00,37,,n/e,n/e,n/e,n/e,151,,n/e,n/e,n/e,n/e,n/e,n/e,n/e,n/e,n/e,n/e,n/e,n/e,28,,n/e,n/e,n/e,n/e,n/e,n/e,0,,n/e,n/e,0,,n/e,n/e,n/e,n/e,18,
23:00 - 00:00,35,,n/e,n/e,n/e,n/e,150,,n/e,n/e,n/e,n/e,n/e,n/e,n/e,n/e,n/e,n/e,n/e,n/e,2,,n/e,n/e,n/e,n/e,n/e,n/e,0,,n/e,n/e,0,,n/e,n/e,n/e,n/e,20,
00:00 - 01:00,35,,n/e,n/e,n/e,n/e,150,,n/e,n/e,n/e,n/e,n/e,n/e,n/e,n/e,n/e,n/e,n/e,n/e,2,,n/e,n/e,n/e,n/e,n/e,n/e,0,,n/e,n/e,0,,n/e,n/e,n/e,n/e,6,
01:00 - 02:00,35,,n/e,n/e,n/e,n/e,150,,n/e,n/e,n/e,n/e,n/e,n/e,n/e,n/e,n/e,n/e,n/e,n/e,11,,n/e,n/e,n/e,n/e,n/e,n/e,0,,n/e,n/e,0,,n/e,n/e,n/e,n/e,14,
02:00 - 03:00,33,,n/e,n/e,n/e,n/e,150,,n/e,n/e,n/e,n/e,n/e,n/e,n/e,n/e,n/e,n/e,n/e,n/e,2,,n/e,n/e,n/e,n/e,n/e,n/e,0,,n/e,n/e,6,,n/e,n/e,n/e,n/e,12,
03:00 - 04:00,39,,n/e,n/e,n/e,n/e,155,,n/e,n/e,n/e,n/e,n/e,n/e,n/e,n/e,n/e,n/e,n/e,n/e,3,,n/e,n/e,n/e,n/e,n/e,n/e,0,,n/e,n/e,22,,n/e,n/e,n/e,n/e,18,
04:00 - 05:00,40,,n/e,n/e,n/e,n/e,185,,n/e,n/e,n/e,n/e,n/e,n/e,n/e,n/e,n/e,n/e,n/e,n/e,2,,n/e,n/e,n/e,n/e,n/e,n/e,0,,n/e,n/e,56,,n/e,n/e,n/e,n/e,8,
05:00 - 06:00,40,,n/e,n/e,n/e,n/e,185,,n/e,n/e,n/e,n/e,n/e,n/e,n/e,n/e,n/e,n/e,n/e,n/e,3,,n/e,n/e,n/e,n/e,n/e,n/e,0,,n/e,n/e,124,,n/e,n/e,n/e,n/e,8,
06:00 - 07:00,38,,n/e,n/e,n/e,n/e,184,,n/e,n/e,n/e,n/e,n/e,n/e,n/e,n/e,n/e,n/e,n/e,n/e,3,,n/e,n/e,n/e,n/e,n/e,n/e,0,,n/e,n/e,201,,n/e,n/e,n/e,n/e,7,
07:00 - 08:00,35,,n/e,n/e,n/e,n/e,154,,n/e,n/e,n/e,n/e,n/e,n/e,n/e,n/e,n/e,n/e,n/e,n/e,3,,n/e,n/e,n/e,n/e,n/e,n/e,0,,n/e,n/e,267,,n/e,n/e,n/e,n/e,3,
08:00 - 09:00,33,,n/e,n/e,n/e,n/e,152,,n/e,n/e,n/e,n/e,n/e,n/e,n/e,n/e,n/e,n/e,n/e,n/e,8,,n/e,n/e,n/e,n/e,n/e,n/e,0,,n/e,n/e,302,,n/e,n/e,n/e,n/e,7,
09:00 - 10:00,33,,n/e,n/e,n/e,n/e,152,,n/e,n/e,n/e,n/e,n/e,n/e,n/e,n/e,n/e,n/e,n/e,n/e,3,,n/e,n/e,n/e,n/e,n/e,n/e,0,,n/e,n/e,314,,n/e,n/e,n/e,n/e,9,
10:00 - 11:00,37,,n/e,n/e,n/e,n/e,152,,n/e,n/e,n/e,n/e,n/e,n/e,n/e,n/e,n/e,n/e,n/e,n/e,3,,n/e,n/e,n/e,n/e,n/e,n/e,0,,n/e,n/e,322,,n/e,n/e,n/e,n/e,13,
11:00 - 12:00,36,,n/e,n/e,n/e,n/e,153,,n/e,n/e,n/e,n/e,n/e,n/e,n/e,n/e,n/e,n/e,n/e,n/e,12,,n/e,n/e,n/e,n/e,n/e,n/e,0,,n/e,n/e,306,,n/e,n/e,n/e,n/e,10,
12:00 - 13:00,36,,n/e,n/e,n/e,n/e,183,,n/e,n/e,n/e,n/e,n/e,n/e,n/e,n/e,n/e,n/e,n/e,n/e,5,,n/e,n/e,n/e,n/e,n/e,n/e,0,,n/e,n/e,275,,n/e,n/e,n/e,n/e,12,
13:00 - 14:00,35,,n/e,n/e,n/e,n/e,202,,n/e,n/e,n/e,n/e,n/e,n/e,n/e,n/e,n/e,n/e,n/e,n/e,213,,n/e,n/e,n/e,n/e,n/e,n/e,0,,n/e,n/e,235,,n/e,n/e,n/e,n/e,5,
14:00 - 15:00,34,,n/e,n/e,n/e,n/e,206,,n/e,n/e,n/e,n/e,n/e,n/e,n/e,n/e,n/e,n/e,n/e,n/e,213,,n/e,n/e,n/e,n/e,n/e,n/e,0,,n/e,n/e,170,,n/e,n/e,n/e,n/e,4,
15:00 - 16:00,33,,n/e,n/e,n/e,n/e,266,,n/e,n/e,n/e,n/e,n/e,n/e,n/e,n/e,n/e,n/e,n/e,n/e,269,,n/e,n/e,n/e,n/e,n/e,n/e,0,,n/e,n/e,105,,n/e,n/e,n/e,n/e,24,
16:00 - 17:00,36,,n/e,n/e,n/e,n/e,349,,n/e,n/e,n/e,n/e,n/e,n/e,n/e,n/e,n/e,n/e,n/e,n/e,358,,n/e,n/e,n/e,n/e,n/e,n/e,0,,n/e,n/e,49,,n/e,n/e,n/e,n/e,16,
17:00 - 18:00,37,,n/e,n/e,n/e,n/e,350,,n/e,n/e,n/e,n/e,n/e,n/e,n/e,n/e,n/e,n/e,n/e,n/e,464,,n/e,n/e,n/e,n/e,n/e,n/e,0,,n/e,n/e,15,,n/e,n/e,n/e,n/e,11,
18:00 - 19:00,38,,n/e,n/e,n/e,n/e,350,,n/e,n/e,n/e,n/e,n/e,n/e,n/e,n/e,n/e,n/e,n/e,n/e,345,,n/e,n/e,n/e,n/e,n/e,n/e,0,,n/e,n/e,3,,n/e,n/e,n/e,n/e,21,
19:00 - 20:00,37,,n/e,n/e,n/e,n/e,247,,n/e,n/e,n/e,n/e,n/e,n/e,n/e,n/e,n/e,n/e,n/e,n/e,270,,n/e,n/e,n/e,n/e,n/e,n/e,0,,n/e,n/e,0,,n/e,n/e,n/e,n/e,26,
20:00 - 21:00,36,,n/e,n/e,n/e,n/e,236,,n/e,n/e,n/e,n/e,n/e,n/e,n/e,n/e,n/e,n/e,n/e,n/e,252,,n/e,n/e,n/e,n/e,n/e,n/e,0,,n/e,n/e,0,,n/e,n/e,n/e,n/e,33,
21:00 - 22:00,35,,n/e,n/e,n/e,n/e,232,,n/e,n/e,n/e,n/e,n/e,n/e,n/e,n/e,n/e,n/e,n/e,n/e,265,,n/e,n/e,n/e,n/e,n/e,n/e,0,,n/e,n/e,0,,n/e,n/e,n/e,n/e,40,
22:00 - 23:00,35,,n/e,n/e,n/e,n/e,230,,n/e,n/e,n/e,n/e,n/e,n/e,n/e,n/e,n/e,n/e,n/e,n/e,47,,n/e,n/e,n/e,n/e,n/e,n/e,0,,n/e,n/e,0,,n/e,n/e,n/e,n/e,21,
23:00 - 00:00,34,,n/e,n/e,n/e,n/e,233,,n/e,n/e,n/e,n/e,n/e,n/e,n/e,n/e,n/e,n/e,n/e,n/e,51,,n/e,n/e,n/e,n/e,n/e,n/e,0,,n/e,n/e,0,,n/e,n/e,n/e,n/e,3,
00:00 - 01:00,34,,n/e,n/e,n/e,n/e,233,,n/e,n/e,n/e,n/e,n/e,n/e,n/e,n/e,n/e,n/e,n/e,n/e,53,,n/e,n/e,n/e,n/e,n/e,n/e,0,,n/e,n/e,0,,n/e,n/e,n/e,n/e,6,
01:00 - 02:00,34,,n/e,n/e,n/e,n/e,233,,n/e,n/e,n/e,n/e,n/e,n/e,n/e,n/e,n/e,n/e,n/e,n/e,13,,n/e,n/e,n/e,n/e,n/e,n/e,0,,n/e,n/e,0,,n/e,n/e,n/e,n/e,11,
02:00 - 03:00,33,,n/e,n/e,n/e,n/e,231,,n/e,n/e,n/e,n/e,n/e,n/e,n/e,n/e,n/e,n/e,n/e,n/e,1,,n/e,n/e,n/e,n/e,n/e,n/e,0,,n/e,n/e,2,,n/e,n/e,n/e,n/e,16,
03:00 - 04:00,35,,n/e,n/e,n/e,n/e,236,,n/e,n/e,n/e,n/e,n/e,n/e,n/e,n/e,n/e,n/e,n/e,n/e,4,,n/e,n/e,n/e,n/e,n/e,n/e,0,,n/e,n/e,10,,n/e,n/e,n/e,n/e,26,
04:00 - 05:00,38,,n/e,n/e,n/e,n/e,323,,n/e,n/e,n/e,n/e,n/e,n/e,n/e,n/e,n/e,n/e,n/e,n/e,108,,n/e,n/e,n/e,n/e,n/e,n/e,0,,n/e,n/e,27,,n/e,n/e,n/e,n/e,22,
05:00 - 06:00,40,,n/e,n/e,n/e,n/e,324,,n/e,n/e,n/e,n/e,n/e,n/e,n/e,n/e,n/e,n/e,n/e,n/e,109,,n/e,n/e,n/e,n/e,n/e,n/e,0,,n/e,n/e,56,,n/e,n/e,n/e,n/e,16,
06:00 - 07:00,38,,n/e,n/e,n/e,n/e,283,,n/e,n/e,n/e,n/e,n/e,n/e,n/e,n/e,n/e,n/e,n/e,n/e,141,,n/e,n/e,n/e,n/e,n/e,n/e,0,,n/e,n/e,79,,n/e,n/e,n/e,n/e,23,
07:00 - 08:00,36,,n/e,n/e,n/e,n/e,205,,n/e,n/e,n/e,n/e,n/e,n/e,n/e,n/e,n/e,n/e,n/e,n/e,6,,n/e,n/e,n/e,n/e,n/e,n/e,0,,n/e,n/e,120,,n/e,n/e,n/e,n/e,27,
08:00 - 09:00,34,,n/e,n/e,n/e,n/e,172,,n/e,n/e,n/e,n/e,n/e,n/e,n/e,n/e,n/e,n/e,n/e,n/e,3,,n/e,n/e,n/e,n/e,n/e,n/e,0,,n/e,n/e,159,,n/e,n/e,n/e,n/e,49,
09:00 - 10:00,33,,n/e,n/e,n/e,n/e,152,,n/e,n/e,n/e,n/e,n/e,n/e,n/e,n/e,n/e,n/e,n/e,n/e,2,,n/e,n/e,n/e,n/e,n/e,n/e,0,,n/e,n/e,207,,n/e,n/e,n/e,n/e,69,
10:00 - 11:00,33,,n/e,n/e,n/e,n/e,152,,n/e,n/e,n/e,n/e,n/e,n/e,n/e,n/e,n/e,n/e,n/e,n/e,2,,n/e,n/e,n/e,n/e,n/e,n/e,0,,n/e,n/e,228,,n/e,n/e,n/e,n/e,66,
11:00 - 12:00,34,,n/e,n/e,n/e,n/e,152,,n/e,n/e,n/e,n/e,n/e,n/e,n/e,n/e,n/e,n/e,n/e,n/e,3,,n/e,n/e,n/e,n/e,n/e,n/e,0,,n/e,n/e,251,,n/e,n/e,n/e,n/e,53,
12:00 - 13:00,33,,n/e,n/e,n/e,n/e,152,,n/e,n/e,n/e,n/e,n/e,n/e,n/e,n/e,n/e,n/e,n/e,n/e,3,,n/e,n/e,n/e,n/e,n/e,n/e,0,,n/e,n/e,249,,n/e,n/e,n/e,n/e,32,
13:00 - 14:00,36,,n/e,n/e,n/e,n/e,152,,n/e,n/e,n/e,n/e,n/e,n/e,n/e,n/e,n/e,n/e,n/e,n/e,96,,n/e,n/e,n/e,n/e,n/e,n/e,0,,n/e,n/e,233,,n/e,n/e,n/e,n/e,34,
14:00 - 15:00,37,,n/e,n/e,n/e,n/e,154,,n/e,n/e,n/e,n/e,n/e,n/e,n/e,n/e,n/e,n/e,n/e,n/e,198,,n/e,n/e,n/e,n/e,n/e,n/e,0,,n/e,n/e,183,,n/e,n/e,n/e,n/e,40,
15:00 - 16:00,39,,n/e,n/e,n/e,n/e,189,,n/e,n/e,n/e,n/e,n/e,n/e,n/e,n/e,n/e,n/e,n/e,n/e,213,,n/e,n/e,n/e,n/e,n/e,n/e,0,,n/e,n/e,112,,n/e,n/e,n/e,n/e,38,
16:00 - 17:00,38,,n/e,n/e,n/e,n/e,287,,n/e,n/e,n/e,n/e,n/e,n/e,n/e,n/e,n/e,n/e,n/e,n/e,364,,n/e,n/e,n/e,n/e,n/e,n/e,0,,n/e,n/e,54,,n/e,n/e,n/e,n/e,49,
17:00 - 18:00,41,,n/e,n/e,n/e,n/e,339,,n/e,n/e,n/e,n/e,n/e,n/e,n/e,n/e,n/e,n/e,n/e,n/e,396,,n/e,n/e,n/e,n/e,n/e,n/e,0,,n/e,n/e,19,,n/e,n/e,n/e,n/e,28,
18:00 - 19:00,41,,n/e,n/e,n/e,n/e,335,,n/e,n/e,n/e,n/e,n/e,n/e,n/e,n/e,n/e,n/e,n/e,n/e,394,,n/e,n/e,n/e,n/e,n/e,n/e,0,,n/e,n/e,4,,n/e,n/e,n/e,n/e,23,
19:00 - 20:00,40,,n/e,n/e,n/e,n/e,238,,n/e,n/e,n/e,n/e,n/e,n/e,n/e,n/e,n/e,n/e,n/e,n/e,305,,n/e,n/e,n/e,n/e,n/e,n/e,0,,n/e,n/e,0,,n/e,n/e,n/e,n/e,20,
20:00 - 21:00,39,,n/e,n/e,n/e,n/e,189,,n/e,n/e,n/e,n/e,n/e,n/e,n/e,n/e,n/e,n/e,n/e,n/e,321,,n/e,n/e,n/e,n/e,n/e,n/e,0,,n/e,n/e,0,,n/e,n/e,n/e,n/e,26,
21:00 - 22:00,39,,n/e,n/e,n/e,n/e,185,,n/e,n/e,n/e,n/e,n/e,n/e,n/e,n/e,n/e,n/e,n/e,n/e,311,,n/e,n/e,n/e,n/e,n/e,n/e,0,,n/e,n/e,0,,n/e,n/e,n/e,n/e,24,
22:00 - 23:00,38,,n/e,n/e,n/e,n/e,183,,n/e,n/e,n/e,n/e,n/e,n/e,n/e,n/e,n/e,n/e,n/e,n/e,8,,n/e,n/e,n/e,n/e,n/e,n/e,0,,n/e,n/e,0,,n/e,n/e,n/e,n/e,24,
23:00 - 00:00,37,,n/e,n/e,n/e,n/e,183,,n/e,n/e,n/e,n/e,n/e,n/e,n/e,n/e,n/e,n/e,n/e,n/e,2,,n/e,n/e,n/e,n/e,n/e,n/e,0,,n/e,n/e,0,,n/e,n/e,n/e,n/e,22,
00:00 - 01:00,35,,n/e,n/e,n/e,n/e,278,,n/e,n/e,n/e,n/e,n/e,n/e,n/e,n/e,n/e,n/e,n/e,n/e,2,,n/e,n/e,n/e,n/e,n/e,n/e,0,,n/e,n/e,0,,n/e,n/e,n/e,n/e,22,
01:00 - 02:00,35,,n/e,n/e,n/e,n/e,280,,n/e,n/e,n/e,n/e,n/e,n/e,n/e,n/e,n/e,n/e,n/e,n/e,2,,n/e,n/e,n/e,n/e,n/e,n/e,0,,n/e,n/e,0,,n/e,n/e,n/e,n/e,24,
02:00 - 03:00,35,,n/e,n/e,n/e,n/e,280,,n/e,n/e,n/e,n/e,n/e,n/e,n/e,n/e,n/e,n/e,n/e,n/e,2,,n/e,n/e,n/e,n/e,n/e,n/e,0,,n/e,n/e,4,,n/e,n/e,n/e,n/e,24,
03:00 - 04:00,38,,n/e,n/e,n/e,n/e,283,,n/e,n/e,n/e,n/e,n/e,n/e,n/e,n/e,n/e,n/e,n/e,n/e,2,,n/e,n/e,n/e,n/e,n/e,n/e,0,,n/e,n/e,18,,n/e,n/e,n/e,n/e,22,
04:00 - 05:00,39,,n/e,n/e,n/e,n/e,283,,n/e,n/e,n/e,n/e,n/e,n/e,n/e,n/e,n/e,n/e,n/e,n/e,3,,n/e,n/e,n/e,n/e,n/e,n/e,0,,n/e,n/e,53,,n/e,n/e,n/e,n/e,34,
05:00 - 06:00,40,,n/e,n/e,n/e,n/e,283,,n/e,n/e,n/e,n/e,n/e,n/e,n/e,n/e,n/e,n/e,n/e,n/e,3,,n/e,n/e,n/e,n/e,n/e,n/e,0,,n/e,n/e,107,,n/e,n/e,n/e,n/e,39,
06:00 - 07:00,39,,n/e,n/e,n/e,n/e,243,,n/e,n/e,n/e,n/e,n/e,n/e,n/e,n/e,n/e,n/e,n/e,n/e,3,,n/e,n/e,n/e,n/e,n/e,n/e,0,,n/e,n/e,163,,n/e,n/e,n/e,n/e,44,
07:00 - 08:00,39,,n/e,n/e,n/e,n/e,242,,n/e,n/e,n/e,n/e,n/e,n/e,n/e,n/e,n/e,n/e,n/e,n/e,3,,n/e,n/e,n/e,n/e,n/e,n/e,0,,n/e,n/e,196,,n/e,n/e,n/e,n/e,53,
08:00 - 09:00,35,,n/e,n/e,n/e,n/e,241,,n/e,n/e,n/e,n/e,n/e,n/e,n/e,n/e,n/e,n/e,n/e,n/e,3,,n/e,n/e,n/e,n/e,n/e,n/e,0,,n/e,n/e,228,,n/e,n/e,n/e,n/e,64,
09:00 - 10:00,34,,n/e,n/e,n/e,n/e,155,,n/e,n/e,n/e,n/e,n/e,n/e,n/e,n/e,n/e,n/e,n/e,n/e,2,,n/e,n/e,n/e,n/e,n/e,n/e,0,,n/e,n/e,242,,n/e,n/e,n/e,n/e,69,
10:00 - 11:00,34,,n/e,n/e,n/e,n/e,150,,n/e,n/e,n/e,n/e,n/e,n/e,n/e,n/e,n/e,n/e,n/e,n/e,2,,n/e,n/e,n/e,n/e,n/e,n/e,0,,n/e,n/e,237,,n/e,n/e,n/e,n/e,75,
11:00 - 12:00,33,,n/e,n/e,n/e,n/e,150,,n/e,n/e,n/e,n/e,n/e,n/e,n/e,n/e,n/e,n/e,n/e,n/e,10,,n/e,n/e,n/e,n/e,n/e,n/e,0,,n/e,n/e,230,,n/e,n/e,n/e,n/e,82,
12:00 - 13:00,33,,n/e,n/e,n/e,n/e,150,,n/e,n/e,n/e,n/e,n/e,n/e,n/e,n/e,n/e,n/e,n/e,n/e,17,,n/e,n/e,n/e,n/e,n/e,n/e,0,,n/e,n/e,225,,n/e,n/e,n/e,n/e,92,
13:00 - 14:00,32,,n/e,n/e,n/e,n/e,174,,n/e,n/e,n/e,n/e,n/e,n/e,n/e,n/e,n/e,n/e,n/e,n/e,14,,n/e,n/e,n/e,n/e,n/e,n/e,0,,n/e,n/e,206,,n/e,n/e,n/e,n/e,84,
14:00 - 15:00,32,,n/e,n/e,n/e,n/e,181,,n/e,n/e,n/e,n/e,n/e,n/e,n/e,n/e,n/e,n/e,n/e,n/e,43,,n/e,n/e,n/e,n/e,n/e,n/e,0,,n/e,n/e,162,,n/e,n/e,n/e,n/e,72,
15:00 - 16:00,35,,n/e,n/e,n/e,n/e,183,,n/e,n/e,n/e,n/e,n/e,n/e,n/e,n/e,n/e,n/e,n/e,n/e,177,,n/e,n/e,n/e,n/e,n/e,n/e,0,,n/e,n/e,105,,n/e,n/e,n/e,n/e,61,
16:00 - 17:00,38,,n/e,n/e,n/e,n/e,183,,n/e,n/e,n/e,n/e,n/e,n/e,n/e,n/e,n/e,n/e,n/e,n/e,402,,n/e,n/e,n/e,n/e,n/e,n/e,0,,n/e,n/e,53,,n/e,n/e,n/e,n/e,50,
17:00 - 18:00,39,,n/e,n/e,n/e,n/e,98,,n/e,n/e,n/e,n/e,n/e,n/e,n/e,n/e,n/e,n/e,n/e,n/e,501,,n/e,n/e,n/e,n/e,n/e,n/e,0,,n/e,n/e,18,,n/e,n/e,n/e,n/e,45,
18:00 - 19:00,41,,n/e,n/e,n/e,n/e,4,,n/e,n/e,n/e,n/e,n/e,n/e,n/e,n/e,n/e,n/e,n/e,n/e,626,,n/e,n/e,n/e,n/e,n/e,n/e,0,,n/e,n/e,4,,n/e,n/e,n/e,n/e,33,
19:00 - 20:00,40,,n/e,n/e,n/e,n/e,3,,n/e,n/e,n/e,n/e,n/e,n/e,n/e,n/e,n/e,n/e,n/e,n/e,559,,n/e,n/e,n/e,n/e,n/e,n/e,0,,n/e,n/e,0,,n/e,n/e,n/e,n/e,35,
20:00 - 21:00,39,,n/e,n/e,n/e,n/e,2,,n/e,n/e,n/e,n/e,n/e,n/e,n/e,n/e,n/e,n/e,n/e,n/e,555,,n/e,n/e,n/e,n/e,n/e,n/e,0,,n/e,n/e,0,,n/e,n/e,n/e,n/e,30,
21:00 - 22:00,37,,n/e,n/e,n/e,n/e,1,,n/e,n/e,n/e,n/e,n/e,n/e,n/e,n/e,n/e,n/e,n/e,n/e,558,,n/e,n/e,n/e,n/e,n/e,n/e,0,,n/e,n/e,0,,n/e,n/e,n/e,n/e,19,
22:00 - 23:00,37,,n/e,n/e,n/e,n/e,1,,n/e,n/e,n/e,n/e,n/e,n/e,n/e,n/e,n/e,n/e,n/e,n/e,14,,n/e,n/e,n/e,n/e,n/e,n/e,0,,n/e,n/e,0,,n/e,n/e,n/e,n/e,22,
23:00 - 00:00,36,,n/e,n/e,n/e,n/e,1,,n/e,n/e,n/e,n/e,n/e,n/e,n/e,n/e,n/e,n/e,n/e,n/e,2,,n/e,n/e,n/e,n/e,n/e,n/e,0,,n/e,n/e,0,,n/e,n/e,n/e,n/e,33,
00:00 - 01:00,36,,n/e,n/e,n/e,n/e,0,,n/e,n/e,n/e,n/e,n/e,n/e,n/e,n/e,n/e,n/e,n/e,n/e,2,,n/e,n/e,n/e,n/e,n/e,n/e,0,,n/e,n/e,0,,n/e,n/e,n/e,n/e,34,
01:00 - 02:00,36,,n/e,n/e,n/e,n/e,0,,n/e,n/e,n/e,n/e,n/e,n/e,n/e,n/e,n/e,n/e,n/e,n/e,2,,n/e,n/e,n/e,n/e,n/e,n/e,0,,n/e,n/e,0,,n/e,n/e,n/e,n/e,28,
02:00 - 03:00,37,,n/e,n/e,n/e,n/e,0,,n/e,n/e,n/e,n/e,n/e,n/e,n/e,n/e,n/e,n/e,n/e,n/e,2,,n/e,n/e,n/e,n/e,n/e,n/e,0,,n/e,n/e,3,,n/e,n/e,n/e,n/e,27,
03:00 - 04:00,37,,n/e,n/e,n/e,n/e,3,,n/e,n/e,n/e,n/e,n/e,n/e,n/e,n/e,n/e,n/e,n/e,n/e,2,,n/e,n/e,n/e,n/e,n/e,n/e,0,,n/e,n/e,16,,n/e,n/e,n/e,n/e,28,
04:00 - 05:00,40,,n/e,n/e,n/e,n/e,3,,n/e,n/e,n/e,n/e,n/e,n/e,n/e,n/e,n/e,n/e,n/e,n/e,3,,n/e,n/e,n/e,n/e,n/e,n/e,0,,n/e,n/e,46,,n/e,n/e,n/e,n/e,34,
05:00 - 06:00,43,,n/e,n/e,n/e,n/e,4,,n/e,n/e,n/e,n/e,n/e,n/e,n/e,n/e,n/e,n/e,n/e,n/e,3,,n/e,n/e,n/e,n/e,n/e,n/e,0,,n/e,n/e,87,,n/e,n/e,n/e,n/e,38,
06:00 - 07:00,41,,n/e,n/e,n/e,n/e,3,,n/e,n/e,n/e,n/e,n/e,n/e,n/e,n/e,n/e,n/e,n/e,n/e,3,,n/e,n/e,n/e,n/e,n/e,n/e,0,,n/e,n/e,147,,n/e,n/e,n/e,n/e,32,
07:00 - 08:00,40,,n/e,n/e,n/e,n/e,2,,n/e,n/e,n/e,n/e,n/e,n/e,n/e,n/e,n/e,n/e,n/e,n/e,3,,n/e,n/e,n/e,n/e,n/e,n/e,0,,n/e,n/e,186,,n/e,n/e,n/e,n/e,29,
08:00 - 09:00,38,,n/e,n/e,n/e,n/e,2,,n/e,n/e,n/e,n/e,n/e,n/e,n/e,n/e,n/e,n/e,n/e,n/e,2,,n/e,n/e,n/e,n/e,n/e,n/e,0,,n/e,n/e,180,,n/e,n/e,n/e,n/e,27,
09:00 - 10:00,35,,n/e,n/e,n/e,n/e,2,,n/e,n/e,n/e,n/e,n/e,n/e,n/e,n/e,n/e,n/e,n/e,n/e,2,,n/e,n/e,n/e,n/e,n/e,n/e,0,,n/e,n/e,186,,n/e,n/e,n/e,n/e,30,
10:00 - 11:00,35,,n/e,n/e,n/e,n/e,2,,n/e,n/e,n/e,n/e,n/e,n/e,n/e,n/e,n/e,n/e,n/e,n/e,2,,n/e,n/e,n/e,n/e,n/e,n/e,0,,n/e,n/e,204,,n/e,n/e,n/e,n/e,33,
11:00 - 12:00,34,,n/e,n/e,n/e,n/e,2,,n/e,n/e,n/e,n/e,n/e,n/e,n/e,n/e,n/e,n/e,n/e,n/e,56,,n/e,n/e,n/e,n/e,n/e,n/e,0,,n/e,n/e,214,,n/e,n/e,n/e,n/e,35,
12:00 - 13:00,34,,n/e,n/e,n/e,n/e,2,,n/e,n/e,n/e,n/e,n/e,n/e,n/e,n/e,n/e,n/e,n/e,n/e,87,,n/e,n/e,n/e,n/e,n/e,n/e,0,,n/e,n/e,216,,n/e,n/e,n/e,n/e,37,
13:00 - 14:00,35,,n/e,n/e,n/e,n/e,2,,n/e,n/e,n/e,n/e,n/e,n/e,n/e,n/e,n/e,n/e,n/e,n/e,208,,n/e,n/e,n/e,n/e,n/e,n/e,0,,n/e,n/e,200,,n/e,n/e,n/e,n/e,33,
14:00 - 15:00,35,,n/e,n/e,n/e,n/e,2,,n/e,n/e,n/e,n/e,n/e,n/e,n/e,n/e,n/e,n/e,n/e,n/e,213,,n/e,n/e,n/e,n/e,n/e,n/e,0,,n/e,n/e,150,,n/e,n/e,n/e,n/e,28,
15:00 - 16:00,38,,n/e,n/e,n/e,n/e,2,,n/e,n/e,n/e,n/e,n/e,n/e,n/e,n/e,n/e,n/e,n/e,n/e,235,,n/e,n/e,n/e,n/e,n/e,n/e,0,,n/e,n/e,95,,n/e,n/e,n/e,n/e,20,
16:00 - 17:00,40,,n/e,n/e,n/e,n/e,10,,n/e,n/e,n/e,n/e,n/e,n/e,n/e,n/e,n/e,n/e,n/e,n/e,322,,n/e,n/e,n/e,n/e,n/e,n/e,0,,n/e,n/e,44,,n/e,n/e,n/e,n/e,11,
17:00 - 18:00,41,,n/e,n/e,n/e,n/e,12,,n/e,n/e,n/e,n/e,n/e,n/e,n/e,n/e,n/e,n/e,n/e,n/e,375,,n/e,n/e,n/e,n/e,n/e,n/e,0,,n/e,n/e,16,,n/e,n/e,n/e,n/e,5,
18:00 - 19:00,42,,n/e,n/e,n/e,n/e,12,,n/e,n/e,n/e,n/e,n/e,n/e,n/e,n/e,n/e,n/e,n/e,n/e,438,,n/e,n/e,n/e,n/e,n/e,n/e,0,,n/e,n/e,3,,n/e,n/e,n/e,n/e,2,
19:00 - 20:00,42,,n/e,n/e,n/e,n/e,12,,n/e,n/e,n/e,n/e,n/e,n/e,n/e,n/e,n/e,n/e,n/e,n/e,376,,n/e,n/e,n/e,n/e,n/e,n/e,0,,n/e,n/e,0,,n/e,n/e,n/e,n/e,3,
20:00 - 21:00,39,,n/e,n/e,n/e,n/e,8,,n/e,n/e,n/e,n/e,n/e,n/e,n/e,n/e,n/e,n/e,n/e,n/e,266,,n/e,n/e,n/e,n/e,n/e,n/e,0,,n/e,n/e,0,,n/e,n/e,n/e,n/e,7,
21:00 - 22:00,38,,n/e,n/e,n/e,n/e,2,,n/e,n/e,n/e,n/e,n/e,n/e,n/e,n/e,n/e,n/e,n/e,n/e,240,,n/e,n/e,n/e,n/e,n/e,n/e,0,,n/e,n/e,0,,n/e,n/e,n/e,n/e,8,
22:00 - 23:00,36,,n/e,n/e,n/e,n/e,2,,n/e,n/e,n/e,n/e,n/e,n/e,n/e,n/e,n/e,n/e,n/e,n/e,3,,n/e,n/e,n/e,n/e,n/e,n/e,0,,n/e,n/e,0,,n/e,n/e,n/e,n/e,5,
23:00 - 00:00,36,,n/e,n/e,n/e,n/e,2,,n/e,n/e,n/e,n/e,n/e,n/e,n/e,n/e,n/e,n/e,n/e,n/e,2,,n/e,n/e,n/e,n/e,n/e,n/e,0,,n/e,n/e,0,,n/e,n/e,n/e,n/e,4,
00:00 - 01:00,35,,n/e,n/e,n/e,n/e,4,,n/e,n/e,n/e,n/e,n/e,n/e,n/e,n/e,n/e,n/e,n/e,n/e,9,,n/e,n/e,n/e,n/e,n/e,n/e,0,,n/e,n/e,0,,n/e,n/e,n/e,n/e,6,
01:00 - 02:00,35,,n/e,n/e,n/e,n/e,5,,n/e,n/e,n/e,n/e,n/e,n/e,n/e,n/e,n/e,n/e,n/e,n/e,4,,n/e,n/e,n/e,n/e,n/e,n/e,0,,n/e,n/e,0,,n/e,n/e,n/e,n/e,9,
02:00 - 03:00,35,,n/e,n/e,n/e,n/e,4,,n/e,n/e,n/e,n/e,n/e,n/e,n/e,n/e,n/e,n/e,n/e,n/e,2,,n/e,n/e,n/e,n/e,n/e,n/e,0,,n/e,n/e,2,,n/e,n/e,n/e,n/e,10,
03:00 - 04:00,35,,n/e,n/e,n/e,n/e,2,,n/e,n/e,n/e,n/e,n/e,n/e,n/e,n/e,n/e,n/e,n/e,n/e,2,,n/e,n/e,n/e,n/e,n/e,n/e,0,,n/e,n/e,14,,n/e,n/e,n/e,n/e,11,
04:00 - 05:00,36,,n/e,n/e,n/e,n/e,2,,n/e,n/e,n/e,n/e,n/e,n/e,n/e,n/e,n/e,n/e,n/e,n/e,2,,n/e,n/e,n/e,n/e,n/e,n/e,0,,n/e,n/e,45,,n/e,n/e,n/e,n/e,5,
05:00 - 06:00,36,,n/e,n/e,n/e,n/e,2,,n/e,n/e,n/e,n/e,n/e,n/e,n/e,n/e,n/e,n/e,n/e,n/e,2,,n/e,n/e,n/e,n/e,n/e,n/e,0,,n/e,n/e,98,,n/e,n/e,n/e,n/e,3,
06:00 - 07:00,35,,n/e,n/e,n/e,n/e,2,,n/e,n/e,n/e,n/e,n/e,n/e,n/e,n/e,n/e,n/e,n/e,n/e,2,,n/e,n/e,n/e,n/e,n/e,n/e,0,,n/e,n/e,149,,n/e,n/e,n/e,n/e,3,
07:00 - 08:00,33,,n/e,n/e,n/e,n/e,0,,n/e,n/e,n/e,n/e,n/e,n/e,n/e,n/e,n/e,n/e,n/e,n/e,2,,n/e,n/e,n/e,n/e,n/e,n/e,0,,n/e,n/e,216,,n/e,n/e,n/e,n/e,5,
08:00 - 09:00,27,,n/e,n/e,n/e,n/e,0,,n/e,n/e,n/e,n/e,n/e,n/e,n/e,n/e,n/e,n/e,n/e,n/e,2,,n/e,n/e,n/e,n/e,n/e,n/e,0,,n/e,n/e,244,,n/e,n/e,n/e,n/e,11,
09:00 - 10:00,25,,n/e,n/e,n/e,n/e,0,,n/e,n/e,n/e,n/e,n/e,n/e,n/e,n/e,n/e,n/e,n/e,n/e,2,,n/e,n/e,n/e,n/e,n/e,n/e,0,,n/e,n/e,205,,n/e,n/e,n/e,n/e,15,
10:00 - 11:00,25,,n/e,n/e,n/e,n/e,0,,n/e,n/e,n/e,n/e,n/e,n/e,n/e,n/e,n/e,n/e,n/e,n/e,2,,n/e,n/e,n/e,n/e,n/e,n/e,0,,n/e,n/e,226,,n/e,n/e,n/e,n/e,21,
11:00 - 12:00,24,,n/e,n/e,n/e,n/e,0,,n/e,n/e,n/e,n/e,n/e,n/e,n/e,n/e,n/e,n/e,n/e,n/e,3,,n/e,n/e,n/e,n/e,n/e,n/e,0,,n/e,n/e,216,,n/e,n/e,n/e,n/e,16,
12:00 - 13:00,24,,n/e,n/e,n/e,n/e,0,,n/e,n/e,n/e,n/e,n/e,n/e,n/e,n/e,n/e,n/e,n/e,n/e,2,,n/e,n/e,n/e,n/e,n/e,n/e,0,,n/e,n/e,183,,n/e,n/e,n/e,n/e,9,
13:00 - 14:00,25,,n/e,n/e,n/e,n/e,0,,n/e,n/e,n/e,n/e,n/e,n/e,n/e,n/e,n/e,n/e,n/e,n/e,5,,n/e,n/e,n/e,n/e,n/e,n/e,0,,n/e,n/e,153,,n/e,n/e,n/e,n/e,6,
14:00 - 15:00,26,,n/e,n/e,n/e,n/e,0,,n/e,n/e,n/e,n/e,n/e,n/e,n/e,n/e,n/e,n/e,n/e,n/e,163,,n/e,n/e,n/e,n/e,n/e,n/e,0,,n/e,n/e,99,,n/e,n/e,n/e,n/e,13,
15:00 - 16:00,31,,n/e,n/e,n/e,n/e,2,,n/e,n/e,n/e,n/e,n/e,n/e,n/e,n/e,n/e,n/e,n/e,n/e,203,,n/e,n/e,n/e,n/e,n/e,n/e,0,,n/e,n/e,68,,n/e,n/e,n/e,n/e,11,
16:00 - 17:00,36,,n/e,n/e,n/e,n/e,6,,n/e,n/e,n/e,n/e,n/e,n/e,n/e,n/e,n/e,n/e,n/e,n/e,328,,n/e,n/e,n/e,n/e,n/e,n/e,0,,n/e,n/e,36,,n/e,n/e,n/e,n/e,4,
17:00 - 18:00,38,,n/e,n/e,n/e,n/e,6,,n/e,n/e,n/e,n/e,n/e,n/e,n/e,n/e,n/e,n/e,n/e,n/e,433,,n/e,n/e,n/e,n/e,n/e,n/e,0,,n/e,n/e,15,,n/e,n/e,n/e,n/e,1,
18:00 - 19:00,42,,n/e,n/e,n/e,n/e,6,,n/e,n/e,n/e,n/e,n/e,n/e,n/e,n/e,n/e,n/e,n/e,n/e,497,,n/e,n/e,n/e,n/e,n/e,n/e,0,,n/e,n/e,3,,n/e,n/e,n/e,n/e,0,
19:00 - 20:00,45,,n/e,n/e,n/e,n/e,6,,n/e,n/e,n/e,n/e,n/e,n/e,n/e,n/e,n/e,n/e,n/e,n/e,379,,n/e,n/e,n/e,n/e,n/e,n/e,0,,n/e,n/e,0,,n/e,n/e,n/e,n/e,1,
20:00 - 21:00,42,,n/e,n/e,n/e,n/e,4,,n/e,n/e,n/e,n/e,n/e,n/e,n/e,n/e,n/e,n/e,n/e,n/e,269,,n/e,n/e,n/e,n/e,n/e,n/e,0,,n/e,n/e,0,,n/e,n/e,n/e,n/e,4,
21:00 - 22:00,40,,n/e,n/e,n/e,n/e,2,,n/e,n/e,n/e,n/e,n/e,n/e,n/e,n/e,n/e,n/e,n/e,n/e,220,,n/e,n/e,n/e,n/e,n/e,n/e,0,,n/e,n/e,0,,n/e,n/e,n/e,n/e,2,
22:00 - 23:00,41,,n/e,n/e,n/e,n/e,2,,n/e,n/e,n/e,n/e,n/e,n/e,n/e,n/e,n/e,n/e,n/e,n/e,4,,n/e,n/e,n/e,n/e,n/e,n/e,0,,n/e,n/e,0,,n/e,n/e,n/e,n/e,2,
23:00 - 00:00,43,,n/e,n/e,n/e,n/e,2,,n/e,n/e,n/e,n/e,n/e,n/e,n/e,n/e,n/e,n/e,n/e,n/e,2,,n/e,n/e,n/e,n/e,n/e,n/e,0,,n/e,n/e,0,,n/e,n/e,n/e,n/e,1,
00:00 - 01:00,42,,n/e,n/e,n/e,n/e,2,,n/e,n/e,n/e,n/e,n/e,n/e,n/e,n/e,n/e,n/e,n/e,n/e,2,,n/e,n/e,n/e,n/e,n/e,n/e,0,,n/e,n/e,0,,n/e,n/e,n/e,n/e,1,
01:00 - 02:00,40,,n/e,n/e,n/e,n/e,2,,n/e,n/e,n/e,n/e,n/e,n/e,n/e,n/e,n/e,n/e,n/e,n/e,2,,n/e,n/e,n/e,n/e,n/e,n/e,0,,n/e,n/e,0,,n/e,n/e,n/e,n/e,0,
02:00 - 03:00,42,,n/e,n/e,n/e,n/e,2,,n/e,n/e,n/e,n/e,n/e,n/e,n/e,n/e,n/e,n/e,n/e,n/e,2,,n/e,n/e,n/e,n/e,n/e,n/e,0,,n/e,n/e,3,,n/e,n/e,n/e,n/e,0,
03:00 - 04:00,41,,n/e,n/e,n/e,n/e,2,,n/e,n/e,n/e,n/e,n/e,n/e,n/e,n/e,n/e,n/e,n/e,n/e,2,,n/e,n/e,n/e,n/e,n/e,n/e,0,,n/e,n/e,19,,n/e,n/e,n/e,n/e,0,
04:00 - 05:00,42,,n/e,n/e,n/e,n/e,2,,n/e,n/e,n/e,n/e,n/e,n/e,n/e,n/e,n/e,n/e,n/e,n/e,2,,n/e,n/e,n/e,n/e,n/e,n/e,0,,n/e,n/e,42,,n/e,n/e,n/e,n/e,0,
05:00 - 06:00,40,,n/e,n/e,n/e,n/e,0,,n/e,n/e,n/e,n/e,n/e,n/e,n/e,n/e,n/e,n/e,n/e,n/e,2,,n/e,n/e,n/e,n/e,n/e,n/e,0,,n/e,n/e,80,,n/e,n/e,n/e,n/e,0,
06:00 - 07:00,35,,n/e,n/e,n/e,n/e,0,,n/e,n/e,n/e,n/e,n/e,n/e,n/e,n/e,n/e,n/e,n/e,n/e,2,,n/e,n/e,n/e,n/e,n/e,n/e,0,,n/e,n/e,123,,n/e,n/e,n/e,n/e,0,
07:00 - 08:00,34,,n/e,n/e,n/e,n/e,0,,n/e,n/e,n/e,n/e,n/e,n/e,n/e,n/e,n/e,n/e,n/e,n/e,8,,n/e,n/e,n/e,n/e,n/e,n/e,0,,n/e,n/e,157,,n/e,n/e,n/e,n/e,2,
08:00 - 09:00,37,,n/e,n/e,n/e,n/e,0,,n/e,n/e,n/e,n/e,n/e,n/e,n/e,n/e,n/e,n/e,n/e,n/e,19,,n/e,n/e,n/e,n/e,n/e,n/e,0,,n/e,n/e,192,,n/e,n/e,n/e,n/e,4,
09:00 - 10:00,35,,n/e,n/e,n/e,n/e,0,,n/e,n/e,n/e,n/e,n/e,n/e,n/e,n/e,n/e,n/e,n/e,n/e,3,,n/e,n/e,n/e,n/e,n/e,n/e,0,,n/e,n/e,222,,n/e,n/e,n/e,n/e,4,
10:00 - 11:00,31,,n/e,n/e,n/e,n/e,0,,n/e,n/e,n/e,n/e,n/e,n/e,n/e,n/e,n/e,n/e,n/e,n/e,3,,n/e,n/e,n/e,n/e,n/e,n/e,0,,n/e,n/e,221,,n/e,n/e,n/e,n/e,8,
11:00 - 12:00,30,,n/e,n/e,n/e,n/e,0,,n/e,n/e,n/e,n/e,n/e,n/e,n/e,n/e,n/e,n/e,n/e,n/e,2,,n/e,n/e,n/e,n/e,n/e,n/e,0,,n/e,n/e,225,,n/e,n/e,n/e,n/e,10,
12:00 - 13:00,29,,n/e,n/e,n/e,n/e,0,,n/e,n/e,n/e,n/e,n/e,n/e,n/e,n/e,n/e,n/e,n/e,n/e,2,,n/e,n/e,n/e,n/e,n/e,n/e,0,,n/e,n/e,222,,n/e,n/e,n/e,n/e,14,
13:00 - 14:00,30,,n/e,n/e,n/e,n/e,0,,n/e,n/e,n/e,n/e,n/e,n/e,n/e,n/e,n/e,n/e,n/e,n/e,2,,n/e,n/e,n/e,n/e,n/e,n/e,0,,n/e,n/e,200,,n/e,n/e,n/e,n/e,15,
14:00 - 15:00,35,,n/e,n/e,n/e,n/e,1,,n/e,n/e,n/e,n/e,n/e,n/e,n/e,n/e,n/e,n/e,n/e,n/e,2,,n/e,n/e,n/e,n/e,n/e,n/e,0,,n/e,n/e,171,,n/e,n/e,n/e,n/e,11,
15:00 - 16:00,44,,n/e,n/e,n/e,n/e,6,,n/e,n/e,n/e,n/e,n/e,n/e,n/e,n/e,n/e,n/e,n/e,n/e,11,,n/e,n/e,n/e,n/e,n/e,n/e,0,,n/e,n/e,115,,n/e,n/e,n/e,n/e,10,
16:00 - 17:00,46,,n/e,n/e,n/e,n/e,6,,n/e,n/e,n/e,n/e,n/e,n/e,n/e,n/e,n/e,n/e,n/e,n/e,145,,n/e,n/e,n/e,n/e,n/e,n/e,0,,n/e,n/e,53,,n/e,n/e,n/e,n/e,7,
17:00 - 18:00,47,,n/e,n/e,n/e,n/e,6,,n/e,n/e,n/e,n/e,n/e,n/e,n/e,n/e,n/e,n/e,n/e,n/e,355,,n/e,n/e,n/e,n/e,n/e,n/e,0,,n/e,n/e,16,,n/e,n/e,n/e,n/e,3,
18:00 - 19:00,47,,n/e,n/e,n/e,n/e,8,,n/e,n/e,n/e,n/e,n/e,n/e,n/e,n/e,n/e,n/e,n/e,n/e,429,,n/e,n/e,n/e,n/e,n/e,n/e,0,,n/e,n/e,3,,n/e,n/e,n/e,n/e,1,
19:00 - 20:00,45,,n/e,n/e,n/e,n/e,35,,n/e,n/e,n/e,n/e,n/e,n/e,n/e,n/e,n/e,n/e,n/e,n/e,349,,n/e,n/e,n/e,n/e,n/e,n/e,0,,n/e,n/e,0,,n/e,n/e,n/e,n/e,1,
20:00 - 21:00,43,,n/e,n/e,n/e,n/e,38,,n/e,n/e,n/e,n/e,n/e,n/e,n/e,n/e,n/e,n/e,n/e,n/e,174,,n/e,n/e,n/e,n/e,n/e,n/e,0,,n/e,n/e,0,,n/e,n/e,n/e,n/e,1,
21:00 - 22:00,41,,n/e,n/e,n/e,n/e,67,,n/e,n/e,n/e,n/e,n/e,n/e,n/e,n/e,n/e,n/e,n/e,n/e,88,,n/e,n/e,n/e,n/e,n/e,n/e,0,,n/e,n/e,0,,n/e,n/e,n/e,n/e,3,
22:00 - 23:00,40,,n/e,n/e,n/e,n/e,121,,n/e,n/e,n/e,n/e,n/e,n/e,n/e,n/e,n/e,n/e,n/e,n/e,65,,n/e,n/e,n/e,n/e,n/e,n/e,0,,n/e,n/e,0,,n/e,n/e,n/e,n/e,3,
23:00 - 00:00,40,,n/e,n/e,n/e,n/e,180,,n/e,n/e,n/e,n/e,n/e,n/e,n/e,n/e,n/e,n/e,n/e,n/e,2,,n/e,n/e,n/e,n/e,n/e,n/e,0,,n/e,n/e,0,,n/e,n/e,n/e,n/e,3,
00:00 - 01:00,39,,n/e,n/e,n/e,n/e,180,,n/e,n/e,n/e,n/e,n/e,n/e,n/e,n/e,n/e,n/e,n/e,n/e,52,,n/e,n/e,n/e,n/e,n/e,n/e,0,,n/e,n/e,0,,n/e,n/e,n/e,n/e,1,
01:00 - 02:00,39,,n/e,n/e,n/e,n/e,180,,n/e,n/e,n/e,n/e,n/e,n/e,n/e,n/e,n/e,n/e,n/e,n/e,52,,n/e,n/e,n/e,n/e,n/e,n/e,0,,n/e,n/e,0,,n/e,n/e,n/e,n/e,1,
02:00 - 03:00,40,,n/e,n/e,n/e,n/e,180,,n/e,n/e,n/e,n/e,n/e,n/e,n/e,n/e,n/e,n/e,n/e,n/e,52,,n/e,n/e,n/e,n/e,n/e,n/e,0,,n/e,n/e,3,,n/e,n/e,n/e,n/e,0,
03:00 - 04:00,43,,n/e,n/e,n/e,n/e,186,,n/e,n/e,n/e,n/e,n/e,n/e,n/e,n/e,n/e,n/e,n/e,n/e,52,,n/e,n/e,n/e,n/e,n/e,n/e,0,,n/e,n/e,18,,n/e,n/e,n/e,n/e,1,
04:00 - 05:00,48,,n/e,n/e,n/e,n/e,258,,n/e,n/e,n/e,n/e,n/e,n/e,n/e,n/e,n/e,n/e,n/e,n/e,199,,n/e,n/e,n/e,n/e,n/e,n/e,0,,n/e,n/e,52,,n/e,n/e,n/e,n/e,0,
05:00 - 06:00,51,,n/e,n/e,n/e,n/e,350,,n/e,n/e,n/e,n/e,n/e,n/e,n/e,n/e,n/e,n/e,n/e,n/e,117,,n/e,n/e,n/e,n/e,n/e,n/e,0,,n/e,n/e,118,,n/e,n/e,n/e,n/e,0,
06:00 - 07:00,51,,n/e,n/e,n/e,n/e,281,,n/e,n/e,n/e,n/e,n/e,n/e,n/e,n/e,n/e,n/e,n/e,n/e,184,,n/e,n/e,n/e,n/e,n/e,n/e,0,,n/e,n/e,193,,n/e,n/e,n/e,n/e,0,
07:00 - 08:00,47,,n/e,n/e,n/e,n/e,157,,n/e,n/e,n/e,n/e,n/e,n/e,n/e,n/e,n/e,n/e,n/e,n/e,2,,n/e,n/e,n/e,n/e,n/e,n/e,0,,n/e,n/e,251,,n/e,n/e,n/e,n/e,0,
08:00 - 09:00,46,,n/e,n/e,n/e,n/e,157,,n/e,n/e,n/e,n/e,n/e,n/e,n/e,n/e,n/e,n/e,n/e,n/e,2,,n/e,n/e,n/e,n/e,n/e,n/e,0,,n/e,n/e,285,,n/e,n/e,n/e,n/e,0,
09:00 - 10:00,45,,n/e,n/e,n/e,n/e,168,,n/e,n/e,n/e,n/e,n/e,n/e,n/e,n/e,n/e,n/e,n/e,n/e,2,,n/e,n/e,n/e,n/e,n/e,n/e,0,,n/e,n/e,302,,n/e,n/e,n/e,n/e,0,
10:00 - 11:00,44,,n/e,n/e,n/e,n/e,177,,n/e,n/e,n/e,n/e,n/e,n/e,n/e,n/e,n/e,n/e,n/e,n/e,19,,n/e,n/e,n/e,n/e,n/e,n/e,0,,n/e,n/e,299,,n/e,n/e,n/e,n/e,0,
11:00 - 12:00,43,,n/e,n/e,n/e,n/e,181,,n/e,n/e,n/e,n/e,n/e,n/e,n/e,n/e,n/e,n/e,n/e,n/e,20,,n/e,n/e,n/e,n/e,n/e,n/e,0,,n/e,n/e,295,,n/e,n/e,n/e,n/e,1,
12:00 - 13:00,45,,n/e,n/e,n/e,n/e,215,,n/e,n/e,n/e,n/e,n/e,n/e,n/e,n/e,n/e,n/e,n/e,n/e,20,,n/e,n/e,n/e,n/e,n/e,n/e,0,,n/e,n/e,284,,n/e,n/e,n/e,n/e,1,
13:00 - 14:00,45,,n/e,n/e,n/e,n/e,308,,n/e,n/e,n/e,n/e,n/e,n/e,n/e,n/e,n/e,n/e,n/e,n/e,184,,n/e,n/e,n/e,n/e,n/e,n/e,0,,n/e,n/e,246,,n/e,n/e,n/e,n/e,1,
14:00 - 15:00,45,,n/e,n/e,n/e,n/e,470,,n/e,n/e,n/e,n/e,n/e,n/e,n/e,n/e,n/e,n/e,n/e,n/e,210,,n/e,n/e,n/e,n/e,n/e,n/e,0,,n/e,n/e,175,,n/e,n/e,n/e,n/e,1,
15:00 - 16:00,45,,n/e,n/e,n/e,n/e,534,,n/e,n/e,n/e,n/e,n/e,n/e,n/e,n/e,n/e,n/e,n/e,n/e,265,,n/e,n/e,n/e,n/e,n/e,n/e,0,,n/e,n/e,109,,n/e,n/e,n/e,n/e,2,
16:00 - 17:00,45,,n/e,n/e,n/e,n/e,536,,n/e,n/e,n/e,n/e,n/e,n/e,n/e,n/e,n/e,n/e,n/e,n/e,369,,n/e,n/e,n/e,n/e,n/e,n/e,0,,n/e,n/e,50,,n/e,n/e,n/e,n/e,1,
17:00 - 18:00,46,,n/e,n/e,n/e,n/e,539,,n/e,n/e,n/e,n/e,n/e,n/e,n/e,n/e,n/e,n/e,n/e,n/e,425,,n/e,n/e,n/e,n/e,n/e,n/e,0,,n/e,n/e,16,,n/e,n/e,n/e,n/e,3,
18:00 - 19:00,46,,n/e,n/e,n/e,n/e,543,,n/e,n/e,n/e,n/e,n/e,n/e,n/e,n/e,n/e,n/e,n/e,n/e,409,,n/e,n/e,n/e,n/e,n/e,n/e,0,,n/e,n/e,2,,n/e,n/e,n/e,n/e,14,
19:00 - 20:00,44,,n/e,n/e,n/e,n/e,546,,n/e,n/e,n/e,n/e,n/e,n/e,n/e,n/e,n/e,n/e,n/e,n/e,368,,n/e,n/e,n/e,n/e,n/e,n/e,0,,n/e,n/e,0,,n/e,n/e,n/e,n/e,19,
20:00 - 21:00,42,,n/e,n/e,n/e,n/e,541,,n/e,n/e,n/e,n/e,n/e,n/e,n/e,n/e,n/e,n/e,n/e,n/e,282,,n/e,n/e,n/e,n/e,n/e,n/e,0,,n/e,n/e,0,,n/e,n/e,n/e,n/e,21,
21:00 - 22:00,40,,n/e,n/e,n/e,n/e,430,,n/e,n/e,n/e,n/e,n/e,n/e,n/e,n/e,n/e,n/e,n/e,n/e,261,,n/e,n/e,n/e,n/e,n/e,n/e,0,,n/e,n/e,0,,n/e,n/e,n/e,n/e,21,
22:00 - 23:00,40,,n/e,n/e,n/e,n/e,322,,n/e,n/e,n/e,n/e,n/e,n/e,n/e,n/e,n/e,n/e,n/e,n/e,15,,n/e,n/e,n/e,n/e,n/e,n/e,0,,n/e,n/e,0,,n/e,n/e,n/e,n/e,30,
23:00 - 00:00,40,,n/e,n/e,n/e,n/e,311,,n/e,n/e,n/e,n/e,n/e,n/e,n/e,n/e,n/e,n/e,n/e,n/e,1,,n/e,n/e,n/e,n/e,n/e,n/e,0,,n/e,n/e,0,,n/e,n/e,n/e,n/e,32,
00:00 - 01:00,39,,n/e,n/e,n/e,n/e,311,,n/e,n/e,n/e,n/e,n/e,n/e,n/e,n/e,n/e,n/e,n/e,n/e,1,,n/e,n/e,n/e,n/e,n/e,n/e,0,,n/e,n/e,0,,n/e,n/e,n/e,n/e,29,
01:00 - 02:00,39,,n/e,n/e,n/e,n/e,311,,n/e,n/e,n/e,n/e,n/e,n/e,n/e,n/e,n/e,n/e,n/e,n/e,50,,n/e,n/e,n/e,n/e,n/e,n/e,0,,n/e,n/e,0,,n/e,n/e,n/e,n/e,24,
02:00 - 03:00,40,,n/e,n/e,n/e,n/e,311,,n/e,n/e,n/e,n/e,n/e,n/e,n/e,n/e,n/e,n/e,n/e,n/e,51,,n/e,n/e,n/e,n/e,n/e,n/e,0,,n/e,n/e,3,,n/e,n/e,n/e,n/e,11,
03:00 - 04:00,42,,n/e,n/e,n/e,n/e,306,,n/e,n/e,n/e,n/e,n/e,n/e,n/e,n/e,n/e,n/e,n/e,n/e,51,,n/e,n/e,n/e,n/e,n/e,n/e,0,,n/e,n/e,18,,n/e,n/e,n/e,n/e,3,
04:00 - 05:00,48,,n/e,n/e,n/e,n/e,303,,n/e,n/e,n/e,n/e,n/e,n/e,n/e,n/e,n/e,n/e,n/e,n/e,2,,n/e,n/e,n/e,n/e,n/e,n/e,0,,n/e,n/e,53,,n/e,n/e,n/e,n/e,4,
05:00 - 06:00,49,,n/e,n/e,n/e,n/e,303,,n/e,n/e,n/e,n/e,n/e,n/e,n/e,n/e,n/e,n/e,n/e,n/e,30,,n/e,n/e,n/e,n/e,n/e,n/e,0,,n/e,n/e,111,,n/e,n/e,n/e,n/e,1,
06:00 - 07:00,50,,n/e,n/e,n/e,n/e,313,,n/e,n/e,n/e,n/e,n/e,n/e,n/e,n/e,n/e,n/e,n/e,n/e,8,,n/e,n/e,n/e,n/e,n/e,n/e,0,,n/e,n/e,164,,n/e,n/e,n/e,n/e,1,
07:00 - 08:00,44,,n/e,n/e,n/e,n/e,445,,n/e,n/e,n/e,n/e,n/e,n/e,n/e,n/e,n/e,n/e,n/e,n/e,2,,n/e,n/e,n/e,n/e,n/e,n/e,0,,n/e,n/e,224,,n/e,n/e,n/e,n/e,6,
08:00 - 09:00,40,,n/e,n/e,n/e,n/e,526,,n/e,n/e,n/e,n/e,n/e,n/e,n/e,n/e,n/e,n/e,n/e,n/e,2,,n/e,n/e,n/e,n/e,n/e,n/e,0,,n/e,n/e,255,,n/e,n/e,n/e,n/e,6,
09:00 - 10:00,36,,n/e,n/e,n/e,n/e,547,,n/e,n/e,n/e,n/e,n/e,n/e,n/e,n/e,n/e,n/e,n/e,n/e,2,,n/e,n/e,n/e,n/e,n/e,n/e,0,,n/e,n/e,255,,n/e,n/e,n/e,n/e,7,
10:00 - 11:00,34,,n/e,n/e,n/e,n/e,529,,n/e,n/e,n/e,n/e,n/e,n/e,n/e,n/e,n/e,n/e,n/e,n/e,2,,n/e,n/e,n/e,n/e,n/e,n/e,0,,n/e,n/e,207,,n/e,n/e,n/e,n/e,14,
11:00 - 12:00,33,,n/e,n/e,n/e,n/e,461,,n/e,n/e,n/e,n/e,n/e,n/e,n/e,n/e,n/e,n/e,n/e,n/e,2,,n/e,n/e,n/e,n/e,n/e,n/e,0,,n/e,n/e,178,,n/e,n/e,n/e,n/e,14,
12:00 - 13:00,34,,n/e,n/e,n/e,n/e,404,,n/e,n/e,n/e,n/e,n/e,n/e,n/e,n/e,n/e,n/e,n/e,n/e,2,,n/e,n/e,n/e,n/e,n/e,n/e,0,,n/e,n/e,145,,n/e,n/e,n/e,n/e,11,
13:00 - 14:00,36,,n/e,n/e,n/e,n/e,410,,n/e,n/e,n/e,n/e,n/e,n/e,n/e,n/e,n/e,n/e,n/e,n/e,21,,n/e,n/e,n/e,n/e,n/e,n/e,0,,n/e,n/e,118,,n/e,n/e,n/e,n/e,10,
14:00 - 15:00,39,,n/e,n/e,n/e,n/e,320,,n/e,n/e,n/e,n/e,n/e,n/e,n/e,n/e,n/e,n/e,n/e,n/e,124,,n/e,n/e,n/e,n/e,n/e,n/e,0,,n/e,n/e,87,,n/e,n/e,n/e,n/e,9,
15:00 - 16:00,44,,n/e,n/e,n/e,n/e,351,,n/e,n/e,n/e,n/e,n/e,n/e,n/e,n/e,n/e,n/e,n/e,n/e,109,,n/e,n/e,n/e,n/e,n/e,n/e,0,,n/e,n/e,62,,n/e,n/e,n/e,n/e,11,
16:00 - 17:00,46,,n/e,n/e,n/e,n/e,611,,n/e,n/e,n/e,n/e,n/e,n/e,n/e,n/e,n/e,n/e,n/e,n/e,279,,n/e,n/e,n/e,n/e,n/e,n/e,0,,n/e,n/e,36,,n/e,n/e,n/e,n/e,6,
17:00 - 18:00,49,,n/e,n/e,n/e,n/e,716,,n/e,n/e,n/e,n/e,n/e,n/e,n/e,n/e,n/e,n/e,n/e,n/e,324,,n/e,n/e,n/e,n/e,n/e,n/e,0,,n/e,n/e,14,,n/e,n/e,n/e,n/e,5,
18:00 - 19:00,48,,n/e,n/e,n/e,n/e,544,,n/e,n/e,n/e,n/e,n/e,n/e,n/e,n/e,n/e,n/e,n/e,n/e,520,,n/e,n/e,n/e,n/e,n/e,n/e,0,,n/e,n/e,3,,n/e,n/e,n/e,n/e,2,
19:00 - 20:00,46,,n/e,n/e,n/e,n/e,357,,n/e,n/e,n/e,n/e,n/e,n/e,n/e,n/e,n/e,n/e,n/e,n/e,630,,n/e,n/e,n/e,n/e,n/e,n/e,0,,n/e,n/e,0,,n/e,n/e,n/e,n/e,1,
20:00 - 21:00,43,,n/e,n/e,n/e,n/e,336,,n/e,n/e,n/e,n/e,n/e,n/e,n/e,n/e,n/e,n/e,n/e,n/e,467,,n/e,n/e,n/e,n/e,n/e,n/e,0,,n/e,n/e,0,,n/e,n/e,n/e,n/e,7,
21:00 - 22:00,41,,n/e,n/e,n/e,n/e,312,,n/e,n/e,n/e,n/e,n/e,n/e,n/e,n/e,n/e,n/e,n/e,n/e,327,,n/e,n/e,n/e,n/e,n/e,n/e,0,,n/e,n/e,0,,n/e,n/e,n/e,n/e,2,
22:00 - 23:00,39,,n/e,n/e,n/e,n/e,330,,n/e,n/e,n/e,n/e,n/e,n/e,n/e,n/e,n/e,n/e,n/e,n/e,6,,n/e,n/e,n/e,n/e,n/e,n/e,0,,n/e,n/e,0,,n/e,n/e,n/e,n/e,3,
23:00 - 00:00,39,,n/e,n/e,n/e,n/e,332,,n/e,n/e,n/e,n/e,n/e,n/e,n/e,n/e,n/e,n/e,n/e,n/e,1,,n/e,n/e,n/e,n/e,n/e,n/e,0,,n/e,n/e,0,,n/e,n/e,n/e,n/e,1,
00:00 - 01:00,39,,n/e,n/e,n/e,n/e,341,,n/e,n/e,n/e,n/e,n/e,n/e,n/e,n/e,n/e,n/e,n/e,n/e,1,,n/e,n/e,n/e,n/e,n/e,n/e,0,,n/e,n/e,0,,n/e,n/e,n/e,n/e,2,
01:00 - 02:00,39,,n/e,n/e,n/e,n/e,331,,n/e,n/e,n/e,n/e,n/e,n/e,n/e,n/e,n/e,n/e,n/e,n/e,1,,n/e,n/e,n/e,n/e,n/e,n/e,0,,n/e,n/e,0,,n/e,n/e,n/e,n/e,1,
02:00 - 03:00,42,,n/e,n/e,n/e,n/e,331,,n/e,n/e,n/e,n/e,n/e,n/e,n/e,n/e,n/e,n/e,n/e,n/e,1,,n/e,n/e,n/e,n/e,n/e,n/e,0,,n/e,n/e,2,,n/e,n/e,n/e,n/e,1,
03:00 - 04:00,44,,n/e,n/e,n/e,n/e,333,,n/e,n/e,n/e,n/e,n/e,n/e,n/e,n/e,n/e,n/e,n/e,n/e,1,,n/e,n/e,n/e,n/e,n/e,n/e,0,,n/e,n/e,16,,n/e,n/e,n/e,n/e,2,
04:00 - 05:00,48,,n/e,n/e,n/e,n/e,400,,n/e,n/e,n/e,n/e,n/e,n/e,n/e,n/e,n/e,n/e,n/e,n/e,133,,n/e,n/e,n/e,n/e,n/e,n/e,0,,n/e,n/e,42,,n/e,n/e,n/e,n/e,2,
05:00 - 06:00,49,,n/e,n/e,n/e,n/e,373,,n/e,n/e,n/e,n/e,n/e,n/e,n/e,n/e,n/e,n/e,n/e,n/e,156,,n/e,n/e,n/e,n/e,n/e,n/e,0,,n/e,n/e,87,,n/e,n/e,n/e,n/e,1,
06:00 - 07:00,49,,n/e,n/e,n/e,n/e,411,,n/e,n/e,n/e,n/e,n/e,n/e,n/e,n/e,n/e,n/e,n/e,n/e,125,,n/e,n/e,n/e,n/e,n/e,n/e,0,,n/e,n/e,149,,n/e,n/e,n/e,n/e,1,
07:00 - 08:00,46,,n/e,n/e,n/e,n/e,410,,n/e,n/e,n/e,n/e,n/e,n/e,n/e,n/e,n/e,n/e,n/e,n/e,44,,n/e,n/e,n/e,n/e,n/e,n/e,0,,n/e,n/e,199,,n/e,n/e,n/e,n/e,1,
08:00 - 09:00,44,,n/e,n/e,n/e,n/e,478,,n/e,n/e,n/e,n/e,n/e,n/e,n/e,n/e,n/e,n/e,n/e,n/e,60,,n/e,n/e,n/e,n/e,n/e,n/e,0,,n/e,n/e,242,,n/e,n/e,n/e,n/e,2,
09:00 - 10:00,38,,n/e,n/e,n/e,n/e,545,,n/e,n/e,n/e,n/e,n/e,n/e,n/e,n/e,n/e,n/e,n/e,n/e,2,,n/e,n/e,n/e,n/e,n/e,n/e,0,,n/e,n/e,240,,n/e,n/e,n/e,n/e,2,
10:00 - 11:00,35,,n/e,n/e,n/e,n/e,541,,n/e,n/e,n/e,n/e,n/e,n/e,n/e,n/e,n/e,n/e,n/e,n/e,5,,n/e,n/e,n/e,n/e,n/e,n/e,0,,n/e,n/e,223,,n/e,n/e,n/e,n/e,3,
11:00 - 12:00,34,,n/e,n/e,n/e,n/e,451,,n/e,n/e,n/e,n/e,n/e,n/e,n/e,n/e,n/e,n/e,n/e,n/e,1,,n/e,n/e,n/e,n/e,n/e,n/e,0,,n/e,n/e,221,,n/e,n/e,n/e,n/e,5,
12:00 - 13:00,37,,n/e,n/e,n/e,n/e,424,,n/e,n/e,n/e,n/e,n/e,n/e,n/e,n/e,n/e,n/e,n/e,n/e,1,,n/e,n/e,n/e,n/e,n/e,n/e,0,,n/e,n/e,162,,n/e,n/e,n/e,n/e,6,
13:00 - 14:00,40,,n/e,n/e,n/e,n/e,508,,n/e,n/e,n/e,n/e,n/e,n/e,n/e,n/e,n/e,n/e,n/e,n/e,1,,n/e,n/e,n/e,n/e,n/e,n/e,0,,n/e,n/e,136,,n/e,n/e,n/e,n/e,5,
14:00 - 15:00,44,,n/e,n/e,n/e,n/e,515,,n/e,n/e,n/e,n/e,n/e,n/e,n/e,n/e,n/e,n/e,n/e,n/e,2,,n/e,n/e,n/e,n/e,n/e,n/e,0,,n/e,n/e,97,,n/e,n/e,n/e,n/e,4,
15:00 - 16:00,45,,n/e,n/e,n/e,n/e,525,,n/e,n/e,n/e,n/e,n/e,n/e,n/e,n/e,n/e,n/e,n/e,n/e,115,,n/e,n/e,n/e,n/e,n/e,n/e,0,,n/e,n/e,58,,n/e,n/e,n/e,n/e,2,
16:00 - 17:00,45,,n/e,n/e,n/e,n/e,651,,n/e,n/e,n/e,n/e,n/e,n/e,n/e,n/e,n/e,n/e,n/e,n/e,355,,n/e,n/e,n/e,n/e,n/e,n/e,0,,n/e,n/e,28,,n/e,n/e,n/e,n/e,2,
17:00 - 18:00,47,,n/e,n/e,n/e,n/e,652,,n/e,n/e,n/e,n/e,n/e,n/e,n/e,n/e,n/e,n/e,n/e,n/e,377,,n/e,n/e,n/e,n/e,n/e,n/e,0,,n/e,n/e,12,,n/e,n/e,n/e,n/e,1,
18:00 - 19:00,47,,n/e,n/e,n/e,n/e,652,,n/e,n/e,n/e,n/e,n/e,n/e,n/e,n/e,n/e,n/e,n/e,n/e,374,,n/e,n/e,n/e,n/e,n/e,n/e,0,,n/e,n/e,2,,n/e,n/e,n/e,n/e,0,
19:00 - 20:00,45,,n/e,n/e,n/e,n/e,652,,n/e,n/e,n/e,n/e,n/e,n/e,n/e,n/e,n/e,n/e,n/e,n/e,284,,n/e,n/e,n/e,n/e,n/e,n/e,0,,n/e,n/e,0,,n/e,n/e,n/e,n/e,0,
20:00 - 21:00,44,,n/e,n/e,n/e,n/e,651,,n/e,n/e,n/e,n/e,n/e,n/e,n/e,n/e,n/e,n/e,n/e,n/e,281,,n/e,n/e,n/e,n/e,n/e,n/e,0,,n/e,n/e,0,,n/e,n/e,n/e,n/e,0,
21:00 - 22:00,41,,n/e,n/e,n/e,n/e,509,,n/e,n/e,n/e,n/e,n/e,n/e,n/e,n/e,n/e,n/e,n/e,n/e,172,,n/e,n/e,n/e,n/e,n/e,n/e,0,,n/e,n/e,0,,n/e,n/e,n/e,n/e,0,
22:00 - 23:00,40,,n/e,n/e,n/e,n/e,651,,n/e,n/e,n/e,n/e,n/e,n/e,n/e,n/e,n/e,n/e,n/e,n/e,1,,n/e,n/e,n/e,n/e,n/e,n/e,0,,n/e,n/e,0,,n/e,n/e,n/e,n/e,0,
23:00 - 00:00,41,,n/e,n/e,n/e,n/e,660,,n/e,n/e,n/e,n/e,n/e,n/e,n/e,n/e,n/e,n/e,n/e,n/e,1,,n/e,n/e,n/e,n/e,n/e,n/e,0,,n/e,n/e,0,,n/e,n/e,n/e,n/e,0,
00:00 - 01:00,41,,n/e,n/e,n/e,n/e,660,,n/e,n/e,n/e,n/e,n/e,n/e,n/e,n/e,n/e,n/e,n/e,n/e,1,,n/e,n/e,n/e,n/e,n/e,n/e,0,,n/e,n/e,0,,n/e,n/e,n/e,n/e,0,
01:00 - 02:00,41,,n/e,n/e,n/e,n/e,660,,n/e,n/e,n/e,n/e,n/e,n/e,n/e,n/e,n/e,n/e,n/e,n/e,1,,n/e,n/e,n/e,n/e,n/e,n/e,0,,n/e,n/e,0,,n/e,n/e,n/e,n/e,0,
02:00 - 03:00,43,,n/e,n/e,n/e,n/e,660,,n/e,n/e,n/e,n/e,n/e,n/e,n/e,n/e,n/e,n/e,n/e,n/e,51,,n/e,n/e,n/e,n/e,n/e,n/e,0,,n/e,n/e,2,,n/e,n/e,n/e,n/e,0,
03:00 - 04:00,45,,n/e,n/e,n/e,n/e,662,,n/e,n/e,n/e,n/e,n/e,n/e,n/e,n/e,n/e,n/e,n/e,n/e,57,,n/e,n/e,n/e,n/e,n/e,n/e,0,,n/e,n/e,13,,n/e,n/e,n/e,n/e,0,
04:00 - 05:00,49,,n/e,n/e,n/e,n/e,592,,n/e,n/e,n/e,n/e,n/e,n/e,n/e,n/e,n/e,n/e,n/e,n/e,160,,n/e,n/e,n/e,n/e,n/e,n/e,0,,n/e,n/e,34,,n/e,n/e,n/e,n/e,0,
05:00 - 06:00,50,,n/e,n/e,n/e,n/e,564,,n/e,n/e,n/e,n/e,n/e,n/e,n/e,n/e,n/e,n/e,n/e,n/e,160,,n/e,n/e,n/e,n/e,n/e,n/e,0,,n/e,n/e,71,,n/e,n/e,n/e,n/e,0,
06:00 - 07:00,50,,n/e,n/e,n/e,n/e,576,,n/e,n/e,n/e,n/e,n/e,n/e,n/e,n/e,n/e,n/e,n/e,n/e,129,,n/e,n/e,n/e,n/e,n/e,n/e,0,,n/e,n/e,106,,n/e,n/e,n/e,n/e,0,
07:00 - 08:00,45,,n/e,n/e,n/e,n/e,365,,n/e,n/e,n/e,n/e,n/e,n/e,n/e,n/e,n/e,n/e,n/e,n/e,9,,n/e,n/e,n/e,n/e,n/e,n/e,0,,n/e,n/e,142,,n/e,n/e,n/e,n/e,0,
08:00 - 09:00,40,,n/e,n/e,n/e,n/e,305,,n/e,n/e,n/e,n/e,n/e,n/e,n/e,n/e,n/e,n/e,n/e,n/e,2,,n/e,n/e,n/e,n/e,n/e,n/e,0,,n/e,n/e,170,,n/e,n/e,n/e,n/e,0,
09:00 - 10:00,37,,n/e,n/e,n/e,n/e,303,,n/e,n/e,n/e,n/e,n/e,n/e,n/e,n/e,n/e,n/e,n/e,n/e,2,,n/e,n/e,n/e,n/e,n/e,n/e,0,,n/e,n/e,194,,n/e,n/e,n/e,n/e,2,
10:00 - 11:00,35,,n/e,n/e,n/e,n/e,290,,n/e,n/e,n/e,n/e,n/e,n/e,n/e,n/e,n/e,n/e,n/e,n/e,2,,n/e,n/e,n/e,n/e,n/e,n/e,0,,n/e,n/e,204,,n/e,n/e,n/e,n/e,9,
11:00 - 12:00,38,,n/e,n/e,n/e,n/e,282,,n/e,n/e,n/e,n/e,n/e,n/e,n/e,n/e,n/e,n/e,n/e,n/e,2,,n/e,n/e,n/e,n/e,n/e,n/e,0,,n/e,n/e,196,,n/e,n/e,n/e,n/e,9,
12:00 - 13:00,38,,n/e,n/e,n/e,n/e,284,,n/e,n/e,n/e,n/e,n/e,n/e,n/e,n/e,n/e,n/e,n/e,n/e,2,,n/e,n/e,n/e,n/e,n/e,n/e,0,,n/e,n/e,208,,n/e,n/e,n/e,n/e,11,
13:00 - 14:00,40,,n/e,n/e,n/e,n/e,451,,n/e,n/e,n/e,n/e,n/e,n/e,n/e,n/e,n/e,n/e,n/e,n/e,2,,n/e,n/e,n/e,n/e,n/e,n/e,0,,n/e,n/e,166,,n/e,n/e,n/e,n/e,10,
14:00 - 15:00,43,,n/e,n/e,n/e,n/e,600,,n/e,n/e,n/e,n/e,n/e,n/e,n/e,n/e,n/e,n/e,n/e,n/e,81,,n/e,n/e,n/e,n/e,n/e,n/e,0,,n/e,n/e,124,,n/e,n/e,n/e,n/e,8,
15:00 - 16:00,45,,n/e,n/e,n/e,n/e,623,,n/e,n/e,n/e,n/e,n/e,n/e,n/e,n/e,n/e,n/e,n/e,n/e,97,,n/e,n/e,n/e,n/e,n/e,n/e,0,,n/e,n/e,77,,n/e,n/e,n/e,n/e,5,
16:00 - 17:00,45,,n/e,n/e,n/e,n/e,659,,n/e,n/e,n/e,n/e,n/e,n/e,n/e,n/e,n/e,n/e,n/e,n/e,306,,n/e,n/e,n/e,n/e,n/e,n/e,0,,n/e,n/e,39,,n/e,n/e,n/e,n/e,3,
17:00 - 18:00,46,,n/e,n/e,n/e,n/e,659,,n/e,n/e,n/e,n/e,n/e,n/e,n/e,n/e,n/e,n/e,n/e,n/e,307,,n/e,n/e,n/e,n/e,n/e,n/e,0,,n/e,n/e,15,,n/e,n/e,n/e,n/e,1,
18:00 - 19:00,47,,n/e,n/e,n/e,n/e,658,,n/e,n/e,n/e,n/e,n/e,n/e,n/e,n/e,n/e,n/e,n/e,n/e,333,,n/e,n/e,n/e,n/e,n/e,n/e,0,,n/e,n/e,2,,n/e,n/e,n/e,n/e,0,
19:00 - 20:00,44,,n/e,n/e,n/e,n/e,573,,n/e,n/e,n/e,n/e,n/e,n/e,n/e,n/e,n/e,n/e,n/e,n/e,421,,n/e,n/e,n/e,n/e,n/e,n/e,0,,n/e,n/e,0,,n/e,n/e,n/e,n/e,0,
20:00 - 21:00,44,,n/e,n/e,n/e,n/e,535,,n/e,n/e,n/e,n/e,n/e,n/e,n/e,n/e,n/e,n/e,n/e,n/e,367,,n/e,n/e,n/e,n/e,n/e,n/e,0,,n/e,n/e,0,,n/e,n/e,n/e,n/e,0,
21:00 - 22:00,42,,n/e,n/e,n/e,n/e,434,,n/e,n/e,n/e,n/e,n/e,n/e,n/e,n/e,n/e,n/e,n/e,n/e,369,,n/e,n/e,n/e,n/e,n/e,n/e,0,,n/e,n/e,0,,n/e,n/e,n/e,n/e,0,
22:00 - 23:00,41,,n/e,n/e,n/e,n/e,324,,n/e,n/e,n/e,n/e,n/e,n/e,n/e,n/e,n/e,n/e,n/e,n/e,6,,n/e,n/e,n/e,n/e,n/e,n/e,0,,n/e,n/e,0,,n/e,n/e,n/e,n/e,0,
23:00 - 00:00,39,,n/e,n/e,n/e,n/e,320,,n/e,n/e,n/e,n/e,n/e,n/e,n/e,n/e,n/e,n/e,n/e,n/e,1,,n/e,n/e,n/e,n/e,n/e,n/e,0,,n/e,n/e,0,,n/e,n/e,n/e,n/e,1,
00:00 - 01:00,39,,n/e,n/e,n/e,n/e,320,,n/e,n/e,n/e,n/e,n/e,n/e,n/e,n/e,n/e,n/e,n/e,n/e,1,,n/e,n/e,n/e,n/e,n/e,n/e,0,,n/e,n/e,0,,n/e,n/e,n/e,n/e,1,
01:00 - 02:00,39,,n/e,n/e,n/e,n/e,320,,n/e,n/e,n/e,n/e,n/e,n/e,n/e,n/e,n/e,n/e,n/e,n/e,1,,n/e,n/e,n/e,n/e,n/e,n/e,0,,n/e,n/e,0,,n/e,n/e,n/e,n/e,1,
02:00 - 03:00,41,,n/e,n/e,n/e,n/e,320,,n/e,n/e,n/e,n/e,n/e,n/e,n/e,n/e,n/e,n/e,n/e,n/e,1,,n/e,n/e,n/e,n/e,n/e,n/e,0,,n/e,n/e,3,,n/e,n/e,n/e,n/e,0,
03:00 - 04:00,43,,n/e,n/e,n/e,n/e,322,,n/e,n/e,n/e,n/e,n/e,n/e,n/e,n/e,n/e,n/e,n/e,n/e,2,,n/e,n/e,n/e,n/e,n/e,n/e,0,,n/e,n/e,16,,n/e,n/e,n/e,n/e,0,
04:00 - 05:00,49,,n/e,n/e,n/e,n/e,379,,n/e,n/e,n/e,n/e,n/e,n/e,n/e,n/e,n/e,n/e,n/e,n/e,57,,n/e,n/e,n/e,n/e,n/e,n/e,0,,n/e,n/e,38,,n/e,n/e,n/e,n/e,0,
05:00 - 06:00,50,,n/e,n/e,n/e,n/e,382,,n/e,n/e,n/e,n/e,n/e,n/e,n/e,n/e,n/e,n/e,n/e,n/e,51,,n/e,n/e,n/e,n/e,n/e,n/e,0,,n/e,n/e,71,,n/e,n/e,n/e,n/e,0,
06:00 - 07:00,48,,n/e,n/e,n/e,n/e,380,,n/e,n/e,n/e,n/e,n/e,n/e,n/e,n/e,n/e,n/e,n/e,n/e,69,,n/e,n/e,n/e,n/e,n/e,n/e,0,,n/e,n/e,131,,n/e,n/e,n/e,n/e,0,
07:00 - 08:00,46,,n/e,n/e,n/e,n/e,309,,n/e,n/e,n/e,n/e,n/e,n/e,n/e,n/e,n/e,n/e,n/e,n/e,5,,n/e,n/e,n/e,n/e,n/e,n/e,0,,n/e,n/e,188,,n/e,n/e,n/e,n/e,0,
08:00 - 09:00,45,,n/e,n/e,n/e,n/e,300,,n/e,n/e,n/e,n/e,n/e,n/e,n/e,n/e,n/e,n/e,n/e,n/e,2,,n/e,n/e,n/e,n/e,n/e,n/e,0,,n/e,n/e,228,,n/e,n/e,n/e,n/e,0,
09:00 - 10:00,40,,n/e,n/e,n/e,n/e,300,,n/e,n/e,n/e,n/e,n/e,n/e,n/e,n/e,n/e,n/e,n/e,n/e,2,,n/e,n/e,n/e,n/e,n/e,n/e,0,,n/e,n/e,253,,n/e,n/e,n/e,n/e,2,
10:00 - 11:00,40,,n/e,n/e,n/e,n/e,300,,n/e,n/e,n/e,n/e,n/e,n/e,n/e,n/e,n/e,n/e,n/e,n/e,13,,n/e,n/e,n/e,n/e,n/e,n/e,0,,n/e,n/e,240,,n/e,n/e,n/e,n/e,8,
11:00 - 12:00,39,,n/e,n/e,n/e,n/e,300,,n/e,n/e,n/e,n/e,n/e,n/e,n/e,n/e,n/e,n/e,n/e,n/e,2,,n/e,n/e,n/e,n/e,n/e,n/e,0,,n/e,n/e,245,,n/e,n/e,n/e,n/e,2,
12:00 - 13:00,36,,n/e,n/e,n/e,n/e,301,,n/e,n/e,n/e,n/e,n/e,n/e,n/e,n/e,n/e,n/e,n/e,n/e,2,,n/e,n/e,n/e,n/e,n/e,n/e,0,,n/e,n/e,241,,n/e,n/e,n/e,n/e,1,
13:00 - 14:00,38,,n/e,n/e,n/e,n/e,300,,n/e,n/e,n/e,n/e,n/e,n/e,n/e,n/e,n/e,n/e,n/e,n/e,157,,n/e,n/e,n/e,n/e,n/e,n/e,0,,n/e,n/e,212,,n/e,n/e,n/e,n/e,1,
14:00 - 15:00,41,,n/e,n/e,n/e,n/e,300,,n/e,n/e,n/e,n/e,n/e,n/e,n/e,n/e,n/e,n/e,n/e,n/e,176,,n/e,n/e,n/e,n/e,n/e,n/e,0,,n/e,n/e,159,,n/e,n/e,n/e,n/e,2,
15:00 - 16:00,46,,n/e,n/e,n/e,n/e,304,,n/e,n/e,n/e,n/e,n/e,n/e,n/e,n/e,n/e,n/e,n/e,n/e,269,,n/e,n/e,n/e,n/e,n/e,n/e,0,,n/e,n/e,104,,n/e,n/e,n/e,n/e,6,
16:00 - 17:00,46,,n/e,n/e,n/e,n/e,382,,n/e,n/e,n/e,n/e,n/e,n/e,n/e,n/e,n/e,n/e,n/e,n/e,651,,n/e,n/e,n/e,n/e,n/e,n/e,0,,n/e,n/e,49,,n/e,n/e,n/e,n/e,7,
17:00 - 18:00,48,,n/e,n/e,n/e,n/e,384,,n/e,n/e,n/e,n/e,n/e,n/e,n/e,n/e,n/e,n/e,n/e,n/e,660,,n/e,n/e,n/e,n/e,n/e,n/e,0,,n/e,n/e,15,,n/e,n/e,n/e,n/e,1,
18:00 - 19:00,48,,n/e,n/e,n/e,n/e,357,,n/e,n/e,n/e,n/e,n/e,n/e,n/e,n/e,n/e,n/e,n/e,n/e,696,,n/e,n/e,n/e,n/e,n/e,n/e,0,,n/e,n/e,2,,n/e,n/e,n/e,n/e,0,
19:00 - 20:00,47,,n/e,n/e,n/e,n/e,354,,n/e,n/e,n/e,n/e,n/e,n/e,n/e,n/e,n/e,n/e,n/e,n/e,698,,n/e,n/e,n/e,n/e,n/e,n/e,0,,n/e,n/e,0,,n/e,n/e,n/e,n/e,0,
20:00 - 21:00,46,,n/e,n/e,n/e,n/e,351,,n/e,n/e,n/e,n/e,n/e,n/e,n/e,n/e,n/e,n/e,n/e,n/e,689,,n/e,n/e,n/e,n/e,n/e,n/e,0,,n/e,n/e,0,,n/e,n/e,n/e,n/e,2,
21:00 - 22:00,46,,n/e,n/e,n/e,n/e,348,,n/e,n/e,n/e,n/e,n/e,n/e,n/e,n/e,n/e,n/e,n/e,n/e,675,,n/e,n/e,n/e,n/e,n/e,n/e,0,,n/e,n/e,0,,n/e,n/e,n/e,n/e,5,
22:00 - 23:00,47,,n/e,n/e,n/e,n/e,186,,n/e,n/e,n/e,n/e,n/e,n/e,n/e,n/e,n/e,n/e,n/e,n/e,61,,n/e,n/e,n/e,n/e,n/e,n/e,0,,n/e,n/e,0,,n/e,n/e,n/e,n/e,10,
23:00 - 00:00,47,,n/e,n/e,n/e,n/e,186,,n/e,n/e,n/e,n/e,n/e,n/e,n/e,n/e,n/e,n/e,n/e,n/e,1,,n/e,n/e,n/e,n/e,n/e,n/e,0,,n/e,n/e,0,,n/e,n/e,n/e,n/e,12,
00:00 - 01:00,46,,n/e,n/e,n/e,n/e,185,,n/e,n/e,n/e,n/e,n/e,n/e,n/e,n/e,n/e,n/e,n/e,n/e,1,,n/e,n/e,n/e,n/e,n/e,n/e,0,,n/e,n/e,0,,n/e,n/e,n/e,n/e,11,
01:00 - 02:00,45,,n/e,n/e,n/e,n/e,186,,n/e,n/e,n/e,n/e,n/e,n/e,n/e,n/e,n/e,n/e,n/e,n/e,1,,n/e,n/e,n/e,n/e,n/e,n/e,0,,n/e,n/e,0,,n/e,n/e,n/e,n/e,14,
02:00 - 03:00,46,,n/e,n/e,n/e,n/e,82,,n/e,n/e,n/e,n/e,n/e,n/e,n/e,n/e,n/e,n/e,n/e,n/e,1,,n/e,n/e,n/e,n/e,n/e,n/e,0,,n/e,n/e,3,,n/e,n/e,n/e,n/e,13,
03:00 - 04:00,48,,n/e,n/e,n/e,n/e,7,,n/e,n/e,n/e,n/e,n/e,n/e,n/e,n/e,n/e,n/e,n/e,n/e,1,,n/e,n/e,n/e,n/e,n/e,n/e,0,,n/e,n/e,18,,n/e,n/e,n/e,n/e,8,
04:00 - 05:00,50,,n/e,n/e,n/e,n/e,4,,n/e,n/e,n/e,n/e,n/e,n/e,n/e,n/e,n/e,n/e,n/e,n/e,2,,n/e,n/e,n/e,n/e,n/e,n/e,0,,n/e,n/e,44,,n/e,n/e,n/e,n/e,3,
05:00 - 06:00,50,,n/e,n/e,n/e,n/e,2,,n/e,n/e,n/e,n/e,n/e,n/e,n/e,n/e,n/e,n/e,n/e,n/e,2,,n/e,n/e,n/e,n/e,n/e,n/e,0,,n/e,n/e,98,,n/e,n/e,n/e,n/e,2,
06:00 - 07:00,48,,n/e,n/e,n/e,n/e,2,,n/e,n/e,n/e,n/e,n/e,n/e,n/e,n/e,n/e,n/e,n/e,n/e,2,,n/e,n/e,n/e,n/e,n/e,n/e,0,,n/e,n/e,174,,n/e,n/e,n/e,n/e,1,
07:00 - 08:00,43,,n/e,n/e,n/e,n/e,2,,n/e,n/e,n/e,n/e,n/e,n/e,n/e,n/e,n/e,n/e,n/e,n/e,2,,n/e,n/e,n/e,n/e,n/e,n/e,0,,n/e,n/e,237,,n/e,n/e,n/e,n/e,2,
08:00 - 09:00,42,,n/e,n/e,n/e,n/e,2,,n/e,n/e,n/e,n/e,n/e,n/e,n/e,n/e,n/e,n/e,n/e,n/e,2,,n/e,n/e,n/e,n/e,n/e,n/e,0,,n/e,n/e,258,,n/e,n/e,n/e,n/e,4,
09:00 - 10:00,39,,n/e,n/e,n/e,n/e,2,,n/e,n/e,n/e,n/e,n/e,n/e,n/e,n/e,n/e,n/e,n/e,n/e,21,,n/e,n/e,n/e,n/e,n/e,n/e,0,,n/e,n/e,275,,n/e,n/e,n/e,n/e,5,
10:00 - 11:00,39,,n/e,n/e,n/e,n/e,3,,n/e,n/e,n/e,n/e,n/e,n/e,n/e,n/e,n/e,n/e,n/e,n/e,2,,n/e,n/e,n/e,n/e,n/e,n/e,0,,n/e,n/e,240,,n/e,n/e,n/e,n/e,11,
11:00 - 12:00,38,,n/e,n/e,n/e,n/e,3,,n/e,n/e,n/e,n/e,n/e,n/e,n/e,n/e,n/e,n/e,n/e,n/e,2,,n/e,n/e,n/e,n/e,n/e,n/e,0,,n/e,n/e,220,,n/e,n/e,n/e,n/e,12,
12:00 - 13:00,36,,n/e,n/e,n/e,n/e,0,,n/e,n/e,n/e,n/e,n/e,n/e,n/e,n/e,n/e,n/e,n/e,n/e,2,,n/e,n/e,n/e,n/e,n/e,n/e,0,,n/e,n/e,201,,n/e,n/e,n/e,n/e,16,
13:00 - 14:00,36,,n/e,n/e,n/e,n/e,0,,n/e,n/e,n/e,n/e,n/e,n/e,n/e,n/e,n/e,n/e,n/e,n/e,17,,n/e,n/e,n/e,n/e,n/e,n/e,0,,n/e,n/e,155,,n/e,n/e,n/e,n/e,22,
14:00 - 15:00,40,,n/e,n/e,n/e,n/e,1,,n/e,n/e,n/e,n/e,n/e,n/e,n/e,n/e,n/e,n/e,n/e,n/e,4,,n/e,n/e,n/e,n/e,n/e,n/e,0,,n/e,n/e,145,,n/e,n/e,n/e,n/e,10,
15:00 - 16:00,49,,n/e,n/e,n/e,n/e,2,,n/e,n/e,n/e,n/e,n/e,n/e,n/e,n/e,n/e,n/e,n/e,n/e,93,,n/e,n/e,n/e,n/e,n/e,n/e,0,,n/e,n/e,79,,n/e,n/e,n/e,n/e,9,
16:00 - 17:00,51,,n/e,n/e,n/e,n/e,3,,n/e,n/e,n/e,n/e,n/e,n/e,n/e,n/e,n/e,n/e,n/e,n/e,177,,n/e,n/e,n/e,n/e,n/e,n/e,0,,n/e,n/e,28,,n/e,n/e,n/e,n/e,10,
17:00 - 18:00,52,,n/e,n/e,n/e,n/e,4,,n/e,n/e,n/e,n/e,n/e,n/e,n/e,n/e,n/e,n/e,n/e,n/e,197,,n/e,n/e,n/e,n/e,n/e,n/e,0,,n/e,n/e,10,,n/e,n/e,n/e,n/e,10,
18:00 - 19:00,53,,n/e,n/e,n/e,n/e,7,,n/e,n/e,n/e,n/e,n/e,n/e,n/e,n/e,n/e,n/e,n/e,n/e,236,,n/e,n/e,n/e,n/e,n/e,n/e,0,,n/e,n/e,1,,n/e,n/e,n/e,n/e,14,
19:00 - 20:00,52,,n/e,n/e,n/e,n/e,7,,n/e,n/e,n/e,n/e,n/e,n/e,n/e,n/e,n/e,n/e,n/e,n/e,180,,n/e,n/e,n/e,n/e,n/e,n/e,0,,n/e,n/e,0,,n/e,n/e,n/e,n/e,19,
20:00 - 21:00,49,,n/e,n/e,n/e,n/e,5,,n/e,n/e,n/e,n/e,n/e,n/e,n/e,n/e,n/e,n/e,n/e,n/e,179,,n/e,n/e,n/e,n/e,n/e,n/e,0,,n/e,n/e,0,,n/e,n/e,n/e,n/e,15,
21:00 - 22:00,47,,n/e,n/e,n/e,n/e,4,,n/e,n/e,n/e,n/e,n/e,n/e,n/e,n/e,n/e,n/e,n/e,n/e,229,,n/e,n/e,n/e,n/e,n/e,n/e,0,,n/e,n/e,0,,n/e,n/e,n/e,n/e,13,
22:00 - 23:00,47,,n/e,n/e,n/e,n/e,2,,n/e,n/e,n/e,n/e,n/e,n/e,n/e,n/e,n/e,n/e,n/e,n/e,358,,n/e,n/e,n/e,n/e,n/e,n/e,0,,n/e,n/e,0,,n/e,n/e,n/e,n/e,12,
23:00 - 00:00,48,,n/e,n/e,n/e,n/e,2,,n/e,n/e,n/e,n/e,n/e,n/e,n/e,n/e,n/e,n/e,n/e,n/e,352,,n/e,n/e,n/e,n/e,n/e,n/e,0,,n/e,n/e,0,,n/e,n/e,n/e,n/e,9,
00:00 - 01:00,46,,n/e,n/e,n/e,n/e,0,,n/e,n/e,n/e,n/e,n/e,n/e,n/e,n/e,n/e,n/e,n/e,n/e,354,,n/e,n/e,n/e,n/e,n/e,n/e,0,,n/e,n/e,0,,n/e,n/e,n/e,n/e,6,
01:00 - 02:00,42,,n/e,n/e,n/e,n/e,0,,n/e,n/e,n/e,n/e,n/e,n/e,n/e,n/e,n/e,n/e,n/e,n/e,389,,n/e,n/e,n/e,n/e,n/e,n/e,0,,n/e,n/e,0,,n/e,n/e,n/e,n/e,7,
02:00 - 03:00,42,,n/e,n/e,n/e,n/e,0,,n/e,n/e,n/e,n/e,n/e,n/e,n/e,n/e,n/e,n/e,n/e,n/e,373,,n/e,n/e,n/e,n/e,n/e,n/e,0,,n/e,n/e,2,,n/e,n/e,n/e,n/e,9,
03:00 - 04:00,42,,n/e,n/e,n/e,n/e,0,,n/e,n/e,n/e,n/e,n/e,n/e,n/e,n/e,n/e,n/e,n/e,n/e,262,,n/e,n/e,n/e,n/e,n/e,n/e,0,,n/e,n/e,16,,n/e,n/e,n/e,n/e,7,
04:00 - 05:00,43,,n/e,n/e,n/e,n/e,0,,n/e,n/e,n/e,n/e,n/e,n/e,n/e,n/e,n/e,n/e,n/e,n/e,126,,n/e,n/e,n/e,n/e,n/e,n/e,0,,n/e,n/e,52,,n/e,n/e,n/e,n/e,3,
05:00 - 06:00,43,,n/e,n/e,n/e,n/e,0,,n/e,n/e,n/e,n/e,n/e,n/e,n/e,n/e,n/e,n/e,n/e,n/e,102,,n/e,n/e,n/e,n/e,n/e,n/e,0,,n/e,n/e,89,,n/e,n/e,n/e,n/e,1,
06:00 - 07:00,40,,n/e,n/e,n/e,n/e,0,,n/e,n/e,n/e,n/e,n/e,n/e,n/e,n/e,n/e,n/e,n/e,n/e,6,,n/e,n/e,n/e,n/e,n/e,n/e,0,,n/e,n/e,112,,n/e,n/e,n/e,n/e,0,
07:00 - 08:00,38,,n/e,n/e,n/e,n/e,0,,n/e,n/e,n/e,n/e,n/e,n/e,n/e,n/e,n/e,n/e,n/e,n/e,2,,n/e,n/e,n/e,n/e,n/e,n/e,0,,n/e,n/e,121,,n/e,n/e,n/e,n/e,0,
08:00 - 09:00,38,,n/e,n/e,n/e,n/e,0,,n/e,n/e,n/e,n/e,n/e,n/e,n/e,n/e,n/e,n/e,n/e,n/e,36,,n/e,n/e,n/e,n/e,n/e,n/e,0,,n/e,n/e,110,,n/e,n/e,n/e,n/e,0,
09:00 - 10:00,37,,n/e,n/e,n/e,n/e,2,,n/e,n/e,n/e,n/e,n/e,n/e,n/e,n/e,n/e,n/e,n/e,n/e,54,,n/e,n/e,n/e,n/e,n/e,n/e,0,,n/e,n/e,71,,n/e,n/e,n/e,n/e,0,
10:00 - 11:00,38,,n/e,n/e,n/e,n/e,3,,n/e,n/e,n/e,n/e,n/e,n/e,n/e,n/e,n/e,n/e,n/e,n/e,57,,n/e,n/e,n/e,n/e,n/e,n/e,0,,n/e,n/e,54,,n/e,n/e,n/e,n/e,0,
11:00 - 12:00,35,,n/e,n/e,n/e,n/e,3,,n/e,n/e,n/e,n/e,n/e,n/e,n/e,n/e,n/e,n/e,n/e,n/e,52,,n/e,n/e,n/e,n/e,n/e,n/e,0,,n/e,n/e,40,,n/e,n/e,n/e,n/e,4,
12:00 - 13:00,34,,n/e,n/e,n/e,n/e,3,,n/e,n/e,n/e,n/e,n/e,n/e,n/e,n/e,n/e,n/e,n/e,n/e,37,,n/e,n/e,n/e,n/e,n/e,n/e,0,,n/e,n/e,33,,n/e,n/e,n/e,n/e,12,
13:00 - 14:00,34,,n/e,n/e,n/e,n/e,3,,n/e,n/e,n/e,n/e,n/e,n/e,n/e,n/e,n/e,n/e,n/e,n/e,55,,n/e,n/e,n/e,n/e,n/e,n/e,0,,n/e,n/e,27,,n/e,n/e,n/e,n/e,14,
14:00 - 15:00,34,,n/e,n/e,n/e,n/e,3,,n/e,n/e,n/e,n/e,n/e,n/e,n/e,n/e,n/e,n/e,n/e,n/e,44,,n/e,n/e,n/e,n/e,n/e,n/e,0,,n/e,n/e,15,,n/e,n/e,n/e,n/e,25,
15:00 - 16:00,36,,n/e,n/e,n/e,n/e,3,,n/e,n/e,n/e,n/e,n/e,n/e,n/e,n/e,n/e,n/e,n/e,n/e,27,,n/e,n/e,n/e,n/e,n/e,n/e,0,,n/e,n/e,8,,n/e,n/e,n/e,n/e,62,
16:00 - 17:00,41,,n/e,n/e,n/e,n/e,0,,n/e,n/e,n/e,n/e,n/e,n/e,n/e,n/e,n/e,n/e,n/e,n/e,2,,n/e,n/e,n/e,n/e,n/e,n/e,0,,n/e,n/e,3,,n/e,n/e,n/e,n/e,90,
17:00 - 18:00,51,,n/e,n/e,n/e,n/e,2,,n/e,n/e,n/e,n/e,n/e,n/e,n/e,n/e,n/e,n/e,n/e,n/e,3,,n/e,n/e,n/e,n/e,n/e,n/e,0,,n/e,n/e,1,,n/e,n/e,n/e,n/e,97,
18:00 - 19:00,52,,n/e,n/e,n/e,n/e,3,,n/e,n/e,n/e,n/e,n/e,n/e,n/e,n/e,n/e,n/e,n/e,n/e,4,,n/e,n/e,n/e,n/e,n/e,n/e,0,,n/e,n/e,1,,n/e,n/e,n/e,n/e,94,
19:00 - 20:00,46,,n/e,n/e,n/e,n/e,4,,n/e,n/e,n/e,n/e,n/e,n/e,n/e,n/e,n/e,n/e,n/e,n/e,3,,n/e,n/e,n/e,n/e,n/e,n/e,0,,n/e,n/e,1,,n/e,n/e,n/e,n/e,84,
20:00 - 21:00,46,,n/e,n/e,n/e,n/e,4,,n/e,n/e,n/e,n/e,n/e,n/e,n/e,n/e,n/e,n/e,n/e,n/e,3,,n/e,n/e,n/e,n/e,n/e,n/e,0,,n/e,n/e,1,,n/e,n/e,n/e,n/e,93,
21:00 - 22:00,35,,n/e,n/e,n/e,n/e,0,,n/e,n/e,n/e,n/e,n/e,n/e,n/e,n/e,n/e,n/e,n/e,n/e,2,,n/e,n/e,n/e,n/e,n/e,n/e,0,,n/e,n/e,1,,n/e,n/e,n/e,n/e,79,
22:00 - 23:00,30,,n/e,n/e,n/e,n/e,0,,n/e,n/e,n/e,n/e,n/e,n/e,n/e,n/e,n/e,n/e,n/e,n/e,2,,n/e,n/e,n/e,n/e,n/e,n/e,0,,n/e,n/e,1,,n/e,n/e,n/e,n/e,73,
23:00 - 00:00,30,,n/e,n/e,n/e,n/e,0,,n/e,n/e,n/e,n/e,n/e,n/e,n/e,n/e,n/e,n/e,n/e,n/e,2,,n/e,n/e,n/e,n/e,n/e,n/e,0,,n/e,n/e,0,,n/e,n/e,n/e,n/e,98,
00:00 - 01:00,32,,n/e,n/e,n/e,n/e,0,,n/e,n/e,n/e,n/e,n/e,n/e,n/e,n/e,n/e,n/e,n/e,n/e,2,,n/e,n/e,n/e,n/e,n/e,n/e,0,,n/e,n/e,1,,n/e,n/e,n/e,n/e,99,
01:00 - 02:00,27,,n/e,n/e,n/e,n/e,0,,n/e,n/e,n/e,n/e,n/e,n/e,n/e,n/e,n/e,n/e,n/e,n/e,2,,n/e,n/e,n/e,n/e,n/e,n/e,0,,n/e,n/e,1,,n/e,n/e,n/e,n/e,97,
02:00 - 03:00,23,,n/e,n/e,n/e,n/e,0,,n/e,n/e,n/e,n/e,n/e,n/e,n/e,n/e,n/e,n/e,n/e,n/e,2,,n/e,n/e,n/e,n/e,n/e,n/e,0,,n/e,n/e,1,,n/e,n/e,n/e,n/e,96,
03:00 - 04:00,26,,n/e,n/e,n/e,n/e,0,,n/e,n/e,n/e,n/e,n/e,n/e,n/e,n/e,n/e,n/e,n/e,n/e,2,,n/e,n/e,n/e,n/e,n/e,n/e,0,,n/e,n/e,4,,n/e,n/e,n/e,n/e,101,
04:00 - 05:00,32,,n/e,n/e,n/e,n/e,0,,n/e,n/e,n/e,n/e,n/e,n/e,n/e,n/e,n/e,n/e,n/e,n/e,92,,n/e,n/e,n/e,n/e,n/e,n/e,0,,n/e,n/e,11,,n/e,n/e,n/e,n/e,100,
05:00 - 06:00,35,,n/e,n/e,n/e,n/e,1,,n/e,n/e,n/e,n/e,n/e,n/e,n/e,n/e,n/e,n/e,n/e,n/e,95,,n/e,n/e,n/e,n/e,n/e,n/e,0,,n/e,n/e,21,,n/e,n/e,n/e,n/e,105,
06:00 - 07:00,28,,n/e,n/e,n/e,n/e,0,,n/e,n/e,n/e,n/e,n/e,n/e,n/e,n/e,n/e,n/e,n/e,n/e,95,,n/e,n/e,n/e,n/e,n/e,n/e,0,,n/e,n/e,30,,n/e,n/e,n/e,n/e,99,
07:00 - 08:00,26,,n/e,n/e,n/e,n/e,0,,n/e,n/e,n/e,n/e,n/e,n/e,n/e,n/e,n/e,n/e,n/e,n/e,6,,n/e,n/e,n/e,n/e,n/e,n/e,0,,n/e,n/e,40,,n/e,n/e,n/e,n/e,108,
08:00 - 09:00,25,,n/e,n/e,n/e,n/e,0,,n/e,n/e,n/e,n/e,n/e,n/e,n/e,n/e,n/e,n/e,n/e,n/e,4,,n/e,n/e,n/e,n/e,n/e,n/e,0,,n/e,n/e,46,,n/e,n/e,n/e,n/e,101,
09:00 - 10:00,26,,n/e,n/e,n/e,n/e,0,,n/e,n/e,n/e,n/e,n/e,n/e,n/e,n/e,n/e,n/e,n/e,n/e,4,,n/e,n/e,n/e,n/e,n/e,n/e,0,,n/e,n/e,58,,n/e,n/e,n/e,n/e,104,
10:00 - 11:00,29,,n/e,n/e,n/e,n/e,0,,n/e,n/e,n/e,n/e,n/e,n/e,n/e,n/e,n/e,n/e,n/e,n/e,4,,n/e,n/e,n/e,n/e,n/e,n/e,0,,n/e,n/e,74,,n/e,n/e,n/e,n/e,104,
11:00 - 12:00,30,,n/e,n/e,n/e,n/e,0,,n/e,n/e,n/e,n/e,n/e,n/e,n/e,n/e,n/e,n/e,n/e,n/e,5,,n/e,n/e,n/e,n/e,n/e,n/e,0,,n/e,n/e,76,,n/e,n/e,n/e,n/e,107,
12:00 - 13:00,31,,n/e,n/e,n/e,n/e,0,,n/e,n/e,n/e,n/e,n/e,n/e,n/e,n/e,n/e,n/e,n/e,n/e,4,,n/e,n/e,n/e,n/e,n/e,n/e,0,,n/e,n/e,84,,n/e,n/e,n/e,n/e,49,
13:00 - 14:00,30,,n/e,n/e,n/e,n/e,0,,n/e,n/e,n/e,n/e,n/e,n/e,n/e,n/e,n/e,n/e,n/e,n/e,4,,n/e,n/e,n/e,n/e,n/e,n/e,0,,n/e,n/e,76,,n/e,n/e,n/e,n/e,55,
14:00 - 15:00,30,,n/e,n/e,n/e,n/e,0,,n/e,n/e,n/e,n/e,n/e,n/e,n/e,n/e,n/e,n/e,n/e,n/e,4,,n/e,n/e,n/e,n/e,n/e,n/e,0,,n/e,n/e,64,,n/e,n/e,n/e,n/e,56,
15:00 - 16:00,35,,n/e,n/e,n/e,n/e,0,,n/e,n/e,n/e,n/e,n/e,n/e,n/e,n/e,n/e,n/e,n/e,n/e,113,,n/e,n/e,n/e,n/e,n/e,n/e,0,,n/e,n/e,49,,n/e,n/e,n/e,n/e,100,
16:00 - 17:00,44,,n/e,n/e,n/e,n/e,2,,n/e,n/e,n/e,n/e,n/e,n/e,n/e,n/e,n/e,n/e,n/e,n/e,229,,n/e,n/e,n/e,n/e,n/e,n/e,0,,n/e,n/e,32,,n/e,n/e,n/e,n/e,98,
17:00 - 18:00,47,,n/e,n/e,n/e,n/e,4,,n/e,n/e,n/e,n/e,n/e,n/e,n/e,n/e,n/e,n/e,n/e,n/e,343,,n/e,n/e,n/e,n/e,n/e,n/e,0,,n/e,n/e,10,,n/e,n/e,n/e,n/e,85,
18:00 - 19:00,48,,n/e,n/e,n/e,n/e,5,,n/e,n/e,n/e,n/e,n/e,n/e,n/e,n/e,n/e,n/e,n/e,n/e,364,,n/e,n/e,n/e,n/e,n/e,n/e,0,,n/e,n/e,2,,n/e,n/e,n/e,n/e,88,
19:00 - 20:00,47,,n/e,n/e,n/e,n/e,4,,n/e,n/e,n/e,n/e,n/e,n/e,n/e,n/e,n/e,n/e,n/e,n/e,364,,n/e,n/e,n/e,n/e,n/e,n/e,0,,n/e,n/e,0,,n/e,n/e,n/e,n/e,80,
20:00 - 21:00,43,,n/e,n/e,n/e,n/e,4,,n/e,n/e,n/e,n/e,n/e,n/e,n/e,n/e,n/e,n/e,n/e,n/e,346,,n/e,n/e,n/e,n/e,n/e,n/e,0,,n/e,n/e,0,,n/e,n/e,n/e,n/e,79,
21:00 - 22:00,41,,n/e,n/e,n/e,n/e,2,,n/e,n/e,n/e,n/e,n/e,n/e,n/e,n/e,n/e,n/e,n/e,n/e,186,,n/e,n/e,n/e,n/e,n/e,n/e,0,,n/e,n/e,0,,n/e,n/e,n/e,n/e,64,
22:00 - 23:00,40,,n/e,n/e,n/e,n/e,2,,n/e,n/e,n/e,n/e,n/e,n/e,n/e,n/e,n/e,n/e,n/e,n/e,6,,n/e,n/e,n/e,n/e,n/e,n/e,0,,n/e,n/e,0,,n/e,n/e,n/e,n/e,65,
23:00 - 00:00,41,,n/e,n/e,n/e,n/e,2,,n/e,n/e,n/e,n/e,n/e,n/e,n/e,n/e,n/e,n/e,n/e,n/e,6,,n/e,n/e,n/e,n/e,n/e,n/e,0,,n/e,n/e,0,,n/e,n/e,n/e,n/e,49,
00:00 - 01:00,41,,n/e,n/e,n/e,n/e,2,,n/e,n/e,n/e,n/e,n/e,n/e,n/e,n/e,n/e,n/e,n/e,n/e,5,,n/e,n/e,n/e,n/e,n/e,n/e,0,,n/e,n/e,0,,n/e,n/e,n/e,n/e,38,
01:00 - 02:00,43,,n/e,n/e,n/e,n/e,2,,n/e,n/e,n/e,n/e,n/e,n/e,n/e,n/e,n/e,n/e,n/e,n/e,6,,n/e,n/e,n/e,n/e,n/e,n/e,0,,n/e,n/e,0,,n/e,n/e,n/e,n/e,41,
02:00 - 03:00,45,,n/e,n/e,n/e,n/e,2,,n/e,n/e,n/e,n/e,n/e,n/e,n/e,n/e,n/e,n/e,n/e,n/e,6,,n/e,n/e,n/e,n/e,n/e,n/e,0,,n/e,n/e,1,,n/e,n/e,n/e,n/e,50,
03:00 - 04:00,50,,n/e,n/e,n/e,n/e,2,,n/e,n/e,n/e,n/e,n/e,n/e,n/e,n/e,n/e,n/e,n/e,n/e,7,,n/e,n/e,n/e,n/e,n/e,n/e,0,,n/e,n/e,5,,n/e,n/e,n/e,n/e,45,
04:00 - 05:00,53,,n/e,n/e,n/e,n/e,2,,n/e,n/e,n/e,n/e,n/e,n/e,n/e,n/e,n/e,n/e,n/e,n/e,180,,n/e,n/e,n/e,n/e,n/e,n/e,0,,n/e,n/e,18,,n/e,n/e,n/e,n/e,38,
05:00 - 06:00,53,,n/e,n/e,n/e,n/e,5,,n/e,n/e,n/e,n/e,n/e,n/e,n/e,n/e,n/e,n/e,n/e,n/e,271,,n/e,n/e,n/e,n/e,n/e,n/e,0,,n/e,n/e,40,,n/e,n/e,n/e,n/e,42,
06:00 - 07:00,51,,n/e,n/e,n/e,n/e,5,,n/e,n/e,n/e,n/e,n/e,n/e,n/e,n/e,n/e,n/e,n/e,n/e,188,,n/e,n/e,n/e,n/e,n/e,n/e,0,,n/e,n/e,72,,n/e,n/e,n/e,n/e,45,
07:00 - 08:00,46,,n/e,n/e,n/e,n/e,5,,n/e,n/e,n/e,n/e,n/e,n/e,n/e,n/e,n/e,n/e,n/e,n/e,8,,n/e,n/e,n/e,n/e,n/e,n/e,0,,n/e,n/e,111,,n/e,n/e,n/e,n/e,44,
08:00 - 09:00,42,,n/e,n/e,n/e,n/e,0,,n/e,n/e,n/e,n/e,n/e,n/e,n/e,n/e,n/e,n/e,n/e,n/e,7,,n/e,n/e,n/e,n/e,n/e,n/e,0,,n/e,n/e,157,,n/e,n/e,n/e,n/e,41,
09:00 - 10:00,36,,n/e,n/e,n/e,n/e,0,,n/e,n/e,n/e,n/e,n/e,n/e,n/e,n/e,n/e,n/e,n/e,n/e,23,,n/e,n/e,n/e,n/e,n/e,n/e,0,,n/e,n/e,187,,n/e,n/e,n/e,n/e,34,
10:00 - 11:00,35,,n/e,n/e,n/e,n/e,1,,n/e,n/e,n/e,n/e,n/e,n/e,n/e,n/e,n/e,n/e,n/e,n/e,5,,n/e,n/e,n/e,n/e,n/e,n/e,0,,n/e,n/e,194,,n/e,n/e,n/e,n/e,45,
11:00 - 12:00,34,,n/e,n/e,n/e,n/e,0,,n/e,n/e,n/e,n/e,n/e,n/e,n/e,n/e,n/e,n/e,n/e,n/e,5,,n/e,n/e,n/e,n/e,n/e,n/e,0,,n/e,n/e,221,,n/e,n/e,n/e,n/e,36,
12:00 - 13:00,35,,n/e,n/e,n/e,n/e,0,,n/e,n/e,n/e,n/e,n/e,n/e,n/e,n/e,n/e,n/e,n/e,n/e,6,,n/e,n/e,n/e,n/e,n/e,n/e,0,,n/e,n/e,231,,n/e,n/e,n/e,n/e,31,
13:00 - 14:00,33,,n/e,n/e,n/e,n/e,0,,n/e,n/e,n/e,n/e,n/e,n/e,n/e,n/e,n/e,n/e,n/e,n/e,97,,n/e,n/e,n/e,n/e,n/e,n/e,0,,n/e,n/e,215,,n/e,n/e,n/e,n/e,18,
14:00 - 15:00,36,,n/e,n/e,n/e,n/e,0,,n/e,n/e,n/e,n/e,n/e,n/e,n/e,n/e,n/e,n/e,n/e,n/e,121,,n/e,n/e,n/e,n/e,n/e,n/e,0,,n/e,n/e,167,,n/e,n/e,n/e,n/e,19,
15:00 - 16:00,44,,n/e,n/e,n/e,n/e,2,,n/e,n/e,n/e,n/e,n/e,n/e,n/e,n/e,n/e,n/e,n/e,n/e,245,,n/e,n/e,n/e,n/e,n/e,n/e,0,,n/e,n/e,99,,n/e,n/e,n/e,n/e,24,
16:00 - 17:00,51,,n/e,n/e,n/e,n/e,3,,n/e,n/e,n/e,n/e,n/e,n/e,n/e,n/e,n/e,n/e,n/e,n/e,259,,n/e,n/e,n/e,n/e,n/e,n/e,0,,n/e,n/e,44,,n/e,n/e,n/e,n/e,18,
17:00 - 18:00,54,,n/e,n/e,n/e,n/e,4,,n/e,n/e,n/e,n/e,n/e,n/e,n/e,n/e,n/e,n/e,n/e,n/e,364,,n/e,n/e,n/e,n/e,n/e,n/e,0,,n/e,n/e,13,,n/e,n/e,n/e,n/e,9,
18:00 - 19:00,56,,n/e,n/e,n/e,n/e,7,,n/e,n/e,n/e,n/e,n/e,n/e,n/e,n/e,n/e,n/e,n/e,n/e,402,,n/e,n/e,n/e,n/e,n/e,n/e,0,,n/e,n/e,2,,n/e,n/e,n/e,n/e,5,
19:00 - 20:00,54,,n/e,n/e,n/e,n/e,7,,n/e,n/e,n/e,n/e,n/e,n/e,n/e,n/e,n/e,n/e,n/e,n/e,358,,n/e,n/e,n/e,n/e,n/e,n/e,0,,n/e,n/e,0,,n/e,n/e,n/e,n/e,5,
20:00 - 21:00,51,,n/e,n/e,n/e,n/e,4,,n/e,n/e,n/e,n/e,n/e,n/e,n/e,n/e,n/e,n/e,n/e,n/e,326,,n/e,n/e,n/e,n/e,n/e,n/e,0,,n/e,n/e,0,,n/e,n/e,n/e,n/e,5,
21:00 - 22:00,49,,n/e,n/e,n/e,n/e,2,,n/e,n/e,n/e,n/e,n/e,n/e,n/e,n/e,n/e,n/e,n/e,n/e,226,,n/e,n/e,n/e,n/e,n/e,n/e,0,,n/e,n/e,0,,n/e,n/e,n/e,n/e,7,
22:00 - 23:00,49,,n/e,n/e,n/e,n/e,2,,n/e,n/e,n/e,n/e,n/e,n/e,n/e,n/e,n/e,n/e,n/e,n/e,98,,n/e,n/e,n/e,n/e,n/e,n/e,0,,n/e,n/e,0,,n/e,n/e,n/e,n/e,7,
23:00 - 00:00,49,,n/e,n/e,n/e,n/e,0,,n/e,n/e,n/e,n/e,n/e,n/e,n/e,n/e,n/e,n/e,n/e,n/e,113,,n/e,n/e,n/e,n/e,n/e,n/e,0,,n/e,n/e,0,,n/e,n/e,n/e,n/e,12,
00:00 - 01:00,48,,n/e,n/e,n/e,n/e,0,,n/e,n/e,n/e,n/e,n/e,n/e,n/e,n/e,n/e,n/e,n/e,n/e,124,,n/e,n/e,n/e,n/e,n/e,n/e,0,,n/e,n/e,0,,n/e,n/e,n/e,n/e,15,
01:00 - 02:00,47,,n/e,n/e,n/e,n/e,0,,n/e,n/e,n/e,n/e,n/e,n/e,n/e,n/e,n/e,n/e,n/e,n/e,142,,n/e,n/e,n/e,n/e,n/e,n/e,0,,n/e,n/e,0,,n/e,n/e,n/e,n/e,13,
02:00 - 03:00,48,,n/e,n/e,n/e,n/e,1,,n/e,n/e,n/e,n/e,n/e,n/e,n/e,n/e,n/e,n/e,n/e,n/e,124,,n/e,n/e,n/e,n/e,n/e,n/e,0,,n/e,n/e,1,,n/e,n/e,n/e,n/e,13,
03:00 - 04:00,52,,n/e,n/e,n/e,n/e,5,,n/e,n/e,n/e,n/e,n/e,n/e,n/e,n/e,n/e,n/e,n/e,n/e,148,,n/e,n/e,n/e,n/e,n/e,n/e,0,,n/e,n/e,14,,n/e,n/e,n/e,n/e,13,
04:00 - 05:00,57,,n/e,n/e,n/e,n/e,5,,n/e,n/e,n/e,n/e,n/e,n/e,n/e,n/e,n/e,n/e,n/e,n/e,274,,n/e,n/e,n/e,n/e,n/e,n/e,0,,n/e,n/e,46,,n/e,n/e,n/e,n/e,9,
05:00 - 06:00,57,,n/e,n/e,n/e,n/e,5,,n/e,n/e,n/e,n/e,n/e,n/e,n/e,n/e,n/e,n/e,n/e,n/e,228,,n/e,n/e,n/e,n/e,n/e,n/e,0,,n/e,n/e,115,,n/e,n/e,n/e,n/e,6,
06:00 - 07:00,53,,n/e,n/e,n/e,n/e,3,,n/e,n/e,n/e,n/e,n/e,n/e,n/e,n/e,n/e,n/e,n/e,n/e,202,,n/e,n/e,n/e,n/e,n/e,n/e,0,,n/e,n/e,195,,n/e,n/e,n/e,n/e,11,
07:00 - 08:00,49,,n/e,n/e,n/e,n/e,0,,n/e,n/e,n/e,n/e,n/e,n/e,n/e,n/e,n/e,n/e,n/e,n/e,11,,n/e,n/e,n/e,n/e,n/e,n/e,0,,n/e,n/e,262,,n/e,n/e,n/e,n/e,16,
08:00 - 09:00,45,,n/e,n/e,n/e,n/e,0,,n/e,n/e,n/e,n/e,n/e,n/e,n/e,n/e,n/e,n/e,n/e,n/e,10,,n/e,n/e,n/e,n/e,n/e,n/e,0,,n/e,n/e,298,,n/e,n/e,n/e,n/e,28,
09:00 - 10:00,40,,n/e,n/e,n/e,n/e,0,,n/e,n/e,n/e,n/e,n/e,n/e,n/e,n/e,n/e,n/e,n/e,n/e,10,,n/e,n/e,n/e,n/e,n/e,n/e,0,,n/e,n/e,278,,n/e,n/e,n/e,n/e,28,
10:00 - 11:00,39,,n/e,n/e,n/e,n/e,1,,n/e,n/e,n/e,n/e,n/e,n/e,n/e,n/e,n/e,n/e,n/e,n/e,10,,n/e,n/e,n/e,n/e,n/e,n/e,0,,n/e,n/e,259,,n/e,n/e,n/e,n/e,30,
11:00 - 12:00,39,,n/e,n/e,n/e,n/e,1,,n/e,n/e,n/e,n/e,n/e,n/e,n/e,n/e,n/e,n/e,n/e,n/e,9,,n/e,n/e,n/e,n/e,n/e,n/e,0,,n/e,n/e,246,,n/e,n/e,n/e,n/e,40,
12:00 - 13:00,38,,n/e,n/e,n/e,n/e,0,,n/e,n/e,n/e,n/e,n/e,n/e,n/e,n/e,n/e,n/e,n/e,n/e,9,,n/e,n/e,n/e,n/e,n/e,n/e,0,,n/e,n/e,246,,n/e,n/e,n/e,n/e,63,
13:00 - 14:00,37,,n/e,n/e,n/e,n/e,0,,n/e,n/e,n/e,n/e,n/e,n/e,n/e,n/e,n/e,n/e,n/e,n/e,9,,n/e,n/e,n/e,n/e,n/e,n/e,0,,n/e,n/e,213,,n/e,n/e,n/e,n/e,79,
14:00 - 15:00,37,,n/e,n/e,n/e,n/e,0,,n/e,n/e,n/e,n/e,n/e,n/e,n/e,n/e,n/e,n/e,n/e,n/e,15,,n/e,n/e,n/e,n/e,n/e,n/e,0,,n/e,n/e,147,,n/e,n/e,n/e,n/e,88,
15:00 - 16:00,44,,n/e,n/e,n/e,n/e,0,,n/e,n/e,n/e,n/e,n/e,n/e,n/e,n/e,n/e,n/e,n/e,n/e,156,,n/e,n/e,n/e,n/e,n/e,n/e,0,,n/e,n/e,76,,n/e,n/e,n/e,n/e,67,
16:00 - 17:00,51,,n/e,n/e,n/e,n/e,2,,n/e,n/e,n/e,n/e,n/e,n/e,n/e,n/e,n/e,n/e,n/e,n/e,346,,n/e,n/e,n/e,n/e,n/e,n/e,0,,n/e,n/e,39,,n/e,n/e,n/e,n/e,38,
17:00 - 18:00,53,,n/e,n/e,n/e,n/e,3,,n/e,n/e,n/e,n/e,n/e,n/e,n/e,n/e,n/e,n/e,n/e,n/e,398,,n/e,n/e,n/e,n/e,n/e,n/e,0,,n/e,n/e,13,,n/e,n/e,n/e,n/e,22,
18:00 - 19:00,54,,n/e,n/e,n/e,n/e,4,,n/e,n/e,n/e,n/e,n/e,n/e,n/e,n/e,n/e,n/e,n/e,n/e,415,,n/e,n/e,n/e,n/e,n/e,n/e,0,,n/e,n/e,2,,n/e,n/e,n/e,n/e,15,
19:00 - 20:00,53,,n/e,n/e,n/e,n/e,5,,n/e,n/e,n/e,n/e,n/e,n/e,n/e,n/e,n/e,n/e,n/e,n/e,244,,n/e,n/e,n/e,n/e,n/e,n/e,0,,n/e,n/e,0,,n/e,n/e,n/e,n/e,13,
20:00 - 21:00,51,,n/e,n/e,n/e,n/e,3,,n/e,n/e,n/e,n/e,n/e,n/e,n/e,n/e,n/e,n/e,n/e,n/e,242,,n/e,n/e,n/e,n/e,n/e,n/e,0,,n/e,n/e,0,,n/e,n/e,n/e,n/e,15,
21:00 - 22:00,47,,n/e,n/e,n/e,n/e,2,,n/e,n/e,n/e,n/e,n/e,n/e,n/e,n/e,n/e,n/e,n/e,n/e,211,,n/e,n/e,n/e,n/e,n/e,n/e,0,,n/e,n/e,0,,n/e,n/e,n/e,n/e,16,
22:00 - 23:00,48,,n/e,n/e,n/e,n/e,2,,n/e,n/e,n/e,n/e,n/e,n/e,n/e,n/e,n/e,n/e,n/e,n/e,14,,n/e,n/e,n/e,n/e,n/e,n/e,0,,n/e,n/e,0,,n/e,n/e,n/e,n/e,17,
23:00 - 00:00,48,,n/e,n/e,n/e,n/e,0,,n/e,n/e,n/e,n/e,n/e,n/e,n/e,n/e,n/e,n/e,n/e,n/e,9,,n/e,n/e,n/e,n/e,n/e,n/e,0,,n/e,n/e,0,,n/e,n/e,n/e,n/e,12,
00:00 - 01:00,47,,n/e,n/e,n/e,n/e,0,,n/e,n/e,n/e,n/e,n/e,n/e,n/e,n/e,n/e,n/e,n/e,n/e,9,,n/e,n/e,n/e,n/e,n/e,n/e,0,,n/e,n/e,0,,n/e,n/e,n/e,n/e,10,
01:00 - 02:00,47,,n/e,n/e,n/e,n/e,0,,n/e,n/e,n/e,n/e,n/e,n/e,n/e,n/e,n/e,n/e,n/e,n/e,9,,n/e,n/e,n/e,n/e,n/e,n/e,0,,n/e,n/e,0,,n/e,n/e,n/e,n/e,7,
02:00 - 03:00,48,,n/e,n/e,n/e,n/e,1,,n/e,n/e,n/e,n/e,n/e,n/e,n/e,n/e,n/e,n/e,n/e,n/e,44,,n/e,n/e,n/e,n/e,n/e,n/e,0,,n/e,n/e,1,,n/e,n/e,n/e,n/e,3,
03:00 - 04:00,52,,n/e,n/e,n/e,n/e,3,,n/e,n/e,n/e,n/e,n/e,n/e,n/e,n/e,n/e,n/e,n/e,n/e,180,,n/e,n/e,n/e,n/e,n/e,n/e,0,,n/e,n/e,12,,n/e,n/e,n/e,n/e,5,
04:00 - 05:00,57,,n/e,n/e,n/e,n/e,3,,n/e,n/e,n/e,n/e,n/e,n/e,n/e,n/e,n/e,n/e,n/e,n/e,340,,n/e,n/e,n/e,n/e,n/e,n/e,0,,n/e,n/e,38,,n/e,n/e,n/e,n/e,4,
05:00 - 06:00,58,,n/e,n/e,n/e,n/e,5,,n/e,n/e,n/e,n/e,n/e,n/e,n/e,n/e,n/e,n/e,n/e,n/e,345,,n/e,n/e,n/e,n/e,n/e,n/e,0,,n/e,n/e,82,,n/e,n/e,n/e,n/e,4,
06:00 - 07:00,58,,n/e,n/e,n/e,n/e,5,,n/e,n/e,n/e,n/e,n/e,n/e,n/e,n/e,n/e,n/e,n/e,n/e,297,,n/e,n/e,n/e,n/e,n/e,n/e,0,,n/e,n/e,145,,n/e,n/e,n/e,n/e,10,
07:00 - 08:00,59,,n/e,n/e,n/e,n/e,5,,n/e,n/e,n/e,n/e,n/e,n/e,n/e,n/e,n/e,n/e,n/e,n/e,190,,n/e,n/e,n/e,n/e,n/e,n/e,0,,n/e,n/e,200,,n/e,n/e,n/e,n/e,15,
08:00 - 09:00,55,,n/e,n/e,n/e,n/e,3,,n/e,n/e,n/e,n/e,n/e,n/e,n/e,n/e,n/e,n/e,n/e,n/e,190,,n/e,n/e,n/e,n/e,n/e,n/e,0,,n/e,n/e,244,,n/e,n/e,n/e,n/e,24,
09:00 - 10:00,46,,n/e,n/e,n/e,n/e,2,,n/e,n/e,n/e,n/e,n/e,n/e,n/e,n/e,n/e,n/e,n/e,n/e,97,,n/e,n/e,n/e,n/e,n/e,n/e,0,,n/e,n/e,267,,n/e,n/e,n/e,n/e,19,
10:00 - 11:00,44,,n/e,n/e,n/e,n/e,2,,n/e,n/e,n/e,n/e,n/e,n/e,n/e,n/e,n/e,n/e,n/e,n/e,43,,n/e,n/e,n/e,n/e,n/e,n/e,0,,n/e,n/e,249,,n/e,n/e,n/e,n/e,30,
11:00 - 12:00,45,,n/e,n/e,n/e,n/e,2,,n/e,n/e,n/e,n/e,n/e,n/e,n/e,n/e,n/e,n/e,n/e,n/e,9,,n/e,n/e,n/e,n/e,n/e,n/e,0,,n/e,n/e,241,,n/e,n/e,n/e,n/e,39,
12:00 - 13:00,41,,n/e,n/e,n/e,n/e,1,,n/e,n/e,n/e,n/e,n/e,n/e,n/e,n/e,n/e,n/e,n/e,n/e,9,,n/e,n/e,n/e,n/e,n/e,n/e,0,,n/e,n/e,216,,n/e,n/e,n/e,n/e,33,
13:00 - 14:00,44,,n/e,n/e,n/e,n/e,1,,n/e,n/e,n/e,n/e,n/e,n/e,n/e,n/e,n/e,n/e,n/e,n/e,75,,n/e,n/e,n/e,n/e,n/e,n/e,0,,n/e,n/e,196,,n/e,n/e,n/e,n/e,19,
14:00 - 15:00,54,,n/e,n/e,n/e,n/e,2,,n/e,n/e,n/e,n/e,n/e,n/e,n/e,n/e,n/e,n/e,n/e,n/e,177,,n/e,n/e,n/e,n/e,n/e,n/e,0,,n/e,n/e,149,,n/e,n/e,n/e,n/e,20,
15:00 - 16:00,55,,n/e,n/e,n/e,n/e,2,,n/e,n/e,n/e,n/e,n/e,n/e,n/e,n/e,n/e,n/e,n/e,n/e,179,,n/e,n/e,n/e,n/e,n/e,n/e,0,,n/e,n/e,96,,n/e,n/e,n/e,n/e,23,
16:00 - 17:00,55,,n/e,n/e,n/e,n/e,4,,n/e,n/e,n/e,n/e,n/e,n/e,n/e,n/e,n/e,n/e,n/e,n/e,204,,n/e,n/e,n/e,n/e,n/e,n/e,0,,n/e,n/e,41,,n/e,n/e,n/e,n/e,13,
17:00 - 18:00,57,,n/e,n/e,n/e,n/e,7,,n/e,n/e,n/e,n/e,n/e,n/e,n/e,n/e,n/e,n/e,n/e,n/e,186,,n/e,n/e,n/e,n/e,n/e,n/e,0,,n/e,n/e,12,,n/e,n/e,n/e,n/e,11,
18:00 - 19:00,58,,n/e,n/e,n/e,n/e,4,,n/e,n/e,n/e,n/e,n/e,n/e,n/e,n/e,n/e,n/e,n/e,n/e,168,,n/e,n/e,n/e,n/e,n/e,n/e,0,,n/e,n/e,1,,n/e,n/e,n/e,n/e,8,
19:00 - 20:00,56,,n/e,n/e,n/e,n/e,4,,n/e,n/e,n/e,n/e,n/e,n/e,n/e,n/e,n/e,n/e,n/e,n/e,151,,n/e,n/e,n/e,n/e,n/e,n/e,0,,n/e,n/e,0,,n/e,n/e,n/e,n/e,7,
20:00 - 21:00,53,,n/e,n/e,n/e,n/e,4,,n/e,n/e,n/e,n/e,n/e,n/e,n/e,n/e,n/e,n/e,n/e,n/e,165,,n/e,n/e,n/e,n/e,n/e,n/e,0,,n/e,n/e,0,,n/e,n/e,n/e,n/e,8,
21:00 - 22:00,50,,n/e,n/e,n/e,n/e,0,,n/e,n/e,n/e,n/e,n/e,n/e,n/e,n/e,n/e,n/e,n/e,n/e,99,,n/e,n/e,n/e,n/e,n/e,n/e,0,,n/e,n/e,0,,n/e,n/e,n/e,n/e,7,
22:00 - 23:00,51,,n/e,n/e,n/e,n/e,0,,n/e,n/e,n/e,n/e,n/e,n/e,n/e,n/e,n/e,n/e,n/e,n/e,8,,n/e,n/e,n/e,n/e,n/e,n/e,0,,n/e,n/e,0,,n/e,n/e,n/e,n/e,7,
23:00 - 00:00,50,,n/e,n/e,n/e,n/e,3,,n/e,n/e,n/e,n/e,n/e,n/e,n/e,n/e,n/e,n/e,n/e,n/e,8,,n/e,n/e,n/e,n/e,n/e,n/e,0,,n/e,n/e,0,,n/e,n/e,n/e,n/e,8,
00:00 - 01:00,49,,n/e,n/e,n/e,n/e,3,,n/e,n/e,n/e,n/e,n/e,n/e,n/e,n/e,n/e,n/e,n/e,n/e,8,,n/e,n/e,n/e,n/e,n/e,n/e,0,,n/e,n/e,0,,n/e,n/e,n/e,n/e,9,
01:00 - 02:00,48,,n/e,n/e,n/e,n/e,3,,n/e,n/e,n/e,n/e,n/e,n/e,n/e,n/e,n/e,n/e,n/e,n/e,96,,n/e,n/e,n/e,n/e,n/e,n/e,0,,n/e,n/e,0,,n/e,n/e,n/e,n/e,13,
02:00 - 03:00,49,,n/e,n/e,n/e,n/e,0,,n/e,n/e,n/e,n/e,n/e,n/e,n/e,n/e,n/e,n/e,n/e,n/e,99,,n/e,n/e,n/e,n/e,n/e,n/e,0,,n/e,n/e,1,,n/e,n/e,n/e,n/e,18,
03:00 - 04:00,52,,n/e,n/e,n/e,n/e,2,,n/e,n/e,n/e,n/e,n/e,n/e,n/e,n/e,n/e,n/e,n/e,n/e,189,,n/e,n/e,n/e,n/e,n/e,n/e,0,,n/e,n/e,12,,n/e,n/e,n/e,n/e,13,
04:00 - 05:00,55,,n/e,n/e,n/e,n/e,3,,n/e,n/e,n/e,n/e,n/e,n/e,n/e,n/e,n/e,n/e,n/e,n/e,333,,n/e,n/e,n/e,n/e,n/e,n/e,0,,n/e,n/e,39,,n/e,n/e,n/e,n/e,8,
05:00 - 06:00,61,,n/e,n/e,n/e,n/e,7,,n/e,n/e,n/e,n/e,n/e,n/e,n/e,n/e,n/e,n/e,n/e,n/e,412,,n/e,n/e,n/e,n/e,n/e,n/e,0,,n/e,n/e,84,,n/e,n/e,n/e,n/e,9,
06:00 - 07:00,59,,n/e,n/e,n/e,n/e,9,,n/e,n/e,n/e,n/e,n/e,n/e,n/e,n/e,n/e,n/e,n/e,n/e,364,,n/e,n/e,n/e,n/e,n/e,n/e,0,,n/e,n/e,138,,n/e,n/e,n/e,n/e,7,
07:00 - 08:00,59,,n/e,n/e,n/e,n/e,8,,n/e,n/e,n/e,n/e,n/e,n/e,n/e,n/e,n/e,n/e,n/e,n/e,339,,n/e,n/e,n/e,n/e,n/e,n/e,0,,n/e,n/e,190,,n/e,n/e,n/e,n/e,6,
08:00 - 09:00,57,,n/e,n/e,n/e,n/e,6,,n/e,n/e,n/e,n/e,n/e,n/e,n/e,n/e,n/e,n/e,n/e,n/e,185,,n/e,n/e,n/e,n/e,n/e,n/e,0,,n/e,n/e,215,,n/e,n/e,n/e,n/e,6,
09:00 - 10:00,53,,n/e,n/e,n/e,n/e,2,,n/e,n/e,n/e,n/e,n/e,n/e,n/e,n/e,n/e,n/e,n/e,n/e,261,,n/e,n/e,n/e,n/e,n/e,n/e,0,,n/e,n/e,239,,n/e,n/e,n/e,n/e,9,
10:00 - 11:00,50,,n/e,n/e,n/e,n/e,2,,n/e,n/e,n/e,n/e,n/e,n/e,n/e,n/e,n/e,n/e,n/e,n/e,97,,n/e,n/e,n/e,n/e,n/e,n/e,0,,n/e,n/e,249,,n/e,n/e,n/e,n/e,12,
11:00 - 12:00,48,,n/e,n/e,n/e,n/e,2,,n/e,n/e,n/e,n/e,n/e,n/e,n/e,n/e,n/e,n/e,n/e,n/e,76,,n/e,n/e,n/e,n/e,n/e,n/e,0,,n/e,n/e,236,,n/e,n/e,n/e,n/e,11,
12:00 - 13:00,50,,n/e,n/e,n/e,n/e,2,,n/e,n/e,n/e,n/e,n/e,n/e,n/e,n/e,n/e,n/e,n/e,n/e,106,,n/e,n/e,n/e,n/e,n/e,n/e,0,,n/e,n/e,222,,n/e,n/e,n/e,n/e,12,
13:00 - 14:00,54,,n/e,n/e,n/e,n/e,2,,n/e,n/e,n/e,n/e,n/e,n/e,n/e,n/e,n/e,n/e,n/e,n/e,122,,n/e,n/e,n/e,n/e,n/e,n/e,0,,n/e,n/e,212,,n/e,n/e,n/e,n/e,11,
14:00 - 15:00,60,,n/e,n/e,n/e,n/e,3,,n/e,n/e,n/e,n/e,n/e,n/e,n/e,n/e,n/e,n/e,n/e,n/e,186,,n/e,n/e,n/e,n/e,n/e,n/e,0,,n/e,n/e,169,,n/e,n/e,n/e,n/e,9,
15:00 - 16:00,57,,n/e,n/e,n/e,n/e,2,,n/e,n/e,n/e,n/e,n/e,n/e,n/e,n/e,n/e,n/e,n/e,n/e,168,,n/e,n/e,n/e,n/e,n/e,n/e,0,,n/e,n/e,100,,n/e,n/e,n/e,n/e,7,
16:00 - 17:00,56,,n/e,n/e,n/e,n/e,3,,n/e,n/e,n/e,n/e,n/e,n/e,n/e,n/e,n/e,n/e,n/e,n/e,224,,n/e,n/e,n/e,n/e,n/e,n/e,0,,n/e,n/e,42,,n/e,n/e,n/e,n/e,3,
17:00 - 18:00,60,,n/e,n/e,n/e,n/e,11,,n/e,n/e,n/e,n/e,n/e,n/e,n/e,n/e,n/e,n/e,n/e,n/e,333,,n/e,n/e,n/e,n/e,n/e,n/e,0,,n/e,n/e,12,,n/e,n/e,n/e,n/e,5,
18:00 - 19:00,61,,n/e,n/e,n/e,n/e,11,,n/e,n/e,n/e,n/e,n/e,n/e,n/e,n/e,n/e,n/e,n/e,n/e,348,,n/e,n/e,n/e,n/e,n/e,n/e,0,,n/e,n/e,1,,n/e,n/e,n/e,n/e,3,
19:00 - 20:00,60,,n/e,n/e,n/e,n/e,9,,n/e,n/e,n/e,n/e,n/e,n/e,n/e,n/e,n/e,n/e,n/e,n/e,293,,n/e,n/e,n/e,n/e,n/e,n/e,0,,n/e,n/e,0,,n/e,n/e,n/e,n/e,2,
20:00 - 21:00,54,,n/e,n/e,n/e,n/e,2,,n/e,n/e,n/e,n/e,n/e,n/e,n/e,n/e,n/e,n/e,n/e,n/e,247,,n/e,n/e,n/e,n/e,n/e,n/e,0,,n/e,n/e,0,,n/e,n/e,n/e,n/e,4,
21:00 - 22:00,53,,n/e,n/e,n/e,n/e,2,,n/e,n/e,n/e,n/e,n/e,n/e,n/e,n/e,n/e,n/e,n/e,n/e,194,,n/e,n/e,n/e,n/e,n/e,n/e,0,,n/e,n/e,0,,n/e,n/e,n/e,n/e,2,
22:00 - 23:00,51,,n/e,n/e,n/e,n/e,2,,n/e,n/e,n/e,n/e,n/e,n/e,n/e,n/e,n/e,n/e,n/e,n/e,127,,n/e,n/e,n/e,n/e,n/e,n/e,0,,n/e,n/e,0,,n/e,n/e,n/e,n/e,1,
23:00 - 00:00,54,,n/e,n/e,n/e,n/e,3,,n/e,n/e,n/e,n/e,n/e,n/e,n/e,n/e,n/e,n/e,n/e,n/e,134,,n/e,n/e,n/e,n/e,n/e,n/e,0,,n/e,n/e,0,,n/e,n/e,n/e,n/e,2,
00:00 - 01:00,51,,n/e,n/e,n/e,n/e,2,,n/e,n/e,n/e,n/e,n/e,n/e,n/e,n/e,n/e,n/e,n/e,n/e,134,,n/e,n/e,n/e,n/e,n/e,n/e,0,,n/e,n/e,0,,n/e,n/e,n/e,n/e,3,
01:00 - 02:00,50,,n/e,n/e,n/e,n/e,2,,n/e,n/e,n/e,n/e,n/e,n/e,n/e,n/e,n/e,n/e,n/e,n/e,134,,n/e,n/e,n/e,n/e,n/e,n/e,0,,n/e,n/e,0,,n/e,n/e,n/e,n/e,5,
02:00 - 03:00,51,,n/e,n/e,n/e,n/e,2,,n/e,n/e,n/e,n/e,n/e,n/e,n/e,n/e,n/e,n/e,n/e,n/e,133,,n/e,n/e,n/e,n/e,n/e,n/e,0,,n/e,n/e,1,,n/e,n/e,n/e,n/e,4,
03:00 - 04:00,52,,n/e,n/e,n/e,n/e,2,,n/e,n/e,n/e,n/e,n/e,n/e,n/e,n/e,n/e,n/e,n/e,n/e,133,,n/e,n/e,n/e,n/e,n/e,n/e,0,,n/e,n/e,10,,n/e,n/e,n/e,n/e,5,
04:00 - 05:00,56,,n/e,n/e,n/e,n/e,2,,n/e,n/e,n/e,n/e,n/e,n/e,n/e,n/e,n/e,n/e,n/e,n/e,108,,n/e,n/e,n/e,n/e,n/e,n/e,0,,n/e,n/e,37,,n/e,n/e,n/e,n/e,4,
05:00 - 06:00,54,,n/e,n/e,n/e,n/e,2,,n/e,n/e,n/e,n/e,n/e,n/e,n/e,n/e,n/e,n/e,n/e,n/e,81,,n/e,n/e,n/e,n/e,n/e,n/e,0,,n/e,n/e,73,,n/e,n/e,n/e,n/e,4,
06:00 - 07:00,51,,n/e,n/e,n/e,n/e,2,,n/e,n/e,n/e,n/e,n/e,n/e,n/e,n/e,n/e,n/e,n/e,n/e,77,,n/e,n/e,n/e,n/e,n/e,n/e,0,,n/e,n/e,116,,n/e,n/e,n/e,n/e,6,
07:00 - 08:00,48,,n/e,n/e,n/e,n/e,1,,n/e,n/e,n/e,n/e,n/e,n/e,n/e,n/e,n/e,n/e,n/e,n/e,67,,n/e,n/e,n/e,n/e,n/e,n/e,0,,n/e,n/e,165,,n/e,n/e,n/e,n/e,12,
08:00 - 09:00,42,,n/e,n/e,n/e,n/e,0,,n/e,n/e,n/e,n/e,n/e,n/e,n/e,n/e,n/e,n/e,n/e,n/e,7,,n/e,n/e,n/e,n/e,n/e,n/e,0,,n/e,n/e,194,,n/e,n/e,n/e,n/e,15,
09:00 - 10:00,40,,n/e,n/e,n/e,n/e,0,,n/e,n/e,n/e,n/e,n/e,n/e,n/e,n/e,n/e,n/e,n/e,n/e,8,,n/e,n/e,n/e,n/e,n/e,n/e,0,,n/e,n/e,224,,n/e,n/e,n/e,n/e,18,
10:00 - 11:00,40,,n/e,n/e,n/e,n/e,0,,n/e,n/e,n/e,n/e,n/e,n/e,n/e,n/e,n/e,n/e,n/e,n/e,7,,n/e,n/e,n/e,n/e,n/e,n/e,0,,n/e,n/e,244,,n/e,n/e,n/e,n/e,24,
11:00 - 12:00,40,,n/e,n/e,n/e,n/e,0,,n/e,n/e,n/e,n/e,n/e,n/e,n/e,n/e,n/e,n/e,n/e,n/e,7,,n/e,n/e,n/e,n/e,n/e,n/e,0,,n/e,n/e,240,,n/e,n/e,n/e,n/e,26,
12:00 - 13:00,41,,n/e,n/e,n/e,n/e,1,,n/e,n/e,n/e,n/e,n/e,n/e,n/e,n/e,n/e,n/e,n/e,n/e,7,,n/e,n/e,n/e,n/e,n/e,n/e,0,,n/e,n/e,226,,n/e,n/e,n/e,n/e,21,
13:00 - 14:00,41,,n/e,n/e,n/e,n/e,2,,n/e,n/e,n/e,n/e,n/e,n/e,n/e,n/e,n/e,n/e,n/e,n/e,93,,n/e,n/e,n/e,n/e,n/e,n/e,0,,n/e,n/e,197,,n/e,n/e,n/e,n/e,20,
14:00 - 15:00,45,,n/e,n/e,n/e,n/e,2,,n/e,n/e,n/e,n/e,n/e,n/e,n/e,n/e,n/e,n/e,n/e,n/e,136,,n/e,n/e,n/e,n/e,n/e,n/e,0,,n/e,n/e,132,,n/e,n/e,n/e,n/e,19,
15:00 - 16:00,49,,n/e,n/e,n/e,n/e,2,,n/e,n/e,n/e,n/e,n/e,n/e,n/e,n/e,n/e,n/e,n/e,n/e,237,,n/e,n/e,n/e,n/e,n/e,n/e,0,,n/e,n/e,85,,n/e,n/e,n/e,n/e,16,
16:00 - 17:00,55,,n/e,n/e,n/e,n/e,5,,n/e,n/e,n/e,n/e,n/e,n/e,n/e,n/e,n/e,n/e,n/e,n/e,242,,n/e,n/e,n/e,n/e,n/e,n/e,0,,n/e,n/e,43,,n/e,n/e,n/e,n/e,12,
17:00 - 18:00,56,,n/e,n/e,n/e,n/e,4,,n/e,n/e,n/e,n/e,n/e,n/e,n/e,n/e,n/e,n/e,n/e,n/e,243,,n/e,n/e,n/e,n/e,n/e,n/e,0,,n/e,n/e,11,,n/e,n/e,n/e,n/e,8,
18:00 - 19:00,55,,n/e,n/e,n/e,n/e,4,,n/e,n/e,n/e,n/e,n/e,n/e,n/e,n/e,n/e,n/e,n/e,n/e,243,,n/e,n/e,n/e,n/e,n/e,n/e,0,,n/e,n/e,1,,n/e,n/e,n/e,n/e,3,
19:00 - 20:00,54,,n/e,n/e,n/e,n/e,4,,n/e,n/e,n/e,n/e,n/e,n/e,n/e,n/e,n/e,n/e,n/e,n/e,225,,n/e,n/e,n/e,n/e,n/e,n/e,0,,n/e,n/e,0,,n/e,n/e,n/e,n/e,2,
20:00 - 21:00,53,,n/e,n/e,n/e,n/e,4,,n/e,n/e,n/e,n/e,n/e,n/e,n/e,n/e,n/e,n/e,n/e,n/e,216,,n/e,n/e,n/e,n/e,n/e,n/e,0,,n/e,n/e,0,,n/e,n/e,n/e,n/e,3,
21:00 - 22:00,51,,n/e,n/e,n/e,n/e,4,,n/e,n/e,n/e,n/e,n/e,n/e,n/e,n/e,n/e,n/e,n/e,n/e,200,,n/e,n/e,n/e,n/e,n/e,n/e,0,,n/e,n/e,0,,n/e,n/e,n/e,n/e,2,
22:00 - 23:00,51,,n/e,n/e,n/e,n/e,2,,n/e,n/e,n/e,n/e,n/e,n/e,n/e,n/e,n/e,n/e,n/e,n/e,7,,n/e,n/e,n/e,n/e,n/e,n/e,0,,n/e,n/e,0,,n/e,n/e,n/e,n/e,1,
23:00 - 00:00,52,,n/e,n/e,n/e,n/e,2,,n/e,n/e,n/e,n/e,n/e,n/e,n/e,n/e,n/e,n/e,n/e,n/e,7,,n/e,n/e,n/e,n/e,n/e,n/e,0,,n/e,n/e,0,,n/e,n/e,n/e,n/e,1,
00:00 - 01:00,52,,n/e,n/e,n/e,n/e,2,,n/e,n/e,n/e,n/e,n/e,n/e,n/e,n/e,n/e,n/e,n/e,n/e,6,,n/e,n/e,n/e,n/e,n/e,n/e,0,,n/e,n/e,0,,n/e,n/e,n/e,n/e,1,
01:00 - 02:00,47,,n/e,n/e,n/e,n/e,0,,n/e,n/e,n/e,n/e,n/e,n/e,n/e,n/e,n/e,n/e,n/e,n/e,6,,n/e,n/e,n/e,n/e,n/e,n/e,0,,n/e,n/e,0,,n/e,n/e,n/e,n/e,2,
02:00 - 03:00,48,,n/e,n/e,n/e,n/e,0,,n/e,n/e,n/e,n/e,n/e,n/e,n/e,n/e,n/e,n/e,n/e,n/e,6,,n/e,n/e,n/e,n/e,n/e,n/e,0,,n/e,n/e,1,,n/e,n/e,n/e,n/e,0,
03:00 - 04:00,48,,n/e,n/e,n/e,n/e,0,,n/e,n/e,n/e,n/e,n/e,n/e,n/e,n/e,n/e,n/e,n/e,n/e,6,,n/e,n/e,n/e,n/e,n/e,n/e,0,,n/e,n/e,13,,n/e,n/e,n/e,n/e,3,
04:00 - 05:00,50,,n/e,n/e,n/e,n/e,0,,n/e,n/e,n/e,n/e,n/e,n/e,n/e,n/e,n/e,n/e,n/e,n/e,6,,n/e,n/e,n/e,n/e,n/e,n/e,0,,n/e,n/e,39,,n/e,n/e,n/e,n/e,8,
05:00 - 06:00,50,,n/e,n/e,n/e,n/e,0,,n/e,n/e,n/e,n/e,n/e,n/e,n/e,n/e,n/e,n/e,n/e,n/e,7,,n/e,n/e,n/e,n/e,n/e,n/e,0,,n/e,n/e,85,,n/e,n/e,n/e,n/e,6,
06:00 - 07:00,48,,n/e,n/e,n/e,n/e,0,,n/e,n/e,n/e,n/e,n/e,n/e,n/e,n/e,n/e,n/e,n/e,n/e,25,,n/e,n/e,n/e,n/e,n/e,n/e,0,,n/e,n/e,146,,n/e,n/e,n/e,n/e,5,
07:00 - 08:00,45,,n/e,n/e,n/e,n/e,0,,n/e,n/e,n/e,n/e,n/e,n/e,n/e,n/e,n/e,n/e,n/e,n/e,11,,n/e,n/e,n/e,n/e,n/e,n/e,0,,n/e,n/e,202,,n/e,n/e,n/e,n/e,11,
08:00 - 09:00,48,,n/e,n/e,n/e,n/e,0,,n/e,n/e,n/e,n/e,n/e,n/e,n/e,n/e,n/e,n/e,n/e,n/e,23,,n/e,n/e,n/e,n/e,n/e,n/e,0,,n/e,n/e,246,,n/e,n/e,n/e,n/e,12,
09:00 - 10:00,43,,n/e,n/e,n/e,n/e,0,,n/e,n/e,n/e,n/e,n/e,n/e,n/e,n/e,n/e,n/e,n/e,n/e,8,,n/e,n/e,n/e,n/e,n/e,n/e,0,,n/e,n/e,283,,n/e,n/e,n/e,n/e,10,
10:00 - 11:00,47,,n/e,n/e,n/e,n/e,0,,n/e,n/e,n/e,n/e,n/e,n/e,n/e,n/e,n/e,n/e,n/e,n/e,7,,n/e,n/e,n/e,n/e,n/e,n/e,0,,n/e,n/e,272,,n/e,n/e,n/e,n/e,9,
11:00 - 12:00,46,,n/e,n/e,n/e,n/e,0,,n/e,n/e,n/e,n/e,n/e,n/e,n/e,n/e,n/e,n/e,n/e,n/e,23,,n/e,n/e,n/e,n/e,n/e,n/e,0,,n/e,n/e,246,,n/e,n/e,n/e,n/e,9,
12:00 - 13:00,40,,n/e,n/e,n/e,n/e,0,,n/e,n/e,n/e,n/e,n/e,n/e,n/e,n/e,n/e,n/e,n/e,n/e,7,,n/e,n/e,n/e,n/e,n/e,n/e,0,,n/e,n/e,227,,n/e,n/e,n/e,n/e,7,
13:00 - 14:00,40,,n/e,n/e,n/e,n/e,0,,n/e,n/e,n/e,n/e,n/e,n/e,n/e,n/e,n/e,n/e,n/e,n/e,9,,n/e,n/e,n/e,n/e,n/e,n/e,0,,n/e,n/e,208,,n/e,n/e,n/e,n/e,4,
14:00 - 15:00,47,,n/e,n/e,n/e,n/e,0,,n/e,n/e,n/e,n/e,n/e,n/e,n/e,n/e,n/e,n/e,n/e,n/e,97,,n/e,n/e,n/e,n/e,n/e,n/e,0,,n/e,n/e,164,,n/e,n/e,n/e,n/e,9,
15:00 - 16:00,53,,n/e,n/e,n/e,n/e,3,,n/e,n/e,n/e,n/e,n/e,n/e,n/e,n/e,n/e,n/e,n/e,n/e,228,,n/e,n/e,n/e,n/e,n/e,n/e,0,,n/e,n/e,95,,n/e,n/e,n/e,n/e,5,
16:00 - 17:00,56,,n/e,n/e,n/e,n/e,4,,n/e,n/e,n/e,n/e,n/e,n/e,n/e,n/e,n/e,n/e,n/e,n/e,357,,n/e,n/e,n/e,n/e,n/e,n/e,0,,n/e,n/e,36,,n/e,n/e,n/e,n/e,1,
17:00 - 18:00,56,,n/e,n/e,n/e,n/e,4,,n/e,n/e,n/e,n/e,n/e,n/e,n/e,n/e,n/e,n/e,n/e,n/e,359,,n/e,n/e,n/e,n/e,n/e,n/e,0,,n/e,n/e,10,,n/e,n/e,n/e,n/e,0,
18:00 - 19:00,55,,n/e,n/e,n/e,n/e,4,,n/e,n/e,n/e,n/e,n/e,n/e,n/e,n/e,n/e,n/e,n/e,n/e,359,,n/e,n/e,n/e,n/e,n/e,n/e,0,,n/e,n/e,1,,n/e,n/e,n/e,n/e,0,
19:00 - 20:00,54,,n/e,n/e,n/e,n/e,6,,n/e,n/e,n/e,n/e,n/e,n/e,n/e,n/e,n/e,n/e,n/e,n/e,357,,n/e,n/e,n/e,n/e,n/e,n/e,0,,n/e,n/e,0,,n/e,n/e,n/e,n/e,0,
20:00 - 21:00,50,,n/e,n/e,n/e,n/e,7,,n/e,n/e,n/e,n/e,n/e,n/e,n/e,n/e,n/e,n/e,n/e,n/e,267,,n/e,n/e,n/e,n/e,n/e,n/e,0,,n/e,n/e,0,,n/e,n/e,n/e,n/e,0,
21:00 - 22:00,50,,n/e,n/e,n/e,n/e,7,,n/e,n/e,n/e,n/e,n/e,n/e,n/e,n/e,n/e,n/e,n/e,n/e,223,,n/e,n/e,n/e,n/e,n/e,n/e,0,,n/e,n/e,0,,n/e,n/e,n/e,n/e,0,
22:00 - 23:00,49,,n/e,n/e,n/e,n/e,7,,n/e,n/e,n/e,n/e,n/e,n/e,n/e,n/e,n/e,n/e,n/e,n/e,112,,n/e,n/e,n/e,n/e,n/e,n/e,0,,n/e,n/e,0,,n/e,n/e,n/e,n/e,0,
23:00 - 00:00,48,,n/e,n/e,n/e,n/e,3,,n/e,n/e,n/e,n/e,n/e,n/e,n/e,n/e,n/e,n/e,n/e,n/e,112,,n/e,n/e,n/e,n/e,n/e,n/e,0,,n/e,n/e,0,,n/e,n/e,n/e,n/e,0,
00:00 - 01:00,48,,n/e,n/e,n/e,n/e,3,,n/e,n/e,n/e,n/e,n/e,n/e,n/e,n/e,n/e,n/e,n/e,n/e,112,,n/e,n/e,n/e,n/e,n/e,n/e,0,,n/e,n/e,0,,n/e,n/e,n/e,n/e,0,
01:00 - 02:00,47,,n/e,n/e,n/e,n/e,3,,n/e,n/e,n/e,n/e,n/e,n/e,n/e,n/e,n/e,n/e,n/e,n/e,112,,n/e,n/e,n/e,n/e,n/e,n/e,0,,n/e,n/e,0,,n/e,n/e,n/e,n/e,0,
02:00 - 03:00,50,,n/e,n/e,n/e,n/e,1,,n/e,n/e,n/e,n/e,n/e,n/e,n/e,n/e,n/e,n/e,n/e,n/e,112,,n/e,n/e,n/e,n/e,n/e,n/e,0,,n/e,n/e,1,,n/e,n/e,n/e,n/e,1,
03:00 - 04:00,53,,n/e,n/e,n/e,n/e,1,,n/e,n/e,n/e,n/e,n/e,n/e,n/e,n/e,n/e,n/e,n/e,n/e,112,,n/e,n/e,n/e,n/e,n/e,n/e,0,,n/e,n/e,13,,n/e,n/e,n/e,n/e,1,
04:00 - 05:00,56,,n/e,n/e,n/e,n/e,3,,n/e,n/e,n/e,n/e,n/e,n/e,n/e,n/e,n/e,n/e,n/e,n/e,115,,n/e,n/e,n/e,n/e,n/e,n/e,0,,n/e,n/e,45,,n/e,n/e,n/e,n/e,2,
05:00 - 06:00,56,,n/e,n/e,n/e,n/e,7,,n/e,n/e,n/e,n/e,n/e,n/e,n/e,n/e,n/e,n/e,n/e,n/e,133,,n/e,n/e,n/e,n/e,n/e,n/e,0,,n/e,n/e,101,,n/e,n/e,n/e,n/e,1,
06:00 - 07:00,56,,n/e,n/e,n/e,n/e,7,,n/e,n/e,n/e,n/e,n/e,n/e,n/e,n/e,n/e,n/e,n/e,n/e,134,,n/e,n/e,n/e,n/e,n/e,n/e,0,,n/e,n/e,165,,n/e,n/e,n/e,n/e,1,
07:00 - 08:00,56,,n/e,n/e,n/e,n/e,20,,n/e,n/e,n/e,n/e,n/e,n/e,n/e,n/e,n/e,n/e,n/e,n/e,26,,n/e,n/e,n/e,n/e,n/e,n/e,0,,n/e,n/e,229,,n/e,n/e,n/e,n/e,1,
08:00 - 09:00,55,,n/e,n/e,n/e,n/e,52,,n/e,n/e,n/e,n/e,n/e,n/e,n/e,n/e,n/e,n/e,n/e,n/e,56,,n/e,n/e,n/e,n/e,n/e,n/e,0,,n/e,n/e,269,,n/e,n/e,n/e,n/e,1,
09:00 - 10:00,51,,n/e,n/e,n/e,n/e,145,,n/e,n/e,n/e,n/e,n/e,n/e,n/e,n/e,n/e,n/e,n/e,n/e,14,,n/e,n/e,n/e,n/e,n/e,n/e,0,,n/e,n/e,293,,n/e,n/e,n/e,n/e,4,
10:00 - 11:00,49,,n/e,n/e,n/e,n/e,152,,n/e,n/e,n/e,n/e,n/e,n/e,n/e,n/e,n/e,n/e,n/e,n/e,6,,n/e,n/e,n/e,n/e,n/e,n/e,0,,n/e,n/e,301,,n/e,n/e,n/e,n/e,6,
11:00 - 12:00,47,,n/e,n/e,n/e,n/e,153,,n/e,n/e,n/e,n/e,n/e,n/e,n/e,n/e,n/e,n/e,n/e,n/e,6,,n/e,n/e,n/e,n/e,n/e,n/e,0,,n/e,n/e,296,,n/e,n/e,n/e,n/e,7,
12:00 - 13:00,47,,n/e,n/e,n/e,n/e,153,,n/e,n/e,n/e,n/e,n/e,n/e,n/e,n/e,n/e,n/e,n/e,n/e,6,,n/e,n/e,n/e,n/e,n/e,n/e,0,,n/e,n/e,283,,n/e,n/e,n/e,n/e,16,
13:00 - 14:00,51,,n/e,n/e,n/e,n/e,153,,n/e,n/e,n/e,n/e,n/e,n/e,n/e,n/e,n/e,n/e,n/e,n/e,7,,n/e,n/e,n/e,n/e,n/e,n/e,0,,n/e,n/e,240,,n/e,n/e,n/e,n/e,23,
14:00 - 15:00,53,,n/e,n/e,n/e,n/e,153,,n/e,n/e,n/e,n/e,n/e,n/e,n/e,n/e,n/e,n/e,n/e,n/e,87,,n/e,n/e,n/e,n/e,n/e,n/e,0,,n/e,n/e,173,,n/e,n/e,n/e,n/e,27,
15:00 - 16:00,53,,n/e,n/e,n/e,n/e,159,,n/e,n/e,n/e,n/e,n/e,n/e,n/e,n/e,n/e,n/e,n/e,n/e,231,,n/e,n/e,n/e,n/e,n/e,n/e,0,,n/e,n/e,105,,n/e,n/e,n/e,n/e,25,
16:00 - 17:00,53,,n/e,n/e,n/e,n/e,258,,n/e,n/e,n/e,n/e,n/e,n/e,n/e,n/e,n/e,n/e,n/e,n/e,315,,n/e,n/e,n/e,n/e,n/e,n/e,0,,n/e,n/e,41,,n/e,n/e,n/e,n/e,21,
17:00 - 18:00,54,,n/e,n/e,n/e,n/e,335,,n/e,n/e,n/e,n/e,n/e,n/e,n/e,n/e,n/e,n/e,n/e,n/e,244,,n/e,n/e,n/e,n/e,n/e,n/e,0,,n/e,n/e,11,,n/e,n/e,n/e,n/e,11,
18:00 - 19:00,55,,n/e,n/e,n/e,n/e,340,,n/e,n/e,n/e,n/e,n/e,n/e,n/e,n/e,n/e,n/e,n/e,n/e,235,,n/e,n/e,n/e,n/e,n/e,n/e,0,,n/e,n/e,1,,n/e,n/e,n/e,n/e,8,
19:00 - 20:00,55,,n/e,n/e,n/e,n/e,337,,n/e,n/e,n/e,n/e,n/e,n/e,n/e,n/e,n/e,n/e,n/e,n/e,242,,n/e,n/e,n/e,n/e,n/e,n/e,0,,n/e,n/e,0,,n/e,n/e,n/e,n/e,8,
20:00 - 21:00,53,,n/e,n/e,n/e,n/e,329,,n/e,n/e,n/e,n/e,n/e,n/e,n/e,n/e,n/e,n/e,n/e,n/e,233,,n/e,n/e,n/e,n/e,n/e,n/e,0,,n/e,n/e,0,,n/e,n/e,n/e,n/e,10,
21:00 - 22:00,50,,n/e,n/e,n/e,n/e,233,,n/e,n/e,n/e,n/e,n/e,n/e,n/e,n/e,n/e,n/e,n/e,n/e,149,,n/e,n/e,n/e,n/e,n/e,n/e,0,,n/e,n/e,0,,n/e,n/e,n/e,n/e,8,
22:00 - 23:00,50,,n/e,n/e,n/e,n/e,153,,n/e,n/e,n/e,n/e,n/e,n/e,n/e,n/e,n/e,n/e,n/e,n/e,96,,n/e,n/e,n/e,n/e,n/e,n/e,0,,n/e,n/e,0,,n/e,n/e,n/e,n/e,7,
23:00 - 00:00,50,,n/e,n/e,n/e,n/e,151,,n/e,n/e,n/e,n/e,n/e,n/e,n/e,n/e,n/e,n/e,n/e,n/e,95,,n/e,n/e,n/e,n/e,n/e,n/e,0,,n/e,n/e,0,,n/e,n/e,n/e,n/e,6,
00:00 - 01:00,49,,n/e,n/e,n/e,n/e,151,,n/e,n/e,n/e,n/e,n/e,n/e,n/e,n/e,n/e,n/e,n/e,n/e,95,,n/e,n/e,n/e,n/e,n/e,n/e,0,,n/e,n/e,0,,n/e,n/e,n/e,n/e,6,
01:00 - 02:00,49,,n/e,n/e,n/e,n/e,151,,n/e,n/e,n/e,n/e,n/e,n/e,n/e,n/e,n/e,n/e,n/e,n/e,95,,n/e,n/e,n/e,n/e,n/e,n/e,0,,n/e,n/e,0,,n/e,n/e,n/e,n/e,6,
02:00 - 03:00,51,,n/e,n/e,n/e,n/e,151,,n/e,n/e,n/e,n/e,n/e,n/e,n/e,n/e,n/e,n/e,n/e,n/e,95,,n/e,n/e,n/e,n/e,n/e,n/e,0,,n/e,n/e,1,,n/e,n/e,n/e,n/e,5,
03:00 - 04:00,52,,n/e,n/e,n/e,n/e,153,,n/e,n/e,n/e,n/e,n/e,n/e,n/e,n/e,n/e,n/e,n/e,n/e,89,,n/e,n/e,n/e,n/e,n/e,n/e,0,,n/e,n/e,10,,n/e,n/e,n/e,n/e,5,
04:00 - 05:00,57,,n/e,n/e,n/e,n/e,154,,n/e,n/e,n/e,n/e,n/e,n/e,n/e,n/e,n/e,n/e,n/e,n/e,93,,n/e,n/e,n/e,n/e,n/e,n/e,0,,n/e,n/e,36,,n/e,n/e,n/e,n/e,6,
05:00 - 06:00,58,,n/e,n/e,n/e,n/e,154,,n/e,n/e,n/e,n/e,n/e,n/e,n/e,n/e,n/e,n/e,n/e,n/e,93,,n/e,n/e,n/e,n/e,n/e,n/e,0,,n/e,n/e,78,,n/e,n/e,n/e,n/e,2,
06:00 - 07:00,54,,n/e,n/e,n/e,n/e,154,,n/e,n/e,n/e,n/e,n/e,n/e,n/e,n/e,n/e,n/e,n/e,n/e,90,,n/e,n/e,n/e,n/e,n/e,n/e,0,,n/e,n/e,140,,n/e,n/e,n/e,n/e,3,
07:00 - 08:00,49,,n/e,n/e,n/e,n/e,151,,n/e,n/e,n/e,n/e,n/e,n/e,n/e,n/e,n/e,n/e,n/e,n/e,6,,n/e,n/e,n/e,n/e,n/e,n/e,0,,n/e,n/e,195,,n/e,n/e,n/e,n/e,5,
08:00 - 09:00,44,,n/e,n/e,n/e,n/e,151,,n/e,n/e,n/e,n/e,n/e,n/e,n/e,n/e,n/e,n/e,n/e,n/e,6,,n/e,n/e,n/e,n/e,n/e,n/e,0,,n/e,n/e,230,,n/e,n/e,n/e,n/e,8,
09:00 - 10:00,40,,n/e,n/e,n/e,n/e,151,,n/e,n/e,n/e,n/e,n/e,n/e,n/e,n/e,n/e,n/e,n/e,n/e,5,,n/e,n/e,n/e,n/e,n/e,n/e,0,,n/e,n/e,239,,n/e,n/e,n/e,n/e,12,
10:00 - 11:00,39,,n/e,n/e,n/e,n/e,151,,n/e,n/e,n/e,n/e,n/e,n/e,n/e,n/e,n/e,n/e,n/e,n/e,5,,n/e,n/e,n/e,n/e,n/e,n/e,0,,n/e,n/e,263,,n/e,n/e,n/e,n/e,18,
11:00 - 12:00,39,,n/e,n/e,n/e,n/e,151,,n/e,n/e,n/e,n/e,n/e,n/e,n/e,n/e,n/e,n/e,n/e,n/e,5,,n/e,n/e,n/e,n/e,n/e,n/e,0,,n/e,n/e,245,,n/e,n/e,n/e,n/e,24,
12:00 - 13:00,39,,n/e,n/e,n/e,n/e,151,,n/e,n/e,n/e,n/e,n/e,n/e,n/e,n/e,n/e,n/e,n/e,n/e,6,,n/e,n/e,n/e,n/e,n/e,n/e,0,,n/e,n/e,238,,n/e,n/e,n/e,n/e,23,
13:00 - 14:00,41,,n/e,n/e,n/e,n/e,151,,n/e,n/e,n/e,n/e,n/e,n/e,n/e,n/e,n/e,n/e,n/e,n/e,6,,n/e,n/e,n/e,n/e,n/e,n/e,0,,n/e,n/e,212,,n/e,n/e,n/e,n/e,22,
14:00 - 15:00,44,,n/e,n/e,n/e,n/e,151,,n/e,n/e,n/e,n/e,n/e,n/e,n/e,n/e,n/e,n/e,n/e,n/e,6,,n/e,n/e,n/e,n/e,n/e,n/e,0,,n/e,n/e,162,,n/e,n/e,n/e,n/e,19,
15:00 - 16:00,52,,n/e,n/e,n/e,n/e,153,,n/e,n/e,n/e,n/e,n/e,n/e,n/e,n/e,n/e,n/e,n/e,n/e,147,,n/e,n/e,n/e,n/e,n/e,n/e,0,,n/e,n/e,101,,n/e,n/e,n/e,n/e,15,
16:00 - 17:00,55,,n/e,n/e,n/e,n/e,248,,n/e,n/e,n/e,n/e,n/e,n/e,n/e,n/e,n/e,n/e,n/e,n/e,330,,n/e,n/e,n/e,n/e,n/e,n/e,0,,n/e,n/e,43,,n/e,n/e,n/e,n/e,9,
17:00 - 18:00,58,,n/e,n/e,n/e,n/e,257,,n/e,n/e,n/e,n/e,n/e,n/e,n/e,n/e,n/e,n/e,n/e,n/e,332,,n/e,n/e,n/e,n/e,n/e,n/e,0,,n/e,n/e,12,,n/e,n/e,n/e,n/e,6,
18:00 - 19:00,58,,n/e,n/e,n/e,n/e,256,,n/e,n/e,n/e,n/e,n/e,n/e,n/e,n/e,n/e,n/e,n/e,n/e,331,,n/e,n/e,n/e,n/e,n/e,n/e,0,,n/e,n/e,1,,n/e,n/e,n/e,n/e,5,
19:00 - 20:00,56,,n/e,n/e,n/e,n/e,257,,n/e,n/e,n/e,n/e,n/e,n/e,n/e,n/e,n/e,n/e,n/e,n/e,322,,n/e,n/e,n/e,n/e,n/e,n/e,0,,n/e,n/e,0,,n/e,n/e,n/e,n/e,5,
20:00 - 21:00,54,,n/e,n/e,n/e,n/e,255,,n/e,n/e,n/e,n/e,n/e,n/e,n/e,n/e,n/e,n/e,n/e,n/e,322,,n/e,n/e,n/e,n/e,n/e,n/e,0,,n/e,n/e,0,,n/e,n/e,n/e,n/e,4,
21:00 - 22:00,52,,n/e,n/e,n/e,n/e,253,,n/e,n/e,n/e,n/e,n/e,n/e,n/e,n/e,n/e,n/e,n/e,n/e,276,,n/e,n/e,n/e,n/e,n/e,n/e,0,,n/e,n/e,0,,n/e,n/e,n/e,n/e,4,
22:00 - 23:00,52,,n/e,n/e,n/e,n/e,251,,n/e,n/e,n/e,n/e,n/e,n/e,n/e,n/e,n/e,n/e,n/e,n/e,43,,n/e,n/e,n/e,n/e,n/e,n/e,0,,n/e,n/e,0,,n/e,n/e,n/e,n/e,2,
23:00 - 00:00,53,,n/e,n/e,n/e,n/e,251,,n/e,n/e,n/e,n/e,n/e,n/e,n/e,n/e,n/e,n/e,n/e,n/e,40,,n/e,n/e,n/e,n/e,n/e,n/e,0,,n/e,n/e,0,,n/e,n/e,n/e,n/e,2,
00:00 - 01:00,51,,n/e,n/e,n/e,n/e,251,,n/e,n/e,n/e,n/e,n/e,n/e,n/e,n/e,n/e,n/e,n/e,n/e,40,,n/e,n/e,n/e,n/e,n/e,n/e,0,,n/e,n/e,0,,n/e,n/e,n/e,n/e,2,
01:00 - 02:00,51,,n/e,n/e,n/e,n/e,251,,n/e,n/e,n/e,n/e,n/e,n/e,n/e,n/e,n/e,n/e,n/e,n/e,41,,n/e,n/e,n/e,n/e,n/e,n/e,0,,n/e,n/e,0,,n/e,n/e,n/e,n/e,1,
02:00 - 03:00,52,,n/e,n/e,n/e,n/e,252,,n/e,n/e,n/e,n/e,n/e,n/e,n/e,n/e,n/e,n/e,n/e,n/e,129,,n/e,n/e,n/e,n/e,n/e,n/e,0,,n/e,n/e,1,,n/e,n/e,n/e,n/e,0,
03:00 - 04:00,54,,n/e,n/e,n/e,n/e,254,,n/e,n/e,n/e,n/e,n/e,n/e,n/e,n/e,n/e,n/e,n/e,n/e,162,,n/e,n/e,n/e,n/e,n/e,n/e,0,,n/e,n/e,10,,n/e,n/e,n/e,n/e,0,
04:00 - 05:00,60,,n/e,n/e,n/e,n/e,256,,n/e,n/e,n/e,n/e,n/e,n/e,n/e,n/e,n/e,n/e,n/e,n/e,164,,n/e,n/e,n/e,n/e,n/e,n/e,0,,n/e,n/e,38,,n/e,n/e,n/e,n/e,0,
05:00 - 06:00,62,,n/e,n/e,n/e,n/e,255,,n/e,n/e,n/e,n/e,n/e,n/e,n/e,n/e,n/e,n/e,n/e,n/e,171,,n/e,n/e,n/e,n/e,n/e,n/e,0,,n/e,n/e,91,,n/e,n/e,n/e,n/e,0,
06:00 - 07:00,61,,n/e,n/e,n/e,n/e,164,,n/e,n/e,n/e,n/e,n/e,n/e,n/e,n/e,n/e,n/e,n/e,n/e,167,,n/e,n/e,n/e,n/e,n/e,n/e,0,,n/e,n/e,162,,n/e,n/e,n/e,n/e,0,
07:00 - 08:00,52,,n/e,n/e,n/e,n/e,152,,n/e,n/e,n/e,n/e,n/e,n/e,n/e,n/e,n/e,n/e,n/e,n/e,97,,n/e,n/e,n/e,n/e,n/e,n/e,0,,n/e,n/e,217,,n/e,n/e,n/e,n/e,0,
08:00 - 09:00,52,,n/e,n/e,n/e,n/e,151,,n/e,n/e,n/e,n/e,n/e,n/e,n/e,n/e,n/e,n/e,n/e,n/e,5,,n/e,n/e,n/e,n/e,n/e,n/e,0,,n/e,n/e,258,,n/e,n/e,n/e,n/e,0,
09:00 - 10:00,49,,n/e,n/e,n/e,n/e,151,,n/e,n/e,n/e,n/e,n/e,n/e,n/e,n/e,n/e,n/e,n/e,n/e,5,,n/e,n/e,n/e,n/e,n/e,n/e,0,,n/e,n/e,274,,n/e,n/e,n/e,n/e,3,
10:00 - 11:00,43,,n/e,n/e,n/e,n/e,151,,n/e,n/e,n/e,n/e,n/e,n/e,n/e,n/e,n/e,n/e,n/e,n/e,5,,n/e,n/e,n/e,n/e,n/e,n/e,0,,n/e,n/e,272,,n/e,n/e,n/e,n/e,5,
11:00 - 12:00,41,,n/e,n/e,n/e,n/e,151,,n/e,n/e,n/e,n/e,n/e,n/e,n/e,n/e,n/e,n/e,n/e,n/e,5,,n/e,n/e,n/e,n/e,n/e,n/e,0,,n/e,n/e,278,,n/e,n/e,n/e,n/e,13,
12:00 - 13:00,44,,n/e,n/e,n/e,n/e,151,,n/e,n/e,n/e,n/e,n/e,n/e,n/e,n/e,n/e,n/e,n/e,n/e,21,,n/e,n/e,n/e,n/e,n/e,n/e,0,,n/e,n/e,275,,n/e,n/e,n/e,n/e,11,
13:00 - 14:00,46,,n/e,n/e,n/e,n/e,151,,n/e,n/e,n/e,n/e,n/e,n/e,n/e,n/e,n/e,n/e,n/e,n/e,5,,n/e,n/e,n/e,n/e,n/e,n/e,0,,n/e,n/e,238,,n/e,n/e,n/e,n/e,7,
14:00 - 15:00,50,,n/e,n/e,n/e,n/e,174,,n/e,n/e,n/e,n/e,n/e,n/e,n/e,n/e,n/e,n/e,n/e,n/e,123,,n/e,n/e,n/e,n/e,n/e,n/e,0,,n/e,n/e,172,,n/e,n/e,n/e,n/e,7,
15:00 - 16:00,51,,n/e,n/e,n/e,n/e,253,,n/e,n/e,n/e,n/e,n/e,n/e,n/e,n/e,n/e,n/e,n/e,n/e,123,,n/e,n/e,n/e,n/e,n/e,n/e,0,,n/e,n/e,102,,n/e,n/e,n/e,n/e,7,
16:00 - 17:00,56,,n/e,n/e,n/e,n/e,256,,n/e,n/e,n/e,n/e,n/e,n/e,n/e,n/e,n/e,n/e,n/e,n/e,334,,n/e,n/e,n/e,n/e,n/e,n/e,0,,n/e,n/e,38,,n/e,n/e,n/e,n/e,3,
17:00 - 18:00,56,,n/e,n/e,n/e,n/e,258,,n/e,n/e,n/e,n/e,n/e,n/e,n/e,n/e,n/e,n/e,n/e,n/e,297,,n/e,n/e,n/e,n/e,n/e,n/e,0,,n/e,n/e,10,,n/e,n/e,n/e,n/e,1,
18:00 - 19:00,53,,n/e,n/e,n/e,n/e,259,,n/e,n/e,n/e,n/e,n/e,n/e,n/e,n/e,n/e,n/e,n/e,n/e,311,,n/e,n/e,n/e,n/e,n/e,n/e,0,,n/e,n/e,1,,n/e,n/e,n/e,n/e,1,
19:00 - 20:00,53,,n/e,n/e,n/e,n/e,256,,n/e,n/e,n/e,n/e,n/e,n/e,n/e,n/e,n/e,n/e,n/e,n/e,309,,n/e,n/e,n/e,n/e,n/e,n/e,0,,n/e,n/e,0,,n/e,n/e,n/e,n/e,3,
20:00 - 21:00,51,,n/e,n/e,n/e,n/e,254,,n/e,n/e,n/e,n/e,n/e,n/e,n/e,n/e,n/e,n/e,n/e,n/e,230,,n/e,n/e,n/e,n/e,n/e,n/e,0,,n/e,n/e,0,,n/e,n/e,n/e,n/e,3,
21:00 - 22:00,50,,n/e,n/e,n/e,n/e,251,,n/e,n/e,n/e,n/e,n/e,n/e,n/e,n/e,n/e,n/e,n/e,n/e,228,,n/e,n/e,n/e,n/e,n/e,n/e,0,,n/e,n/e,0,,n/e,n/e,n/e,n/e,3,
22:00 - 23:00,49,,n/e,n/e,n/e,n/e,241,,n/e,n/e,n/e,n/e,n/e,n/e,n/e,n/e,n/e,n/e,n/e,n/e,7,,n/e,n/e,n/e,n/e,n/e,n/e,0,,n/e,n/e,0,,n/e,n/e,n/e,n/e,4,
23:00 - 00:00,49,,n/e,n/e,n/e,n/e,241,,n/e,n/e,n/e,n/e,n/e,n/e,n/e,n/e,n/e,n/e,n/e,n/e,4,,n/e,n/e,n/e,n/e,n/e,n/e,0,,n/e,n/e,0,,n/e,n/e,n/e,n/e,6,
00:00 - 01:00,49,,n/e,n/e,n/e,n/e,241,,n/e,n/e,n/e,n/e,n/e,n/e,n/e,n/e,n/e,n/e,n/e,n/e,4,,n/e,n/e,n/e,n/e,n/e,n/e,0,,n/e,n/e,0,,n/e,n/e,n/e,n/e,5,
01:00 - 02:00,49,,n/e,n/e,n/e,n/e,241,,n/e,n/e,n/e,n/e,n/e,n/e,n/e,n/e,n/e,n/e,n/e,n/e,4,,n/e,n/e,n/e,n/e,n/e,n/e,0,,n/e,n/e,0,,n/e,n/e,n/e,n/e,7,
02:00 - 03:00,49,,n/e,n/e,n/e,n/e,236,,n/e,n/e,n/e,n/e,n/e,n/e,n/e,n/e,n/e,n/e,n/e,n/e,5,,n/e,n/e,n/e,n/e,n/e,n/e,0,,n/e,n/e,1,,n/e,n/e,n/e,n/e,6,
03:00 - 04:00,54,,n/e,n/e,n/e,n/e,153,,n/e,n/e,n/e,n/e,n/e,n/e,n/e,n/e,n/e,n/e,n/e,n/e,97,,n/e,n/e,n/e,n/e,n/e,n/e,0,,n/e,n/e,11,,n/e,n/e,n/e,n/e,5,
04:00 - 05:00,59,,n/e,n/e,n/e,n/e,157,,n/e,n/e,n/e,n/e,n/e,n/e,n/e,n/e,n/e,n/e,n/e,n/e,147,,n/e,n/e,n/e,n/e,n/e,n/e,0,,n/e,n/e,42,,n/e,n/e,n/e,n/e,3,
05:00 - 06:00,59,,n/e,n/e,n/e,n/e,156,,n/e,n/e,n/e,n/e,n/e,n/e,n/e,n/e,n/e,n/e,n/e,n/e,147,,n/e,n/e,n/e,n/e,n/e,n/e,0,,n/e,n/e,111,,n/e,n/e,n/e,n/e,1,
06:00 - 07:00,57,,n/e,n/e,n/e,n/e,151,,n/e,n/e,n/e,n/e,n/e,n/e,n/e,n/e,n/e,n/e,n/e,n/e,145,,n/e,n/e,n/e,n/e,n/e,n/e,0,,n/e,n/e,193,,n/e,n/e,n/e,n/e,0,
07:00 - 08:00,58,,n/e,n/e,n/e,n/e,151,,n/e,n/e,n/e,n/e,n/e,n/e,n/e,n/e,n/e,n/e,n/e,n/e,5,,n/e,n/e,n/e,n/e,n/e,n/e,0,,n/e,n/e,260,,n/e,n/e,n/e,n/e,0,
08:00 - 09:00,54,,n/e,n/e,n/e,n/e,151,,n/e,n/e,n/e,n/e,n/e,n/e,n/e,n/e,n/e,n/e,n/e,n/e,5,,n/e,n/e,n/e,n/e,n/e,n/e,0,,n/e,n/e,283,,n/e,n/e,n/e,n/e,0,
09:00 - 10:00,49,,n/e,n/e,n/e,n/e,154,,n/e,n/e,n/e,n/e,n/e,n/e,n/e,n/e,n/e,n/e,n/e,n/e,5,,n/e,n/e,n/e,n/e,n/e,n/e,0,,n/e,n/e,307,,n/e,n/e,n/e,n/e,1,
10:00 - 11:00,46,,n/e,n/e,n/e,n/e,154,,n/e,n/e,n/e,n/e,n/e,n/e,n/e,n/e,n/e,n/e,n/e,n/e,5,,n/e,n/e,n/e,n/e,n/e,n/e,0,,n/e,n/e,319,,n/e,n/e,n/e,n/e,1,
11:00 - 12:00,45,,n/e,n/e,n/e,n/e,151,,n/e,n/e,n/e,n/e,n/e,n/e,n/e,n/e,n/e,n/e,n/e,n/e,5,,n/e,n/e,n/e,n/e,n/e,n/e,0,,n/e,n/e,314,,n/e,n/e,n/e,n/e,2,
12:00 - 13:00,47,,n/e,n/e,n/e,n/e,151,,n/e,n/e,n/e,n/e,n/e,n/e,n/e,n/e,n/e,n/e,n/e,n/e,21,,n/e,n/e,n/e,n/e,n/e,n/e,0,,n/e,n/e,278,,n/e,n/e,n/e,n/e,3,
13:00 - 14:00,51,,n/e,n/e,n/e,n/e,232,,n/e,n/e,n/e,n/e,n/e,n/e,n/e,n/e,n/e,n/e,n/e,n/e,22,,n/e,n/e,n/e,n/e,n/e,n/e,0,,n/e,n/e,216,,n/e,n/e,n/e,n/e,5,
14:00 - 15:00,51,,n/e,n/e,n/e,n/e,233,,n/e,n/e,n/e,n/e,n/e,n/e,n/e,n/e,n/e,n/e,n/e,n/e,43,,n/e,n/e,n/e,n/e,n/e,n/e,0,,n/e,n/e,153,,n/e,n/e,n/e,n/e,2,
15:00 - 16:00,54,,n/e,n/e,n/e,n/e,235,,n/e,n/e,n/e,n/e,n/e,n/e,n/e,n/e,n/e,n/e,n/e,n/e,286,,n/e,n/e,n/e,n/e,n/e,n/e,0,,n/e,n/e,90,,n/e,n/e,n/e,n/e,3,
16:00 - 17:00,54,,n/e,n/e,n/e,n/e,237,,n/e,n/e,n/e,n/e,n/e,n/e,n/e,n/e,n/e,n/e,n/e,n/e,428,,n/e,n/e,n/e,n/e,n/e,n/e,0,,n/e,n/e,36,,n/e,n/e,n/e,n/e,0,
17:00 - 18:00,55,,n/e,n/e,n/e,n/e,238,,n/e,n/e,n/e,n/e,n/e,n/e,n/e,n/e,n/e,n/e,n/e,n/e,429,,n/e,n/e,n/e,n/e,n/e,n/e,0,,n/e,n/e,9,,n/e,n/e,n/e,n/e,0,
18:00 - 19:00,57,,n/e,n/e,n/e,n/e,239,,n/e,n/e,n/e,n/e,n/e,n/e,n/e,n/e,n/e,n/e,n/e,n/e,436,,n/e,n/e,n/e,n/e,n/e,n/e,0,,n/e,n/e,0,,n/e,n/e,n/e,n/e,0,
19:00 - 20:00,54,,n/e,n/e,n/e,n/e,150,,n/e,n/e,n/e,n/e,n/e,n/e,n/e,n/e,n/e,n/e,n/e,n/e,457,,n/e,n/e,n/e,n/e,n/e,n/e,0,,n/e,n/e,0,,n/e,n/e,n/e,n/e,0,
20:00 - 21:00,52,,n/e,n/e,n/e,n/e,7,,n/e,n/e,n/e,n/e,n/e,n/e,n/e,n/e,n/e,n/e,n/e,n/e,476,,n/e,n/e,n/e,n/e,n/e,n/e,0,,n/e,n/e,0,,n/e,n/e,n/e,n/e,0,
21:00 - 22:00,50,,n/e,n/e,n/e,n/e,6,,n/e,n/e,n/e,n/e,n/e,n/e,n/e,n/e,n/e,n/e,n/e,n/e,335,,n/e,n/e,n/e,n/e,n/e,n/e,0,,n/e,n/e,0,,n/e,n/e,n/e,n/e,0,
22:00 - 23:00,51,,n/e,n/e,n/e,n/e,4,,n/e,n/e,n/e,n/e,n/e,n/e,n/e,n/e,n/e,n/e,n/e,n/e,98,,n/e,n/e,n/e,n/e,n/e,n/e,0,,n/e,n/e,0,,n/e,n/e,n/e,n/e,1,
23:00 - 00:00,52,,n/e,n/e,n/e,n/e,3,,n/e,n/e,n/e,n/e,n/e,n/e,n/e,n/e,n/e,n/e,n/e,n/e,94,,n/e,n/e,n/e,n/e,n/e,n/e,0,,n/e,n/e,0,,n/e,n/e,n/e,n/e,0,
00:00 - 01:00,50,,n/e,n/e,n/e,n/e,3,,n/e,n/e,n/e,n/e,n/e,n/e,n/e,n/e,n/e,n/e,n/e,n/e,93,,n/e,n/e,n/e,n/e,n/e,n/e,0,,n/e,n/e,0,,n/e,n/e,n/e,n/e,1,
01:00 - 02:00,50,,n/e,n/e,n/e,n/e,3,,n/e,n/e,n/e,n/e,n/e,n/e,n/e,n/e,n/e,n/e,n/e,n/e,110,,n/e,n/e,n/e,n/e,n/e,n/e,0,,n/e,n/e,0,,n/e,n/e,n/e,n/e,2,
02:00 - 03:00,50,,n/e,n/e,n/e,n/e,3,,n/e,n/e,n/e,n/e,n/e,n/e,n/e,n/e,n/e,n/e,n/e,n/e,247,,n/e,n/e,n/e,n/e,n/e,n/e,0,,n/e,n/e,1,,n/e,n/e,n/e,n/e,3,
03:00 - 04:00,52,,n/e,n/e,n/e,n/e,5,,n/e,n/e,n/e,n/e,n/e,n/e,n/e,n/e,n/e,n/e,n/e,n/e,257,,n/e,n/e,n/e,n/e,n/e,n/e,0,,n/e,n/e,9,,n/e,n/e,n/e,n/e,9,
04:00 - 05:00,59,,n/e,n/e,n/e,n/e,9,,n/e,n/e,n/e,n/e,n/e,n/e,n/e,n/e,n/e,n/e,n/e,n/e,254,,n/e,n/e,n/e,n/e,n/e,n/e,0,,n/e,n/e,35,,n/e,n/e,n/e,n/e,9,
05:00 - 06:00,59,,n/e,n/e,n/e,n/e,9,,n/e,n/e,n/e,n/e,n/e,n/e,n/e,n/e,n/e,n/e,n/e,n/e,258,,n/e,n/e,n/e,n/e,n/e,n/e,0,,n/e,n/e,93,,n/e,n/e,n/e,n/e,6,
06:00 - 07:00,55,,n/e,n/e,n/e,n/e,3,,n/e,n/e,n/e,n/e,n/e,n/e,n/e,n/e,n/e,n/e,n/e,n/e,248,,n/e,n/e,n/e,n/e,n/e,n/e,0,,n/e,n/e,163,,n/e,n/e,n/e,n/e,10,
07:00 - 08:00,50,,n/e,n/e,n/e,n/e,0,,n/e,n/e,n/e,n/e,n/e,n/e,n/e,n/e,n/e,n/e,n/e,n/e,94,,n/e,n/e,n/e,n/e,n/e,n/e,0,,n/e,n/e,237,,n/e,n/e,n/e,n/e,10,
08:00 - 09:00,42,,n/e,n/e,n/e,n/e,0,,n/e,n/e,n/e,n/e,n/e,n/e,n/e,n/e,n/e,n/e,n/e,n/e,4,,n/e,n/e,n/e,n/e,n/e,n/e,0,,n/e,n/e,279,,n/e,n/e,n/e,n/e,19,
09:00 - 10:00,39,,n/e,n/e,n/e,n/e,0,,n/e,n/e,n/e,n/e,n/e,n/e,n/e,n/e,n/e,n/e,n/e,n/e,92,,n/e,n/e,n/e,n/e,n/e,n/e,0,,n/e,n/e,271,,n/e,n/e,n/e,n/e,20,
10:00 - 11:00,38,,n/e,n/e,n/e,n/e,0,,n/e,n/e,n/e,n/e,n/e,n/e,n/e,n/e,n/e,n/e,n/e,n/e,102,,n/e,n/e,n/e,n/e,n/e,n/e,0,,n/e,n/e,231,,n/e,n/e,n/e,n/e,9,
11:00 - 12:00,39,,n/e,n/e,n/e,n/e,0,,n/e,n/e,n/e,n/e,n/e,n/e,n/e,n/e,n/e,n/e,n/e,n/e,95,,n/e,n/e,n/e,n/e,n/e,n/e,0,,n/e,n/e,222,,n/e,n/e,n/e,n/e,13,
12:00 - 13:00,47,,n/e,n/e,n/e,n/e,0,,n/e,n/e,n/e,n/e,n/e,n/e,n/e,n/e,n/e,n/e,n/e,n/e,113,,n/e,n/e,n/e,n/e,n/e,n/e,0,,n/e,n/e,199,,n/e,n/e,n/e,n/e,19,
13:00 - 14:00,47,,n/e,n/e,n/e,n/e,0,,n/e,n/e,n/e,n/e,n/e,n/e,n/e,n/e,n/e,n/e,n/e,n/e,131,,n/e,n/e,n/e,n/e,n/e,n/e,0,,n/e,n/e,183,,n/e,n/e,n/e,n/e,20,
14:00 - 15:00,51,,n/e,n/e,n/e,n/e,2,,n/e,n/e,n/e,n/e,n/e,n/e,n/e,n/e,n/e,n/e,n/e,n/e,194,,n/e,n/e,n/e,n/e,n/e,n/e,0,,n/e,n/e,128,,n/e,n/e,n/e,n/e,23,
15:00 - 16:00,49,,n/e,n/e,n/e,n/e,4,,n/e,n/e,n/e,n/e,n/e,n/e,n/e,n/e,n/e,n/e,n/e,n/e,313,,n/e,n/e,n/e,n/e,n/e,n/e,0,,n/e,n/e,77,,n/e,n/e,n/e,n/e,37,
16:00 - 17:00,52,,n/e,n/e,n/e,n/e,5,,n/e,n/e,n/e,n/e,n/e,n/e,n/e,n/e,n/e,n/e,n/e,n/e,348,,n/e,n/e,n/e,n/e,n/e,n/e,0,,n/e,n/e,31,,n/e,n/e,n/e,n/e,30,
17:00 - 18:00,53,,n/e,n/e,n/e,n/e,4,,n/e,n/e,n/e,n/e,n/e,n/e,n/e,n/e,n/e,n/e,n/e,n/e,347,,n/e,n/e,n/e,n/e,n/e,n/e,0,,n/e,n/e,6,,n/e,n/e,n/e,n/e,23,
18:00 - 19:00,55,,n/e,n/e,n/e,n/e,3,,n/e,n/e,n/e,n/e,n/e,n/e,n/e,n/e,n/e,n/e,n/e,n/e,352,,n/e,n/e,n/e,n/e,n/e,n/e,0,,n/e,n/e,0,,n/e,n/e,n/e,n/e,29,
19:00 - 20:00,52,,n/e,n/e,n/e,n/e,5,,n/e,n/e,n/e,n/e,n/e,n/e,n/e,n/e,n/e,n/e,n/e,n/e,358,,n/e,n/e,n/e,n/e,n/e,n/e,0,,n/e,n/e,0,,n/e,n/e,n/e,n/e,43,
20:00 - 21:00,50,,n/e,n/e,n/e,n/e,4,,n/e,n/e,n/e,n/e,n/e,n/e,n/e,n/e,n/e,n/e,n/e,n/e,338,,n/e,n/e,n/e,n/e,n/e,n/e,0,,n/e,n/e,0,,n/e,n/e,n/e,n/e,54,
21:00 - 22:00,47,,n/e,n/e,n/e,n/e,0,,n/e,n/e,n/e,n/e,n/e,n/e,n/e,n/e,n/e,n/e,n/e,n/e,194,,n/e,n/e,n/e,n/e,n/e,n/e,0,,n/e,n/e,0,,n/e,n/e,n/e,n/e,61,
22:00 - 23:00,46,,n/e,n/e,n/e,n/e,0,,n/e,n/e,n/e,n/e,n/e,n/e,n/e,n/e,n/e,n/e,n/e,n/e,94,,n/e,n/e,n/e,n/e,n/e,n/e,0,,n/e,n/e,0,,n/e,n/e,n/e,n/e,65,
23:00 - 00:00,49,,n/e,n/e,n/e,n/e,1,,n/e,n/e,n/e,n/e,n/e,n/e,n/e,n/e,n/e,n/e,n/e,n/e,94,,n/e,n/e,n/e,n/e,n/e,n/e,0,,n/e,n/e,0,,n/e,n/e,n/e,n/e,72,
00:00 - 01:00,48,,n/e,n/e,n/e,n/e,3,,n/e,n/e,n/e,n/e,n/e,n/e,n/e,n/e,n/e,n/e,n/e,n/e,94,,n/e,n/e,n/e,n/e,n/e,n/e,0,,n/e,n/e,0,,n/e,n/e,n/e,n/e,75,
01:00 - 02:00,45,,n/e,n/e,n/e,n/e,3,,n/e,n/e,n/e,n/e,n/e,n/e,n/e,n/e,n/e,n/e,n/e,n/e,94,,n/e,n/e,n/e,n/e,n/e,n/e,0,,n/e,n/e,0,,n/e,n/e,n/e,n/e,56,
02:00 - 03:00,46,,n/e,n/e,n/e,n/e,4,,n/e,n/e,n/e,n/e,n/e,n/e,n/e,n/e,n/e,n/e,n/e,n/e,95,,n/e,n/e,n/e,n/e,n/e,n/e,0,,n/e,n/e,0,,n/e,n/e,n/e,n/e,58,
03:00 - 04:00,47,,n/e,n/e,n/e,n/e,4,,n/e,n/e,n/e,n/e,n/e,n/e,n/e,n/e,n/e,n/e,n/e,n/e,96,,n/e,n/e,n/e,n/e,n/e,n/e,0,,n/e,n/e,5,,n/e,n/e,n/e,n/e,68,
04:00 - 05:00,47,,n/e,n/e,n/e,n/e,3,,n/e,n/e,n/e,n/e,n/e,n/e,n/e,n/e,n/e,n/e,n/e,n/e,96,,n/e,n/e,n/e,n/e,n/e,n/e,0,,n/e,n/e,23,,n/e,n/e,n/e,n/e,77,
05:00 - 06:00,47,,n/e,n/e,n/e,n/e,3,,n/e,n/e,n/e,n/e,n/e,n/e,n/e,n/e,n/e,n/e,n/e,n/e,96,,n/e,n/e,n/e,n/e,n/e,n/e,0,,n/e,n/e,58,,n/e,n/e,n/e,n/e,93,
06:00 - 07:00,37,,n/e,n/e,n/e,n/e,3,,n/e,n/e,n/e,n/e,n/e,n/e,n/e,n/e,n/e,n/e,n/e,n/e,93,,n/e,n/e,n/e,n/e,n/e,n/e,0,,n/e,n/e,114,,n/e,n/e,n/e,n/e,103,
07:00 - 08:00,29,,n/e,n/e,n/e,n/e,0,,n/e,n/e,n/e,n/e,n/e,n/e,n/e,n/e,n/e,n/e,n/e,n/e,20,,n/e,n/e,n/e,n/e,n/e,n/e,0,,n/e,n/e,141,,n/e,n/e,n/e,n/e,40,
08:00 - 09:00,26,,n/e,n/e,n/e,n/e,0,,n/e,n/e,n/e,n/e,n/e,n/e,n/e,n/e,n/e,n/e,n/e,n/e,20,,n/e,n/e,n/e,n/e,n/e,n/e,0,,n/e,n/e,147,,n/e,n/e,n/e,n/e,43,
09:00 - 10:00,26,,n/e,n/e,n/e,n/e,0,,n/e,n/e,n/e,n/e,n/e,n/e,n/e,n/e,n/e,n/e,n/e,n/e,20,,n/e,n/e,n/e,n/e,n/e,n/e,0,,n/e,n/e,174,,n/e,n/e,n/e,n/e,70,
10:00 - 11:00,26,,n/e,n/e,n/e,n/e,0,,n/e,n/e,n/e,n/e,n/e,n/e,n/e,n/e,n/e,n/e,n/e,n/e,20,,n/e,n/e,n/e,n/e,n/e,n/e,0,,n/e,n/e,200,,n/e,n/e,n/e,n/e,40,
11:00 - 12:00,26,,n/e,n/e,n/e,n/e,0,,n/e,n/e,n/e,n/e,n/e,n/e,n/e,n/e,n/e,n/e,n/e,n/e,20,,n/e,n/e,n/e,n/e,n/e,n/e,0,,n/e,n/e,198,,n/e,n/e,n/e,n/e,33,
12:00 - 13:00,26,,n/e,n/e,n/e,n/e,0,,n/e,n/e,n/e,n/e,n/e,n/e,n/e,n/e,n/e,n/e,n/e,n/e,3,,n/e,n/e,n/e,n/e,n/e,n/e,0,,n/e,n/e,175,,n/e,n/e,n/e,n/e,33,
13:00 - 14:00,26,,n/e,n/e,n/e,n/e,0,,n/e,n/e,n/e,n/e,n/e,n/e,n/e,n/e,n/e,n/e,n/e,n/e,3,,n/e,n/e,n/e,n/e,n/e,n/e,0,,n/e,n/e,157,,n/e,n/e,n/e,n/e,33,
14:00 - 15:00,26,,n/e,n/e,n/e,n/e,0,,n/e,n/e,n/e,n/e,n/e,n/e,n/e,n/e,n/e,n/e,n/e,n/e,2,,n/e,n/e,n/e,n/e,n/e,n/e,0,,n/e,n/e,110,,n/e,n/e,n/e,n/e,32,
15:00 - 16:00,27,,n/e,n/e,n/e,n/e,0,,n/e,n/e,n/e,n/e,n/e,n/e,n/e,n/e,n/e,n/e,n/e,n/e,51,,n/e,n/e,n/e,n/e,n/e,n/e,0,,n/e,n/e,73,,n/e,n/e,n/e,n/e,32,
16:00 - 17:00,35,,n/e,n/e,n/e,n/e,0,,n/e,n/e,n/e,n/e,n/e,n/e,n/e,n/e,n/e,n/e,n/e,n/e,179,,n/e,n/e,n/e,n/e,n/e,n/e,0,,n/e,n/e,33,,n/e,n/e,n/e,n/e,106,
17:00 - 18:00,46,,n/e,n/e,n/e,n/e,2,,n/e,n/e,n/e,n/e,n/e,n/e,n/e,n/e,n/e,n/e,n/e,n/e,184,,n/e,n/e,n/e,n/e,n/e,n/e,0,,n/e,n/e,7,,n/e,n/e,n/e,n/e,107,
18:00 - 19:00,50,,n/e,n/e,n/e,n/e,5,,n/e,n/e,n/e,n/e,n/e,n/e,n/e,n/e,n/e,n/e,n/e,n/e,292,,n/e,n/e,n/e,n/e,n/e,n/e,0,,n/e,n/e,1,,n/e,n/e,n/e,n/e,104,
19:00 - 20:00,49,,n/e,n/e,n/e,n/e,5,,n/e,n/e,n/e,n/e,n/e,n/e,n/e,n/e,n/e,n/e,n/e,n/e,294,,n/e,n/e,n/e,n/e,n/e,n/e,0,,n/e,n/e,1,,n/e,n/e,n/e,n/e,96,
20:00 - 21:00,48,,n/e,n/e,n/e,n/e,3,,n/e,n/e,n/e,n/e,n/e,n/e,n/e,n/e,n/e,n/e,n/e,n/e,235,,n/e,n/e,n/e,n/e,n/e,n/e,0,,n/e,n/e,1,,n/e,n/e,n/e,n/e,98,
21:00 - 22:00,47,,n/e,n/e,n/e,n/e,0,,n/e,n/e,n/e,n/e,n/e,n/e,n/e,n/e,n/e,n/e,n/e,n/e,119,,n/e,n/e,n/e,n/e,n/e,n/e,0,,n/e,n/e,0,,n/e,n/e,n/e,n/e,103,
22:00 - 23:00,46,,n/e,n/e,n/e,n/e,1,,n/e,n/e,n/e,n/e,n/e,n/e,n/e,n/e,n/e,n/e,n/e,n/e,4,,n/e,n/e,n/e,n/e,n/e,n/e,0,,n/e,n/e,1,,n/e,n/e,n/e,n/e,103,
23:00 - 00:00,47,,n/e,n/e,n/e,n/e,1,,n/e,n/e,n/e,n/e,n/e,n/e,n/e,n/e,n/e,n/e,n/e,n/e,4,,n/e,n/e,n/e,n/e,n/e,n/e,0,,n/e,n/e,1,,n/e,n/e,n/e,n/e,108,
00:00 - 01:00,47,,n/e,n/e,n/e,n/e,1,,n/e,n/e,n/e,n/e,n/e,n/e,n/e,n/e,n/e,n/e,n/e,n/e,3,,n/e,n/e,n/e,n/e,n/e,n/e,0,,n/e,n/e,0,,n/e,n/e,n/e,n/e,109,
01:00 - 02:00,44,,n/e,n/e,n/e,n/e,1,,n/e,n/e,n/e,n/e,n/e,n/e,n/e,n/e,n/e,n/e,n/e,n/e,3,,n/e,n/e,n/e,n/e,n/e,n/e,0,,n/e,n/e,0,,n/e,n/e,n/e,n/e,108,
02:00 - 03:00,44,,n/e,n/e,n/e,n/e,0,,n/e,n/e,n/e,n/e,n/e,n/e,n/e,n/e,n/e,n/e,n/e,n/e,4,,n/e,n/e,n/e,n/e,n/e,n/e,0,,n/e,n/e,1,,n/e,n/e,n/e,n/e,107,
03:00 - 04:00,35,,n/e,n/e,n/e,n/e,0,,n/e,n/e,n/e,n/e,n/e,n/e,n/e,n/e,n/e,n/e,n/e,n/e,3,,n/e,n/e,n/e,n/e,n/e,n/e,0,,n/e,n/e,7,,n/e,n/e,n/e,n/e,100,
04:00 - 05:00,35,,n/e,n/e,n/e,n/e,0,,n/e,n/e,n/e,n/e,n/e,n/e,n/e,n/e,n/e,n/e,n/e,n/e,42,,n/e,n/e,n/e,n/e,n/e,n/e,0,,n/e,n/e,30,,n/e,n/e,n/e,n/e,61,
05:00 - 06:00,36,,n/e,n/e,n/e,n/e,3,,n/e,n/e,n/e,n/e,n/e,n/e,n/e,n/e,n/e,n/e,n/e,n/e,5,,n/e,n/e,n/e,n/e,n/e,n/e,0,,n/e,n/e,87,,n/e,n/e,n/e,n/e,99,
06:00 - 07:00,32,,n/e,n/e,n/e,n/e,0,,n/e,n/e,n/e,n/e,n/e,n/e,n/e,n/e,n/e,n/e,n/e,n/e,4,,n/e,n/e,n/e,n/e,n/e,n/e,0,,n/e,n/e,134,,n/e,n/e,n/e,n/e,71,
07:00 - 08:00,29,,n/e,n/e,n/e,n/e,0,,n/e,n/e,n/e,n/e,n/e,n/e,n/e,n/e,n/e,n/e,n/e,n/e,3,,n/e,n/e,n/e,n/e,n/e,n/e,0,,n/e,n/e,162,,n/e,n/e,n/e,n/e,30,
08:00 - 09:00,30,,n/e,n/e,n/e,n/e,0,,n/e,n/e,n/e,n/e,n/e,n/e,n/e,n/e,n/e,n/e,n/e,n/e,2,,n/e,n/e,n/e,n/e,n/e,n/e,0,,n/e,n/e,156,,n/e,n/e,n/e,n/e,29,
09:00 - 10:00,32,,n/e,n/e,n/e,n/e,0,,n/e,n/e,n/e,n/e,n/e,n/e,n/e,n/e,n/e,n/e,n/e,n/e,2,,n/e,n/e,n/e,n/e,n/e,n/e,0,,n/e,n/e,166,,n/e,n/e,n/e,n/e,52,
10:00 - 11:00,30,,n/e,n/e,n/e,n/e,0,,n/e,n/e,n/e,n/e,n/e,n/e,n/e,n/e,n/e,n/e,n/e,n/e,2,,n/e,n/e,n/e,n/e,n/e,n/e,0,,n/e,n/e,173,,n/e,n/e,n/e,n/e,42,
11:00 - 12:00,30,,n/e,n/e,n/e,n/e,0,,n/e,n/e,n/e,n/e,n/e,n/e,n/e,n/e,n/e,n/e,n/e,n/e,3,,n/e,n/e,n/e,n/e,n/e,n/e,0,,n/e,n/e,170,,n/e,n/e,n/e,n/e,30,
12:00 - 13:00,31,,n/e,n/e,n/e,n/e,0,,n/e,n/e,n/e,n/e,n/e,n/e,n/e,n/e,n/e,n/e,n/e,n/e,2,,n/e,n/e,n/e,n/e,n/e,n/e,0,,n/e,n/e,154,,n/e,n/e,n/e,n/e,30,
13:00 - 14:00,30,,n/e,n/e,n/e,n/e,0,,n/e,n/e,n/e,n/e,n/e,n/e,n/e,n/e,n/e,n/e,n/e,n/e,91,,n/e,n/e,n/e,n/e,n/e,n/e,0,,n/e,n/e,142,,n/e,n/e,n/e,n/e,28,
14:00 - 15:00,29,,n/e,n/e,n/e,n/e,0,,n/e,n/e,n/e,n/e,n/e,n/e,n/e,n/e,n/e,n/e,n/e,n/e,141,,n/e,n/e,n/e,n/e,n/e,n/e,0,,n/e,n/e,97,,n/e,n/e,n/e,n/e,27,
15:00 - 16:00,31,,n/e,n/e,n/e,n/e,0,,n/e,n/e,n/e,n/e,n/e,n/e,n/e,n/e,n/e,n/e,n/e,n/e,264,,n/e,n/e,n/e,n/e,n/e,n/e,0,,n/e,n/e,69,,n/e,n/e,n/e,n/e,24,
16:00 - 17:00,44,,n/e,n/e,n/e,n/e,5,,n/e,n/e,n/e,n/e,n/e,n/e,n/e,n/e,n/e,n/e,n/e,n/e,258,,n/e,n/e,n/e,n/e,n/e,n/e,0,,n/e,n/e,31,,n/e,n/e,n/e,n/e,59,
17:00 - 18:00,50,,n/e,n/e,n/e,n/e,8,,n/e,n/e,n/e,n/e,n/e,n/e,n/e,n/e,n/e,n/e,n/e,n/e,357,,n/e,n/e,n/e,n/e,n/e,n/e,0,,n/e,n/e,8,,n/e,n/e,n/e,n/e,43,
18:00 - 19:00,52,,n/e,n/e,n/e,n/e,8,,n/e,n/e,n/e,n/e,n/e,n/e,n/e,n/e,n/e,n/e,n/e,n/e,348,,n/e,n/e,n/e,n/e,n/e,n/e,0,,n/e,n/e,1,,n/e,n/e,n/e,n/e,32,
19:00 - 20:00,52,,n/e,n/e,n/e,n/e,8,,n/e,n/e,n/e,n/e,n/e,n/e,n/e,n/e,n/e,n/e,n/e,n/e,340,,n/e,n/e,n/e,n/e,n/e,n/e,0,,n/e,n/e,0,,n/e,n/e,n/e,n/e,22,
20:00 - 21:00,49,,n/e,n/e,n/e,n/e,7,,n/e,n/e,n/e,n/e,n/e,n/e,n/e,n/e,n/e,n/e,n/e,n/e,341,,n/e,n/e,n/e,n/e,n/e,n/e,0,,n/e,n/e,0,,n/e,n/e,n/e,n/e,15,
21:00 - 22:00,47,,n/e,n/e,n/e,n/e,1,,n/e,n/e,n/e,n/e,n/e,n/e,n/e,n/e,n/e,n/e,n/e,n/e,349,,n/e,n/e,n/e,n/e,n/e,n/e,0,,n/e,n/e,0,,n/e,n/e,n/e,n/e,13,
22:00 - 23:00,48,,n/e,n/e,n/e,n/e,0,,n/e,n/e,n/e,n/e,n/e,n/e,n/e,n/e,n/e,n/e,n/e,n/e,18,,n/e,n/e,n/e,n/e,n/e,n/e,0,,n/e,n/e,0,,n/e,n/e,n/e,n/e,8,
23:00 - 00:00,48,,n/e,n/e,n/e,n/e,2,,n/e,n/e,n/e,n/e,n/e,n/e,n/e,n/e,n/e,n/e,n/e,n/e,4,,n/e,n/e,n/e,n/e,n/e,n/e,0,,n/e,n/e,0,,n/e,n/e,n/e,n/e,12,
00:00 - 01:00,47,,n/e,n/e,n/e,n/e,1,,n/e,n/e,n/e,n/e,n/e,n/e,n/e,n/e,n/e,n/e,n/e,n/e,4,,n/e,n/e,n/e,n/e,n/e,n/e,0,,n/e,n/e,0,,n/e,n/e,n/e,n/e,31,
01:00 - 02:00,46,,n/e,n/e,n/e,n/e,0,,n/e,n/e,n/e,n/e,n/e,n/e,n/e,n/e,n/e,n/e,n/e,n/e,4,,n/e,n/e,n/e,n/e,n/e,n/e,0,,n/e,n/e,0,,n/e,n/e,n/e,n/e,38,
02:00 - 03:00,47,,n/e,n/e,n/e,n/e,0,,n/e,n/e,n/e,n/e,n/e,n/e,n/e,n/e,n/e,n/e,n/e,n/e,4,,n/e,n/e,n/e,n/e,n/e,n/e,0,,n/e,n/e,0,,n/e,n/e,n/e,n/e,43,
03:00 - 04:00,52,,n/e,n/e,n/e,n/e,1,,n/e,n/e,n/e,n/e,n/e,n/e,n/e,n/e,n/e,n/e,n/e,n/e,262,,n/e,n/e,n/e,n/e,n/e,n/e,0,,n/e,n/e,6,,n/e,n/e,n/e,n/e,34,
04:00 - 05:00,56,,n/e,n/e,n/e,n/e,1,,n/e,n/e,n/e,n/e,n/e,n/e,n/e,n/e,n/e,n/e,n/e,n/e,317,,n/e,n/e,n/e,n/e,n/e,n/e,0,,n/e,n/e,32,,n/e,n/e,n/e,n/e,31,
05:00 - 06:00,57,,n/e,n/e,n/e,n/e,4,,n/e,n/e,n/e,n/e,n/e,n/e,n/e,n/e,n/e,n/e,n/e,n/e,322,,n/e,n/e,n/e,n/e,n/e,n/e,0,,n/e,n/e,89,,n/e,n/e,n/e,n/e,39,
06:00 - 07:00,57,,n/e,n/e,n/e,n/e,5,,n/e,n/e,n/e,n/e,n/e,n/e,n/e,n/e,n/e,n/e,n/e,n/e,277,,n/e,n/e,n/e,n/e,n/e,n/e,0,,n/e,n/e,158,,n/e,n/e,n/e,n/e,37,
07:00 - 08:00,51,,n/e,n/e,n/e,n/e,2,,n/e,n/e,n/e,n/e,n/e,n/e,n/e,n/e,n/e,n/e,n/e,n/e,10,,n/e,n/e,n/e,n/e,n/e,n/e,0,,n/e,n/e,207,,n/e,n/e,n/e,n/e,47,
08:00 - 09:00,44,,n/e,n/e,n/e,n/e,0,,n/e,n/e,n/e,n/e,n/e,n/e,n/e,n/e,n/e,n/e,n/e,n/e,8,,n/e,n/e,n/e,n/e,n/e,n/e,0,,n/e,n/e,200,,n/e,n/e,n/e,n/e,43,
09:00 - 10:00,38,,n/e,n/e,n/e,n/e,0,,n/e,n/e,n/e,n/e,n/e,n/e,n/e,n/e,n/e,n/e,n/e,n/e,22,,n/e,n/e,n/e,n/e,n/e,n/e,0,,n/e,n/e,177,,n/e,n/e,n/e,n/e,27,
10:00 - 11:00,34,,n/e,n/e,n/e,n/e,0,,n/e,n/e,n/e,n/e,n/e,n/e,n/e,n/e,n/e,n/e,n/e,n/e,8,,n/e,n/e,n/e,n/e,n/e,n/e,0,,n/e,n/e,188,,n/e,n/e,n/e,n/e,51,
11:00 - 12:00,35,,n/e,n/e,n/e,n/e,0,,n/e,n/e,n/e,n/e,n/e,n/e,n/e,n/e,n/e,n/e,n/e,n/e,5,,n/e,n/e,n/e,n/e,n/e,n/e,0,,n/e,n/e,212,,n/e,n/e,n/e,n/e,68,
12:00 - 13:00,34,,n/e,n/e,n/e,n/e,0,,n/e,n/e,n/e,n/e,n/e,n/e,n/e,n/e,n/e,n/e,n/e,n/e,52,,n/e,n/e,n/e,n/e,n/e,n/e,0,,n/e,n/e,213,,n/e,n/e,n/e,n/e,77,
13:00 - 14:00,32,,n/e,n/e,n/e,n/e,0,,n/e,n/e,n/e,n/e,n/e,n/e,n/e,n/e,n/e,n/e,n/e,n/e,135,,n/e,n/e,n/e,n/e,n/e,n/e,0,,n/e,n/e,193,,n/e,n/e,n/e,n/e,77,
14:00 - 15:00,39,,n/e,n/e,n/e,n/e,0,,n/e,n/e,n/e,n/e,n/e,n/e,n/e,n/e,n/e,n/e,n/e,n/e,240,,n/e,n/e,n/e,n/e,n/e,n/e,0,,n/e,n/e,126,,n/e,n/e,n/e,n/e,65,
15:00 - 16:00,44,,n/e,n/e,n/e,n/e,2,,n/e,n/e,n/e,n/e,n/e,n/e,n/e,n/e,n/e,n/e,n/e,n/e,364,,n/e,n/e,n/e,n/e,n/e,n/e,0,,n/e,n/e,67,,n/e,n/e,n/e,n/e,54,
16:00 - 17:00,49,,n/e,n/e,n/e,n/e,11,,n/e,n/e,n/e,n/e,n/e,n/e,n/e,n/e,n/e,n/e,n/e,n/e,399,,n/e,n/e,n/e,n/e,n/e,n/e,0,,n/e,n/e,23,,n/e,n/e,n/e,n/e,42,
17:00 - 18:00,51,,n/e,n/e,n/e,n/e,15,,n/e,n/e,n/e,n/e,n/e,n/e,n/e,n/e,n/e,n/e,n/e,n/e,604,,n/e,n/e,n/e,n/e,n/e,n/e,0,,n/e,n/e,5,,n/e,n/e,n/e,n/e,35,
18:00 - 19:00,51,,n/e,n/e,n/e,n/e,15,,n/e,n/e,n/e,n/e,n/e,n/e,n/e,n/e,n/e,n/e,n/e,n/e,663,,n/e,n/e,n/e,n/e,n/e,n/e,0,,n/e,n/e,0,,n/e,n/e,n/e,n/e,28,
19:00 - 20:00,49,,n/e,n/e,n/e,n/e,12,,n/e,n/e,n/e,n/e,n/e,n/e,n/e,n/e,n/e,n/e,n/e,n/e,553,,n/e,n/e,n/e,n/e,n/e,n/e,0,,n/e,n/e,0,,n/e,n/e,n/e,n/e,28,
20:00 - 21:00,46,,n/e,n/e,n/e,n/e,10,,n/e,n/e,n/e,n/e,n/e,n/e,n/e,n/e,n/e,n/e,n/e,n/e,513,,n/e,n/e,n/e,n/e,n/e,n/e,0,,n/e,n/e,0,,n/e,n/e,n/e,n/e,35,
21:00 - 22:00,45,,n/e,n/e,n/e,n/e,3,,n/e,n/e,n/e,n/e,n/e,n/e,n/e,n/e,n/e,n/e,n/e,n/e,353,,n/e,n/e,n/e,n/e,n/e,n/e,0,,n/e,n/e,0,,n/e,n/e,n/e,n/e,49,
22:00 - 23:00,44,,n/e,n/e,n/e,n/e,2,,n/e,n/e,n/e,n/e,n/e,n/e,n/e,n/e,n/e,n/e,n/e,n/e,8,,n/e,n/e,n/e,n/e,n/e,n/e,0,,n/e,n/e,0,,n/e,n/e,n/e,n/e,63,
23:00 - 00:00,44,,n/e,n/e,n/e,n/e,0,,n/e,n/e,n/e,n/e,n/e,n/e,n/e,n/e,n/e,n/e,n/e,n/e,6,,n/e,n/e,n/e,n/e,n/e,n/e,0,,n/e,n/e,0,,n/e,n/e,n/e,n/e,63,
00:00 - 01:00,43,,n/e,n/e,n/e,n/e,0,,n/e,n/e,n/e,n/e,n/e,n/e,n/e,n/e,n/e,n/e,n/e,n/e,6,,n/e,n/e,n/e,n/e,n/e,n/e,0,,n/e,n/e,0,,n/e,n/e,n/e,n/e,64,
01:00 - 02:00,44,,n/e,n/e,n/e,n/e,0,,n/e,n/e,n/e,n/e,n/e,n/e,n/e,n/e,n/e,n/e,n/e,n/e,6,,n/e,n/e,n/e,n/e,n/e,n/e,0,,n/e,n/e,0,,n/e,n/e,n/e,n/e,43,
02:00 - 03:00,44,,n/e,n/e,n/e,n/e,1,,n/e,n/e,n/e,n/e,n/e,n/e,n/e,n/e,n/e,n/e,n/e,n/e,10,,n/e,n/e,n/e,n/e,n/e,n/e,0,,n/e,n/e,0,,n/e,n/e,n/e,n/e,36,
03:00 - 04:00,45,,n/e,n/e,n/e,n/e,3,,n/e,n/e,n/e,n/e,n/e,n/e,n/e,n/e,n/e,n/e,n/e,n/e,286,,n/e,n/e,n/e,n/e,n/e,n/e,0,,n/e,n/e,8,,n/e,n/e,n/e,n/e,26,
04:00 - 05:00,50,,n/e,n/e,n/e,n/e,3,,n/e,n/e,n/e,n/e,n/e,n/e,n/e,n/e,n/e,n/e,n/e,n/e,288,,n/e,n/e,n/e,n/e,n/e,n/e,0,,n/e,n/e,32,,n/e,n/e,n/e,n/e,16,
05:00 - 06:00,52,,n/e,n/e,n/e,n/e,3,,n/e,n/e,n/e,n/e,n/e,n/e,n/e,n/e,n/e,n/e,n/e,n/e,288,,n/e,n/e,n/e,n/e,n/e,n/e,0,,n/e,n/e,82,,n/e,n/e,n/e,n/e,16,
06:00 - 07:00,49,,n/e,n/e,n/e,n/e,3,,n/e,n/e,n/e,n/e,n/e,n/e,n/e,n/e,n/e,n/e,n/e,n/e,280,,n/e,n/e,n/e,n/e,n/e,n/e,0,,n/e,n/e,138,,n/e,n/e,n/e,n/e,17,
07:00 - 08:00,41,,n/e,n/e,n/e,n/e,2,,n/e,n/e,n/e,n/e,n/e,n/e,n/e,n/e,n/e,n/e,n/e,n/e,7,,n/e,n/e,n/e,n/e,n/e,n/e,0,,n/e,n/e,188,,n/e,n/e,n/e,n/e,15,
08:00 - 09:00,36,,n/e,n/e,n/e,n/e,0,,n/e,n/e,n/e,n/e,n/e,n/e,n/e,n/e,n/e,n/e,n/e,n/e,6,,n/e,n/e,n/e,n/e,n/e,n/e,0,,n/e,n/e,231,,n/e,n/e,n/e,n/e,14,
09:00 - 10:00,36,,n/e,n/e,n/e,n/e,0,,n/e,n/e,n/e,n/e,n/e,n/e,n/e,n/e,n/e,n/e,n/e,n/e,6,,n/e,n/e,n/e,n/e,n/e,n/e,0,,n/e,n/e,272,,n/e,n/e,n/e,n/e,11,
10:00 - 11:00,36,,n/e,n/e,n/e,n/e,0,,n/e,n/e,n/e,n/e,n/e,n/e,n/e,n/e,n/e,n/e,n/e,n/e,6,,n/e,n/e,n/e,n/e,n/e,n/e,0,,n/e,n/e,287,,n/e,n/e,n/e,n/e,10,
11:00 - 12:00,36,,n/e,n/e,n/e,n/e,0,,n/e,n/e,n/e,n/e,n/e,n/e,n/e,n/e,n/e,n/e,n/e,n/e,6,,n/e,n/e,n/e,n/e,n/e,n/e,0,,n/e,n/e,293,,n/e,n/e,n/e,n/e,18,
12:00 - 13:00,36,,n/e,n/e,n/e,n/e,0,,n/e,n/e,n/e,n/e,n/e,n/e,n/e,n/e,n/e,n/e,n/e,n/e,61,,n/e,n/e,n/e,n/e,n/e,n/e,0,,n/e,n/e,283,,n/e,n/e,n/e,n/e,19,
13:00 - 14:00,36,,n/e,n/e,n/e,n/e,0,,n/e,n/e,n/e,n/e,n/e,n/e,n/e,n/e,n/e,n/e,n/e,n/e,151,,n/e,n/e,n/e,n/e,n/e,n/e,0,,n/e,n/e,249,,n/e,n/e,n/e,n/e,15,
14:00 - 15:00,41,,n/e,n/e,n/e,n/e,0,,n/e,n/e,n/e,n/e,n/e,n/e,n/e,n/e,n/e,n/e,n/e,n/e,236,,n/e,n/e,n/e,n/e,n/e,n/e,0,,n/e,n/e,183,,n/e,n/e,n/e,n/e,15,
15:00 - 16:00,54,,n/e,n/e,n/e,n/e,4,,n/e,n/e,n/e,n/e,n/e,n/e,n/e,n/e,n/e,n/e,n/e,n/e,377,,n/e,n/e,n/e,n/e,n/e,n/e,0,,n/e,n/e,104,,n/e,n/e,n/e,n/e,10,
16:00 - 17:00,54,,n/e,n/e,n/e,n/e,9,,n/e,n/e,n/e,n/e,n/e,n/e,n/e,n/e,n/e,n/e,n/e,n/e,562,,n/e,n/e,n/e,n/e,n/e,n/e,0,,n/e,n/e,34,,n/e,n/e,n/e,n/e,5,
17:00 - 18:00,56,,n/e,n/e,n/e,n/e,17,,n/e,n/e,n/e,n/e,n/e,n/e,n/e,n/e,n/e,n/e,n/e,n/e,588,,n/e,n/e,n/e,n/e,n/e,n/e,0,,n/e,n/e,6,,n/e,n/e,n/e,n/e,3,
18:00 - 19:00,55,,n/e,n/e,n/e,n/e,17,,n/e,n/e,n/e,n/e,n/e,n/e,n/e,n/e,n/e,n/e,n/e,n/e,592,,n/e,n/e,n/e,n/e,n/e,n/e,0,,n/e,n/e,0,,n/e,n/e,n/e,n/e,2,
19:00 - 20:00,54,,n/e,n/e,n/e,n/e,13,,n/e,n/e,n/e,n/e,n/e,n/e,n/e,n/e,n/e,n/e,n/e,n/e,544,,n/e,n/e,n/e,n/e,n/e,n/e,0,,n/e,n/e,0,,n/e,n/e,n/e,n/e,2,
20:00 - 21:00,51,,n/e,n/e,n/e,n/e,8,,n/e,n/e,n/e,n/e,n/e,n/e,n/e,n/e,n/e,n/e,n/e,n/e,539,,n/e,n/e,n/e,n/e,n/e,n/e,0,,n/e,n/e,0,,n/e,n/e,n/e,n/e,3,
21:00 - 22:00,49,,n/e,n/e,n/e,n/e,3,,n/e,n/e,n/e,n/e,n/e,n/e,n/e,n/e,n/e,n/e,n/e,n/e,531,,n/e,n/e,n/e,n/e,n/e,n/e,0,,n/e,n/e,0,,n/e,n/e,n/e,n/e,3,
22:00 - 23:00,49,,n/e,n/e,n/e,n/e,3,,n/e,n/e,n/e,n/e,n/e,n/e,n/e,n/e,n/e,n/e,n/e,n/e,188,,n/e,n/e,n/e,n/e,n/e,n/e,0,,n/e,n/e,0,,n/e,n/e,n/e,n/e,3,
23:00 - 00:00,51,,n/e,n/e,n/e,n/e,3,,n/e,n/e,n/e,n/e,n/e,n/e,n/e,n/e,n/e,n/e,n/e,n/e,183,,n/e,n/e,n/e,n/e,n/e,n/e,0,,n/e,n/e,0,,n/e,n/e,n/e,n/e,4,
00:00 - 01:00,48,,n/e,n/e,n/e,n/e,3,,n/e,n/e,n/e,n/e,n/e,n/e,n/e,n/e,n/e,n/e,n/e,n/e,182,,n/e,n/e,n/e,n/e,n/e,n/e,0,,n/e,n/e,0,,n/e,n/e,n/e,n/e,5,
01:00 - 02:00,48,,n/e,n/e,n/e,n/e,3,,n/e,n/e,n/e,n/e,n/e,n/e,n/e,n/e,n/e,n/e,n/e,n/e,182,,n/e,n/e,n/e,n/e,n/e,n/e,0,,n/e,n/e,0,,n/e,n/e,n/e,n/e,5,
02:00 - 03:00,50,,n/e,n/e,n/e,n/e,8,,n/e,n/e,n/e,n/e,n/e,n/e,n/e,n/e,n/e,n/e,n/e,n/e,187,,n/e,n/e,n/e,n/e,n/e,n/e,0,,n/e,n/e,0,,n/e,n/e,n/e,n/e,6,
03:00 - 04:00,51,,n/e,n/e,n/e,n/e,7,,n/e,n/e,n/e,n/e,n/e,n/e,n/e,n/e,n/e,n/e,n/e,n/e,339,,n/e,n/e,n/e,n/e,n/e,n/e,0,,n/e,n/e,10,,n/e,n/e,n/e,n/e,5,
04:00 - 05:00,57,,n/e,n/e,n/e,n/e,8,,n/e,n/e,n/e,n/e,n/e,n/e,n/e,n/e,n/e,n/e,n/e,n/e,340,,n/e,n/e,n/e,n/e,n/e,n/e,0,,n/e,n/e,40,,n/e,n/e,n/e,n/e,4,
05:00 - 06:00,59,,n/e,n/e,n/e,n/e,8,,n/e,n/e,n/e,n/e,n/e,n/e,n/e,n/e,n/e,n/e,n/e,n/e,336,,n/e,n/e,n/e,n/e,n/e,n/e,0,,n/e,n/e,103,,n/e,n/e,n/e,n/e,3,
06:00 - 07:00,58,,n/e,n/e,n/e,n/e,5,,n/e,n/e,n/e,n/e,n/e,n/e,n/e,n/e,n/e,n/e,n/e,n/e,210,,n/e,n/e,n/e,n/e,n/e,n/e,0,,n/e,n/e,180,,n/e,n/e,n/e,n/e,0,
07:00 - 08:00,55,,n/e,n/e,n/e,n/e,3,,n/e,n/e,n/e,n/e,n/e,n/e,n/e,n/e,n/e,n/e,n/e,n/e,42,,n/e,n/e,n/e,n/e,n/e,n/e,0,,n/e,n/e,253,,n/e,n/e,n/e,n/e,0,
08:00 - 09:00,54,,n/e,n/e,n/e,n/e,28,,n/e,n/e,n/e,n/e,n/e,n/e,n/e,n/e,n/e,n/e,n/e,n/e,25,,n/e,n/e,n/e,n/e,n/e,n/e,0,,n/e,n/e,302,,n/e,n/e,n/e,n/e,0,
09:00 - 10:00,50,,n/e,n/e,n/e,n/e,28,,n/e,n/e,n/e,n/e,n/e,n/e,n/e,n/e,n/e,n/e,n/e,n/e,6,,n/e,n/e,n/e,n/e,n/e,n/e,0,,n/e,n/e,324,,n/e,n/e,n/e,n/e,0,
10:00 - 11:00,47,,n/e,n/e,n/e,n/e,28,,n/e,n/e,n/e,n/e,n/e,n/e,n/e,n/e,n/e,n/e,n/e,n/e,6,,n/e,n/e,n/e,n/e,n/e,n/e,0,,n/e,n/e,313,,n/e,n/e,n/e,n/e,2,
11:00 - 12:00,47,,n/e,n/e,n/e,n/e,28,,n/e,n/e,n/e,n/e,n/e,n/e,n/e,n/e,n/e,n/e,n/e,n/e,71,,n/e,n/e,n/e,n/e,n/e,n/e,0,,n/e,n/e,276,,n/e,n/e,n/e,n/e,3,
12:00 - 13:00,50,,n/e,n/e,n/e,n/e,28,,n/e,n/e,n/e,n/e,n/e,n/e,n/e,n/e,n/e,n/e,n/e,n/e,130,,n/e,n/e,n/e,n/e,n/e,n/e,0,,n/e,n/e,261,,n/e,n/e,n/e,n/e,3,
13:00 - 14:00,50,,n/e,n/e,n/e,n/e,28,,n/e,n/e,n/e,n/e,n/e,n/e,n/e,n/e,n/e,n/e,n/e,n/e,133,,n/e,n/e,n/e,n/e,n/e,n/e,0,,n/e,n/e,230,,n/e,n/e,n/e,n/e,6,
14:00 - 15:00,51,,n/e,n/e,n/e,n/e,35,,n/e,n/e,n/e,n/e,n/e,n/e,n/e,n/e,n/e,n/e,n/e,n/e,176,,n/e,n/e,n/e,n/e,n/e,n/e,0,,n/e,n/e,179,,n/e,n/e,n/e,n/e,4,
15:00 - 16:00,49,,n/e,n/e,n/e,n/e,69,,n/e,n/e,n/e,n/e,n/e,n/e,n/e,n/e,n/e,n/e,n/e,n/e,503,,n/e,n/e,n/e,n/e,n/e,n/e,0,,n/e,n/e,94,,n/e,n/e,n/e,n/e,2,
16:00 - 17:00,48,,n/e,n/e,n/e,n/e,157,,n/e,n/e,n/e,n/e,n/e,n/e,n/e,n/e,n/e,n/e,n/e,n/e,464,,n/e,n/e,n/e,n/e,n/e,n/e,0,,n/e,n/e,29,,n/e,n/e,n/e,n/e,0,
17:00 - 18:00,50,,n/e,n/e,n/e,n/e,296,,n/e,n/e,n/e,n/e,n/e,n/e,n/e,n/e,n/e,n/e,n/e,n/e,437,,n/e,n/e,n/e,n/e,n/e,n/e,0,,n/e,n/e,6,,n/e,n/e,n/e,n/e,0,
18:00 - 19:00,50,,n/e,n/e,n/e,n/e,392,,n/e,n/e,n/e,n/e,n/e,n/e,n/e,n/e,n/e,n/e,n/e,n/e,312,,n/e,n/e,n/e,n/e,n/e,n/e,0,,n/e,n/e,0,,n/e,n/e,n/e,n/e,0,
19:00 - 20:00,48,,n/e,n/e,n/e,n/e,387,,n/e,n/e,n/e,n/e,n/e,n/e,n/e,n/e,n/e,n/e,n/e,n/e,122,,n/e,n/e,n/e,n/e,n/e,n/e,0,,n/e,n/e,0,,n/e,n/e,n/e,n/e,1,
20:00 - 21:00,44,,n/e,n/e,n/e,n/e,384,,n/e,n/e,n/e,n/e,n/e,n/e,n/e,n/e,n/e,n/e,n/e,n/e,6,,n/e,n/e,n/e,n/e,n/e,n/e,0,,n/e,n/e,0,,n/e,n/e,n/e,n/e,4,
21:00 - 22:00,43,,n/e,n/e,n/e,n/e,290,,n/e,n/e,n/e,n/e,n/e,n/e,n/e,n/e,n/e,n/e,n/e,n/e,6,,n/e,n/e,n/e,n/e,n/e,n/e,0,,n/e,n/e,0,,n/e,n/e,n/e,n/e,9,
22:00 - 23:00,43,,n/e,n/e,n/e,n/e,158,,n/e,n/e,n/e,n/e,n/e,n/e,n/e,n/e,n/e,n/e,n/e,n/e,6,,n/e,n/e,n/e,n/e,n/e,n/e,0,,n/e,n/e,0,,n/e,n/e,n/e,n/e,26,
23:00 - 00:00,41,,n/e,n/e,n/e,n/e,152,,n/e,n/e,n/e,n/e,n/e,n/e,n/e,n/e,n/e,n/e,n/e,n/e,6,,n/e,n/e,n/e,n/e,n/e,n/e,0,,n/e,n/e,0,,n/e,n/e,n/e,n/e,39,
00:00 - 01:00,40,,n/e,n/e,n/e,n/e,151,,n/e,n/e,n/e,n/e,n/e,n/e,n/e,n/e,n/e,n/e,n/e,n/e,6,,n/e,n/e,n/e,n/e,n/e,n/e,0,,n/e,n/e,0,,n/e,n/e,n/e,n/e,45,
01:00 - 02:00,41,,n/e,n/e,n/e,n/e,152,,n/e,n/e,n/e,n/e,n/e,n/e,n/e,n/e,n/e,n/e,n/e,n/e,6,,n/e,n/e,n/e,n/e,n/e,n/e,0,,n/e,n/e,0,,n/e,n/e,n/e,n/e,35,
02:00 - 03:00,42,,n/e,n/e,n/e,n/e,175,,n/e,n/e,n/e,n/e,n/e,n/e,n/e,n/e,n/e,n/e,n/e,n/e,5,,n/e,n/e,n/e,n/e,n/e,n/e,0,,n/e,n/e,0,,n/e,n/e,n/e,n/e,26,
03:00 - 04:00,42,,n/e,n/e,n/e,n/e,254,,n/e,n/e,n/e,n/e,n/e,n/e,n/e,n/e,n/e,n/e,n/e,n/e,6,,n/e,n/e,n/e,n/e,n/e,n/e,0,,n/e,n/e,7,,n/e,n/e,n/e,n/e,25,
04:00 - 05:00,48,,n/e,n/e,n/e,n/e,256,,n/e,n/e,n/e,n/e,n/e,n/e,n/e,n/e,n/e,n/e,n/e,n/e,6,,n/e,n/e,n/e,n/e,n/e,n/e,0,,n/e,n/e,37,,n/e,n/e,n/e,n/e,22,
05:00 - 06:00,52,,n/e,n/e,n/e,n/e,252,,n/e,n/e,n/e,n/e,n/e,n/e,n/e,n/e,n/e,n/e,n/e,n/e,7,,n/e,n/e,n/e,n/e,n/e,n/e,0,,n/e,n/e,108,,n/e,n/e,n/e,n/e,13,
06:00 - 07:00,50,,n/e,n/e,n/e,n/e,156,,n/e,n/e,n/e,n/e,n/e,n/e,n/e,n/e,n/e,n/e,n/e,n/e,7,,n/e,n/e,n/e,n/e,n/e,n/e,0,,n/e,n/e,192,,n/e,n/e,n/e,n/e,7,
07:00 - 08:00,44,,n/e,n/e,n/e,n/e,153,,n/e,n/e,n/e,n/e,n/e,n/e,n/e,n/e,n/e,n/e,n/e,n/e,7,,n/e,n/e,n/e,n/e,n/e,n/e,0,,n/e,n/e,266,,n/e,n/e,n/e,n/e,8,
08:00 - 09:00,37,,n/e,n/e,n/e,n/e,150,,n/e,n/e,n/e,n/e,n/e,n/e,n/e,n/e,n/e,n/e,n/e,n/e,7,,n/e,n/e,n/e,n/e,n/e,n/e,0,,n/e,n/e,316,,n/e,n/e,n/e,n/e,15,
09:00 - 10:00,34,,n/e,n/e,n/e,n/e,150,,n/e,n/e,n/e,n/e,n/e,n/e,n/e,n/e,n/e,n/e,n/e,n/e,6,,n/e,n/e,n/e,n/e,n/e,n/e,0,,n/e,n/e,340,,n/e,n/e,n/e,n/e,16,
10:00 - 11:00,32,,n/e,n/e,n/e,n/e,150,,n/e,n/e,n/e,n/e,n/e,n/e,n/e,n/e,n/e,n/e,n/e,n/e,5,,n/e,n/e,n/e,n/e,n/e,n/e,0,,n/e,n/e,343,,n/e,n/e,n/e,n/e,15,
11:00 - 12:00,33,,n/e,n/e,n/e,n/e,150,,n/e,n/e,n/e,n/e,n/e,n/e,n/e,n/e,n/e,n/e,n/e,n/e,4,,n/e,n/e,n/e,n/e,n/e,n/e,0,,n/e,n/e,325,,n/e,n/e,n/e,n/e,15,
12:00 - 13:00,34,,n/e,n/e,n/e,n/e,150,,n/e,n/e,n/e,n/e,n/e,n/e,n/e,n/e,n/e,n/e,n/e,n/e,6,,n/e,n/e,n/e,n/e,n/e,n/e,0,,n/e,n/e,297,,n/e,n/e,n/e,n/e,16,
13:00 - 14:00,32,,n/e,n/e,n/e,n/e,150,,n/e,n/e,n/e,n/e,n/e,n/e,n/e,n/e,n/e,n/e,n/e,n/e,5,,n/e,n/e,n/e,n/e,n/e,n/e,0,,n/e,n/e,228,,n/e,n/e,n/e,n/e,7,
14:00 - 15:00,38,,n/e,n/e,n/e,n/e,152,,n/e,n/e,n/e,n/e,n/e,n/e,n/e,n/e,n/e,n/e,n/e,n/e,13,,n/e,n/e,n/e,n/e,n/e,n/e,0,,n/e,n/e,166,,n/e,n/e,n/e,n/e,5,
15:00 - 16:00,40,,n/e,n/e,n/e,n/e,287,,n/e,n/e,n/e,n/e,n/e,n/e,n/e,n/e,n/e,n/e,n/e,n/e,267,,n/e,n/e,n/e,n/e,n/e,n/e,0,,n/e,n/e,91,,n/e,n/e,n/e,n/e,6,
16:00 - 17:00,49,,n/e,n/e,n/e,n/e,356,,n/e,n/e,n/e,n/e,n/e,n/e,n/e,n/e,n/e,n/e,n/e,n/e,221,,n/e,n/e,n/e,n/e,n/e,n/e,0,,n/e,n/e,31,,n/e,n/e,n/e,n/e,3,
17:00 - 18:00,52,,n/e,n/e,n/e,n/e,385,,n/e,n/e,n/e,n/e,n/e,n/e,n/e,n/e,n/e,n/e,n/e,n/e,376,,n/e,n/e,n/e,n/e,n/e,n/e,0,,n/e,n/e,6,,n/e,n/e,n/e,n/e,1,
18:00 - 19:00,53,,n/e,n/e,n/e,n/e,393,,n/e,n/e,n/e,n/e,n/e,n/e,n/e,n/e,n/e,n/e,n/e,n/e,378,,n/e,n/e,n/e,n/e,n/e,n/e,0,,n/e,n/e,0,,n/e,n/e,n/e,n/e,1,
19:00 - 20:00,51,,n/e,n/e,n/e,n/e,384,,n/e,n/e,n/e,n/e,n/e,n/e,n/e,n/e,n/e,n/e,n/e,n/e,300,,n/e,n/e,n/e,n/e,n/e,n/e,0,,n/e,n/e,0,,n/e,n/e,n/e,n/e,4,
20:00 - 21:00,48,,n/e,n/e,n/e,n/e,296,,n/e,n/e,n/e,n/e,n/e,n/e,n/e,n/e,n/e,n/e,n/e,n/e,217,,n/e,n/e,n/e,n/e,n/e,n/e,0,,n/e,n/e,0,,n/e,n/e,n/e,n/e,10,
21:00 - 22:00,46,,n/e,n/e,n/e,n/e,246,,n/e,n/e,n/e,n/e,n/e,n/e,n/e,n/e,n/e,n/e,n/e,n/e,137,,n/e,n/e,n/e,n/e,n/e,n/e,0,,n/e,n/e,0,,n/e,n/e,n/e,n/e,25,
22:00 - 23:00,46,,n/e,n/e,n/e,n/e,151,,n/e,n/e,n/e,n/e,n/e,n/e,n/e,n/e,n/e,n/e,n/e,n/e,5,,n/e,n/e,n/e,n/e,n/e,n/e,0,,n/e,n/e,0,,n/e,n/e,n/e,n/e,34,
23:00 - 00:00,47,,n/e,n/e,n/e,n/e,150,,n/e,n/e,n/e,n/e,n/e,n/e,n/e,n/e,n/e,n/e,n/e,n/e,4,,n/e,n/e,n/e,n/e,n/e,n/e,0,,n/e,n/e,0,,n/e,n/e,n/e,n/e,29,
00:00 - 01:00,45,,n/e,n/e,n/e,n/e,150,,n/e,n/e,n/e,n/e,n/e,n/e,n/e,n/e,n/e,n/e,n/e,n/e,5,,n/e,n/e,n/e,n/e,n/e,n/e,0,,n/e,n/e,0,,n/e,n/e,n/e,n/e,33,
01:00 - 02:00,46,,n/e,n/e,n/e,n/e,150,,n/e,n/e,n/e,n/e,n/e,n/e,n/e,n/e,n/e,n/e,n/e,n/e,10,,n/e,n/e,n/e,n/e,n/e,n/e,0,,n/e,n/e,0,,n/e,n/e,n/e,n/e,28,
02:00 - 03:00,46,,n/e,n/e,n/e,n/e,151,,n/e,n/e,n/e,n/e,n/e,n/e,n/e,n/e,n/e,n/e,n/e,n/e,95,,n/e,n/e,n/e,n/e,n/e,n/e,0,,n/e,n/e,0,,n/e,n/e,n/e,n/e,21,
03:00 - 04:00,46,,n/e,n/e,n/e,n/e,153,,n/e,n/e,n/e,n/e,n/e,n/e,n/e,n/e,n/e,n/e,n/e,n/e,94,,n/e,n/e,n/e,n/e,n/e,n/e,0,,n/e,n/e,7,,n/e,n/e,n/e,n/e,15,
04:00 - 05:00,52,,n/e,n/e,n/e,n/e,154,,n/e,n/e,n/e,n/e,n/e,n/e,n/e,n/e,n/e,n/e,n/e,n/e,108,,n/e,n/e,n/e,n/e,n/e,n/e,0,,n/e,n/e,32,,n/e,n/e,n/e,n/e,8,
05:00 - 06:00,53,,n/e,n/e,n/e,n/e,154,,n/e,n/e,n/e,n/e,n/e,n/e,n/e,n/e,n/e,n/e,n/e,n/e,114,,n/e,n/e,n/e,n/e,n/e,n/e,0,,n/e,n/e,74,,n/e,n/e,n/e,n/e,6,
06:00 - 07:00,53,,n/e,n/e,n/e,n/e,154,,n/e,n/e,n/e,n/e,n/e,n/e,n/e,n/e,n/e,n/e,n/e,n/e,23,,n/e,n/e,n/e,n/e,n/e,n/e,0,,n/e,n/e,145,,n/e,n/e,n/e,n/e,8,
07:00 - 08:00,48,,n/e,n/e,n/e,n/e,153,,n/e,n/e,n/e,n/e,n/e,n/e,n/e,n/e,n/e,n/e,n/e,n/e,6,,n/e,n/e,n/e,n/e,n/e,n/e,0,,n/e,n/e,214,,n/e,n/e,n/e,n/e,28,
08:00 - 09:00,42,,n/e,n/e,n/e,n/e,150,,n/e,n/e,n/e,n/e,n/e,n/e,n/e,n/e,n/e,n/e,n/e,n/e,5,,n/e,n/e,n/e,n/e,n/e,n/e,0,,n/e,n/e,206,,n/e,n/e,n/e,n/e,30,
09:00 - 10:00,37,,n/e,n/e,n/e,n/e,150,,n/e,n/e,n/e,n/e,n/e,n/e,n/e,n/e,n/e,n/e,n/e,n/e,5,,n/e,n/e,n/e,n/e,n/e,n/e,0,,n/e,n/e,198,,n/e,n/e,n/e,n/e,15,
10:00 - 11:00,36,,n/e,n/e,n/e,n/e,150,,n/e,n/e,n/e,n/e,n/e,n/e,n/e,n/e,n/e,n/e,n/e,n/e,5,,n/e,n/e,n/e,n/e,n/e,n/e,0,,n/e,n/e,178,,n/e,n/e,n/e,n/e,15,
11:00 - 12:00,35,,n/e,n/e,n/e,n/e,151,,n/e,n/e,n/e,n/e,n/e,n/e,n/e,n/e,n/e,n/e,n/e,n/e,28,,n/e,n/e,n/e,n/e,n/e,n/e,0,,n/e,n/e,156,,n/e,n/e,n/e,n/e,23,
12:00 - 13:00,35,,n/e,n/e,n/e,n/e,163,,n/e,n/e,n/e,n/e,n/e,n/e,n/e,n/e,n/e,n/e,n/e,n/e,37,,n/e,n/e,n/e,n/e,n/e,n/e,0,,n/e,n/e,140,,n/e,n/e,n/e,n/e,39,
13:00 - 14:00,39,,n/e,n/e,n/e,n/e,187,,n/e,n/e,n/e,n/e,n/e,n/e,n/e,n/e,n/e,n/e,n/e,n/e,10,,n/e,n/e,n/e,n/e,n/e,n/e,0,,n/e,n/e,133,,n/e,n/e,n/e,n/e,41,
14:00 - 15:00,44,,n/e,n/e,n/e,n/e,233,,n/e,n/e,n/e,n/e,n/e,n/e,n/e,n/e,n/e,n/e,n/e,n/e,113,,n/e,n/e,n/e,n/e,n/e,n/e,0,,n/e,n/e,112,,n/e,n/e,n/e,n/e,37,
15:00 - 16:00,47,,n/e,n/e,n/e,n/e,274,,n/e,n/e,n/e,n/e,n/e,n/e,n/e,n/e,n/e,n/e,n/e,n/e,303,,n/e,n/e,n/e,n/e,n/e,n/e,0,,n/e,n/e,62,,n/e,n/e,n/e,n/e,25,
16:00 - 17:00,48,,n/e,n/e,n/e,n/e,350,,n/e,n/e,n/e,n/e,n/e,n/e,n/e,n/e,n/e,n/e,n/e,n/e,359,,n/e,n/e,n/e,n/e,n/e,n/e,0,,n/e,n/e,26,,n/e,n/e,n/e,n/e,18,
17:00 - 18:00,50,,n/e,n/e,n/e,n/e,389,,n/e,n/e,n/e,n/e,n/e,n/e,n/e,n/e,n/e,n/e,n/e,n/e,420,,n/e,n/e,n/e,n/e,n/e,n/e,0,,n/e,n/e,4,,n/e,n/e,n/e,n/e,12,
18:00 - 19:00,51,,n/e,n/e,n/e,n/e,394,,n/e,n/e,n/e,n/e,n/e,n/e,n/e,n/e,n/e,n/e,n/e,n/e,417,,n/e,n/e,n/e,n/e,n/e,n/e,0,,n/e,n/e,0,,n/e,n/e,n/e,n/e,11,
19:00 - 20:00,49,,n/e,n/e,n/e,n/e,392,,n/e,n/e,n/e,n/e,n/e,n/e,n/e,n/e,n/e,n/e,n/e,n/e,281,,n/e,n/e,n/e,n/e,n/e,n/e,0,,n/e,n/e,0,,n/e,n/e,n/e,n/e,9,
20:00 - 21:00,47,,n/e,n/e,n/e,n/e,383,,n/e,n/e,n/e,n/e,n/e,n/e,n/e,n/e,n/e,n/e,n/e,n/e,184,,n/e,n/e,n/e,n/e,n/e,n/e,0,,n/e,n/e,0,,n/e,n/e,n/e,n/e,6,
21:00 - 22:00,45,,n/e,n/e,n/e,n/e,233,,n/e,n/e,n/e,n/e,n/e,n/e,n/e,n/e,n/e,n/e,n/e,n/e,228,,n/e,n/e,n/e,n/e,n/e,n/e,0,,n/e,n/e,0,,n/e,n/e,n/e,n/e,4,
22:00 - 23:00,45,,n/e,n/e,n/e,n/e,154,,n/e,n/e,n/e,n/e,n/e,n/e,n/e,n/e,n/e,n/e,n/e,n/e,6,,n/e,n/e,n/e,n/e,n/e,n/e,0,,n/e,n/e,0,,n/e,n/e,n/e,n/e,8,
23:00 - 00:00,46,,n/e,n/e,n/e,n/e,155,,n/e,n/e,n/e,n/e,n/e,n/e,n/e,n/e,n/e,n/e,n/e,n/e,28,,n/e,n/e,n/e,n/e,n/e,n/e,0,,n/e,n/e,0,,n/e,n/e,n/e,n/e,6,
00:00 - 01:00,46,,n/e,n/e,n/e,n/e,154,,n/e,n/e,n/e,n/e,n/e,n/e,n/e,n/e,n/e,n/e,n/e,n/e,4,,n/e,n/e,n/e,n/e,n/e,n/e,0,,n/e,n/e,0,,n/e,n/e,n/e,n/e,14,
01:00 - 02:00,47,,n/e,n/e,n/e,n/e,152,,n/e,n/e,n/e,n/e,n/e,n/e,n/e,n/e,n/e,n/e,n/e,n/e,6,,n/e,n/e,n/e,n/e,n/e,n/e,0,,n/e,n/e,0,,n/e,n/e,n/e,n/e,13,
02:00 - 03:00,50,,n/e,n/e,n/e,n/e,152,,n/e,n/e,n/e,n/e,n/e,n/e,n/e,n/e,n/e,n/e,n/e,n/e,112,,n/e,n/e,n/e,n/e,n/e,n/e,0,,n/e,n/e,0,,n/e,n/e,n/e,n/e,5,
03:00 - 04:00,52,,n/e,n/e,n/e,n/e,152,,n/e,n/e,n/e,n/e,n/e,n/e,n/e,n/e,n/e,n/e,n/e,n/e,113,,n/e,n/e,n/e,n/e,n/e,n/e,0,,n/e,n/e,6,,n/e,n/e,n/e,n/e,7,
04:00 - 05:00,55,,n/e,n/e,n/e,n/e,152,,n/e,n/e,n/e,n/e,n/e,n/e,n/e,n/e,n/e,n/e,n/e,n/e,100,,n/e,n/e,n/e,n/e,n/e,n/e,0,,n/e,n/e,31,,n/e,n/e,n/e,n/e,3,
05:00 - 06:00,56,,n/e,n/e,n/e,n/e,152,,n/e,n/e,n/e,n/e,n/e,n/e,n/e,n/e,n/e,n/e,n/e,n/e,95,,n/e,n/e,n/e,n/e,n/e,n/e,0,,n/e,n/e,80,,n/e,n/e,n/e,n/e,3,
06:00 - 07:00,55,,n/e,n/e,n/e,n/e,152,,n/e,n/e,n/e,n/e,n/e,n/e,n/e,n/e,n/e,n/e,n/e,n/e,14,,n/e,n/e,n/e,n/e,n/e,n/e,0,,n/e,n/e,136,,n/e,n/e,n/e,n/e,4,
07:00 - 08:00,51,,n/e,n/e,n/e,n/e,151,,n/e,n/e,n/e,n/e,n/e,n/e,n/e,n/e,n/e,n/e,n/e,n/e,5,,n/e,n/e,n/e,n/e,n/e,n/e,0,,n/e,n/e,153,,n/e,n/e,n/e,n/e,9,
08:00 - 09:00,46,,n/e,n/e,n/e,n/e,151,,n/e,n/e,n/e,n/e,n/e,n/e,n/e,n/e,n/e,n/e,n/e,n/e,5,,n/e,n/e,n/e,n/e,n/e,n/e,0,,n/e,n/e,159,,n/e,n/e,n/e,n/e,15,
09:00 - 10:00,40,,n/e,n/e,n/e,n/e,141,,n/e,n/e,n/e,n/e,n/e,n/e,n/e,n/e,n/e,n/e,n/e,n/e,12,,n/e,n/e,n/e,n/e,n/e,n/e,0,,n/e,n/e,168,,n/e,n/e,n/e,n/e,26,
10:00 - 11:00,40,,n/e,n/e,n/e,n/e,141,,n/e,n/e,n/e,n/e,n/e,n/e,n/e,n/e,n/e,n/e,n/e,n/e,4,,n/e,n/e,n/e,n/e,n/e,n/e,0,,n/e,n/e,163,,n/e,n/e,n/e,n/e,29,
11:00 - 12:00,42,,n/e,n/e,n/e,n/e,141,,n/e,n/e,n/e,n/e,n/e,n/e,n/e,n/e,n/e,n/e,n/e,n/e,4,,n/e,n/e,n/e,n/e,n/e,n/e,0,,n/e,n/e,175,,n/e,n/e,n/e,n/e,35,
12:00 - 13:00,44,,n/e,n/e,n/e,n/e,170,,n/e,n/e,n/e,n/e,n/e,n/e,n/e,n/e,n/e,n/e,n/e,n/e,3,,n/e,n/e,n/e,n/e,n/e,n/e,0,,n/e,n/e,191,,n/e,n/e,n/e,n/e,45,
13:00 - 14:00,47,,n/e,n/e,n/e,n/e,173,,n/e,n/e,n/e,n/e,n/e,n/e,n/e,n/e,n/e,n/e,n/e,n/e,6,,n/e,n/e,n/e,n/e,n/e,n/e,0,,n/e,n/e,158,,n/e,n/e,n/e,n/e,48,
14:00 - 15:00,51,,n/e,n/e,n/e,n/e,230,,n/e,n/e,n/e,n/e,n/e,n/e,n/e,n/e,n/e,n/e,n/e,n/e,37,,n/e,n/e,n/e,n/e,n/e,n/e,0,,n/e,n/e,123,,n/e,n/e,n/e,n/e,31,
15:00 - 16:00,54,,n/e,n/e,n/e,n/e,281,,n/e,n/e,n/e,n/e,n/e,n/e,n/e,n/e,n/e,n/e,n/e,n/e,317,,n/e,n/e,n/e,n/e,n/e,n/e,0,,n/e,n/e,73,,n/e,n/e,n/e,n/e,33,
16:00 - 17:00,53,,n/e,n/e,n/e,n/e,380,,n/e,n/e,n/e,n/e,n/e,n/e,n/e,n/e,n/e,n/e,n/e,n/e,338,,n/e,n/e,n/e,n/e,n/e,n/e,0,,n/e,n/e,30,,n/e,n/e,n/e,n/e,19,
17:00 - 18:00,55,,n/e,n/e,n/e,n/e,384,,n/e,n/e,n/e,n/e,n/e,n/e,n/e,n/e,n/e,n/e,n/e,n/e,340,,n/e,n/e,n/e,n/e,n/e,n/e,0,,n/e,n/e,5,,n/e,n/e,n/e,n/e,12,
18:00 - 19:00,54,,n/e,n/e,n/e,n/e,384,,n/e,n/e,n/e,n/e,n/e,n/e,n/e,n/e,n/e,n/e,n/e,n/e,323,,n/e,n/e,n/e,n/e,n/e,n/e,0,,n/e,n/e,0,,n/e,n/e,n/e,n/e,6,
19:00 - 20:00,53,,n/e,n/e,n/e,n/e,288,,n/e,n/e,n/e,n/e,n/e,n/e,n/e,n/e,n/e,n/e,n/e,n/e,259,,n/e,n/e,n/e,n/e,n/e,n/e,0,,n/e,n/e,0,,n/e,n/e,n/e,n/e,2,
20:00 - 21:00,50,,n/e,n/e,n/e,n/e,256,,n/e,n/e,n/e,n/e,n/e,n/e,n/e,n/e,n/e,n/e,n/e,n/e,248,,n/e,n/e,n/e,n/e,n/e,n/e,0,,n/e,n/e,0,,n/e,n/e,n/e,n/e,2,
21:00 - 22:00,49,,n/e,n/e,n/e,n/e,181,,n/e,n/e,n/e,n/e,n/e,n/e,n/e,n/e,n/e,n/e,n/e,n/e,112,,n/e,n/e,n/e,n/e,n/e,n/e,0,,n/e,n/e,0,,n/e,n/e,n/e,n/e,1,
22:00 - 23:00,50,,n/e,n/e,n/e,n/e,152,,n/e,n/e,n/e,n/e,n/e,n/e,n/e,n/e,n/e,n/e,n/e,n/e,4,,n/e,n/e,n/e,n/e,n/e,n/e,0,,n/e,n/e,0,,n/e,n/e,n/e,n/e,1,
23:00 - 00:00,50,,n/e,n/e,n/e,n/e,152,,n/e,n/e,n/e,n/e,n/e,n/e,n/e,n/e,n/e,n/e,n/e,n/e,3,,n/e,n/e,n/e,n/e,n/e,n/e,0,,n/e,n/e,0,,n/e,n/e,n/e,n/e,2,
00:00 - 01:00,50,,n/e,n/e,n/e,n/e,152,,n/e,n/e,n/e,n/e,n/e,n/e,n/e,n/e,n/e,n/e,n/e,n/e,4,,n/e,n/e,n/e,n/e,n/e,n/e,0,,n/e,n/e,0,,n/e,n/e,n/e,n/e,1,
01:00 - 02:00,50,,n/e,n/e,n/e,n/e,152,,n/e,n/e,n/e,n/e,n/e,n/e,n/e,n/e,n/e,n/e,n/e,n/e,6,,n/e,n/e,n/e,n/e,n/e,n/e,0,,n/e,n/e,0,,n/e,n/e,n/e,n/e,2,
02:00 - 03:00,50,,n/e,n/e,n/e,n/e,152,,n/e,n/e,n/e,n/e,n/e,n/e,n/e,n/e,n/e,n/e,n/e,n/e,104,,n/e,n/e,n/e,n/e,n/e,n/e,0,,n/e,n/e,0,,n/e,n/e,n/e,n/e,1,
03:00 - 04:00,51,,n/e,n/e,n/e,n/e,150,,n/e,n/e,n/e,n/e,n/e,n/e,n/e,n/e,n/e,n/e,n/e,n/e,102,,n/e,n/e,n/e,n/e,n/e,n/e,0,,n/e,n/e,7,,n/e,n/e,n/e,n/e,1,
04:00 - 05:00,54,,n/e,n/e,n/e,n/e,150,,n/e,n/e,n/e,n/e,n/e,n/e,n/e,n/e,n/e,n/e,n/e,n/e,103,,n/e,n/e,n/e,n/e,n/e,n/e,0,,n/e,n/e,34,,n/e,n/e,n/e,n/e,1,
05:00 - 06:00,55,,n/e,n/e,n/e,n/e,150,,n/e,n/e,n/e,n/e,n/e,n/e,n/e,n/e,n/e,n/e,n/e,n/e,100,,n/e,n/e,n/e,n/e,n/e,n/e,0,,n/e,n/e,91,,n/e,n/e,n/e,n/e,1,
06:00 - 07:00,54,,n/e,n/e,n/e,n/e,150,,n/e,n/e,n/e,n/e,n/e,n/e,n/e,n/e,n/e,n/e,n/e,n/e,5,,n/e,n/e,n/e,n/e,n/e,n/e,0,,n/e,n/e,161,,n/e,n/e,n/e,n/e,2,
07:00 - 08:00,53,,n/e,n/e,n/e,n/e,150,,n/e,n/e,n/e,n/e,n/e,n/e,n/e,n/e,n/e,n/e,n/e,n/e,5,,n/e,n/e,n/e,n/e,n/e,n/e,0,,n/e,n/e,220,,n/e,n/e,n/e,n/e,2,
08:00 - 09:00,49,,n/e,n/e,n/e,n/e,150,,n/e,n/e,n/e,n/e,n/e,n/e,n/e,n/e,n/e,n/e,n/e,n/e,5,,n/e,n/e,n/e,n/e,n/e,n/e,0,,n/e,n/e,274,,n/e,n/e,n/e,n/e,3,
09:00 - 10:00,46,,n/e,n/e,n/e,n/e,150,,n/e,n/e,n/e,n/e,n/e,n/e,n/e,n/e,n/e,n/e,n/e,n/e,5,,n/e,n/e,n/e,n/e,n/e,n/e,0,,n/e,n/e,320,,n/e,n/e,n/e,n/e,4,
10:00 - 11:00,44,,n/e,n/e,n/e,n/e,150,,n/e,n/e,n/e,n/e,n/e,n/e,n/e,n/e,n/e,n/e,n/e,n/e,5,,n/e,n/e,n/e,n/e,n/e,n/e,0,,n/e,n/e,335,,n/e,n/e,n/e,n/e,1,
11:00 - 12:00,43,,n/e,n/e,n/e,n/e,151,,n/e,n/e,n/e,n/e,n/e,n/e,n/e,n/e,n/e,n/e,n/e,n/e,5,,n/e,n/e,n/e,n/e,n/e,n/e,0,,n/e,n/e,342,,n/e,n/e,n/e,n/e,1,
12:00 - 13:00,41,,n/e,n/e,n/e,n/e,180,,n/e,n/e,n/e,n/e,n/e,n/e,n/e,n/e,n/e,n/e,n/e,n/e,4,,n/e,n/e,n/e,n/e,n/e,n/e,0,,n/e,n/e,304,,n/e,n/e,n/e,n/e,1,
13:00 - 14:00,43,,n/e,n/e,n/e,n/e,180,,n/e,n/e,n/e,n/e,n/e,n/e,n/e,n/e,n/e,n/e,n/e,n/e,4,,n/e,n/e,n/e,n/e,n/e,n/e,0,,n/e,n/e,253,,n/e,n/e,n/e,n/e,1,
14:00 - 15:00,48,,n/e,n/e,n/e,n/e,200,,n/e,n/e,n/e,n/e,n/e,n/e,n/e,n/e,n/e,n/e,n/e,n/e,91,,n/e,n/e,n/e,n/e,n/e,n/e,0,,n/e,n/e,171,,n/e,n/e,n/e,n/e,3,
15:00 - 16:00,51,,n/e,n/e,n/e,n/e,233,,n/e,n/e,n/e,n/e,n/e,n/e,n/e,n/e,n/e,n/e,n/e,n/e,197,,n/e,n/e,n/e,n/e,n/e,n/e,0,,n/e,n/e,85,,n/e,n/e,n/e,n/e,5,
16:00 - 17:00,52,,n/e,n/e,n/e,n/e,311,,n/e,n/e,n/e,n/e,n/e,n/e,n/e,n/e,n/e,n/e,n/e,n/e,270,,n/e,n/e,n/e,n/e,n/e,n/e,0,,n/e,n/e,24,,n/e,n/e,n/e,n/e,6,
17:00 - 18:00,55,,n/e,n/e,n/e,n/e,341,,n/e,n/e,n/e,n/e,n/e,n/e,n/e,n/e,n/e,n/e,n/e,n/e,304,,n/e,n/e,n/e,n/e,n/e,n/e,0,,n/e,n/e,4,,n/e,n/e,n/e,n/e,8,
18:00 - 19:00,55,,n/e,n/e,n/e,n/e,323,,n/e,n/e,n/e,n/e,n/e,n/e,n/e,n/e,n/e,n/e,n/e,n/e,291,,n/e,n/e,n/e,n/e,n/e,n/e,0,,n/e,n/e,0,,n/e,n/e,n/e,n/e,5,
19:00 - 20:00,54,,n/e,n/e,n/e,n/e,231,,n/e,n/e,n/e,n/e,n/e,n/e,n/e,n/e,n/e,n/e,n/e,n/e,271,,n/e,n/e,n/e,n/e,n/e,n/e,0,,n/e,n/e,0,,n/e,n/e,n/e,n/e,9,
20:00 - 21:00,51,,n/e,n/e,n/e,n/e,188,,n/e,n/e,n/e,n/e,n/e,n/e,n/e,n/e,n/e,n/e,n/e,n/e,277,,n/e,n/e,n/e,n/e,n/e,n/e,0,,n/e,n/e,0,,n/e,n/e,n/e,n/e,13,
21:00 - 22:00,49,,n/e,n/e,n/e,n/e,184,,n/e,n/e,n/e,n/e,n/e,n/e,n/e,n/e,n/e,n/e,n/e,n/e,26,,n/e,n/e,n/e,n/e,n/e,n/e,0,,n/e,n/e,0,,n/e,n/e,n/e,n/e,5,
22:00 - 23:00,48,,n/e,n/e,n/e,n/e,182,,n/e,n/e,n/e,n/e,n/e,n/e,n/e,n/e,n/e,n/e,n/e,n/e,4,,n/e,n/e,n/e,n/e,n/e,n/e,0,,n/e,n/e,0,,n/e,n/e,n/e,n/e,2,
23:00 - 00:00,48,,n/e,n/e,n/e,n/e,180,,n/e,n/e,n/e,n/e,n/e,n/e,n/e,n/e,n/e,n/e,n/e,n/e,3,,n/e,n/e,n/e,n/e,n/e,n/e,0,,n/e,n/e,0,,n/e,n/e,n/e,n/e,3,
00:00 - 01:00,48,,n/e,n/e,n/e,n/e,180,,n/e,n/e,n/e,n/e,n/e,n/e,n/e,n/e,n/e,n/e,n/e,n/e,3,,n/e,n/e,n/e,n/e,n/e,n/e,0,,n/e,n/e,0,,n/e,n/e,n/e,n/e,3,
01:00 - 02:00,48,,n/e,n/e,n/e,n/e,183,,n/e,n/e,n/e,n/e,n/e,n/e,n/e,n/e,n/e,n/e,n/e,n/e,40,,n/e,n/e,n/e,n/e,n/e,n/e,0,,n/e,n/e,0,,n/e,n/e,n/e,n/e,3,
02:00 - 03:00,48,,n/e,n/e,n/e,n/e,252,,n/e,n/e,n/e,n/e,n/e,n/e,n/e,n/e,n/e,n/e,n/e,n/e,75,,n/e,n/e,n/e,n/e,n/e,n/e,0,,n/e,n/e,0,,n/e,n/e,n/e,n/e,3,
03:00 - 04:00,49,,n/e,n/e,n/e,n/e,255,,n/e,n/e,n/e,n/e,n/e,n/e,n/e,n/e,n/e,n/e,n/e,n/e,76,,n/e,n/e,n/e,n/e,n/e,n/e,0,,n/e,n/e,2,,n/e,n/e,n/e,n/e,2,
04:00 - 05:00,54,,n/e,n/e,n/e,n/e,256,,n/e,n/e,n/e,n/e,n/e,n/e,n/e,n/e,n/e,n/e,n/e,n/e,193,,n/e,n/e,n/e,n/e,n/e,n/e,0,,n/e,n/e,13,,n/e,n/e,n/e,n/e,1,
05:00 - 06:00,56,,n/e,n/e,n/e,n/e,254,,n/e,n/e,n/e,n/e,n/e,n/e,n/e,n/e,n/e,n/e,n/e,n/e,203,,n/e,n/e,n/e,n/e,n/e,n/e,0,,n/e,n/e,31,,n/e,n/e,n/e,n/e,1,
06:00 - 07:00,54,,n/e,n/e,n/e,n/e,185,,n/e,n/e,n/e,n/e,n/e,n/e,n/e,n/e,n/e,n/e,n/e,n/e,201,,n/e,n/e,n/e,n/e,n/e,n/e,0,,n/e,n/e,53,,n/e,n/e,n/e,n/e,2,
07:00 - 08:00,54,,n/e,n/e,n/e,n/e,157,,n/e,n/e,n/e,n/e,n/e,n/e,n/e,n/e,n/e,n/e,n/e,n/e,20,,n/e,n/e,n/e,n/e,n/e,n/e,0,,n/e,n/e,72,,n/e,n/e,n/e,n/e,5,
08:00 - 09:00,54,,n/e,n/e,n/e,n/e,155,,n/e,n/e,n/e,n/e,n/e,n/e,n/e,n/e,n/e,n/e,n/e,n/e,10,,n/e,n/e,n/e,n/e,n/e,n/e,0,,n/e,n/e,99,,n/e,n/e,n/e,n/e,10,
09:00 - 10:00,53,,n/e,n/e,n/e,n/e,155,,n/e,n/e,n/e,n/e,n/e,n/e,n/e,n/e,n/e,n/e,n/e,n/e,18,,n/e,n/e,n/e,n/e,n/e,n/e,0,,n/e,n/e,117,,n/e,n/e,n/e,n/e,9,
10:00 - 11:00,49,,n/e,n/e,n/e,n/e,155,,n/e,n/e,n/e,n/e,n/e,n/e,n/e,n/e,n/e,n/e,n/e,n/e,20,,n/e,n/e,n/e,n/e,n/e,n/e,0,,n/e,n/e,142,,n/e,n/e,n/e,n/e,11,
11:00 - 12:00,50,,n/e,n/e,n/e,n/e,155,,n/e,n/e,n/e,n/e,n/e,n/e,n/e,n/e,n/e,n/e,n/e,n/e,5,,n/e,n/e,n/e,n/e,n/e,n/e,0,,n/e,n/e,170,,n/e,n/e,n/e,n/e,12,
12:00 - 13:00,50,,n/e,n/e,n/e,n/e,184,,n/e,n/e,n/e,n/e,n/e,n/e,n/e,n/e,n/e,n/e,n/e,n/e,15,,n/e,n/e,n/e,n/e,n/e,n/e,0,,n/e,n/e,179,,n/e,n/e,n/e,n/e,13,
13:00 - 14:00,51,,n/e,n/e,n/e,n/e,234,,n/e,n/e,n/e,n/e,n/e,n/e,n/e,n/e,n/e,n/e,n/e,n/e,43,,n/e,n/e,n/e,n/e,n/e,n/e,0,,n/e,n/e,157,,n/e,n/e,n/e,n/e,14,
14:00 - 15:00,51,,n/e,n/e,n/e,n/e,332,,n/e,n/e,n/e,n/e,n/e,n/e,n/e,n/e,n/e,n/e,n/e,n/e,69,,n/e,n/e,n/e,n/e,n/e,n/e,0,,n/e,n/e,120,,n/e,n/e,n/e,n/e,11,
15:00 - 16:00,53,,n/e,n/e,n/e,n/e,385,,n/e,n/e,n/e,n/e,n/e,n/e,n/e,n/e,n/e,n/e,n/e,n/e,322,,n/e,n/e,n/e,n/e,n/e,n/e,0,,n/e,n/e,71,,n/e,n/e,n/e,n/e,11,
16:00 - 17:00,54,,n/e,n/e,n/e,n/e,393,,n/e,n/e,n/e,n/e,n/e,n/e,n/e,n/e,n/e,n/e,n/e,n/e,337,,n/e,n/e,n/e,n/e,n/e,n/e,0,,n/e,n/e,31,,n/e,n/e,n/e,n/e,9,
17:00 - 18:00,56,,n/e,n/e,n/e,n/e,392,,n/e,n/e,n/e,n/e,n/e,n/e,n/e,n/e,n/e,n/e,n/e,n/e,337,,n/e,n/e,n/e,n/e,n/e,n/e,0,,n/e,n/e,6,,n/e,n/e,n/e,n/e,5,
18:00 - 19:00,55,,n/e,n/e,n/e,n/e,392,,n/e,n/e,n/e,n/e,n/e,n/e,n/e,n/e,n/e,n/e,n/e,n/e,339,,n/e,n/e,n/e,n/e,n/e,n/e,0,,n/e,n/e,0,,n/e,n/e,n/e,n/e,2,
19:00 - 20:00,54,,n/e,n/e,n/e,n/e,392,,n/e,n/e,n/e,n/e,n/e,n/e,n/e,n/e,n/e,n/e,n/e,n/e,337,,n/e,n/e,n/e,n/e,n/e,n/e,0,,n/e,n/e,0,,n/e,n/e,n/e,n/e,1,
20:00 - 21:00,49,,n/e,n/e,n/e,n/e,386,,n/e,n/e,n/e,n/e,n/e,n/e,n/e,n/e,n/e,n/e,n/e,n/e,318,,n/e,n/e,n/e,n/e,n/e,n/e,0,,n/e,n/e,0,,n/e,n/e,n/e,n/e,1,
21:00 - 22:00,47,,n/e,n/e,n/e,n/e,246,,n/e,n/e,n/e,n/e,n/e,n/e,n/e,n/e,n/e,n/e,n/e,n/e,226,,n/e,n/e,n/e,n/e,n/e,n/e,0,,n/e,n/e,0,,n/e,n/e,n/e,n/e,0,
22:00 - 23:00,47,,n/e,n/e,n/e,n/e,152,,n/e,n/e,n/e,n/e,n/e,n/e,n/e,n/e,n/e,n/e,n/e,n/e,8,,n/e,n/e,n/e,n/e,n/e,n/e,0,,n/e,n/e,0,,n/e,n/e,n/e,n/e,0,
23:00 - 00:00,46,,n/e,n/e,n/e,n/e,150,,n/e,n/e,n/e,n/e,n/e,n/e,n/e,n/e,n/e,n/e,n/e,n/e,5,,n/e,n/e,n/e,n/e,n/e,n/e,0,,n/e,n/e,0,,n/e,n/e,n/e,n/e,0,
00:00 - 01:00,46,,n/e,n/e,n/e,n/e,150,,n/e,n/e,n/e,n/e,n/e,n/e,n/e,n/e,n/e,n/e,n/e,n/e,5,,n/e,n/e,n/e,n/e,n/e,n/e,0,,n/e,n/e,0,,n/e,n/e,n/e,n/e,0,
01:00 - 02:00,46,,n/e,n/e,n/e,n/e,150,,n/e,n/e,n/e,n/e,n/e,n/e,n/e,n/e,n/e,n/e,n/e,n/e,7,,n/e,n/e,n/e,n/e,n/e,n/e,0,,n/e,n/e,0,,n/e,n/e,n/e,n/e,0,
02:00 - 03:00,45,,n/e,n/e,n/e,n/e,150,,n/e,n/e,n/e,n/e,n/e,n/e,n/e,n/e,n/e,n/e,n/e,n/e,107,,n/e,n/e,n/e,n/e,n/e,n/e,0,,n/e,n/e,0,,n/e,n/e,n/e,n/e,0,
03:00 - 04:00,50,,n/e,n/e,n/e,n/e,153,,n/e,n/e,n/e,n/e,n/e,n/e,n/e,n/e,n/e,n/e,n/e,n/e,106,,n/e,n/e,n/e,n/e,n/e,n/e,0,,n/e,n/e,5,,n/e,n/e,n/e,n/e,0,
04:00 - 05:00,52,,n/e,n/e,n/e,n/e,153,,n/e,n/e,n/e,n/e,n/e,n/e,n/e,n/e,n/e,n/e,n/e,n/e,113,,n/e,n/e,n/e,n/e,n/e,n/e,0,,n/e,n/e,32,,n/e,n/e,n/e,n/e,0,
05:00 - 06:00,55,,n/e,n/e,n/e,n/e,153,,n/e,n/e,n/e,n/e,n/e,n/e,n/e,n/e,n/e,n/e,n/e,n/e,107,,n/e,n/e,n/e,n/e,n/e,n/e,0,,n/e,n/e,95,,n/e,n/e,n/e,n/e,1,
06:00 - 07:00,54,,n/e,n/e,n/e,n/e,154,,n/e,n/e,n/e,n/e,n/e,n/e,n/e,n/e,n/e,n/e,n/e,n/e,6,,n/e,n/e,n/e,n/e,n/e,n/e,0,,n/e,n/e,176,,n/e,n/e,n/e,n/e,0,
07:00 - 08:00,55,,n/e,n/e,n/e,n/e,154,,n/e,n/e,n/e,n/e,n/e,n/e,n/e,n/e,n/e,n/e,n/e,n/e,7,,n/e,n/e,n/e,n/e,n/e,n/e,0,,n/e,n/e,246,,n/e,n/e,n/e,n/e,0,
08:00 - 09:00,51,,n/e,n/e,n/e,n/e,152,,n/e,n/e,n/e,n/e,n/e,n/e,n/e,n/e,n/e,n/e,n/e,n/e,7,,n/e,n/e,n/e,n/e,n/e,n/e,0,,n/e,n/e,291,,n/e,n/e,n/e,n/e,0,
09:00 - 10:00,47,,n/e,n/e,n/e,n/e,155,,n/e,n/e,n/e,n/e,n/e,n/e,n/e,n/e,n/e,n/e,n/e,n/e,43,,n/e,n/e,n/e,n/e,n/e,n/e,0,,n/e,n/e,291,,n/e,n/e,n/e,n/e,0,
10:00 - 11:00,43,,n/e,n/e,n/e,n/e,155,,n/e,n/e,n/e,n/e,n/e,n/e,n/e,n/e,n/e,n/e,n/e,n/e,50,,n/e,n/e,n/e,n/e,n/e,n/e,0,,n/e,n/e,303,,n/e,n/e,n/e,n/e,0,
11:00 - 12:00,45,,n/e,n/e,n/e,n/e,153,,n/e,n/e,n/e,n/e,n/e,n/e,n/e,n/e,n/e,n/e,n/e,n/e,8,,n/e,n/e,n/e,n/e,n/e,n/e,0,,n/e,n/e,306,,n/e,n/e,n/e,n/e,1,
12:00 - 13:00,46,,n/e,n/e,n/e,n/e,152,,n/e,n/e,n/e,n/e,n/e,n/e,n/e,n/e,n/e,n/e,n/e,n/e,39,,n/e,n/e,n/e,n/e,n/e,n/e,0,,n/e,n/e,284,,n/e,n/e,n/e,n/e,1,
13:00 - 14:00,48,,n/e,n/e,n/e,n/e,154,,n/e,n/e,n/e,n/e,n/e,n/e,n/e,n/e,n/e,n/e,n/e,n/e,35,,n/e,n/e,n/e,n/e,n/e,n/e,0,,n/e,n/e,236,,n/e,n/e,n/e,n/e,7,
14:00 - 15:00,53,,n/e,n/e,n/e,n/e,185,,n/e,n/e,n/e,n/e,n/e,n/e,n/e,n/e,n/e,n/e,n/e,n/e,7,,n/e,n/e,n/e,n/e,n/e,n/e,0,,n/e,n/e,169,,n/e,n/e,n/e,n/e,8,
15:00 - 16:00,54,,n/e,n/e,n/e,n/e,282,,n/e,n/e,n/e,n/e,n/e,n/e,n/e,n/e,n/e,n/e,n/e,n/e,198,,n/e,n/e,n/e,n/e,n/e,n/e,0,,n/e,n/e,91,,n/e,n/e,n/e,n/e,7,
16:00 - 17:00,55,,n/e,n/e,n/e,n/e,354,,n/e,n/e,n/e,n/e,n/e,n/e,n/e,n/e,n/e,n/e,n/e,n/e,298,,n/e,n/e,n/e,n/e,n/e,n/e,0,,n/e,n/e,27,,n/e,n/e,n/e,n/e,5,
17:00 - 18:00,56,,n/e,n/e,n/e,n/e,357,,n/e,n/e,n/e,n/e,n/e,n/e,n/e,n/e,n/e,n/e,n/e,n/e,316,,n/e,n/e,n/e,n/e,n/e,n/e,0,,n/e,n/e,4,,n/e,n/e,n/e,n/e,4,
18:00 - 19:00,56,,n/e,n/e,n/e,n/e,356,,n/e,n/e,n/e,n/e,n/e,n/e,n/e,n/e,n/e,n/e,n/e,n/e,390,,n/e,n/e,n/e,n/e,n/e,n/e,0,,n/e,n/e,0,,n/e,n/e,n/e,n/e,16,
19:00 - 20:00,55,,n/e,n/e,n/e,n/e,313,,n/e,n/e,n/e,n/e,n/e,n/e,n/e,n/e,n/e,n/e,n/e,n/e,322,,n/e,n/e,n/e,n/e,n/e,n/e,0,,n/e,n/e,0,,n/e,n/e,n/e,n/e,23,
20:00 - 21:00,51,,n/e,n/e,n/e,n/e,306,,n/e,n/e,n/e,n/e,n/e,n/e,n/e,n/e,n/e,n/e,n/e,n/e,320,,n/e,n/e,n/e,n/e,n/e,n/e,0,,n/e,n/e,0,,n/e,n/e,n/e,n/e,25,
21:00 - 22:00,49,,n/e,n/e,n/e,n/e,230,,n/e,n/e,n/e,n/e,n/e,n/e,n/e,n/e,n/e,n/e,n/e,n/e,97,,n/e,n/e,n/e,n/e,n/e,n/e,0,,n/e,n/e,0,,n/e,n/e,n/e,n/e,31,
22:00 - 23:00,48,,n/e,n/e,n/e,n/e,152,,n/e,n/e,n/e,n/e,n/e,n/e,n/e,n/e,n/e,n/e,n/e,n/e,25,,n/e,n/e,n/e,n/e,n/e,n/e,0,,n/e,n/e,0,,n/e,n/e,n/e,n/e,36,
23:00 - 00:00,48,,n/e,n/e,n/e,n/e,151,,n/e,n/e,n/e,n/e,n/e,n/e,n/e,n/e,n/e,n/e,n/e,n/e,17,,n/e,n/e,n/e,n/e,n/e,n/e,0,,n/e,n/e,0,,n/e,n/e,n/e,n/e,35,
00:00 - 01:00,47,,n/e,n/e,n/e,n/e,151,,n/e,n/e,n/e,n/e,n/e,n/e,n/e,n/e,n/e,n/e,n/e,n/e,22,,n/e,n/e,n/e,n/e,n/e,n/e,0,,n/e,n/e,0,,n/e,n/e,n/e,n/e,26,
01:00 - 02:00,47,,n/e,n/e,n/e,n/e,151,,n/e,n/e,n/e,n/e,n/e,n/e,n/e,n/e,n/e,n/e,n/e,n/e,11,,n/e,n/e,n/e,n/e,n/e,n/e,0,,n/e,n/e,0,,n/e,n/e,n/e,n/e,13,
02:00 - 03:00,47,,n/e,n/e,n/e,n/e,181,,n/e,n/e,n/e,n/e,n/e,n/e,n/e,n/e,n/e,n/e,n/e,n/e,96,,n/e,n/e,n/e,n/e,n/e,n/e,0,,n/e,n/e,0,,n/e,n/e,n/e,n/e,11,
03:00 - 04:00,50,,n/e,n/e,n/e,n/e,184,,n/e,n/e,n/e,n/e,n/e,n/e,n/e,n/e,n/e,n/e,n/e,n/e,96,,n/e,n/e,n/e,n/e,n/e,n/e,0,,n/e,n/e,4,,n/e,n/e,n/e,n/e,19,
04:00 - 05:00,53,,n/e,n/e,n/e,n/e,183,,n/e,n/e,n/e,n/e,n/e,n/e,n/e,n/e,n/e,n/e,n/e,n/e,132,,n/e,n/e,n/e,n/e,n/e,n/e,0,,n/e,n/e,20,,n/e,n/e,n/e,n/e,20,
05:00 - 06:00,55,,n/e,n/e,n/e,n/e,183,,n/e,n/e,n/e,n/e,n/e,n/e,n/e,n/e,n/e,n/e,n/e,n/e,131,,n/e,n/e,n/e,n/e,n/e,n/e,0,,n/e,n/e,49,,n/e,n/e,n/e,n/e,11,
06:00 - 07:00,56,,n/e,n/e,n/e,n/e,185,,n/e,n/e,n/e,n/e,n/e,n/e,n/e,n/e,n/e,n/e,n/e,n/e,25,,n/e,n/e,n/e,n/e,n/e,n/e,0,,n/e,n/e,107,,n/e,n/e,n/e,n/e,7,
07:00 - 08:00,56,,n/e,n/e,n/e,n/e,185,,n/e,n/e,n/e,n/e,n/e,n/e,n/e,n/e,n/e,n/e,n/e,n/e,7,,n/e,n/e,n/e,n/e,n/e,n/e,0,,n/e,n/e,186,,n/e,n/e,n/e,n/e,5,
08:00 - 09:00,55,,n/e,n/e,n/e,n/e,183,,n/e,n/e,n/e,n/e,n/e,n/e,n/e,n/e,n/e,n/e,n/e,n/e,6,,n/e,n/e,n/e,n/e,n/e,n/e,0,,n/e,n/e,226,,n/e,n/e,n/e,n/e,4,
09:00 - 10:00,52,,n/e,n/e,n/e,n/e,183,,n/e,n/e,n/e,n/e,n/e,n/e,n/e,n/e,n/e,n/e,n/e,n/e,6,,n/e,n/e,n/e,n/e,n/e,n/e,0,,n/e,n/e,232,,n/e,n/e,n/e,n/e,7,
10:00 - 11:00,52,,n/e,n/e,n/e,n/e,185,,n/e,n/e,n/e,n/e,n/e,n/e,n/e,n/e,n/e,n/e,n/e,n/e,22,,n/e,n/e,n/e,n/e,n/e,n/e,0,,n/e,n/e,200,,n/e,n/e,n/e,n/e,10,
11:00 - 12:00,51,,n/e,n/e,n/e,n/e,206,,n/e,n/e,n/e,n/e,n/e,n/e,n/e,n/e,n/e,n/e,n/e,n/e,23,,n/e,n/e,n/e,n/e,n/e,n/e,0,,n/e,n/e,159,,n/e,n/e,n/e,n/e,8,
12:00 - 13:00,50,,n/e,n/e,n/e,n/e,235,,n/e,n/e,n/e,n/e,n/e,n/e,n/e,n/e,n/e,n/e,n/e,n/e,23,,n/e,n/e,n/e,n/e,n/e,n/e,0,,n/e,n/e,112,,n/e,n/e,n/e,n/e,7,
13:00 - 14:00,51,,n/e,n/e,n/e,n/e,235,,n/e,n/e,n/e,n/e,n/e,n/e,n/e,n/e,n/e,n/e,n/e,n/e,89,,n/e,n/e,n/e,n/e,n/e,n/e,0,,n/e,n/e,89,,n/e,n/e,n/e,n/e,15,
14:00 - 15:00,53,,n/e,n/e,n/e,n/e,233,,n/e,n/e,n/e,n/e,n/e,n/e,n/e,n/e,n/e,n/e,n/e,n/e,235,,n/e,n/e,n/e,n/e,n/e,n/e,0,,n/e,n/e,57,,n/e,n/e,n/e,n/e,9,
15:00 - 16:00,48,,n/e,n/e,n/e,n/e,247,,n/e,n/e,n/e,n/e,n/e,n/e,n/e,n/e,n/e,n/e,n/e,n/e,355,,n/e,n/e,n/e,n/e,n/e,n/e,0,,n/e,n/e,23,,n/e,n/e,n/e,n/e,3,
16:00 - 17:00,45,,n/e,n/e,n/e,n/e,249,,n/e,n/e,n/e,n/e,n/e,n/e,n/e,n/e,n/e,n/e,n/e,n/e,377,,n/e,n/e,n/e,n/e,n/e,n/e,0,,n/e,n/e,7,,n/e,n/e,n/e,n/e,7,
17:00 - 18:00,47,,n/e,n/e,n/e,n/e,221,,n/e,n/e,n/e,n/e,n/e,n/e,n/e,n/e,n/e,n/e,n/e,n/e,361,,n/e,n/e,n/e,n/e,n/e,n/e,0,,n/e,n/e,1,,n/e,n/e,n/e,n/e,11,
18:00 - 19:00,50,,n/e,n/e,n/e,n/e,221,,n/e,n/e,n/e,n/e,n/e,n/e,n/e,n/e,n/e,n/e,n/e,n/e,358,,n/e,n/e,n/e,n/e,n/e,n/e,0,,n/e,n/e,0,,n/e,n/e,n/e,n/e,14,
19:00 - 20:00,39,,n/e,n/e,n/e,n/e,215,,n/e,n/e,n/e,n/e,n/e,n/e,n/e,n/e,n/e,n/e,n/e,n/e,147,,n/e,n/e,n/e,n/e,n/e,n/e,0,,n/e,n/e,0,,n/e,n/e,n/e,n/e,5,
20:00 - 21:00,41,,n/e,n/e,n/e,n/e,207,,n/e,n/e,n/e,n/e,n/e,n/e,n/e,n/e,n/e,n/e,n/e,n/e,142,,n/e,n/e,n/e,n/e,n/e,n/e,0,,n/e,n/e,0,,n/e,n/e,n/e,n/e,10,
21:00 - 22:00,44,,n/e,n/e,n/e,n/e,184,,n/e,n/e,n/e,n/e,n/e,n/e,n/e,n/e,n/e,n/e,n/e,n/e,22,,n/e,n/e,n/e,n/e,n/e,n/e,0,,n/e,n/e,0,,n/e,n/e,n/e,n/e,16,
22:00 - 23:00,40,,n/e,n/e,n/e,n/e,154,,n/e,n/e,n/e,n/e,n/e,n/e,n/e,n/e,n/e,n/e,n/e,n/e,5,,n/e,n/e,n/e,n/e,n/e,n/e,0,,n/e,n/e,0,,n/e,n/e,n/e,n/e,17,
23:00 - 00:00,39,,n/e,n/e,n/e,n/e,151,,n/e,n/e,n/e,n/e,n/e,n/e,n/e,n/e,n/e,n/e,n/e,n/e,5,,n/e,n/e,n/e,n/e,n/e,n/e,0,,n/e,n/e,0,,n/e,n/e,n/e,n/e,31,
00:00 - 01:00,41,,n/e,n/e,n/e,n/e,150,,n/e,n/e,n/e,n/e,n/e,n/e,n/e,n/e,n/e,n/e,n/e,n/e,5,,n/e,n/e,n/e,n/e,n/e,n/e,0,,n/e,n/e,0,,n/e,n/e,n/e,n/e,46,
01:00 - 02:00,43,,n/e,n/e,n/e,n/e,151,,n/e,n/e,n/e,n/e,n/e,n/e,n/e,n/e,n/e,n/e,n/e,n/e,86,,n/e,n/e,n/e,n/e,n/e,n/e,0,,n/e,n/e,0,,n/e,n/e,n/e,n/e,45,
02:00 - 03:00,45,,n/e,n/e,n/e,n/e,152,,n/e,n/e,n/e,n/e,n/e,n/e,n/e,n/e,n/e,n/e,n/e,n/e,162,,n/e,n/e,n/e,n/e,n/e,n/e,0,,n/e,n/e,0,,n/e,n/e,n/e,n/e,40,
03:00 - 04:00,46,,n/e,n/e,n/e,n/e,154,,n/e,n/e,n/e,n/e,n/e,n/e,n/e,n/e,n/e,n/e,n/e,n/e,163,,n/e,n/e,n/e,n/e,n/e,n/e,0,,n/e,n/e,1,,n/e,n/e,n/e,n/e,43,
04:00 - 05:00,52,,n/e,n/e,n/e,n/e,154,,n/e,n/e,n/e,n/e,n/e,n/e,n/e,n/e,n/e,n/e,n/e,n/e,163,,n/e,n/e,n/e,n/e,n/e,n/e,0,,n/e,n/e,10,,n/e,n/e,n/e,n/e,24,
05:00 - 06:00,54,,n/e,n/e,n/e,n/e,153,,n/e,n/e,n/e,n/e,n/e,n/e,n/e,n/e,n/e,n/e,n/e,n/e,171,,n/e,n/e,n/e,n/e,n/e,n/e,0,,n/e,n/e,31,,n/e,n/e,n/e,n/e,22,
06:00 - 07:00,54,,n/e,n/e,n/e,n/e,154,,n/e,n/e,n/e,n/e,n/e,n/e,n/e,n/e,n/e,n/e,n/e,n/e,14,,n/e,n/e,n/e,n/e,n/e,n/e,0,,n/e,n/e,64,,n/e,n/e,n/e,n/e,34,
07:00 - 08:00,54,,n/e,n/e,n/e,n/e,153,,n/e,n/e,n/e,n/e,n/e,n/e,n/e,n/e,n/e,n/e,n/e,n/e,7,,n/e,n/e,n/e,n/e,n/e,n/e,0,,n/e,n/e,127,,n/e,n/e,n/e,n/e,31,
08:00 - 09:00,50,,n/e,n/e,n/e,n/e,152,,n/e,n/e,n/e,n/e,n/e,n/e,n/e,n/e,n/e,n/e,n/e,n/e,25,,n/e,n/e,n/e,n/e,n/e,n/e,0,,n/e,n/e,180,,n/e,n/e,n/e,n/e,35,
09:00 - 10:00,45,,n/e,n/e,n/e,n/e,152,,n/e,n/e,n/e,n/e,n/e,n/e,n/e,n/e,n/e,n/e,n/e,n/e,5,,n/e,n/e,n/e,n/e,n/e,n/e,0,,n/e,n/e,219,,n/e,n/e,n/e,n/e,30,
10:00 - 11:00,41,,n/e,n/e,n/e,n/e,170,,n/e,n/e,n/e,n/e,n/e,n/e,n/e,n/e,n/e,n/e,n/e,n/e,22,,n/e,n/e,n/e,n/e,n/e,n/e,0,,n/e,n/e,231,,n/e,n/e,n/e,n/e,33,
11:00 - 12:00,43,,n/e,n/e,n/e,n/e,163,,n/e,n/e,n/e,n/e,n/e,n/e,n/e,n/e,n/e,n/e,n/e,n/e,32,,n/e,n/e,n/e,n/e,n/e,n/e,0,,n/e,n/e,222,,n/e,n/e,n/e,n/e,33,
12:00 - 13:00,45,,n/e,n/e,n/e,n/e,183,,n/e,n/e,n/e,n/e,n/e,n/e,n/e,n/e,n/e,n/e,n/e,n/e,5,,n/e,n/e,n/e,n/e,n/e,n/e,0,,n/e,n/e,203,,n/e,n/e,n/e,n/e,25,
13:00 - 14:00,47,,n/e,n/e,n/e,n/e,183,,n/e,n/e,n/e,n/e,n/e,n/e,n/e,n/e,n/e,n/e,n/e,n/e,6,,n/e,n/e,n/e,n/e,n/e,n/e,0,,n/e,n/e,173,,n/e,n/e,n/e,n/e,19,
14:00 - 15:00,48,,n/e,n/e,n/e,n/e,182,,n/e,n/e,n/e,n/e,n/e,n/e,n/e,n/e,n/e,n/e,n/e,n/e,58,,n/e,n/e,n/e,n/e,n/e,n/e,0,,n/e,n/e,123,,n/e,n/e,n/e,n/e,16,
15:00 - 16:00,49,,n/e,n/e,n/e,n/e,230,,n/e,n/e,n/e,n/e,n/e,n/e,n/e,n/e,n/e,n/e,n/e,n/e,351,,n/e,n/e,n/e,n/e,n/e,n/e,0,,n/e,n/e,71,,n/e,n/e,n/e,n/e,16,
16:00 - 17:00,51,,n/e,n/e,n/e,n/e,251,,n/e,n/e,n/e,n/e,n/e,n/e,n/e,n/e,n/e,n/e,n/e,n/e,380,,n/e,n/e,n/e,n/e,n/e,n/e,0,,n/e,n/e,23,,n/e,n/e,n/e,n/e,13,
17:00 - 18:00,53,,n/e,n/e,n/e,n/e,253,,n/e,n/e,n/e,n/e,n/e,n/e,n/e,n/e,n/e,n/e,n/e,n/e,468,,n/e,n/e,n/e,n/e,n/e,n/e,0,,n/e,n/e,3,,n/e,n/e,n/e,n/e,10,
18:00 - 19:00,53,,n/e,n/e,n/e,n/e,253,,n/e,n/e,n/e,n/e,n/e,n/e,n/e,n/e,n/e,n/e,n/e,n/e,486,,n/e,n/e,n/e,n/e,n/e,n/e,0,,n/e,n/e,0,,n/e,n/e,n/e,n/e,5,
19:00 - 20:00,52,,n/e,n/e,n/e,n/e,252,,n/e,n/e,n/e,n/e,n/e,n/e,n/e,n/e,n/e,n/e,n/e,n/e,373,,n/e,n/e,n/e,n/e,n/e,n/e,0,,n/e,n/e,0,,n/e,n/e,n/e,n/e,5,
20:00 - 21:00,49,,n/e,n/e,n/e,n/e,246,,n/e,n/e,n/e,n/e,n/e,n/e,n/e,n/e,n/e,n/e,n/e,n/e,353,,n/e,n/e,n/e,n/e,n/e,n/e,0,,n/e,n/e,0,,n/e,n/e,n/e,n/e,6,
21:00 - 22:00,47,,n/e,n/e,n/e,n/e,190,,n/e,n/e,n/e,n/e,n/e,n/e,n/e,n/e,n/e,n/e,n/e,n/e,249,,n/e,n/e,n/e,n/e,n/e,n/e,0,,n/e,n/e,0,,n/e,n/e,n/e,n/e,5,
22:00 - 23:00,46,,n/e,n/e,n/e,n/e,150,,n/e,n/e,n/e,n/e,n/e,n/e,n/e,n/e,n/e,n/e,n/e,n/e,9,,n/e,n/e,n/e,n/e,n/e,n/e,0,,n/e,n/e,0,,n/e,n/e,n/e,n/e,4,
23:00 - 00:00,44,,n/e,n/e,n/e,n/e,150,,n/e,n/e,n/e,n/e,n/e,n/e,n/e,n/e,n/e,n/e,n/e,n/e,5,,n/e,n/e,n/e,n/e,n/e,n/e,0,,n/e,n/e,0,,n/e,n/e,n/e,n/e,21,
00:00 - 01:00,44,,n/e,n/e,n/e,n/e,150,,n/e,n/e,n/e,n/e,n/e,n/e,n/e,n/e,n/e,n/e,n/e,n/e,23,,n/e,n/e,n/e,n/e,n/e,n/e,0,,n/e,n/e,0,,n/e,n/e,n/e,n/e,20,
01:00 - 02:00,45,,n/e,n/e,n/e,n/e,152,,n/e,n/e,n/e,n/e,n/e,n/e,n/e,n/e,n/e,n/e,n/e,n/e,24,,n/e,n/e,n/e,n/e,n/e,n/e,0,,n/e,n/e,0,,n/e,n/e,n/e,n/e,14,
02:00 - 03:00,44,,n/e,n/e,n/e,n/e,181,,n/e,n/e,n/e,n/e,n/e,n/e,n/e,n/e,n/e,n/e,n/e,n/e,146,,n/e,n/e,n/e,n/e,n/e,n/e,0,,n/e,n/e,0,,n/e,n/e,n/e,n/e,8,
03:00 - 04:00,46,,n/e,n/e,n/e,n/e,182,,n/e,n/e,n/e,n/e,n/e,n/e,n/e,n/e,n/e,n/e,n/e,n/e,126,,n/e,n/e,n/e,n/e,n/e,n/e,0,,n/e,n/e,5,,n/e,n/e,n/e,n/e,18,
04:00 - 05:00,53,,n/e,n/e,n/e,n/e,183,,n/e,n/e,n/e,n/e,n/e,n/e,n/e,n/e,n/e,n/e,n/e,n/e,194,,n/e,n/e,n/e,n/e,n/e,n/e,0,,n/e,n/e,23,,n/e,n/e,n/e,n/e,20,
05:00 - 06:00,55,,n/e,n/e,n/e,n/e,183,,n/e,n/e,n/e,n/e,n/e,n/e,n/e,n/e,n/e,n/e,n/e,n/e,332,,n/e,n/e,n/e,n/e,n/e,n/e,0,,n/e,n/e,46,,n/e,n/e,n/e,n/e,32,
06:00 - 07:00,54,,n/e,n/e,n/e,n/e,183,,n/e,n/e,n/e,n/e,n/e,n/e,n/e,n/e,n/e,n/e,n/e,n/e,254,,n/e,n/e,n/e,n/e,n/e,n/e,0,,n/e,n/e,57,,n/e,n/e,n/e,n/e,21,
07:00 - 08:00,53,,n/e,n/e,n/e,n/e,183,,n/e,n/e,n/e,n/e,n/e,n/e,n/e,n/e,n/e,n/e,n/e,n/e,115,,n/e,n/e,n/e,n/e,n/e,n/e,0,,n/e,n/e,64,,n/e,n/e,n/e,n/e,23,
08:00 - 09:00,51,,n/e,n/e,n/e,n/e,182,,n/e,n/e,n/e,n/e,n/e,n/e,n/e,n/e,n/e,n/e,n/e,n/e,26,,n/e,n/e,n/e,n/e,n/e,n/e,0,,n/e,n/e,73,,n/e,n/e,n/e,n/e,35,
09:00 - 10:00,41,,n/e,n/e,n/e,n/e,182,,n/e,n/e,n/e,n/e,n/e,n/e,n/e,n/e,n/e,n/e,n/e,n/e,23,,n/e,n/e,n/e,n/e,n/e,n/e,0,,n/e,n/e,88,,n/e,n/e,n/e,n/e,43,
10:00 - 11:00,36,,n/e,n/e,n/e,n/e,182,,n/e,n/e,n/e,n/e,n/e,n/e,n/e,n/e,n/e,n/e,n/e,n/e,7,,n/e,n/e,n/e,n/e,n/e,n/e,0,,n/e,n/e,92,,n/e,n/e,n/e,n/e,46,
11:00 - 12:00,35,,n/e,n/e,n/e,n/e,182,,n/e,n/e,n/e,n/e,n/e,n/e,n/e,n/e,n/e,n/e,n/e,n/e,5,,n/e,n/e,n/e,n/e,n/e,n/e,0,,n/e,n/e,85,,n/e,n/e,n/e,n/e,50,
12:00 - 13:00,36,,n/e,n/e,n/e,n/e,182,,n/e,n/e,n/e,n/e,n/e,n/e,n/e,n/e,n/e,n/e,n/e,n/e,5,,n/e,n/e,n/e,n/e,n/e,n/e,0,,n/e,n/e,72,,n/e,n/e,n/e,n/e,39,
13:00 - 14:00,39,,n/e,n/e,n/e,n/e,182,,n/e,n/e,n/e,n/e,n/e,n/e,n/e,n/e,n/e,n/e,n/e,n/e,5,,n/e,n/e,n/e,n/e,n/e,n/e,0,,n/e,n/e,60,,n/e,n/e,n/e,n/e,39,
14:00 - 15:00,48,,n/e,n/e,n/e,n/e,182,,n/e,n/e,n/e,n/e,n/e,n/e,n/e,n/e,n/e,n/e,n/e,n/e,11,,n/e,n/e,n/e,n/e,n/e,n/e,0,,n/e,n/e,40,,n/e,n/e,n/e,n/e,44,
15:00 - 16:00,51,,n/e,n/e,n/e,n/e,153,,n/e,n/e,n/e,n/e,n/e,n/e,n/e,n/e,n/e,n/e,n/e,n/e,180,,n/e,n/e,n/e,n/e,n/e,n/e,0,,n/e,n/e,20,,n/e,n/e,n/e,n/e,36,
16:00 - 17:00,51,,n/e,n/e,n/e,n/e,158,,n/e,n/e,n/e,n/e,n/e,n/e,n/e,n/e,n/e,n/e,n/e,n/e,264,,n/e,n/e,n/e,n/e,n/e,n/e,0,,n/e,n/e,7,,n/e,n/e,n/e,n/e,30,
17:00 - 18:00,53,,n/e,n/e,n/e,n/e,160,,n/e,n/e,n/e,n/e,n/e,n/e,n/e,n/e,n/e,n/e,n/e,n/e,303,,n/e,n/e,n/e,n/e,n/e,n/e,0,,n/e,n/e,1,,n/e,n/e,n/e,n/e,34,
18:00 - 19:00,53,,n/e,n/e,n/e,n/e,161,,n/e,n/e,n/e,n/e,n/e,n/e,n/e,n/e,n/e,n/e,n/e,n/e,336,,n/e,n/e,n/e,n/e,n/e,n/e,0,,n/e,n/e,0,,n/e,n/e,n/e,n/e,49,
19:00 - 20:00,50,,n/e,n/e,n/e,n/e,160,,n/e,n/e,n/e,n/e,n/e,n/e,n/e,n/e,n/e,n/e,n/e,n/e,179,,n/e,n/e,n/e,n/e,n/e,n/e,0,,n/e,n/e,0,,n/e,n/e,n/e,n/e,77,
20:00 - 21:00,46,,n/e,n/e,n/e,n/e,158,,n/e,n/e,n/e,n/e,n/e,n/e,n/e,n/e,n/e,n/e,n/e,n/e,91,,n/e,n/e,n/e,n/e,n/e,n/e,0,,n/e,n/e,0,,n/e,n/e,n/e,n/e,78,
21:00 - 22:00,40,,n/e,n/e,n/e,n/e,152,,n/e,n/e,n/e,n/e,n/e,n/e,n/e,n/e,n/e,n/e,n/e,n/e,67,,n/e,n/e,n/e,n/e,n/e,n/e,0,,n/e,n/e,0,,n/e,n/e,n/e,n/e,73,
22:00 - 23:00,33,,n/e,n/e,n/e,n/e,150,,n/e,n/e,n/e,n/e,n/e,n/e,n/e,n/e,n/e,n/e,n/e,n/e,5,,n/e,n/e,n/e,n/e,n/e,n/e,0,,n/e,n/e,0,,n/e,n/e,n/e,n/e,66,
23:00 - 00:00,32,,n/e,n/e,n/e,n/e,150,,n/e,n/e,n/e,n/e,n/e,n/e,n/e,n/e,n/e,n/e,n/e,n/e,5,,n/e,n/e,n/e,n/e,n/e,n/e,0,,n/e,n/e,0,,n/e,n/e,n/e,n/e,61,
00:00 - 01:00,32,,n/e,n/e,n/e,n/e,150,,n/e,n/e,n/e,n/e,n/e,n/e,n/e,n/e,n/e,n/e,n/e,n/e,18,,n/e,n/e,n/e,n/e,n/e,n/e,0,,n/e,n/e,0,,n/e,n/e,n/e,n/e,64,
01:00 - 02:00,35,,n/e,n/e,n/e,n/e,151,,n/e,n/e,n/e,n/e,n/e,n/e,n/e,n/e,n/e,n/e,n/e,n/e,9,,n/e,n/e,n/e,n/e,n/e,n/e,0,,n/e,n/e,0,,n/e,n/e,n/e,n/e,83,
02:00 - 03:00,42,,n/e,n/e,n/e,n/e,153,,n/e,n/e,n/e,n/e,n/e,n/e,n/e,n/e,n/e,n/e,n/e,n/e,5,,n/e,n/e,n/e,n/e,n/e,n/e,0,,n/e,n/e,0,,n/e,n/e,n/e,n/e,81,
03:00 - 04:00,50,,n/e,n/e,n/e,n/e,152,,n/e,n/e,n/e,n/e,n/e,n/e,n/e,n/e,n/e,n/e,n/e,n/e,6,,n/e,n/e,n/e,n/e,n/e,n/e,0,,n/e,n/e,3,,n/e,n/e,n/e,n/e,80,
04:00 - 05:00,53,,n/e,n/e,n/e,n/e,152,,n/e,n/e,n/e,n/e,n/e,n/e,n/e,n/e,n/e,n/e,n/e,n/e,6,,n/e,n/e,n/e,n/e,n/e,n/e,0,,n/e,n/e,22,,n/e,n/e,n/e,n/e,66,
05:00 - 06:00,53,,n/e,n/e,n/e,n/e,152,,n/e,n/e,n/e,n/e,n/e,n/e,n/e,n/e,n/e,n/e,n/e,n/e,6,,n/e,n/e,n/e,n/e,n/e,n/e,0,,n/e,n/e,85,,n/e,n/e,n/e,n/e,69,
06:00 - 07:00,49,,n/e,n/e,n/e,n/e,152,,n/e,n/e,n/e,n/e,n/e,n/e,n/e,n/e,n/e,n/e,n/e,n/e,6,,n/e,n/e,n/e,n/e,n/e,n/e,0,,n/e,n/e,154,,n/e,n/e,n/e,n/e,78,
07:00 - 08:00,40,,n/e,n/e,n/e,n/e,150,,n/e,n/e,n/e,n/e,n/e,n/e,n/e,n/e,n/e,n/e,n/e,n/e,5,,n/e,n/e,n/e,n/e,n/e,n/e,0,,n/e,n/e,211,,n/e,n/e,n/e,n/e,80,
08:00 - 09:00,40,,n/e,n/e,n/e,n/e,150,,n/e,n/e,n/e,n/e,n/e,n/e,n/e,n/e,n/e,n/e,n/e,n/e,4,,n/e,n/e,n/e,n/e,n/e,n/e,0,,n/e,n/e,269,,n/e,n/e,n/e,n/e,32,
09:00 - 10:00,40,,n/e,n/e,n/e,n/e,150,,n/e,n/e,n/e,n/e,n/e,n/e,n/e,n/e,n/e,n/e,n/e,n/e,4,,n/e,n/e,n/e,n/e,n/e,n/e,0,,n/e,n/e,320,,n/e,n/e,n/e,n/e,29,
10:00 - 11:00,39,,n/e,n/e,n/e,n/e,150,,n/e,n/e,n/e,n/e,n/e,n/e,n/e,n/e,n/e,n/e,n/e,n/e,5,,n/e,n/e,n/e,n/e,n/e,n/e,0,,n/e,n/e,337,,n/e,n/e,n/e,n/e,27,
11:00 - 12:00,36,,n/e,n/e,n/e,n/e,150,,n/e,n/e,n/e,n/e,n/e,n/e,n/e,n/e,n/e,n/e,n/e,n/e,6,,n/e,n/e,n/e,n/e,n/e,n/e,0,,n/e,n/e,341,,n/e,n/e,n/e,n/e,24,
12:00 - 13:00,35,,n/e,n/e,n/e,n/e,150,,n/e,n/e,n/e,n/e,n/e,n/e,n/e,n/e,n/e,n/e,n/e,n/e,14,,n/e,n/e,n/e,n/e,n/e,n/e,0,,n/e,n/e,311,,n/e,n/e,n/e,n/e,20,
13:00 - 14:00,35,,n/e,n/e,n/e,n/e,150,,n/e,n/e,n/e,n/e,n/e,n/e,n/e,n/e,n/e,n/e,n/e,n/e,6,,n/e,n/e,n/e,n/e,n/e,n/e,0,,n/e,n/e,260,,n/e,n/e,n/e,n/e,17,
14:00 - 15:00,42,,n/e,n/e,n/e,n/e,153,,n/e,n/e,n/e,n/e,n/e,n/e,n/e,n/e,n/e,n/e,n/e,n/e,96,,n/e,n/e,n/e,n/e,n/e,n/e,0,,n/e,n/e,175,,n/e,n/e,n/e,n/e,14,
15:00 - 16:00,48,,n/e,n/e,n/e,n/e,277,,n/e,n/e,n/e,n/e,n/e,n/e,n/e,n/e,n/e,n/e,n/e,n/e,423,,n/e,n/e,n/e,n/e,n/e,n/e,0,,n/e,n/e,88,,n/e,n/e,n/e,n/e,9,
16:00 - 17:00,50,,n/e,n/e,n/e,n/e,286,,n/e,n/e,n/e,n/e,n/e,n/e,n/e,n/e,n/e,n/e,n/e,n/e,501,,n/e,n/e,n/e,n/e,n/e,n/e,0,,n/e,n/e,23,,n/e,n/e,n/e,n/e,14,
17:00 - 18:00,52,,n/e,n/e,n/e,n/e,288,,n/e,n/e,n/e,n/e,n/e,n/e,n/e,n/e,n/e,n/e,n/e,n/e,472,,n/e,n/e,n/e,n/e,n/e,n/e,0,,n/e,n/e,2,,n/e,n/e,n/e,n/e,5,
18:00 - 19:00,51,,n/e,n/e,n/e,n/e,288,,n/e,n/e,n/e,n/e,n/e,n/e,n/e,n/e,n/e,n/e,n/e,n/e,545,,n/e,n/e,n/e,n/e,n/e,n/e,0,,n/e,n/e,0,,n/e,n/e,n/e,n/e,4,
19:00 - 20:00,49,,n/e,n/e,n/e,n/e,284,,n/e,n/e,n/e,n/e,n/e,n/e,n/e,n/e,n/e,n/e,n/e,n/e,537,,n/e,n/e,n/e,n/e,n/e,n/e,0,,n/e,n/e,0,,n/e,n/e,n/e,n/e,9,
20:00 - 21:00,46,,n/e,n/e,n/e,n/e,282,,n/e,n/e,n/e,n/e,n/e,n/e,n/e,n/e,n/e,n/e,n/e,n/e,136,,n/e,n/e,n/e,n/e,n/e,n/e,0,,n/e,n/e,0,,n/e,n/e,n/e,n/e,24,
21:00 - 22:00,44,,n/e,n/e,n/e,n/e,272,,n/e,n/e,n/e,n/e,n/e,n/e,n/e,n/e,n/e,n/e,n/e,n/e,29,,n/e,n/e,n/e,n/e,n/e,n/e,0,,n/e,n/e,0,,n/e,n/e,n/e,n/e,34,
22:00 - 23:00,37,,n/e,n/e,n/e,n/e,151,,n/e,n/e,n/e,n/e,n/e,n/e,n/e,n/e,n/e,n/e,n/e,n/e,5,,n/e,n/e,n/e,n/e,n/e,n/e,0,,n/e,n/e,0,,n/e,n/e,n/e,n/e,57,
23:00 - 00:00,31,,n/e,n/e,n/e,n/e,150,,n/e,n/e,n/e,n/e,n/e,n/e,n/e,n/e,n/e,n/e,n/e,n/e,2,,n/e,n/e,n/e,n/e,n/e,n/e,0,,n/e,n/e,0,,n/e,n/e,n/e,n/e,32,
00:00 - 01:00,30,,n/e,n/e,n/e,n/e,150,,n/e,n/e,n/e,n/e,n/e,n/e,n/e,n/e,n/e,n/e,n/e,n/e,3,,n/e,n/e,n/e,n/e,n/e,n/e,0,,n/e,n/e,0,,n/e,n/e,n/e,n/e,57,
01:00 - 02:00,30,,n/e,n/e,n/e,n/e,150,,n/e,n/e,n/e,n/e,n/e,n/e,n/e,n/e,n/e,n/e,n/e,n/e,3,,n/e,n/e,n/e,n/e,n/e,n/e,0,,n/e,n/e,0,,n/e,n/e,n/e,n/e,33,
02:00 - 03:00,29,,n/e,n/e,n/e,n/e,150,,n/e,n/e,n/e,n/e,n/e,n/e,n/e,n/e,n/e,n/e,n/e,n/e,2,,n/e,n/e,n/e,n/e,n/e,n/e,0,,n/e,n/e,0,,n/e,n/e,n/e,n/e,35,
03:00 - 04:00,29,,n/e,n/e,n/e,n/e,150,,n/e,n/e,n/e,n/e,n/e,n/e,n/e,n/e,n/e,n/e,n/e,n/e,3,,n/e,n/e,n/e,n/e,n/e,n/e,0,,n/e,n/e,3,,n/e,n/e,n/e,n/e,33,
04:00 - 05:00,28,,n/e,n/e,n/e,n/e,150,,n/e,n/e,n/e,n/e,n/e,n/e,n/e,n/e,n/e,n/e,n/e,n/e,3,,n/e,n/e,n/e,n/e,n/e,n/e,0,,n/e,n/e,27,,n/e,n/e,n/e,n/e,58,
05:00 - 06:00,29,,n/e,n/e,n/e,n/e,150,,n/e,n/e,n/e,n/e,n/e,n/e,n/e,n/e,n/e,n/e,n/e,n/e,3,,n/e,n/e,n/e,n/e,n/e,n/e,0,,n/e,n/e,80,,n/e,n/e,n/e,n/e,22,
06:00 - 07:00,29,,n/e,n/e,n/e,n/e,150,,n/e,n/e,n/e,n/e,n/e,n/e,n/e,n/e,n/e,n/e,n/e,n/e,19,,n/e,n/e,n/e,n/e,n/e,n/e,0,,n/e,n/e,147,,n/e,n/e,n/e,n/e,19,
07:00 - 08:00,31,,n/e,n/e,n/e,n/e,150,,n/e,n/e,n/e,n/e,n/e,n/e,n/e,n/e,n/e,n/e,n/e,n/e,3,,n/e,n/e,n/e,n/e,n/e,n/e,0,,n/e,n/e,210,,n/e,n/e,n/e,n/e,26,
08:00 - 09:00,31,,n/e,n/e,n/e,n/e,150,,n/e,n/e,n/e,n/e,n/e,n/e,n/e,n/e,n/e,n/e,n/e,n/e,3,,n/e,n/e,n/e,n/e,n/e,n/e,0,,n/e,n/e,230,,n/e,n/e,n/e,n/e,15,
09:00 - 10:00,31,,n/e,n/e,n/e,n/e,150,,n/e,n/e,n/e,n/e,n/e,n/e,n/e,n/e,n/e,n/e,n/e,n/e,3,,n/e,n/e,n/e,n/e,n/e,n/e,0,,n/e,n/e,252,,n/e,n/e,n/e,n/e,22,
10:00 - 11:00,31,,n/e,n/e,n/e,n/e,150,,n/e,n/e,n/e,n/e,n/e,n/e,n/e,n/e,n/e,n/e,n/e,n/e,3,,n/e,n/e,n/e,n/e,n/e,n/e,0,,n/e,n/e,258,,n/e,n/e,n/e,n/e,28,
11:00 - 12:00,28,,n/e,n/e,n/e,n/e,150,,n/e,n/e,n/e,n/e,n/e,n/e,n/e,n/e,n/e,n/e,n/e,n/e,3,,n/e,n/e,n/e,n/e,n/e,n/e,0,,n/e,n/e,248,,n/e,n/e,n/e,n/e,23,
12:00 - 13:00,26,,n/e,n/e,n/e,n/e,150,,n/e,n/e,n/e,n/e,n/e,n/e,n/e,n/e,n/e,n/e,n/e,n/e,27,,n/e,n/e,n/e,n/e,n/e,n/e,0,,n/e,n/e,209,,n/e,n/e,n/e,n/e,21,
13:00 - 14:00,27,,n/e,n/e,n/e,n/e,150,,n/e,n/e,n/e,n/e,n/e,n/e,n/e,n/e,n/e,n/e,n/e,n/e,46,,n/e,n/e,n/e,n/e,n/e,n/e,0,,n/e,n/e,148,,n/e,n/e,n/e,n/e,21,
14:00 - 15:00,31,,n/e,n/e,n/e,n/e,151,,n/e,n/e,n/e,n/e,n/e,n/e,n/e,n/e,n/e,n/e,n/e,n/e,36,,n/e,n/e,n/e,n/e,n/e,n/e,0,,n/e,n/e,96,,n/e,n/e,n/e,n/e,62,
15:00 - 16:00,31,,n/e,n/e,n/e,n/e,156,,n/e,n/e,n/e,n/e,n/e,n/e,n/e,n/e,n/e,n/e,n/e,n/e,272,,n/e,n/e,n/e,n/e,n/e,n/e,0,,n/e,n/e,48,,n/e,n/e,n/e,n/e,47,
16:00 - 17:00,41,,n/e,n/e,n/e,n/e,283,,n/e,n/e,n/e,n/e,n/e,n/e,n/e,n/e,n/e,n/e,n/e,n/e,306,,n/e,n/e,n/e,n/e,n/e,n/e,0,,n/e,n/e,13,,n/e,n/e,n/e,n/e,55,
17:00 - 18:00,49,,n/e,n/e,n/e,n/e,288,,n/e,n/e,n/e,n/e,n/e,n/e,n/e,n/e,n/e,n/e,n/e,n/e,482,,n/e,n/e,n/e,n/e,n/e,n/e,0,,n/e,n/e,1,,n/e,n/e,n/e,n/e,40,
18:00 - 19:00,50,,n/e,n/e,n/e,n/e,289,,n/e,n/e,n/e,n/e,n/e,n/e,n/e,n/e,n/e,n/e,n/e,n/e,513,,n/e,n/e,n/e,n/e,n/e,n/e,0,,n/e,n/e,0,,n/e,n/e,n/e,n/e,37,
19:00 - 20:00,49,,n/e,n/e,n/e,n/e,289,,n/e,n/e,n/e,n/e,n/e,n/e,n/e,n/e,n/e,n/e,n/e,n/e,478,,n/e,n/e,n/e,n/e,n/e,n/e,0,,n/e,n/e,0,,n/e,n/e,n/e,n/e,31,
20:00 - 21:00,46,,n/e,n/e,n/e,n/e,282,,n/e,n/e,n/e,n/e,n/e,n/e,n/e,n/e,n/e,n/e,n/e,n/e,305,,n/e,n/e,n/e,n/e,n/e,n/e,0,,n/e,n/e,0,,n/e,n/e,n/e,n/e,25,
21:00 - 22:00,43,,n/e,n/e,n/e,n/e,280,,n/e,n/e,n/e,n/e,n/e,n/e,n/e,n/e,n/e,n/e,n/e,n/e,228,,n/e,n/e,n/e,n/e,n/e,n/e,0,,n/e,n/e,0,,n/e,n/e,n/e,n/e,29,
22:00 - 23:00,43,,n/e,n/e,n/e,n/e,206,,n/e,n/e,n/e,n/e,n/e,n/e,n/e,n/e,n/e,n/e,n/e,n/e,7,,n/e,n/e,n/e,n/e,n/e,n/e,0,,n/e,n/e,0,,n/e,n/e,n/e,n/e,25,
23:00 - 00:00,42,,n/e,n/e,n/e,n/e,200,,n/e,n/e,n/e,n/e,n/e,n/e,n/e,n/e,n/e,n/e,n/e,n/e,4,,n/e,n/e,n/e,n/e,n/e,n/e,0,,n/e,n/e,0,,n/e,n/e,n/e,n/e,25,
00:00 - 01:00,40,,n/e,n/e,n/e,n/e,200,,n/e,n/e,n/e,n/e,n/e,n/e,n/e,n/e,n/e,n/e,n/e,n/e,4,,n/e,n/e,n/e,n/e,n/e,n/e,0,,n/e,n/e,0,,n/e,n/e,n/e,n/e,17,
01:00 - 02:00,40,,n/e,n/e,n/e,n/e,200,,n/e,n/e,n/e,n/e,n/e,n/e,n/e,n/e,n/e,n/e,n/e,n/e,4,,n/e,n/e,n/e,n/e,n/e,n/e,0,,n/e,n/e,0,,n/e,n/e,n/e,n/e,12,
02:00 - 03:00,41,,n/e,n/e,n/e,n/e,201,,n/e,n/e,n/e,n/e,n/e,n/e,n/e,n/e,n/e,n/e,n/e,n/e,4,,n/e,n/e,n/e,n/e,n/e,n/e,0,,n/e,n/e,0,,n/e,n/e,n/e,n/e,5,
03:00 - 04:00,44,,n/e,n/e,n/e,n/e,203,,n/e,n/e,n/e,n/e,n/e,n/e,n/e,n/e,n/e,n/e,n/e,n/e,5,,n/e,n/e,n/e,n/e,n/e,n/e,0,,n/e,n/e,3,,n/e,n/e,n/e,n/e,3,
04:00 - 05:00,46,,n/e,n/e,n/e,n/e,281,,n/e,n/e,n/e,n/e,n/e,n/e,n/e,n/e,n/e,n/e,n/e,n/e,23,,n/e,n/e,n/e,n/e,n/e,n/e,0,,n/e,n/e,26,,n/e,n/e,n/e,n/e,2,
05:00 - 06:00,49,,n/e,n/e,n/e,n/e,282,,n/e,n/e,n/e,n/e,n/e,n/e,n/e,n/e,n/e,n/e,n/e,n/e,23,,n/e,n/e,n/e,n/e,n/e,n/e,0,,n/e,n/e,88,,n/e,n/e,n/e,n/e,1,
06:00 - 07:00,49,,n/e,n/e,n/e,n/e,276,,n/e,n/e,n/e,n/e,n/e,n/e,n/e,n/e,n/e,n/e,n/e,n/e,5,,n/e,n/e,n/e,n/e,n/e,n/e,0,,n/e,n/e,163,,n/e,n/e,n/e,n/e,1,
07:00 - 08:00,48,,n/e,n/e,n/e,n/e,153,,n/e,n/e,n/e,n/e,n/e,n/e,n/e,n/e,n/e,n/e,n/e,n/e,44,,n/e,n/e,n/e,n/e,n/e,n/e,0,,n/e,n/e,221,,n/e,n/e,n/e,n/e,10,
08:00 - 09:00,47,,n/e,n/e,n/e,n/e,152,,n/e,n/e,n/e,n/e,n/e,n/e,n/e,n/e,n/e,n/e,n/e,n/e,22,,n/e,n/e,n/e,n/e,n/e,n/e,0,,n/e,n/e,263,,n/e,n/e,n/e,n/e,23,
09:00 - 10:00,46,,n/e,n/e,n/e,n/e,153,,n/e,n/e,n/e,n/e,n/e,n/e,n/e,n/e,n/e,n/e,n/e,n/e,6,,n/e,n/e,n/e,n/e,n/e,n/e,0,,n/e,n/e,295,,n/e,n/e,n/e,n/e,31,
10:00 - 11:00,45,,n/e,n/e,n/e,n/e,152,,n/e,n/e,n/e,n/e,n/e,n/e,n/e,n/e,n/e,n/e,n/e,n/e,5,,n/e,n/e,n/e,n/e,n/e,n/e,0,,n/e,n/e,287,,n/e,n/e,n/e,n/e,26,
11:00 - 12:00,44,,n/e,n/e,n/e,n/e,152,,n/e,n/e,n/e,n/e,n/e,n/e,n/e,n/e,n/e,n/e,n/e,n/e,5,,n/e,n/e,n/e,n/e,n/e,n/e,0,,n/e,n/e,263,,n/e,n/e,n/e,n/e,15,
12:00 - 13:00,45,,n/e,n/e,n/e,n/e,152,,n/e,n/e,n/e,n/e,n/e,n/e,n/e,n/e,n/e,n/e,n/e,n/e,5,,n/e,n/e,n/e,n/e,n/e,n/e,0,,n/e,n/e,237,,n/e,n/e,n/e,n/e,14,
13:00 - 14:00,44,,n/e,n/e,n/e,n/e,152,,n/e,n/e,n/e,n/e,n/e,n/e,n/e,n/e,n/e,n/e,n/e,n/e,22,,n/e,n/e,n/e,n/e,n/e,n/e,0,,n/e,n/e,192,,n/e,n/e,n/e,n/e,12,
14:00 - 15:00,46,,n/e,n/e,n/e,n/e,158,,n/e,n/e,n/e,n/e,n/e,n/e,n/e,n/e,n/e,n/e,n/e,n/e,308,,n/e,n/e,n/e,n/e,n/e,n/e,0,,n/e,n/e,104,,n/e,n/e,n/e,n/e,9,
15:00 - 16:00,47,,n/e,n/e,n/e,n/e,283,,n/e,n/e,n/e,n/e,n/e,n/e,n/e,n/e,n/e,n/e,n/e,n/e,380,,n/e,n/e,n/e,n/e,n/e,n/e,0,,n/e,n/e,64,,n/e,n/e,n/e,n/e,8,
16:00 - 17:00,47,,n/e,n/e,n/e,n/e,362,,n/e,n/e,n/e,n/e,n/e,n/e,n/e,n/e,n/e,n/e,n/e,n/e,399,,n/e,n/e,n/e,n/e,n/e,n/e,0,,n/e,n/e,21,,n/e,n/e,n/e,n/e,7,
17:00 - 18:00,52,,n/e,n/e,n/e,n/e,371,,n/e,n/e,n/e,n/e,n/e,n/e,n/e,n/e,n/e,n/e,n/e,n/e,490,,n/e,n/e,n/e,n/e,n/e,n/e,0,,n/e,n/e,2,,n/e,n/e,n/e,n/e,4,
18:00 - 19:00,52,,n/e,n/e,n/e,n/e,371,,n/e,n/e,n/e,n/e,n/e,n/e,n/e,n/e,n/e,n/e,n/e,n/e,513,,n/e,n/e,n/e,n/e,n/e,n/e,0,,n/e,n/e,0,,n/e,n/e,n/e,n/e,5,
19:00 - 20:00,48,,n/e,n/e,n/e,n/e,362,,n/e,n/e,n/e,n/e,n/e,n/e,n/e,n/e,n/e,n/e,n/e,n/e,299,,n/e,n/e,n/e,n/e,n/e,n/e,0,,n/e,n/e,0,,n/e,n/e,n/e,n/e,15,
20:00 - 21:00,44,,n/e,n/e,n/e,n/e,281,,n/e,n/e,n/e,n/e,n/e,n/e,n/e,n/e,n/e,n/e,n/e,n/e,72,,n/e,n/e,n/e,n/e,n/e,n/e,0,,n/e,n/e,0,,n/e,n/e,n/e,n/e,18,
21:00 - 22:00,42,,n/e,n/e,n/e,n/e,278,,n/e,n/e,n/e,n/e,n/e,n/e,n/e,n/e,n/e,n/e,n/e,n/e,21,,n/e,n/e,n/e,n/e,n/e,n/e,0,,n/e,n/e,0,,n/e,n/e,n/e,n/e,21,
22:00 - 23:00,42,,n/e,n/e,n/e,n/e,201,,n/e,n/e,n/e,n/e,n/e,n/e,n/e,n/e,n/e,n/e,n/e,n/e,4,,n/e,n/e,n/e,n/e,n/e,n/e,0,,n/e,n/e,0,,n/e,n/e,n/e,n/e,19,
23:00 - 00:00,42,,n/e,n/e,n/e,n/e,200,,n/e,n/e,n/e,n/e,n/e,n/e,n/e,n/e,n/e,n/e,n/e,n/e,4,,n/e,n/e,n/e,n/e,n/e,n/e,0,,n/e,n/e,0,,n/e,n/e,n/e,n/e,21,
00:00 - 01:00,41,,n/e,n/e,n/e,n/e,203,,n/e,n/e,n/e,n/e,n/e,n/e,n/e,n/e,n/e,n/e,n/e,n/e,4,,n/e,n/e,n/e,n/e,n/e,n/e,0,,n/e,n/e,0,,n/e,n/e,n/e,n/e,21,
01:00 - 02:00,42,,n/e,n/e,n/e,n/e,279,,n/e,n/e,n/e,n/e,n/e,n/e,n/e,n/e,n/e,n/e,n/e,n/e,4,,n/e,n/e,n/e,n/e,n/e,n/e,0,,n/e,n/e,0,,n/e,n/e,n/e,n/e,16,
02:00 - 03:00,43,,n/e,n/e,n/e,n/e,280,,n/e,n/e,n/e,n/e,n/e,n/e,n/e,n/e,n/e,n/e,n/e,n/e,4,,n/e,n/e,n/e,n/e,n/e,n/e,0,,n/e,n/e,0,,n/e,n/e,n/e,n/e,19,
03:00 - 04:00,45,,n/e,n/e,n/e,n/e,282,,n/e,n/e,n/e,n/e,n/e,n/e,n/e,n/e,n/e,n/e,n/e,n/e,24,,n/e,n/e,n/e,n/e,n/e,n/e,0,,n/e,n/e,2,,n/e,n/e,n/e,n/e,20,
04:00 - 05:00,48,,n/e,n/e,n/e,n/e,282,,n/e,n/e,n/e,n/e,n/e,n/e,n/e,n/e,n/e,n/e,n/e,n/e,113,,n/e,n/e,n/e,n/e,n/e,n/e,0,,n/e,n/e,22,,n/e,n/e,n/e,n/e,20,
05:00 - 06:00,50,,n/e,n/e,n/e,n/e,282,,n/e,n/e,n/e,n/e,n/e,n/e,n/e,n/e,n/e,n/e,n/e,n/e,130,,n/e,n/e,n/e,n/e,n/e,n/e,0,,n/e,n/e,81,,n/e,n/e,n/e,n/e,12,
06:00 - 07:00,48,,n/e,n/e,n/e,n/e,274,,n/e,n/e,n/e,n/e,n/e,n/e,n/e,n/e,n/e,n/e,n/e,n/e,106,,n/e,n/e,n/e,n/e,n/e,n/e,0,,n/e,n/e,165,,n/e,n/e,n/e,n/e,5,
07:00 - 08:00,45,,n/e,n/e,n/e,n/e,155,,n/e,n/e,n/e,n/e,n/e,n/e,n/e,n/e,n/e,n/e,n/e,n/e,105,,n/e,n/e,n/e,n/e,n/e,n/e,0,,n/e,n/e,237,,n/e,n/e,n/e,n/e,12,
08:00 - 09:00,41,,n/e,n/e,n/e,n/e,151,,n/e,n/e,n/e,n/e,n/e,n/e,n/e,n/e,n/e,n/e,n/e,n/e,111,,n/e,n/e,n/e,n/e,n/e,n/e,0,,n/e,n/e,290,,n/e,n/e,n/e,n/e,19,
09:00 - 10:00,37,,n/e,n/e,n/e,n/e,151,,n/e,n/e,n/e,n/e,n/e,n/e,n/e,n/e,n/e,n/e,n/e,n/e,8,,n/e,n/e,n/e,n/e,n/e,n/e,0,,n/e,n/e,310,,n/e,n/e,n/e,n/e,26,
10:00 - 11:00,32,,n/e,n/e,n/e,n/e,150,,n/e,n/e,n/e,n/e,n/e,n/e,n/e,n/e,n/e,n/e,n/e,n/e,5,,n/e,n/e,n/e,n/e,n/e,n/e,0,,n/e,n/e,312,,n/e,n/e,n/e,n/e,22,
11:00 - 12:00,30,,n/e,n/e,n/e,n/e,150,,n/e,n/e,n/e,n/e,n/e,n/e,n/e,n/e,n/e,n/e,n/e,n/e,5,,n/e,n/e,n/e,n/e,n/e,n/e,0,,n/e,n/e,298,,n/e,n/e,n/e,n/e,21,
12:00 - 13:00,30,,n/e,n/e,n/e,n/e,150,,n/e,n/e,n/e,n/e,n/e,n/e,n/e,n/e,n/e,n/e,n/e,n/e,4,,n/e,n/e,n/e,n/e,n/e,n/e,0,,n/e,n/e,281,,n/e,n/e,n/e,n/e,21,
13:00 - 14:00,28,,n/e,n/e,n/e,n/e,150,,n/e,n/e,n/e,n/e,n/e,n/e,n/e,n/e,n/e,n/e,n/e,n/e,6,,n/e,n/e,n/e,n/e,n/e,n/e,0,,n/e,n/e,224,,n/e,n/e,n/e,n/e,19,
14:00 - 15:00,37,,n/e,n/e,n/e,n/e,155,,n/e,n/e,n/e,n/e,n/e,n/e,n/e,n/e,n/e,n/e,n/e,n/e,112,,n/e,n/e,n/e,n/e,n/e,n/e,0,,n/e,n/e,153,,n/e,n/e,n/e,n/e,15,
15:00 - 16:00,44,,n/e,n/e,n/e,n/e,279,,n/e,n/e,n/e,n/e,n/e,n/e,n/e,n/e,n/e,n/e,n/e,n/e,266,,n/e,n/e,n/e,n/e,n/e,n/e,0,,n/e,n/e,75,,n/e,n/e,n/e,n/e,11,
16:00 - 17:00,48,,n/e,n/e,n/e,n/e,363,,n/e,n/e,n/e,n/e,n/e,n/e,n/e,n/e,n/e,n/e,n/e,n/e,320,,n/e,n/e,n/e,n/e,n/e,n/e,0,,n/e,n/e,19,,n/e,n/e,n/e,n/e,8,
17:00 - 18:00,53,,n/e,n/e,n/e,n/e,370,,n/e,n/e,n/e,n/e,n/e,n/e,n/e,n/e,n/e,n/e,n/e,n/e,478,,n/e,n/e,n/e,n/e,n/e,n/e,0,,n/e,n/e,2,,n/e,n/e,n/e,n/e,3,
18:00 - 19:00,53,,n/e,n/e,n/e,n/e,371,,n/e,n/e,n/e,n/e,n/e,n/e,n/e,n/e,n/e,n/e,n/e,n/e,505,,n/e,n/e,n/e,n/e,n/e,n/e,0,,n/e,n/e,0,,n/e,n/e,n/e,n/e,1,
19:00 - 20:00,50,,n/e,n/e,n/e,n/e,363,,n/e,n/e,n/e,n/e,n/e,n/e,n/e,n/e,n/e,n/e,n/e,n/e,175,,n/e,n/e,n/e,n/e,n/e,n/e,0,,n/e,n/e,0,,n/e,n/e,n/e,n/e,2,
20:00 - 21:00,47,,n/e,n/e,n/e,n/e,266,,n/e,n/e,n/e,n/e,n/e,n/e,n/e,n/e,n/e,n/e,n/e,n/e,72,,n/e,n/e,n/e,n/e,n/e,n/e,0,,n/e,n/e,0,,n/e,n/e,n/e,n/e,1,
21:00 - 22:00,44,,n/e,n/e,n/e,n/e,200,,n/e,n/e,n/e,n/e,n/e,n/e,n/e,n/e,n/e,n/e,n/e,n/e,21,,n/e,n/e,n/e,n/e,n/e,n/e,0,,n/e,n/e,0,,n/e,n/e,n/e,n/e,2,
22:00 - 23:00,46,,n/e,n/e,n/e,n/e,200,,n/e,n/e,n/e,n/e,n/e,n/e,n/e,n/e,n/e,n/e,n/e,n/e,3,,n/e,n/e,n/e,n/e,n/e,n/e,0,,n/e,n/e,0,,n/e,n/e,n/e,n/e,2,
23:00 - 00:00,46,,n/e,n/e,n/e,n/e,200,,n/e,n/e,n/e,n/e,n/e,n/e,n/e,n/e,n/e,n/e,n/e,n/e,3,,n/e,n/e,n/e,n/e,n/e,n/e,0,,n/e,n/e,0,,n/e,n/e,n/e,n/e,1,
00:00 - 01:00,46,,n/e,n/e,n/e,n/e,202,,n/e,n/e,n/e,n/e,n/e,n/e,n/e,n/e,n/e,n/e,n/e,n/e,3,,n/e,n/e,n/e,n/e,n/e,n/e,0,,n/e,n/e,0,,n/e,n/e,n/e,n/e,1,
01:00 - 02:00,46,,n/e,n/e,n/e,n/e,279,,n/e,n/e,n/e,n/e,n/e,n/e,n/e,n/e,n/e,n/e,n/e,n/e,3,,n/e,n/e,n/e,n/e,n/e,n/e,0,,n/e,n/e,0,,n/e,n/e,n/e,n/e,1,
02:00 - 03:00,46,,n/e,n/e,n/e,n/e,281,,n/e,n/e,n/e,n/e,n/e,n/e,n/e,n/e,n/e,n/e,n/e,n/e,17,,n/e,n/e,n/e,n/e,n/e,n/e,0,,n/e,n/e,0,,n/e,n/e,n/e,n/e,2,
03:00 - 04:00,49,,n/e,n/e,n/e,n/e,282,,n/e,n/e,n/e,n/e,n/e,n/e,n/e,n/e,n/e,n/e,n/e,n/e,71,,n/e,n/e,n/e,n/e,n/e,n/e,0,,n/e,n/e,3,,n/e,n/e,n/e,n/e,5,
04:00 - 05:00,52,,n/e,n/e,n/e,n/e,284,,n/e,n/e,n/e,n/e,n/e,n/e,n/e,n/e,n/e,n/e,n/e,n/e,113,,n/e,n/e,n/e,n/e,n/e,n/e,0,,n/e,n/e,25,,n/e,n/e,n/e,n/e,5,
05:00 - 06:00,53,,n/e,n/e,n/e,n/e,283,,n/e,n/e,n/e,n/e,n/e,n/e,n/e,n/e,n/e,n/e,n/e,n/e,113,,n/e,n/e,n/e,n/e,n/e,n/e,0,,n/e,n/e,92,,n/e,n/e,n/e,n/e,4,
06:00 - 07:00,51,,n/e,n/e,n/e,n/e,277,,n/e,n/e,n/e,n/e,n/e,n/e,n/e,n/e,n/e,n/e,n/e,n/e,106,,n/e,n/e,n/e,n/e,n/e,n/e,0,,n/e,n/e,178,,n/e,n/e,n/e,n/e,1,
07:00 - 08:00,49,,n/e,n/e,n/e,n/e,154,,n/e,n/e,n/e,n/e,n/e,n/e,n/e,n/e,n/e,n/e,n/e,n/e,111,,n/e,n/e,n/e,n/e,n/e,n/e,0,,n/e,n/e,254,,n/e,n/e,n/e,n/e,0,
08:00 - 09:00,45,,n/e,n/e,n/e,n/e,150,,n/e,n/e,n/e,n/e,n/e,n/e,n/e,n/e,n/e,n/e,n/e,n/e,108,,n/e,n/e,n/e,n/e,n/e,n/e,0,,n/e,n/e,307,,n/e,n/e,n/e,n/e,1,
09:00 - 10:00,40,,n/e,n/e,n/e,n/e,150,,n/e,n/e,n/e,n/e,n/e,n/e,n/e,n/e,n/e,n/e,n/e,n/e,3,,n/e,n/e,n/e,n/e,n/e,n/e,0,,n/e,n/e,333,,n/e,n/e,n/e,n/e,1,
10:00 - 11:00,41,,n/e,n/e,n/e,n/e,150,,n/e,n/e,n/e,n/e,n/e,n/e,n/e,n/e,n/e,n/e,n/e,n/e,3,,n/e,n/e,n/e,n/e,n/e,n/e,0,,n/e,n/e,339,,n/e,n/e,n/e,n/e,0,
11:00 - 12:00,43,,n/e,n/e,n/e,n/e,150,,n/e,n/e,n/e,n/e,n/e,n/e,n/e,n/e,n/e,n/e,n/e,n/e,5,,n/e,n/e,n/e,n/e,n/e,n/e,0,,n/e,n/e,333,,n/e,n/e,n/e,n/e,0,
12:00 - 13:00,40,,n/e,n/e,n/e,n/e,150,,n/e,n/e,n/e,n/e,n/e,n/e,n/e,n/e,n/e,n/e,n/e,n/e,4,,n/e,n/e,n/e,n/e,n/e,n/e,0,,n/e,n/e,299,,n/e,n/e,n/e,n/e,2,
13:00 - 14:00,40,,n/e,n/e,n/e,n/e,150,,n/e,n/e,n/e,n/e,n/e,n/e,n/e,n/e,n/e,n/e,n/e,n/e,23,,n/e,n/e,n/e,n/e,n/e,n/e,0,,n/e,n/e,246,,n/e,n/e,n/e,n/e,3,
14:00 - 15:00,42,,n/e,n/e,n/e,n/e,156,,n/e,n/e,n/e,n/e,n/e,n/e,n/e,n/e,n/e,n/e,n/e,n/e,123,,n/e,n/e,n/e,n/e,n/e,n/e,0,,n/e,n/e,165,,n/e,n/e,n/e,n/e,2,
15:00 - 16:00,50,,n/e,n/e,n/e,n/e,269,,n/e,n/e,n/e,n/e,n/e,n/e,n/e,n/e,n/e,n/e,n/e,n/e,270,,n/e,n/e,n/e,n/e,n/e,n/e,0,,n/e,n/e,77,,n/e,n/e,n/e,n/e,2,
16:00 - 17:00,53,,n/e,n/e,n/e,n/e,369,,n/e,n/e,n/e,n/e,n/e,n/e,n/e,n/e,n/e,n/e,n/e,n/e,405,,n/e,n/e,n/e,n/e,n/e,n/e,0,,n/e,n/e,18,,n/e,n/e,n/e,n/e,3,
17:00 - 18:00,55,,n/e,n/e,n/e,n/e,371,,n/e,n/e,n/e,n/e,n/e,n/e,n/e,n/e,n/e,n/e,n/e,n/e,527,,n/e,n/e,n/e,n/e,n/e,n/e,0,,n/e,n/e,1,,n/e,n/e,n/e,n/e,5,
18:00 - 19:00,55,,n/e,n/e,n/e,n/e,367,,n/e,n/e,n/e,n/e,n/e,n/e,n/e,n/e,n/e,n/e,n/e,n/e,503,,n/e,n/e,n/e,n/e,n/e,n/e,0,,n/e,n/e,0,,n/e,n/e,n/e,n/e,14,
19:00 - 20:00,49,,n/e,n/e,n/e,n/e,244,,n/e,n/e,n/e,n/e,n/e,n/e,n/e,n/e,n/e,n/e,n/e,n/e,167,,n/e,n/e,n/e,n/e,n/e,n/e,0,,n/e,n/e,0,,n/e,n/e,n/e,n/e,25,
20:00 - 21:00,45,,n/e,n/e,n/e,n/e,239,,n/e,n/e,n/e,n/e,n/e,n/e,n/e,n/e,n/e,n/e,n/e,n/e,160,,n/e,n/e,n/e,n/e,n/e,n/e,0,,n/e,n/e,0,,n/e,n/e,n/e,n/e,27,
21:00 - 22:00,43,,n/e,n/e,n/e,n/e,152,,n/e,n/e,n/e,n/e,n/e,n/e,n/e,n/e,n/e,n/e,n/e,n/e,92,,n/e,n/e,n/e,n/e,n/e,n/e,0,,n/e,n/e,0,,n/e,n/e,n/e,n/e,34,
22:00 - 23:00,43,,n/e,n/e,n/e,n/e,150,,n/e,n/e,n/e,n/e,n/e,n/e,n/e,n/e,n/e,n/e,n/e,n/e,3,,n/e,n/e,n/e,n/e,n/e,n/e,0,,n/e,n/e,0,,n/e,n/e,n/e,n/e,36,
23:00 - 00:00,43,,n/e,n/e,n/e,n/e,150,,n/e,n/e,n/e,n/e,n/e,n/e,n/e,n/e,n/e,n/e,n/e,n/e,3,,n/e,n/e,n/e,n/e,n/e,n/e,0,,n/e,n/e,0,,n/e,n/e,n/e,n/e,37,
00:00 - 01:00,42,,n/e,n/e,n/e,n/e,150,,n/e,n/e,n/e,n/e,n/e,n/e,n/e,n/e,n/e,n/e,n/e,n/e,3,,n/e,n/e,n/e,n/e,n/e,n/e,0,,n/e,n/e,0,,n/e,n/e,n/e,n/e,37,
01:00 - 02:00,41,,n/e,n/e,n/e,n/e,153,,n/e,n/e,n/e,n/e,n/e,n/e,n/e,n/e,n/e,n/e,n/e,n/e,3,,n/e,n/e,n/e,n/e,n/e,n/e,0,,n/e,n/e,0,,n/e,n/e,n/e,n/e,34,
02:00 - 03:00,42,,n/e,n/e,n/e,n/e,154,,n/e,n/e,n/e,n/e,n/e,n/e,n/e,n/e,n/e,n/e,n/e,n/e,20,,n/e,n/e,n/e,n/e,n/e,n/e,0,,n/e,n/e,0,,n/e,n/e,n/e,n/e,29,
03:00 - 04:00,45,,n/e,n/e,n/e,n/e,155,,n/e,n/e,n/e,n/e,n/e,n/e,n/e,n/e,n/e,n/e,n/e,n/e,40,,n/e,n/e,n/e,n/e,n/e,n/e,0,,n/e,n/e,3,,n/e,n/e,n/e,n/e,26,
04:00 - 05:00,49,,n/e,n/e,n/e,n/e,155,,n/e,n/e,n/e,n/e,n/e,n/e,n/e,n/e,n/e,n/e,n/e,n/e,146,,n/e,n/e,n/e,n/e,n/e,n/e,0,,n/e,n/e,27,,n/e,n/e,n/e,n/e,23,
05:00 - 06:00,51,,n/e,n/e,n/e,n/e,152,,n/e,n/e,n/e,n/e,n/e,n/e,n/e,n/e,n/e,n/e,n/e,n/e,113,,n/e,n/e,n/e,n/e,n/e,n/e,0,,n/e,n/e,94,,n/e,n/e,n/e,n/e,19,
06:00 - 07:00,51,,n/e,n/e,n/e,n/e,152,,n/e,n/e,n/e,n/e,n/e,n/e,n/e,n/e,n/e,n/e,n/e,n/e,113,,n/e,n/e,n/e,n/e,n/e,n/e,0,,n/e,n/e,181,,n/e,n/e,n/e,n/e,9,
07:00 - 08:00,49,,n/e,n/e,n/e,n/e,152,,n/e,n/e,n/e,n/e,n/e,n/e,n/e,n/e,n/e,n/e,n/e,n/e,113,,n/e,n/e,n/e,n/e,n/e,n/e,0,,n/e,n/e,258,,n/e,n/e,n/e,n/e,6,
08:00 - 09:00,47,,n/e,n/e,n/e,n/e,152,,n/e,n/e,n/e,n/e,n/e,n/e,n/e,n/e,n/e,n/e,n/e,n/e,99,,n/e,n/e,n/e,n/e,n/e,n/e,0,,n/e,n/e,313,,n/e,n/e,n/e,n/e,14,
09:00 - 10:00,43,,n/e,n/e,n/e,n/e,150,,n/e,n/e,n/e,n/e,n/e,n/e,n/e,n/e,n/e,n/e,n/e,n/e,4,,n/e,n/e,n/e,n/e,n/e,n/e,0,,n/e,n/e,341,,n/e,n/e,n/e,n/e,14,
10:00 - 11:00,38,,n/e,n/e,n/e,n/e,150,,n/e,n/e,n/e,n/e,n/e,n/e,n/e,n/e,n/e,n/e,n/e,n/e,4,,n/e,n/e,n/e,n/e,n/e,n/e,0,,n/e,n/e,341,,n/e,n/e,n/e,n/e,10,
11:00 - 12:00,35,,n/e,n/e,n/e,n/e,150,,n/e,n/e,n/e,n/e,n/e,n/e,n/e,n/e,n/e,n/e,n/e,n/e,4,,n/e,n/e,n/e,n/e,n/e,n/e,0,,n/e,n/e,328,,n/e,n/e,n/e,n/e,6,
12:00 - 13:00,36,,n/e,n/e,n/e,n/e,150,,n/e,n/e,n/e,n/e,n/e,n/e,n/e,n/e,n/e,n/e,n/e,n/e,4,,n/e,n/e,n/e,n/e,n/e,n/e,0,,n/e,n/e,293,,n/e,n/e,n/e,n/e,4,
13:00 - 14:00,41,,n/e,n/e,n/e,n/e,154,,n/e,n/e,n/e,n/e,n/e,n/e,n/e,n/e,n/e,n/e,n/e,n/e,21,,n/e,n/e,n/e,n/e,n/e,n/e,0,,n/e,n/e,235,,n/e,n/e,n/e,n/e,2,
14:00 - 15:00,44,,n/e,n/e,n/e,n/e,248,,n/e,n/e,n/e,n/e,n/e,n/e,n/e,n/e,n/e,n/e,n/e,n/e,38,,n/e,n/e,n/e,n/e,n/e,n/e,0,,n/e,n/e,159,,n/e,n/e,n/e,n/e,2,
15:00 - 16:00,48,,n/e,n/e,n/e,n/e,363,,n/e,n/e,n/e,n/e,n/e,n/e,n/e,n/e,n/e,n/e,n/e,n/e,214,,n/e,n/e,n/e,n/e,n/e,n/e,0,,n/e,n/e,72,,n/e,n/e,n/e,n/e,4,
16:00 - 17:00,53,,n/e,n/e,n/e,n/e,369,,n/e,n/e,n/e,n/e,n/e,n/e,n/e,n/e,n/e,n/e,n/e,n/e,432,,n/e,n/e,n/e,n/e,n/e,n/e,0,,n/e,n/e,18,,n/e,n/e,n/e,n/e,10,
17:00 - 18:00,55,,n/e,n/e,n/e,n/e,368,,n/e,n/e,n/e,n/e,n/e,n/e,n/e,n/e,n/e,n/e,n/e,n/e,489,,n/e,n/e,n/e,n/e,n/e,n/e,0,,n/e,n/e,2,,n/e,n/e,n/e,n/e,18,
18:00 - 19:00,54,,n/e,n/e,n/e,n/e,294,,n/e,n/e,n/e,n/e,n/e,n/e,n/e,n/e,n/e,n/e,n/e,n/e,578,,n/e,n/e,n/e,n/e,n/e,n/e,0,,n/e,n/e,0,,n/e,n/e,n/e,n/e,32,
19:00 - 20:00,49,,n/e,n/e,n/e,n/e,286,,n/e,n/e,n/e,n/e,n/e,n/e,n/e,n/e,n/e,n/e,n/e,n/e,376,,n/e,n/e,n/e,n/e,n/e,n/e,0,,n/e,n/e,0,,n/e,n/e,n/e,n/e,32,
20:00 - 21:00,44,,n/e,n/e,n/e,n/e,283,,n/e,n/e,n/e,n/e,n/e,n/e,n/e,n/e,n/e,n/e,n/e,n/e,195,,n/e,n/e,n/e,n/e,n/e,n/e,0,,n/e,n/e,0,,n/e,n/e,n/e,n/e,42,
21:00 - 22:00,43,,n/e,n/e,n/e,n/e,268,,n/e,n/e,n/e,n/e,n/e,n/e,n/e,n/e,n/e,n/e,n/e,n/e,52,,n/e,n/e,n/e,n/e,n/e,n/e,0,,n/e,n/e,0,,n/e,n/e,n/e,n/e,54,
22:00 - 23:00,44,,n/e,n/e,n/e,n/e,201,,n/e,n/e,n/e,n/e,n/e,n/e,n/e,n/e,n/e,n/e,n/e,n/e,3,,n/e,n/e,n/e,n/e,n/e,n/e,0,,n/e,n/e,0,,n/e,n/e,n/e,n/e,43,
23:00 - 00:00,44,,n/e,n/e,n/e,n/e,200,,n/e,n/e,n/e,n/e,n/e,n/e,n/e,n/e,n/e,n/e,n/e,n/e,2,,n/e,n/e,n/e,n/e,n/e,n/e,0,,n/e,n/e,0,,n/e,n/e,n/e,n/e,31,
00:00 - 01:00,43,,n/e,n/e,n/e,n/e,200,,n/e,n/e,n/e,n/e,n/e,n/e,n/e,n/e,n/e,n/e,n/e,n/e,2,,n/e,n/e,n/e,n/e,n/e,n/e,0,,n/e,n/e,0,,n/e,n/e,n/e,n/e,36,
01:00 - 02:00,43,,n/e,n/e,n/e,n/e,200,,n/e,n/e,n/e,n/e,n/e,n/e,n/e,n/e,n/e,n/e,n/e,n/e,2,,n/e,n/e,n/e,n/e,n/e,n/e,0,,n/e,n/e,0,,n/e,n/e,n/e,n/e,35,
02:00 - 03:00,43,,n/e,n/e,n/e,n/e,201,,n/e,n/e,n/e,n/e,n/e,n/e,n/e,n/e,n/e,n/e,n/e,n/e,19,,n/e,n/e,n/e,n/e,n/e,n/e,0,,n/e,n/e,0,,n/e,n/e,n/e,n/e,32,
03:00 - 04:00,46,,n/e,n/e,n/e,n/e,201,,n/e,n/e,n/e,n/e,n/e,n/e,n/e,n/e,n/e,n/e,n/e,n/e,42,,n/e,n/e,n/e,n/e,n/e,n/e,0,,n/e,n/e,3,,n/e,n/e,n/e,n/e,29,
04:00 - 05:00,50,,n/e,n/e,n/e,n/e,276,,n/e,n/e,n/e,n/e,n/e,n/e,n/e,n/e,n/e,n/e,n/e,n/e,114,,n/e,n/e,n/e,n/e,n/e,n/e,0,,n/e,n/e,24,,n/e,n/e,n/e,n/e,21,
05:00 - 06:00,51,,n/e,n/e,n/e,n/e,281,,n/e,n/e,n/e,n/e,n/e,n/e,n/e,n/e,n/e,n/e,n/e,n/e,129,,n/e,n/e,n/e,n/e,n/e,n/e,0,,n/e,n/e,82,,n/e,n/e,n/e,n/e,13,
06:00 - 07:00,49,,n/e,n/e,n/e,n/e,282,,n/e,n/e,n/e,n/e,n/e,n/e,n/e,n/e,n/e,n/e,n/e,n/e,127,,n/e,n/e,n/e,n/e,n/e,n/e,0,,n/e,n/e,163,,n/e,n/e,n/e,n/e,8,
07:00 - 08:00,49,,n/e,n/e,n/e,n/e,173,,n/e,n/e,n/e,n/e,n/e,n/e,n/e,n/e,n/e,n/e,n/e,n/e,98,,n/e,n/e,n/e,n/e,n/e,n/e,0,,n/e,n/e,235,,n/e,n/e,n/e,n/e,5,
08:00 - 09:00,49,,n/e,n/e,n/e,n/e,155,,n/e,n/e,n/e,n/e,n/e,n/e,n/e,n/e,n/e,n/e,n/e,n/e,108,,n/e,n/e,n/e,n/e,n/e,n/e,0,,n/e,n/e,294,,n/e,n/e,n/e,n/e,7,
09:00 - 10:00,49,,n/e,n/e,n/e,n/e,152,,n/e,n/e,n/e,n/e,n/e,n/e,n/e,n/e,n/e,n/e,n/e,n/e,4,,n/e,n/e,n/e,n/e,n/e,n/e,0,,n/e,n/e,321,,n/e,n/e,n/e,n/e,12,
10:00 - 11:00,46,,n/e,n/e,n/e,n/e,152,,n/e,n/e,n/e,n/e,n/e,n/e,n/e,n/e,n/e,n/e,n/e,n/e,4,,n/e,n/e,n/e,n/e,n/e,n/e,0,,n/e,n/e,323,,n/e,n/e,n/e,n/e,22,
11:00 - 12:00,45,,n/e,n/e,n/e,n/e,152,,n/e,n/e,n/e,n/e,n/e,n/e,n/e,n/e,n/e,n/e,n/e,n/e,3,,n/e,n/e,n/e,n/e,n/e,n/e,0,,n/e,n/e,309,,n/e,n/e,n/e,n/e,29,
12:00 - 13:00,46,,n/e,n/e,n/e,n/e,152,,n/e,n/e,n/e,n/e,n/e,n/e,n/e,n/e,n/e,n/e,n/e,n/e,3,,n/e,n/e,n/e,n/e,n/e,n/e,0,,n/e,n/e,267,,n/e,n/e,n/e,n/e,37,
13:00 - 14:00,46,,n/e,n/e,n/e,n/e,152,,n/e,n/e,n/e,n/e,n/e,n/e,n/e,n/e,n/e,n/e,n/e,n/e,23,,n/e,n/e,n/e,n/e,n/e,n/e,0,,n/e,n/e,207,,n/e,n/e,n/e,n/e,27,
14:00 - 15:00,48,,n/e,n/e,n/e,n/e,154,,n/e,n/e,n/e,n/e,n/e,n/e,n/e,n/e,n/e,n/e,n/e,n/e,148,,n/e,n/e,n/e,n/e,n/e,n/e,0,,n/e,n/e,134,,n/e,n/e,n/e,n/e,20,
15:00 - 16:00,48,,n/e,n/e,n/e,n/e,260,,n/e,n/e,n/e,n/e,n/e,n/e,n/e,n/e,n/e,n/e,n/e,n/e,396,,n/e,n/e,n/e,n/e,n/e,n/e,0,,n/e,n/e,61,,n/e,n/e,n/e,n/e,18,
16:00 - 17:00,51,,n/e,n/e,n/e,n/e,364,,n/e,n/e,n/e,n/e,n/e,n/e,n/e,n/e,n/e,n/e,n/e,n/e,423,,n/e,n/e,n/e,n/e,n/e,n/e,0,,n/e,n/e,13,,n/e,n/e,n/e,n/e,15,
17:00 - 18:00,53,,n/e,n/e,n/e,n/e,369,,n/e,n/e,n/e,n/e,n/e,n/e,n/e,n/e,n/e,n/e,n/e,n/e,480,,n/e,n/e,n/e,n/e,n/e,n/e,0,,n/e,n/e,1,,n/e,n/e,n/e,n/e,7,
18:00 - 19:00,50,,n/e,n/e,n/e,n/e,366,,n/e,n/e,n/e,n/e,n/e,n/e,n/e,n/e,n/e,n/e,n/e,n/e,458,,n/e,n/e,n/e,n/e,n/e,n/e,0,,n/e,n/e,0,,n/e,n/e,n/e,n/e,1,
19:00 - 20:00,48,,n/e,n/e,n/e,n/e,361,,n/e,n/e,n/e,n/e,n/e,n/e,n/e,n/e,n/e,n/e,n/e,n/e,310,,n/e,n/e,n/e,n/e,n/e,n/e,0,,n/e,n/e,0,,n/e,n/e,n/e,n/e,3,
20:00 - 21:00,44,,n/e,n/e,n/e,n/e,308,,n/e,n/e,n/e,n/e,n/e,n/e,n/e,n/e,n/e,n/e,n/e,n/e,119,,n/e,n/e,n/e,n/e,n/e,n/e,0,,n/e,n/e,0,,n/e,n/e,n/e,n/e,1,
21:00 - 22:00,42,,n/e,n/e,n/e,n/e,248,,n/e,n/e,n/e,n/e,n/e,n/e,n/e,n/e,n/e,n/e,n/e,n/e,19,,n/e,n/e,n/e,n/e,n/e,n/e,0,,n/e,n/e,0,,n/e,n/e,n/e,n/e,3,
22:00 - 23:00,41,,n/e,n/e,n/e,n/e,155,,n/e,n/e,n/e,n/e,n/e,n/e,n/e,n/e,n/e,n/e,n/e,n/e,3,,n/e,n/e,n/e,n/e,n/e,n/e,0,,n/e,n/e,0,,n/e,n/e,n/e,n/e,9,
23:00 - 00:00,41,,n/e,n/e,n/e,n/e,150,,n/e,n/e,n/e,n/e,n/e,n/e,n/e,n/e,n/e,n/e,n/e,n/e,38,,n/e,n/e,n/e,n/e,n/e,n/e,0,,n/e,n/e,0,,n/e,n/e,n/e,n/e,5,
00:00 - 01:00,41,,n/e,n/e,n/e,n/e,151,,n/e,n/e,n/e,n/e,n/e,n/e,n/e,n/e,n/e,n/e,n/e,n/e,15,,n/e,n/e,n/e,n/e,n/e,n/e,0,,n/e,n/e,0,,n/e,n/e,n/e,n/e,3,
01:00 - 02:00,40,,n/e,n/e,n/e,n/e,152,,n/e,n/e,n/e,n/e,n/e,n/e,n/e,n/e,n/e,n/e,n/e,n/e,22,,n/e,n/e,n/e,n/e,n/e,n/e,0,,n/e,n/e,0,,n/e,n/e,n/e,n/e,6,
02:00 - 03:00,40,,n/e,n/e,n/e,n/e,152,,n/e,n/e,n/e,n/e,n/e,n/e,n/e,n/e,n/e,n/e,n/e,n/e,5,,n/e,n/e,n/e,n/e,n/e,n/e,0,,n/e,n/e,0,,n/e,n/e,n/e,n/e,19,
03:00 - 04:00,41,,n/e,n/e,n/e,n/e,153,,n/e,n/e,n/e,n/e,n/e,n/e,n/e,n/e,n/e,n/e,n/e,n/e,39,,n/e,n/e,n/e,n/e,n/e,n/e,0,,n/e,n/e,2,,n/e,n/e,n/e,n/e,2,
04:00 - 05:00,44,,n/e,n/e,n/e,n/e,152,,n/e,n/e,n/e,n/e,n/e,n/e,n/e,n/e,n/e,n/e,n/e,n/e,112,,n/e,n/e,n/e,n/e,n/e,n/e,0,,n/e,n/e,19,,n/e,n/e,n/e,n/e,1,
05:00 - 06:00,45,,n/e,n/e,n/e,n/e,152,,n/e,n/e,n/e,n/e,n/e,n/e,n/e,n/e,n/e,n/e,n/e,n/e,112,,n/e,n/e,n/e,n/e,n/e,n/e,0,,n/e,n/e,39,,n/e,n/e,n/e,n/e,4,
06:00 - 07:00,45,,n/e,n/e,n/e,n/e,152,,n/e,n/e,n/e,n/e,n/e,n/e,n/e,n/e,n/e,n/e,n/e,n/e,125,,n/e,n/e,n/e,n/e,n/e,n/e,0,,n/e,n/e,64,,n/e,n/e,n/e,n/e,2,
07:00 - 08:00,41,,n/e,n/e,n/e,n/e,154,,n/e,n/e,n/e,n/e,n/e,n/e,n/e,n/e,n/e,n/e,n/e,n/e,19,,n/e,n/e,n/e,n/e,n/e,n/e,0,,n/e,n/e,92,,n/e,n/e,n/e,n/e,4,
08:00 - 09:00,41,,n/e,n/e,n/e,n/e,152,,n/e,n/e,n/e,n/e,n/e,n/e,n/e,n/e,n/e,n/e,n/e,n/e,3,,n/e,n/e,n/e,n/e,n/e,n/e,0,,n/e,n/e,113,,n/e,n/e,n/e,n/e,20,
09:00 - 10:00,40,,n/e,n/e,n/e,n/e,154,,n/e,n/e,n/e,n/e,n/e,n/e,n/e,n/e,n/e,n/e,n/e,n/e,35,,n/e,n/e,n/e,n/e,n/e,n/e,0,,n/e,n/e,136,,n/e,n/e,n/e,n/e,26,
10:00 - 11:00,41,,n/e,n/e,n/e,n/e,154,,n/e,n/e,n/e,n/e,n/e,n/e,n/e,n/e,n/e,n/e,n/e,n/e,46,,n/e,n/e,n/e,n/e,n/e,n/e,0,,n/e,n/e,178,,n/e,n/e,n/e,n/e,30,
11:00 - 12:00,43,,n/e,n/e,n/e,n/e,153,,n/e,n/e,n/e,n/e,n/e,n/e,n/e,n/e,n/e,n/e,n/e,n/e,3,,n/e,n/e,n/e,n/e,n/e,n/e,0,,n/e,n/e,226,,n/e,n/e,n/e,n/e,35,
12:00 - 13:00,44,,n/e,n/e,n/e,n/e,152,,n/e,n/e,n/e,n/e,n/e,n/e,n/e,n/e,n/e,n/e,n/e,n/e,3,,n/e,n/e,n/e,n/e,n/e,n/e,0,,n/e,n/e,238,,n/e,n/e,n/e,n/e,40,
13:00 - 14:00,43,,n/e,n/e,n/e,n/e,152,,n/e,n/e,n/e,n/e,n/e,n/e,n/e,n/e,n/e,n/e,n/e,n/e,3,,n/e,n/e,n/e,n/e,n/e,n/e,0,,n/e,n/e,184,,n/e,n/e,n/e,n/e,35,
14:00 - 15:00,43,,n/e,n/e,n/e,n/e,175,,n/e,n/e,n/e,n/e,n/e,n/e,n/e,n/e,n/e,n/e,n/e,n/e,3,,n/e,n/e,n/e,n/e,n/e,n/e,0,,n/e,n/e,116,,n/e,n/e,n/e,n/e,30,
15:00 - 16:00,44,,n/e,n/e,n/e,n/e,253,,n/e,n/e,n/e,n/e,n/e,n/e,n/e,n/e,n/e,n/e,n/e,n/e,70,,n/e,n/e,n/e,n/e,n/e,n/e,0,,n/e,n/e,56,,n/e,n/e,n/e,n/e,26,
16:00 - 17:00,45,,n/e,n/e,n/e,n/e,366,,n/e,n/e,n/e,n/e,n/e,n/e,n/e,n/e,n/e,n/e,n/e,n/e,394,,n/e,n/e,n/e,n/e,n/e,n/e,0,,n/e,n/e,15,,n/e,n/e,n/e,n/e,25,
17:00 - 18:00,46,,n/e,n/e,n/e,n/e,351,,n/e,n/e,n/e,n/e,n/e,n/e,n/e,n/e,n/e,n/e,n/e,n/e,429,,n/e,n/e,n/e,n/e,n/e,n/e,0,,n/e,n/e,1,,n/e,n/e,n/e,n/e,10,
18:00 - 19:00,46,,n/e,n/e,n/e,n/e,350,,n/e,n/e,n/e,n/e,n/e,n/e,n/e,n/e,n/e,n/e,n/e,n/e,423,,n/e,n/e,n/e,n/e,n/e,n/e,0,,n/e,n/e,0,,n/e,n/e,n/e,n/e,5,
19:00 - 20:00,44,,n/e,n/e,n/e,n/e,352,,n/e,n/e,n/e,n/e,n/e,n/e,n/e,n/e,n/e,n/e,n/e,n/e,247,,n/e,n/e,n/e,n/e,n/e,n/e,0,,n/e,n/e,0,,n/e,n/e,n/e,n/e,4,
20:00 - 21:00,42,,n/e,n/e,n/e,n/e,327,,n/e,n/e,n/e,n/e,n/e,n/e,n/e,n/e,n/e,n/e,n/e,n/e,165,,n/e,n/e,n/e,n/e,n/e,n/e,0,,n/e,n/e,0,,n/e,n/e,n/e,n/e,3,
21:00 - 22:00,40,,n/e,n/e,n/e,n/e,251,,n/e,n/e,n/e,n/e,n/e,n/e,n/e,n/e,n/e,n/e,n/e,n/e,40,,n/e,n/e,n/e,n/e,n/e,n/e,0,,n/e,n/e,0,,n/e,n/e,n/e,n/e,2,
22:00 - 23:00,40,,n/e,n/e,n/e,n/e,152,,n/e,n/e,n/e,n/e,n/e,n/e,n/e,n/e,n/e,n/e,n/e,n/e,3,,n/e,n/e,n/e,n/e,n/e,n/e,0,,n/e,n/e,0,,n/e,n/e,n/e,n/e,3,
23:00 - 00:00,40,,n/e,n/e,n/e,n/e,150,,n/e,n/e,n/e,n/e,n/e,n/e,n/e,n/e,n/e,n/e,n/e,n/e,2,,n/e,n/e,n/e,n/e,n/e,n/e,0,,n/e,n/e,0,,n/e,n/e,n/e,n/e,1,
00:00 - 01:00,40,,n/e,n/e,n/e,n/e,150,,n/e,n/e,n/e,n/e,n/e,n/e,n/e,n/e,n/e,n/e,n/e,n/e,2,,n/e,n/e,n/e,n/e,n/e,n/e,0,,n/e,n/e,0,,n/e,n/e,n/e,n/e,1,
01:00 - 02:00,39,,n/e,n/e,n/e,n/e,150,,n/e,n/e,n/e,n/e,n/e,n/e,n/e,n/e,n/e,n/e,n/e,n/e,3,,n/e,n/e,n/e,n/e,n/e,n/e,0,,n/e,n/e,0,,n/e,n/e,n/e,n/e,1,
02:00 - 03:00,38,,n/e,n/e,n/e,n/e,150,,n/e,n/e,n/e,n/e,n/e,n/e,n/e,n/e,n/e,n/e,n/e,n/e,2,,n/e,n/e,n/e,n/e,n/e,n/e,0,,n/e,n/e,0,,n/e,n/e,n/e,n/e,1,
03:00 - 04:00,39,,n/e,n/e,n/e,n/e,150,,n/e,n/e,n/e,n/e,n/e,n/e,n/e,n/e,n/e,n/e,n/e,n/e,38,,n/e,n/e,n/e,n/e,n/e,n/e,0,,n/e,n/e,2,,n/e,n/e,n/e,n/e,2,
04:00 - 05:00,40,,n/e,n/e,n/e,n/e,150,,n/e,n/e,n/e,n/e,n/e,n/e,n/e,n/e,n/e,n/e,n/e,n/e,104,,n/e,n/e,n/e,n/e,n/e,n/e,0,,n/e,n/e,26,,n/e,n/e,n/e,n/e,3,
05:00 - 06:00,39,,n/e,n/e,n/e,n/e,145,,n/e,n/e,n/e,n/e,n/e,n/e,n/e,n/e,n/e,n/e,n/e,n/e,106,,n/e,n/e,n/e,n/e,n/e,n/e,0,,n/e,n/e,93,,n/e,n/e,n/e,n/e,3,
06:00 - 07:00,37,,n/e,n/e,n/e,n/e,150,,n/e,n/e,n/e,n/e,n/e,n/e,n/e,n/e,n/e,n/e,n/e,n/e,99,,n/e,n/e,n/e,n/e,n/e,n/e,0,,n/e,n/e,186,,n/e,n/e,n/e,n/e,5,
07:00 - 08:00,31,,n/e,n/e,n/e,n/e,150,,n/e,n/e,n/e,n/e,n/e,n/e,n/e,n/e,n/e,n/e,n/e,n/e,4,,n/e,n/e,n/e,n/e,n/e,n/e,0,,n/e,n/e,248,,n/e,n/e,n/e,n/e,13,
08:00 - 09:00,27,,n/e,n/e,n/e,n/e,151,,n/e,n/e,n/e,n/e,n/e,n/e,n/e,n/e,n/e,n/e,n/e,n/e,3,,n/e,n/e,n/e,n/e,n/e,n/e,0,,n/e,n/e,291,,n/e,n/e,n/e,n/e,6,
09:00 - 10:00,27,,n/e,n/e,n/e,n/e,151,,n/e,n/e,n/e,n/e,n/e,n/e,n/e,n/e,n/e,n/e,n/e,n/e,3,,n/e,n/e,n/e,n/e,n/e,n/e,0,,n/e,n/e,277,,n/e,n/e,n/e,n/e,5,
10:00 - 11:00,25,,n/e,n/e,n/e,n/e,150,,n/e,n/e,n/e,n/e,n/e,n/e,n/e,n/e,n/e,n/e,n/e,n/e,2,,n/e,n/e,n/e,n/e,n/e,n/e,0,,n/e,n/e,274,,n/e,n/e,n/e,n/e,7,
11:00 - 12:00,28,,n/e,n/e,n/e,n/e,150,,n/e,n/e,n/e,n/e,n/e,n/e,n/e,n/e,n/e,n/e,n/e,n/e,4,,n/e,n/e,n/e,n/e,n/e,n/e,0,,n/e,n/e,283,,n/e,n/e,n/e,n/e,4,
12:00 - 13:00,28,,n/e,n/e,n/e,n/e,150,,n/e,n/e,n/e,n/e,n/e,n/e,n/e,n/e,n/e,n/e,n/e,n/e,3,,n/e,n/e,n/e,n/e,n/e,n/e,0,,n/e,n/e,246,,n/e,n/e,n/e,n/e,2,
13:00 - 14:00,25,,n/e,n/e,n/e,n/e,150,,n/e,n/e,n/e,n/e,n/e,n/e,n/e,n/e,n/e,n/e,n/e,n/e,3,,n/e,n/e,n/e,n/e,n/e,n/e,0,,n/e,n/e,162,,n/e,n/e,n/e,n/e,1,
14:00 - 15:00,34,,n/e,n/e,n/e,n/e,156,,n/e,n/e,n/e,n/e,n/e,n/e,n/e,n/e,n/e,n/e,n/e,n/e,26,,n/e,n/e,n/e,n/e,n/e,n/e,0,,n/e,n/e,76,,n/e,n/e,n/e,n/e,1,
15:00 - 16:00,41,,n/e,n/e,n/e,n/e,243,,n/e,n/e,n/e,n/e,n/e,n/e,n/e,n/e,n/e,n/e,n/e,n/e,235,,n/e,n/e,n/e,n/e,n/e,n/e,0,,n/e,n/e,31,,n/e,n/e,n/e,n/e,0,
16:00 - 17:00,42,,n/e,n/e,n/e,n/e,347,,n/e,n/e,n/e,n/e,n/e,n/e,n/e,n/e,n/e,n/e,n/e,n/e,433,,n/e,n/e,n/e,n/e,n/e,n/e,0,,n/e,n/e,8,,n/e,n/e,n/e,n/e,0,
17:00 - 18:00,44,,n/e,n/e,n/e,n/e,352,,n/e,n/e,n/e,n/e,n/e,n/e,n/e,n/e,n/e,n/e,n/e,n/e,435,,n/e,n/e,n/e,n/e,n/e,n/e,0,,n/e,n/e,0,,n/e,n/e,n/e,n/e,0,
18:00 - 19:00,43,,n/e,n/e,n/e,n/e,352,,n/e,n/e,n/e,n/e,n/e,n/e,n/e,n/e,n/e,n/e,n/e,n/e,396,,n/e,n/e,n/e,n/e,n/e,n/e,0,,n/e,n/e,0,,n/e,n/e,n/e,n/e,1,
19:00 - 20:00,42,,n/e,n/e,n/e,n/e,352,,n/e,n/e,n/e,n/e,n/e,n/e,n/e,n/e,n/e,n/e,n/e,n/e,282,,n/e,n/e,n/e,n/e,n/e,n/e,0,,n/e,n/e,0,,n/e,n/e,n/e,n/e,0,
20:00 - 21:00,39,,n/e,n/e,n/e,n/e,348,,n/e,n/e,n/e,n/e,n/e,n/e,n/e,n/e,n/e,n/e,n/e,n/e,122,,n/e,n/e,n/e,n/e,n/e,n/e,0,,n/e,n/e,0,,n/e,n/e,n/e,n/e,0,
21:00 - 22:00,37,,n/e,n/e,n/e,n/e,259,,n/e,n/e,n/e,n/e,n/e,n/e,n/e,n/e,n/e,n/e,n/e,n/e,100,,n/e,n/e,n/e,n/e,n/e,n/e,0,,n/e,n/e,0,,n/e,n/e,n/e,n/e,1,
22:00 - 23:00,39,,n/e,n/e,n/e,n/e,201,,n/e,n/e,n/e,n/e,n/e,n/e,n/e,n/e,n/e,n/e,n/e,n/e,2,,n/e,n/e,n/e,n/e,n/e,n/e,0,,n/e,n/e,0,,n/e,n/e,n/e,n/e,1,
23:00 - 00:00,39,,n/e,n/e,n/e,n/e,200,,n/e,n/e,n/e,n/e,n/e,n/e,n/e,n/e,n/e,n/e,n/e,n/e,2,,n/e,n/e,n/e,n/e,n/e,n/e,0,,n/e,n/e,0,,n/e,n/e,n/e,n/e,2,
00:00 - 01:00,37,,n/e,n/e,n/e,n/e,200,,n/e,n/e,n/e,n/e,n/e,n/e,n/e,n/e,n/e,n/e,n/e,n/e,2,,n/e,n/e,n/e,n/e,n/e,n/e,0,,n/e,n/e,0,,n/e,n/e,n/e,n/e,2,
01:00 - 02:00,38,,n/e,n/e,n/e,n/e,200,,n/e,n/e,n/e,n/e,n/e,n/e,n/e,n/e,n/e,n/e,n/e,n/e,2,,n/e,n/e,n/e,n/e,n/e,n/e,0,,n/e,n/e,0,,n/e,n/e,n/e,n/e,3,
02:00 - 03:00,39,,n/e,n/e,n/e,n/e,202,,n/e,n/e,n/e,n/e,n/e,n/e,n/e,n/e,n/e,n/e,n/e,n/e,2,,n/e,n/e,n/e,n/e,n/e,n/e,0,,n/e,n/e,0,,n/e,n/e,n/e,n/e,2,
03:00 - 04:00,41,,n/e,n/e,n/e,n/e,243,,n/e,n/e,n/e,n/e,n/e,n/e,n/e,n/e,n/e,n/e,n/e,n/e,7,,n/e,n/e,n/e,n/e,n/e,n/e,0,,n/e,n/e,2,,n/e,n/e,n/e,n/e,3,
04:00 - 05:00,45,,n/e,n/e,n/e,n/e,274,,n/e,n/e,n/e,n/e,n/e,n/e,n/e,n/e,n/e,n/e,n/e,n/e,178,,n/e,n/e,n/e,n/e,n/e,n/e,0,,n/e,n/e,21,,n/e,n/e,n/e,n/e,2,
05:00 - 06:00,45,,n/e,n/e,n/e,n/e,274,,n/e,n/e,n/e,n/e,n/e,n/e,n/e,n/e,n/e,n/e,n/e,n/e,181,,n/e,n/e,n/e,n/e,n/e,n/e,0,,n/e,n/e,78,,n/e,n/e,n/e,n/e,6,
06:00 - 07:00,44,,n/e,n/e,n/e,n/e,241,,n/e,n/e,n/e,n/e,n/e,n/e,n/e,n/e,n/e,n/e,n/e,n/e,186,,n/e,n/e,n/e,n/e,n/e,n/e,0,,n/e,n/e,160,,n/e,n/e,n/e,n/e,3,
07:00 - 08:00,44,,n/e,n/e,n/e,n/e,154,,n/e,n/e,n/e,n/e,n/e,n/e,n/e,n/e,n/e,n/e,n/e,n/e,3,,n/e,n/e,n/e,n/e,n/e,n/e,0,,n/e,n/e,239,,n/e,n/e,n/e,n/e,0,
08:00 - 09:00,44,,n/e,n/e,n/e,n/e,152,,n/e,n/e,n/e,n/e,n/e,n/e,n/e,n/e,n/e,n/e,n/e,n/e,3,,n/e,n/e,n/e,n/e,n/e,n/e,0,,n/e,n/e,294,,n/e,n/e,n/e,n/e,0,
09:00 - 10:00,42,,n/e,n/e,n/e,n/e,152,,n/e,n/e,n/e,n/e,n/e,n/e,n/e,n/e,n/e,n/e,n/e,n/e,3,,n/e,n/e,n/e,n/e,n/e,n/e,0,,n/e,n/e,316,,n/e,n/e,n/e,n/e,0,
10:00 - 11:00,40,,n/e,n/e,n/e,n/e,152,,n/e,n/e,n/e,n/e,n/e,n/e,n/e,n/e,n/e,n/e,n/e,n/e,3,,n/e,n/e,n/e,n/e,n/e,n/e,0,,n/e,n/e,313,,n/e,n/e,n/e,n/e,1,
11:00 - 12:00,39,,n/e,n/e,n/e,n/e,152,,n/e,n/e,n/e,n/e,n/e,n/e,n/e,n/e,n/e,n/e,n/e,n/e,3,,n/e,n/e,n/e,n/e,n/e,n/e,0,,n/e,n/e,281,,n/e,n/e,n/e,n/e,1,
12:00 - 13:00,39,,n/e,n/e,n/e,n/e,152,,n/e,n/e,n/e,n/e,n/e,n/e,n/e,n/e,n/e,n/e,n/e,n/e,3,,n/e,n/e,n/e,n/e,n/e,n/e,0,,n/e,n/e,251,,n/e,n/e,n/e,n/e,5,
13:00 - 14:00,38,,n/e,n/e,n/e,n/e,153,,n/e,n/e,n/e,n/e,n/e,n/e,n/e,n/e,n/e,n/e,n/e,n/e,19,,n/e,n/e,n/e,n/e,n/e,n/e,0,,n/e,n/e,178,,n/e,n/e,n/e,n/e,3,
14:00 - 15:00,42,,n/e,n/e,n/e,n/e,173,,n/e,n/e,n/e,n/e,n/e,n/e,n/e,n/e,n/e,n/e,n/e,n/e,23,,n/e,n/e,n/e,n/e,n/e,n/e,0,,n/e,n/e,107,,n/e,n/e,n/e,n/e,3,
15:00 - 16:00,46,,n/e,n/e,n/e,n/e,277,,n/e,n/e,n/e,n/e,n/e,n/e,n/e,n/e,n/e,n/e,n/e,n/e,302,,n/e,n/e,n/e,n/e,n/e,n/e,0,,n/e,n/e,55,,n/e,n/e,n/e,n/e,1,
16:00 - 17:00,47,,n/e,n/e,n/e,n/e,358,,n/e,n/e,n/e,n/e,n/e,n/e,n/e,n/e,n/e,n/e,n/e,n/e,509,,n/e,n/e,n/e,n/e,n/e,n/e,0,,n/e,n/e,12,,n/e,n/e,n/e,n/e,10,
17:00 - 18:00,48,,n/e,n/e,n/e,n/e,358,,n/e,n/e,n/e,n/e,n/e,n/e,n/e,n/e,n/e,n/e,n/e,n/e,517,,n/e,n/e,n/e,n/e,n/e,n/e,0,,n/e,n/e,1,,n/e,n/e,n/e,n/e,12,
18:00 - 19:00,48,,n/e,n/e,n/e,n/e,358,,n/e,n/e,n/e,n/e,n/e,n/e,n/e,n/e,n/e,n/e,n/e,n/e,499,,n/e,n/e,n/e,n/e,n/e,n/e,0,,n/e,n/e,0,,n/e,n/e,n/e,n/e,8,
19:00 - 20:00,43,,n/e,n/e,n/e,n/e,352,,n/e,n/e,n/e,n/e,n/e,n/e,n/e,n/e,n/e,n/e,n/e,n/e,230,,n/e,n/e,n/e,n/e,n/e,n/e,0,,n/e,n/e,0,,n/e,n/e,n/e,n/e,8,
20:00 - 21:00,40,,n/e,n/e,n/e,n/e,349,,n/e,n/e,n/e,n/e,n/e,n/e,n/e,n/e,n/e,n/e,n/e,n/e,69,,n/e,n/e,n/e,n/e,n/e,n/e,0,,n/e,n/e,0,,n/e,n/e,n/e,n/e,8,
21:00 - 22:00,39,,n/e,n/e,n/e,n/e,250,,n/e,n/e,n/e,n/e,n/e,n/e,n/e,n/e,n/e,n/e,n/e,n/e,69,,n/e,n/e,n/e,n/e,n/e,n/e,0,,n/e,n/e,0,,n/e,n/e,n/e,n/e,11,
22:00 - 23:00,40,,n/e,n/e,n/e,n/e,201,,n/e,n/e,n/e,n/e,n/e,n/e,n/e,n/e,n/e,n/e,n/e,n/e,4,,n/e,n/e,n/e,n/e,n/e,n/e,0,,n/e,n/e,0,,n/e,n/e,n/e,n/e,10,
23:00 - 00:00,40,,n/e,n/e,n/e,n/e,200,,n/e,n/e,n/e,n/e,n/e,n/e,n/e,n/e,n/e,n/e,n/e,n/e,2,,n/e,n/e,n/e,n/e,n/e,n/e,0,,n/e,n/e,0,,n/e,n/e,n/e,n/e,8,
00:00 - 01:00,39,,n/e,n/e,n/e,n/e,200,,n/e,n/e,n/e,n/e,n/e,n/e,n/e,n/e,n/e,n/e,n/e,n/e,2,,n/e,n/e,n/e,n/e,n/e,n/e,0,,n/e,n/e,0,,n/e,n/e,n/e,n/e,13,
01:00 - 02:00,39,,n/e,n/e,n/e,n/e,200,,n/e,n/e,n/e,n/e,n/e,n/e,n/e,n/e,n/e,n/e,n/e,n/e,2,,n/e,n/e,n/e,n/e,n/e,n/e,0,,n/e,n/e,0,,n/e,n/e,n/e,n/e,16,
02:00 - 03:00,40,,n/e,n/e,n/e,n/e,201,,n/e,n/e,n/e,n/e,n/e,n/e,n/e,n/e,n/e,n/e,n/e,n/e,2,,n/e,n/e,n/e,n/e,n/e,n/e,0,,n/e,n/e,0,,n/e,n/e,n/e,n/e,19,
03:00 - 04:00,42,,n/e,n/e,n/e,n/e,204,,n/e,n/e,n/e,n/e,n/e,n/e,n/e,n/e,n/e,n/e,n/e,n/e,11,,n/e,n/e,n/e,n/e,n/e,n/e,0,,n/e,n/e,2,,n/e,n/e,n/e,n/e,17,
04:00 - 05:00,46,,n/e,n/e,n/e,n/e,279,,n/e,n/e,n/e,n/e,n/e,n/e,n/e,n/e,n/e,n/e,n/e,n/e,111,,n/e,n/e,n/e,n/e,n/e,n/e,0,,n/e,n/e,20,,n/e,n/e,n/e,n/e,20,
05:00 - 06:00,46,,n/e,n/e,n/e,n/e,301,,n/e,n/e,n/e,n/e,n/e,n/e,n/e,n/e,n/e,n/e,n/e,n/e,117,,n/e,n/e,n/e,n/e,n/e,n/e,0,,n/e,n/e,71,,n/e,n/e,n/e,n/e,13,
06:00 - 07:00,46,,n/e,n/e,n/e,n/e,258,,n/e,n/e,n/e,n/e,n/e,n/e,n/e,n/e,n/e,n/e,n/e,n/e,128,,n/e,n/e,n/e,n/e,n/e,n/e,0,,n/e,n/e,137,,n/e,n/e,n/e,n/e,10,
07:00 - 08:00,43,,n/e,n/e,n/e,n/e,153,,n/e,n/e,n/e,n/e,n/e,n/e,n/e,n/e,n/e,n/e,n/e,n/e,9,,n/e,n/e,n/e,n/e,n/e,n/e,0,,n/e,n/e,202,,n/e,n/e,n/e,n/e,3,
08:00 - 09:00,44,,n/e,n/e,n/e,n/e,152,,n/e,n/e,n/e,n/e,n/e,n/e,n/e,n/e,n/e,n/e,n/e,n/e,4,,n/e,n/e,n/e,n/e,n/e,n/e,0,,n/e,n/e,235,,n/e,n/e,n/e,n/e,1,
09:00 - 10:00,44,,n/e,n/e,n/e,n/e,152,,n/e,n/e,n/e,n/e,n/e,n/e,n/e,n/e,n/e,n/e,n/e,n/e,3,,n/e,n/e,n/e,n/e,n/e,n/e,0,,n/e,n/e,268,,n/e,n/e,n/e,n/e,1,
10:00 - 11:00,44,,n/e,n/e,n/e,n/e,152,,n/e,n/e,n/e,n/e,n/e,n/e,n/e,n/e,n/e,n/e,n/e,n/e,3,,n/e,n/e,n/e,n/e,n/e,n/e,0,,n/e,n/e,246,,n/e,n/e,n/e,n/e,2,
11:00 - 12:00,45,,n/e,n/e,n/e,n/e,152,,n/e,n/e,n/e,n/e,n/e,n/e,n/e,n/e,n/e,n/e,n/e,n/e,3,,n/e,n/e,n/e,n/e,n/e,n/e,0,,n/e,n/e,238,,n/e,n/e,n/e,n/e,2,
12:00 - 13:00,43,,n/e,n/e,n/e,n/e,152,,n/e,n/e,n/e,n/e,n/e,n/e,n/e,n/e,n/e,n/e,n/e,n/e,2,,n/e,n/e,n/e,n/e,n/e,n/e,0,,n/e,n/e,225,,n/e,n/e,n/e,n/e,1,
13:00 - 14:00,42,,n/e,n/e,n/e,n/e,152,,n/e,n/e,n/e,n/e,n/e,n/e,n/e,n/e,n/e,n/e,n/e,n/e,2,,n/e,n/e,n/e,n/e,n/e,n/e,0,,n/e,n/e,174,,n/e,n/e,n/e,n/e,3,
14:00 - 15:00,44,,n/e,n/e,n/e,n/e,203,,n/e,n/e,n/e,n/e,n/e,n/e,n/e,n/e,n/e,n/e,n/e,n/e,8,,n/e,n/e,n/e,n/e,n/e,n/e,0,,n/e,n/e,111,,n/e,n/e,n/e,n/e,4,
15:00 - 16:00,48,,n/e,n/e,n/e,n/e,306,,n/e,n/e,n/e,n/e,n/e,n/e,n/e,n/e,n/e,n/e,n/e,n/e,321,,n/e,n/e,n/e,n/e,n/e,n/e,0,,n/e,n/e,52,,n/e,n/e,n/e,n/e,10,
16:00 - 17:00,52,,n/e,n/e,n/e,n/e,357,,n/e,n/e,n/e,n/e,n/e,n/e,n/e,n/e,n/e,n/e,n/e,n/e,416,,n/e,n/e,n/e,n/e,n/e,n/e,0,,n/e,n/e,11,,n/e,n/e,n/e,n/e,12,
17:00 - 18:00,53,,n/e,n/e,n/e,n/e,358,,n/e,n/e,n/e,n/e,n/e,n/e,n/e,n/e,n/e,n/e,n/e,n/e,466,,n/e,n/e,n/e,n/e,n/e,n/e,0,,n/e,n/e,1,,n/e,n/e,n/e,n/e,11,
18:00 - 19:00,52,,n/e,n/e,n/e,n/e,358,,n/e,n/e,n/e,n/e,n/e,n/e,n/e,n/e,n/e,n/e,n/e,n/e,371,,n/e,n/e,n/e,n/e,n/e,n/e,0,,n/e,n/e,0,,n/e,n/e,n/e,n/e,17,
19:00 - 20:00,46,,n/e,n/e,n/e,n/e,353,,n/e,n/e,n/e,n/e,n/e,n/e,n/e,n/e,n/e,n/e,n/e,n/e,95,,n/e,n/e,n/e,n/e,n/e,n/e,0,,n/e,n/e,0,,n/e,n/e,n/e,n/e,22,
20:00 - 21:00,40,,n/e,n/e,n/e,n/e,349,,n/e,n/e,n/e,n/e,n/e,n/e,n/e,n/e,n/e,n/e,n/e,n/e,68,,n/e,n/e,n/e,n/e,n/e,n/e,0,,n/e,n/e,0,,n/e,n/e,n/e,n/e,23,
21:00 - 22:00,39,,n/e,n/e,n/e,n/e,300,,n/e,n/e,n/e,n/e,n/e,n/e,n/e,n/e,n/e,n/e,n/e,n/e,2,,n/e,n/e,n/e,n/e,n/e,n/e,0,,n/e,n/e,0,,n/e,n/e,n/e,n/e,25,
22:00 - 23:00,40,,n/e,n/e,n/e,n/e,207,,n/e,n/e,n/e,n/e,n/e,n/e,n/e,n/e,n/e,n/e,n/e,n/e,2,,n/e,n/e,n/e,n/e,n/e,n/e,0,,n/e,n/e,0,,n/e,n/e,n/e,n/e,20,
23:00 - 00:00,40,,n/e,n/e,n/e,n/e,200,,n/e,n/e,n/e,n/e,n/e,n/e,n/e,n/e,n/e,n/e,n/e,n/e,2,,n/e,n/e,n/e,n/e,n/e,n/e,0,,n/e,n/e,0,,n/e,n/e,n/e,n/e,13,
00:00 - 01:00,39,,n/e,n/e,n/e,n/e,200,,n/e,n/e,n/e,n/e,n/e,n/e,n/e,n/e,n/e,n/e,n/e,n/e,2,,n/e,n/e,n/e,n/e,n/e,n/e,0,,n/e,n/e,0,,n/e,n/e,n/e,n/e,13,
01:00 - 02:00,39,,n/e,n/e,n/e,n/e,201,,n/e,n/e,n/e,n/e,n/e,n/e,n/e,n/e,n/e,n/e,n/e,n/e,2,,n/e,n/e,n/e,n/e,n/e,n/e,0,,n/e,n/e,0,,n/e,n/e,n/e,n/e,17,
02:00 - 03:00,39,,n/e,n/e,n/e,n/e,203,,n/e,n/e,n/e,n/e,n/e,n/e,n/e,n/e,n/e,n/e,n/e,n/e,2,,n/e,n/e,n/e,n/e,n/e,n/e,0,,n/e,n/e,0,,n/e,n/e,n/e,n/e,16,
03:00 - 04:00,40,,n/e,n/e,n/e,n/e,203,,n/e,n/e,n/e,n/e,n/e,n/e,n/e,n/e,n/e,n/e,n/e,n/e,2,,n/e,n/e,n/e,n/e,n/e,n/e,0,,n/e,n/e,2,,n/e,n/e,n/e,n/e,17,
04:00 - 05:00,46,,n/e,n/e,n/e,n/e,276,,n/e,n/e,n/e,n/e,n/e,n/e,n/e,n/e,n/e,n/e,n/e,n/e,105,,n/e,n/e,n/e,n/e,n/e,n/e,0,,n/e,n/e,24,,n/e,n/e,n/e,n/e,17,
05:00 - 06:00,48,,n/e,n/e,n/e,n/e,339,,n/e,n/e,n/e,n/e,n/e,n/e,n/e,n/e,n/e,n/e,n/e,n/e,149,,n/e,n/e,n/e,n/e,n/e,n/e,0,,n/e,n/e,81,,n/e,n/e,n/e,n/e,16,
06:00 - 07:00,48,,n/e,n/e,n/e,n/e,254,,n/e,n/e,n/e,n/e,n/e,n/e,n/e,n/e,n/e,n/e,n/e,n/e,142,,n/e,n/e,n/e,n/e,n/e,n/e,0,,n/e,n/e,161,,n/e,n/e,n/e,n/e,13,
07:00 - 08:00,47,,n/e,n/e,n/e,n/e,157,,n/e,n/e,n/e,n/e,n/e,n/e,n/e,n/e,n/e,n/e,n/e,n/e,4,,n/e,n/e,n/e,n/e,n/e,n/e,0,,n/e,n/e,241,,n/e,n/e,n/e,n/e,5,
08:00 - 09:00,47,,n/e,n/e,n/e,n/e,152,,n/e,n/e,n/e,n/e,n/e,n/e,n/e,n/e,n/e,n/e,n/e,n/e,20,,n/e,n/e,n/e,n/e,n/e,n/e,0,,n/e,n/e,297,,n/e,n/e,n/e,n/e,5,
09:00 - 10:00,44,,n/e,n/e,n/e,n/e,152,,n/e,n/e,n/e,n/e,n/e,n/e,n/e,n/e,n/e,n/e,n/e,n/e,21,,n/e,n/e,n/e,n/e,n/e,n/e,0,,n/e,n/e,329,,n/e,n/e,n/e,n/e,10,
10:00 - 11:00,44,,n/e,n/e,n/e,n/e,152,,n/e,n/e,n/e,n/e,n/e,n/e,n/e,n/e,n/e,n/e,n/e,n/e,21,,n/e,n/e,n/e,n/e,n/e,n/e,0,,n/e,n/e,336,,n/e,n/e,n/e,n/e,15,
11:00 - 12:00,43,,n/e,n/e,n/e,n/e,151,,n/e,n/e,n/e,n/e,n/e,n/e,n/e,n/e,n/e,n/e,n/e,n/e,3,,n/e,n/e,n/e,n/e,n/e,n/e,0,,n/e,n/e,324,,n/e,n/e,n/e,n/e,23,
12:00 - 13:00,40,,n/e,n/e,n/e,n/e,150,,n/e,n/e,n/e,n/e,n/e,n/e,n/e,n/e,n/e,n/e,n/e,n/e,3,,n/e,n/e,n/e,n/e,n/e,n/e,0,,n/e,n/e,285,,n/e,n/e,n/e,n/e,18,
13:00 - 14:00,38,,n/e,n/e,n/e,n/e,152,,n/e,n/e,n/e,n/e,n/e,n/e,n/e,n/e,n/e,n/e,n/e,n/e,3,,n/e,n/e,n/e,n/e,n/e,n/e,0,,n/e,n/e,219,,n/e,n/e,n/e,n/e,17,
14:00 - 15:00,38,,n/e,n/e,n/e,n/e,206,,n/e,n/e,n/e,n/e,n/e,n/e,n/e,n/e,n/e,n/e,n/e,n/e,46,,n/e,n/e,n/e,n/e,n/e,n/e,0,,n/e,n/e,138,,n/e,n/e,n/e,n/e,16,
15:00 - 16:00,43,,n/e,n/e,n/e,n/e,294,,n/e,n/e,n/e,n/e,n/e,n/e,n/e,n/e,n/e,n/e,n/e,n/e,266,,n/e,n/e,n/e,n/e,n/e,n/e,0,,n/e,n/e,57,,n/e,n/e,n/e,n/e,20,
16:00 - 17:00,45,,n/e,n/e,n/e,n/e,354,,n/e,n/e,n/e,n/e,n/e,n/e,n/e,n/e,n/e,n/e,n/e,n/e,408,,n/e,n/e,n/e,n/e,n/e,n/e,0,,n/e,n/e,11,,n/e,n/e,n/e,n/e,34,
17:00 - 18:00,49,,n/e,n/e,n/e,n/e,353,,n/e,n/e,n/e,n/e,n/e,n/e,n/e,n/e,n/e,n/e,n/e,n/e,465,,n/e,n/e,n/e,n/e,n/e,n/e,0,,n/e,n/e,1,,n/e,n/e,n/e,n/e,43,
18:00 - 19:00,46,,n/e,n/e,n/e,n/e,349,,n/e,n/e,n/e,n/e,n/e,n/e,n/e,n/e,n/e,n/e,n/e,n/e,382,,n/e,n/e,n/e,n/e,n/e,n/e,0,,n/e,n/e,1,,n/e,n/e,n/e,n/e,48,
19:00 - 20:00,41,,n/e,n/e,n/e,n/e,252,,n/e,n/e,n/e,n/e,n/e,n/e,n/e,n/e,n/e,n/e,n/e,n/e,208,,n/e,n/e,n/e,n/e,n/e,n/e,0,,n/e,n/e,0,,n/e,n/e,n/e,n/e,48,
20:00 - 21:00,38,,n/e,n/e,n/e,n/e,153,,n/e,n/e,n/e,n/e,n/e,n/e,n/e,n/e,n/e,n/e,n/e,n/e,141,,n/e,n/e,n/e,n/e,n/e,n/e,0,,n/e,n/e,0,,n/e,n/e,n/e,n/e,53,
21:00 - 22:00,30,,n/e,n/e,n/e,n/e,150,,n/e,n/e,n/e,n/e,n/e,n/e,n/e,n/e,n/e,n/e,n/e,n/e,15,,n/e,n/e,n/e,n/e,n/e,n/e,0,,n/e,n/e,0,,n/e,n/e,n/e,n/e,53,
22:00 - 23:00,27,,n/e,n/e,n/e,n/e,150,,n/e,n/e,n/e,n/e,n/e,n/e,n/e,n/e,n/e,n/e,n/e,n/e,2,,n/e,n/e,n/e,n/e,n/e,n/e,0,,n/e,n/e,0,,n/e,n/e,n/e,n/e,48,
23:00 - 00:00,27,,n/e,n/e,n/e,n/e,150,,n/e,n/e,n/e,n/e,n/e,n/e,n/e,n/e,n/e,n/e,n/e,n/e,2,,n/e,n/e,n/e,n/e,n/e,n/e,0,,n/e,n/e,0,,n/e,n/e,n/e,n/e,38,
00:00 - 01:00,25,,n/e,n/e,n/e,n/e,150,,n/e,n/e,n/e,n/e,n/e,n/e,n/e,n/e,n/e,n/e,n/e,n/e,1,,n/e,n/e,n/e,n/e,n/e,n/e,0,,n/e,n/e,0,,n/e,n/e,n/e,n/e,25,
01:00 - 02:00,26,,n/e,n/e,n/e,n/e,150,,n/e,n/e,n/e,n/e,n/e,n/e,n/e,n/e,n/e,n/e,n/e,n/e,1,,n/e,n/e,n/e,n/e,n/e,n/e,0,,n/e,n/e,0,,n/e,n/e,n/e,n/e,21,
02:00 - 03:00,31,,n/e,n/e,n/e,n/e,150,,n/e,n/e,n/e,n/e,n/e,n/e,n/e,n/e,n/e,n/e,n/e,n/e,2,,n/e,n/e,n/e,n/e,n/e,n/e,0,,n/e,n/e,0,,n/e,n/e,n/e,n/e,20,
03:00 - 04:00,36,,n/e,n/e,n/e,n/e,152,,n/e,n/e,n/e,n/e,n/e,n/e,n/e,n/e,n/e,n/e,n/e,n/e,3,,n/e,n/e,n/e,n/e,n/e,n/e,0,,n/e,n/e,1,,n/e,n/e,n/e,n/e,21,
04:00 - 05:00,40,,n/e,n/e,n/e,n/e,153,,n/e,n/e,n/e,n/e,n/e,n/e,n/e,n/e,n/e,n/e,n/e,n/e,110,,n/e,n/e,n/e,n/e,n/e,n/e,0,,n/e,n/e,20,,n/e,n/e,n/e,n/e,20,
05:00 - 06:00,45,,n/e,n/e,n/e,n/e,154,,n/e,n/e,n/e,n/e,n/e,n/e,n/e,n/e,n/e,n/e,n/e,n/e,111,,n/e,n/e,n/e,n/e,n/e,n/e,0,,n/e,n/e,79,,n/e,n/e,n/e,n/e,16,
06:00 - 07:00,45,,n/e,n/e,n/e,n/e,152,,n/e,n/e,n/e,n/e,n/e,n/e,n/e,n/e,n/e,n/e,n/e,n/e,111,,n/e,n/e,n/e,n/e,n/e,n/e,0,,n/e,n/e,165,,n/e,n/e,n/e,n/e,13,
07:00 - 08:00,42,,n/e,n/e,n/e,n/e,151,,n/e,n/e,n/e,n/e,n/e,n/e,n/e,n/e,n/e,n/e,n/e,n/e,3,,n/e,n/e,n/e,n/e,n/e,n/e,0,,n/e,n/e,244,,n/e,n/e,n/e,n/e,8,
08:00 - 09:00,37,,n/e,n/e,n/e,n/e,151,,n/e,n/e,n/e,n/e,n/e,n/e,n/e,n/e,n/e,n/e,n/e,n/e,3,,n/e,n/e,n/e,n/e,n/e,n/e,0,,n/e,n/e,303,,n/e,n/e,n/e,n/e,6,
09:00 - 10:00,30,,n/e,n/e,n/e,n/e,151,,n/e,n/e,n/e,n/e,n/e,n/e,n/e,n/e,n/e,n/e,n/e,n/e,3,,n/e,n/e,n/e,n/e,n/e,n/e,0,,n/e,n/e,336,,n/e,n/e,n/e,n/e,16,
10:00 - 11:00,29,,n/e,n/e,n/e,n/e,151,,n/e,n/e,n/e,n/e,n/e,n/e,n/e,n/e,n/e,n/e,n/e,n/e,3,,n/e,n/e,n/e,n/e,n/e,n/e,0,,n/e,n/e,335,,n/e,n/e,n/e,n/e,19,
11:00 - 12:00,30,,n/e,n/e,n/e,n/e,150,,n/e,n/e,n/e,n/e,n/e,n/e,n/e,n/e,n/e,n/e,n/e,n/e,3,,n/e,n/e,n/e,n/e,n/e,n/e,0,,n/e,n/e,317,,n/e,n/e,n/e,n/e,16,
12:00 - 13:00,29,,n/e,n/e,n/e,n/e,150,,n/e,n/e,n/e,n/e,n/e,n/e,n/e,n/e,n/e,n/e,n/e,n/e,12,,n/e,n/e,n/e,n/e,n/e,n/e,0,,n/e,n/e,285,,n/e,n/e,n/e,n/e,15,
13:00 - 14:00,27,,n/e,n/e,n/e,n/e,153,,n/e,n/e,n/e,n/e,n/e,n/e,n/e,n/e,n/e,n/e,n/e,n/e,17,,n/e,n/e,n/e,n/e,n/e,n/e,0,,n/e,n/e,226,,n/e,n/e,n/e,n/e,17,
14:00 - 15:00,34,,n/e,n/e,n/e,n/e,247,,n/e,n/e,n/e,n/e,n/e,n/e,n/e,n/e,n/e,n/e,n/e,n/e,104,,n/e,n/e,n/e,n/e,n/e,n/e,0,,n/e,n/e,144,,n/e,n/e,n/e,n/e,20,
15:00 - 16:00,40,,n/e,n/e,n/e,n/e,351,,n/e,n/e,n/e,n/e,n/e,n/e,n/e,n/e,n/e,n/e,n/e,n/e,298,,n/e,n/e,n/e,n/e,n/e,n/e,0,,n/e,n/e,59,,n/e,n/e,n/e,n/e,14,
16:00 - 17:00,42,,n/e,n/e,n/e,n/e,357,,n/e,n/e,n/e,n/e,n/e,n/e,n/e,n/e,n/e,n/e,n/e,n/e,461,,n/e,n/e,n/e,n/e,n/e,n/e,0,,n/e,n/e,10,,n/e,n/e,n/e,n/e,21,
17:00 - 18:00,43,,n/e,n/e,n/e,n/e,357,,n/e,n/e,n/e,n/e,n/e,n/e,n/e,n/e,n/e,n/e,n/e,n/e,468,,n/e,n/e,n/e,n/e,n/e,n/e,0,,n/e,n/e,1,,n/e,n/e,n/e,n/e,29,
18:00 - 19:00,42,,n/e,n/e,n/e,n/e,305,,n/e,n/e,n/e,n/e,n/e,n/e,n/e,n/e,n/e,n/e,n/e,n/e,345,,n/e,n/e,n/e,n/e,n/e,n/e,0,,n/e,n/e,0,,n/e,n/e,n/e,n/e,37,
19:00 - 20:00,39,,n/e,n/e,n/e,n/e,299,,n/e,n/e,n/e,n/e,n/e,n/e,n/e,n/e,n/e,n/e,n/e,n/e,216,,n/e,n/e,n/e,n/e,n/e,n/e,0,,n/e,n/e,0,,n/e,n/e,n/e,n/e,35,
20:00 - 21:00,34,,n/e,n/e,n/e,n/e,247,,n/e,n/e,n/e,n/e,n/e,n/e,n/e,n/e,n/e,n/e,n/e,n/e,135,,n/e,n/e,n/e,n/e,n/e,n/e,0,,n/e,n/e,0,,n/e,n/e,n/e,n/e,33,
21:00 - 22:00,28,,n/e,n/e,n/e,n/e,151,,n/e,n/e,n/e,n/e,n/e,n/e,n/e,n/e,n/e,n/e,n/e,n/e,26,,n/e,n/e,n/e,n/e,n/e,n/e,0,,n/e,n/e,0,,n/e,n/e,n/e,n/e,23,
22:00 - 23:00,26,,n/e,n/e,n/e,n/e,150,,n/e,n/e,n/e,n/e,n/e,n/e,n/e,n/e,n/e,n/e,n/e,n/e,2,,n/e,n/e,n/e,n/e,n/e,n/e,0,,n/e,n/e,0,,n/e,n/e,n/e,n/e,19,
23:00 - 00:00,26,,n/e,n/e,n/e,n/e,150,,n/e,n/e,n/e,n/e,n/e,n/e,n/e,n/e,n/e,n/e,n/e,n/e,2,,n/e,n/e,n/e,n/e,n/e,n/e,0,,n/e,n/e,0,,n/e,n/e,n/e,n/e,17,
00:00 - 01:00,27,,n/e,n/e,n/e,n/e,150,,n/e,n/e,n/e,n/e,n/e,n/e,n/e,n/e,n/e,n/e,n/e,n/e,1,,n/e,n/e,n/e,n/e,n/e,n/e,0,,n/e,n/e,0,,n/e,n/e,n/e,n/e,18,
01:00 - 02:00,28,,n/e,n/e,n/e,n/e,151,,n/e,n/e,n/e,n/e,n/e,n/e,n/e,n/e,n/e,n/e,n/e,n/e,1,,n/e,n/e,n/e,n/e,n/e,n/e,0,,n/e,n/e,0,,n/e,n/e,n/e,n/e,20,
02:00 - 03:00,32,,n/e,n/e,n/e,n/e,153,,n/e,n/e,n/e,n/e,n/e,n/e,n/e,n/e,n/e,n/e,n/e,n/e,2,,n/e,n/e,n/e,n/e,n/e,n/e,0,,n/e,n/e,0,,n/e,n/e,n/e,n/e,19,
03:00 - 04:00,36,,n/e,n/e,n/e,n/e,154,,n/e,n/e,n/e,n/e,n/e,n/e,n/e,n/e,n/e,n/e,n/e,n/e,4,,n/e,n/e,n/e,n/e,n/e,n/e,0,,n/e,n/e,1,,n/e,n/e,n/e,n/e,17,
04:00 - 05:00,41,,n/e,n/e,n/e,n/e,153,,n/e,n/e,n/e,n/e,n/e,n/e,n/e,n/e,n/e,n/e,n/e,n/e,112,,n/e,n/e,n/e,n/e,n/e,n/e,0,,n/e,n/e,20,,n/e,n/e,n/e,n/e,19,
05:00 - 06:00,44,,n/e,n/e,n/e,n/e,152,,n/e,n/e,n/e,n/e,n/e,n/e,n/e,n/e,n/e,n/e,n/e,n/e,112,,n/e,n/e,n/e,n/e,n/e,n/e,0,,n/e,n/e,88,,n/e,n/e,n/e,n/e,14,
06:00 - 07:00,42,,n/e,n/e,n/e,n/e,152,,n/e,n/e,n/e,n/e,n/e,n/e,n/e,n/e,n/e,n/e,n/e,n/e,112,,n/e,n/e,n/e,n/e,n/e,n/e,0,,n/e,n/e,180,,n/e,n/e,n/e,n/e,8,
07:00 - 08:00,42,,n/e,n/e,n/e,n/e,152,,n/e,n/e,n/e,n/e,n/e,n/e,n/e,n/e,n/e,n/e,n/e,n/e,12,,n/e,n/e,n/e,n/e,n/e,n/e,0,,n/e,n/e,262,,n/e,n/e,n/e,n/e,6,
08:00 - 09:00,39,,n/e,n/e,n/e,n/e,152,,n/e,n/e,n/e,n/e,n/e,n/e,n/e,n/e,n/e,n/e,n/e,n/e,3,,n/e,n/e,n/e,n/e,n/e,n/e,0,,n/e,n/e,320,,n/e,n/e,n/e,n/e,15,
09:00 - 10:00,32,,n/e,n/e,n/e,n/e,151,,n/e,n/e,n/e,n/e,n/e,n/e,n/e,n/e,n/e,n/e,n/e,n/e,3,,n/e,n/e,n/e,n/e,n/e,n/e,0,,n/e,n/e,350,,n/e,n/e,n/e,n/e,27,
10:00 - 11:00,30,,n/e,n/e,n/e,n/e,151,,n/e,n/e,n/e,n/e,n/e,n/e,n/e,n/e,n/e,n/e,n/e,n/e,3,,n/e,n/e,n/e,n/e,n/e,n/e,0,,n/e,n/e,354,,n/e,n/e,n/e,n/e,18,
11:00 - 12:00,28,,n/e,n/e,n/e,n/e,150,,n/e,n/e,n/e,n/e,n/e,n/e,n/e,n/e,n/e,n/e,n/e,n/e,3,,n/e,n/e,n/e,n/e,n/e,n/e,0,,n/e,n/e,325,,n/e,n/e,n/e,n/e,10,
12:00 - 13:00,27,,n/e,n/e,n/e,n/e,150,,n/e,n/e,n/e,n/e,n/e,n/e,n/e,n/e,n/e,n/e,n/e,n/e,2,,n/e,n/e,n/e,n/e,n/e,n/e,0,,n/e,n/e,279,,n/e,n/e,n/e,n/e,4,
13:00 - 14:00,26,,n/e,n/e,n/e,n/e,150,,n/e,n/e,n/e,n/e,n/e,n/e,n/e,n/e,n/e,n/e,n/e,n/e,6,,n/e,n/e,n/e,n/e,n/e,n/e,0,,n/e,n/e,216,,n/e,n/e,n/e,n/e,2,
14:00 - 15:00,35,,n/e,n/e,n/e,n/e,157,,n/e,n/e,n/e,n/e,n/e,n/e,n/e,n/e,n/e,n/e,n/e,n/e,201,,n/e,n/e,n/e,n/e,n/e,n/e,0,,n/e,n/e,142,,n/e,n/e,n/e,n/e,4,
15:00 - 16:00,40,,n/e,n/e,n/e,n/e,256,,n/e,n/e,n/e,n/e,n/e,n/e,n/e,n/e,n/e,n/e,n/e,n/e,394,,n/e,n/e,n/e,n/e,n/e,n/e,0,,n/e,n/e,57,,n/e,n/e,n/e,n/e,5,
16:00 - 17:00,43,,n/e,n/e,n/e,n/e,349,,n/e,n/e,n/e,n/e,n/e,n/e,n/e,n/e,n/e,n/e,n/e,n/e,310,,n/e,n/e,n/e,n/e,n/e,n/e,0,,n/e,n/e,9,,n/e,n/e,n/e,n/e,8,
17:00 - 18:00,43,,n/e,n/e,n/e,n/e,350,,n/e,n/e,n/e,n/e,n/e,n/e,n/e,n/e,n/e,n/e,n/e,n/e,460,,n/e,n/e,n/e,n/e,n/e,n/e,0,,n/e,n/e,1,,n/e,n/e,n/e,n/e,20,
18:00 - 19:00,39,,n/e,n/e,n/e,n/e,249,,n/e,n/e,n/e,n/e,n/e,n/e,n/e,n/e,n/e,n/e,n/e,n/e,382,,n/e,n/e,n/e,n/e,n/e,n/e,0,,n/e,n/e,0,,n/e,n/e,n/e,n/e,27,
19:00 - 20:00,37,,n/e,n/e,n/e,n/e,152,,n/e,n/e,n/e,n/e,n/e,n/e,n/e,n/e,n/e,n/e,n/e,n/e,266,,n/e,n/e,n/e,n/e,n/e,n/e,0,,n/e,n/e,0,,n/e,n/e,n/e,n/e,37,
20:00 - 21:00,31,,n/e,n/e,n/e,n/e,150,,n/e,n/e,n/e,n/e,n/e,n/e,n/e,n/e,n/e,n/e,n/e,n/e,164,,n/e,n/e,n/e,n/e,n/e,n/e,0,,n/e,n/e,0,,n/e,n/e,n/e,n/e,43,
21:00 - 22:00,26,,n/e,n/e,n/e,n/e,150,,n/e,n/e,n/e,n/e,n/e,n/e,n/e,n/e,n/e,n/e,n/e,n/e,32,,n/e,n/e,n/e,n/e,n/e,n/e,0,,n/e,n/e,0,,n/e,n/e,n/e,n/e,37,
22:00 - 23:00,24,,n/e,n/e,n/e,n/e,150,,n/e,n/e,n/e,n/e,n/e,n/e,n/e,n/e,n/e,n/e,n/e,n/e,1,,n/e,n/e,n/e,n/e,n/e,n/e,0,,n/e,n/e,0,,n/e,n/e,n/e,n/e,28,
23:00 - 00:00,24,,n/e,n/e,n/e,n/e,150,,n/e,n/e,n/e,n/e,n/e,n/e,n/e,n/e,n/e,n/e,n/e,n/e,1,,n/e,n/e,n/e,n/e,n/e,n/e,0,,n/e,n/e,0,,n/e,n/e,n/e,n/e,25,
00:00 - 01:00,24,,n/e,n/e,n/e,n/e,150,,n/e,n/e,n/e,n/e,n/e,n/e,n/e,n/e,n/e,n/e,n/e,n/e,1,,n/e,n/e,n/e,n/e,n/e,n/e,0,,n/e,n/e,0,,n/e,n/e,n/e,n/e,25,
01:00 - 02:00,24,,n/e,n/e,n/e,n/e,150,,n/e,n/e,n/e,n/e,n/e,n/e,n/e,n/e,n/e,n/e,n/e,n/e,1,,n/e,n/e,n/e,n/e,n/e,n/e,0,,n/e,n/e,0,,n/e,n/e,n/e,n/e,25,
02:00 - 03:00,25,,n/e,n/e,n/e,n/e,150,,n/e,n/e,n/e,n/e,n/e,n/e,n/e,n/e,n/e,n/e,n/e,n/e,1,,n/e,n/e,n/e,n/e,n/e,n/e,0,,n/e,n/e,0,,n/e,n/e,n/e,n/e,24,
03:00 - 04:00,26,,n/e,n/e,n/e,n/e,150,,n/e,n/e,n/e,n/e,n/e,n/e,n/e,n/e,n/e,n/e,n/e,n/e,2,,n/e,n/e,n/e,n/e,n/e,n/e,0,,n/e,n/e,1,,n/e,n/e,n/e,n/e,24,
04:00 - 05:00,27,,n/e,n/e,n/e,n/e,150,,n/e,n/e,n/e,n/e,n/e,n/e,n/e,n/e,n/e,n/e,n/e,n/e,5,,n/e,n/e,n/e,n/e,n/e,n/e,0,,n/e,n/e,19,,n/e,n/e,n/e,n/e,20,
05:00 - 06:00,26,,n/e,n/e,n/e,n/e,150,,n/e,n/e,n/e,n/e,n/e,n/e,n/e,n/e,n/e,n/e,n/e,n/e,109,,n/e,n/e,n/e,n/e,n/e,n/e,0,,n/e,n/e,80,,n/e,n/e,n/e,n/e,14,
06:00 - 07:00,26,,n/e,n/e,n/e,n/e,150,,n/e,n/e,n/e,n/e,n/e,n/e,n/e,n/e,n/e,n/e,n/e,n/e,107,,n/e,n/e,n/e,n/e,n/e,n/e,0,,n/e,n/e,167,,n/e,n/e,n/e,n/e,5,
07:00 - 08:00,27,,n/e,n/e,n/e,n/e,150,,n/e,n/e,n/e,n/e,n/e,n/e,n/e,n/e,n/e,n/e,n/e,n/e,3,,n/e,n/e,n/e,n/e,n/e,n/e,0,,n/e,n/e,249,,n/e,n/e,n/e,n/e,1,
08:00 - 09:00,27,,n/e,n/e,n/e,n/e,150,,n/e,n/e,n/e,n/e,n/e,n/e,n/e,n/e,n/e,n/e,n/e,n/e,3,,n/e,n/e,n/e,n/e,n/e,n/e,0,,n/e,n/e,312,,n/e,n/e,n/e,n/e,1,
09:00 - 10:00,27,,n/e,n/e,n/e,n/e,150,,n/e,n/e,n/e,n/e,n/e,n/e,n/e,n/e,n/e,n/e,n/e,n/e,2,,n/e,n/e,n/e,n/e,n/e,n/e,0,,n/e,n/e,347,,n/e,n/e,n/e,n/e,4,
10:00 - 11:00,26,,n/e,n/e,n/e,n/e,150,,n/e,n/e,n/e,n/e,n/e,n/e,n/e,n/e,n/e,n/e,n/e,n/e,2,,n/e,n/e,n/e,n/e,n/e,n/e,0,,n/e,n/e,354,,n/e,n/e,n/e,n/e,13,
11:00 - 12:00,27,,n/e,n/e,n/e,n/e,150,,n/e,n/e,n/e,n/e,n/e,n/e,n/e,n/e,n/e,n/e,n/e,n/e,2,,n/e,n/e,n/e,n/e,n/e,n/e,0,,n/e,n/e,310,,n/e,n/e,n/e,n/e,18,
12:00 - 13:00,25,,n/e,n/e,n/e,n/e,150,,n/e,n/e,n/e,n/e,n/e,n/e,n/e,n/e,n/e,n/e,n/e,n/e,2,,n/e,n/e,n/e,n/e,n/e,n/e,0,,n/e,n/e,292,,n/e,n/e,n/e,n/e,12,
13:00 - 14:00,25,,n/e,n/e,n/e,n/e,151,,n/e,n/e,n/e,n/e,n/e,n/e,n/e,n/e,n/e,n/e,n/e,n/e,2,,n/e,n/e,n/e,n/e,n/e,n/e,0,,n/e,n/e,225,,n/e,n/e,n/e,n/e,6,
14:00 - 15:00,33,,n/e,n/e,n/e,n/e,152,,n/e,n/e,n/e,n/e,n/e,n/e,n/e,n/e,n/e,n/e,n/e,n/e,95,,n/e,n/e,n/e,n/e,n/e,n/e,0,,n/e,n/e,137,,n/e,n/e,n/e,n/e,6,
15:00 - 16:00,41,,n/e,n/e,n/e,n/e,153,,n/e,n/e,n/e,n/e,n/e,n/e,n/e,n/e,n/e,n/e,n/e,n/e,311,,n/e,n/e,n/e,n/e,n/e,n/e,0,,n/e,n/e,52,,n/e,n/e,n/e,n/e,7,
16:00 - 17:00,42,,n/e,n/e,n/e,n/e,157,,n/e,n/e,n/e,n/e,n/e,n/e,n/e,n/e,n/e,n/e,n/e,n/e,498,,n/e,n/e,n/e,n/e,n/e,n/e,0,,n/e,n/e,8,,n/e,n/e,n/e,n/e,14,
17:00 - 18:00,43,,n/e,n/e,n/e,n/e,155,,n/e,n/e,n/e,n/e,n/e,n/e,n/e,n/e,n/e,n/e,n/e,n/e,460,,n/e,n/e,n/e,n/e,n/e,n/e,0,,n/e,n/e,1,,n/e,n/e,n/e,n/e,30,
18:00 - 19:00,41,,n/e,n/e,n/e,n/e,153,,n/e,n/e,n/e,n/e,n/e,n/e,n/e,n/e,n/e,n/e,n/e,n/e,256,,n/e,n/e,n/e,n/e,n/e,n/e,0,,n/e,n/e,0,,n/e,n/e,n/e,n/e,43,
19:00 - 20:00,35,,n/e,n/e,n/e,n/e,150,,n/e,n/e,n/e,n/e,n/e,n/e,n/e,n/e,n/e,n/e,n/e,n/e,237,,n/e,n/e,n/e,n/e,n/e,n/e,0,,n/e,n/e,0,,n/e,n/e,n/e,n/e,44,
20:00 - 21:00,33,,n/e,n/e,n/e,n/e,150,,n/e,n/e,n/e,n/e,n/e,n/e,n/e,n/e,n/e,n/e,n/e,n/e,24,,n/e,n/e,n/e,n/e,n/e,n/e,0,,n/e,n/e,0,,n/e,n/e,n/e,n/e,47,
21:00 - 22:00,27,,n/e,n/e,n/e,n/e,150,,n/e,n/e,n/e,n/e,n/e,n/e,n/e,n/e,n/e,n/e,n/e,n/e,11,,n/e,n/e,n/e,n/e,n/e,n/e,0,,n/e,n/e,0,,n/e,n/e,n/e,n/e,38,
22:00 - 23:00,27,,n/e,n/e,n/e,n/e,150,,n/e,n/e,n/e,n/e,n/e,n/e,n/e,n/e,n/e,n/e,n/e,n/e,1,,n/e,n/e,n/e,n/e,n/e,n/e,0,,n/e,n/e,0,,n/e,n/e,n/e,n/e,27,
23:00 - 00:00,26,,n/e,n/e,n/e,n/e,150,,n/e,n/e,n/e,n/e,n/e,n/e,n/e,n/e,n/e,n/e,n/e,n/e,1,,n/e,n/e,n/e,n/e,n/e,n/e,0,,n/e,n/e,0,,n/e,n/e,n/e,n/e,20,
00:00 - 01:00,26,,n/e,n/e,n/e,n/e,150,,n/e,n/e,n/e,n/e,n/e,n/e,n/e,n/e,n/e,n/e,n/e,n/e,1,,n/e,n/e,n/e,n/e,n/e,n/e,0,,n/e,n/e,0,,n/e,n/e,n/e,n/e,22,
01:00 - 02:00,27,,n/e,n/e,n/e,n/e,150,,n/e,n/e,n/e,n/e,n/e,n/e,n/e,n/e,n/e,n/e,n/e,n/e,1,,n/e,n/e,n/e,n/e,n/e,n/e,0,,n/e,n/e,0,,n/e,n/e,n/e,n/e,26,
02:00 - 03:00,27,,n/e,n/e,n/e,n/e,151,,n/e,n/e,n/e,n/e,n/e,n/e,n/e,n/e,n/e,n/e,n/e,n/e,1,,n/e,n/e,n/e,n/e,n/e,n/e,0,,n/e,n/e,0,,n/e,n/e,n/e,n/e,30,
03:00 - 04:00,27,,n/e,n/e,n/e,n/e,150,,n/e,n/e,n/e,n/e,n/e,n/e,n/e,n/e,n/e,n/e,n/e,n/e,1,,n/e,n/e,n/e,n/e,n/e,n/e,0,,n/e,n/e,1,,n/e,n/e,n/e,n/e,29,
04:00 - 05:00,27,,n/e,n/e,n/e,n/e,150,,n/e,n/e,n/e,n/e,n/e,n/e,n/e,n/e,n/e,n/e,n/e,n/e,1,,n/e,n/e,n/e,n/e,n/e,n/e,0,,n/e,n/e,17,,n/e,n/e,n/e,n/e,28,
05:00 - 06:00,27,,n/e,n/e,n/e,n/e,150,,n/e,n/e,n/e,n/e,n/e,n/e,n/e,n/e,n/e,n/e,n/e,n/e,1,,n/e,n/e,n/e,n/e,n/e,n/e,0,,n/e,n/e,67,,n/e,n/e,n/e,n/e,23,
06:00 - 07:00,27,,n/e,n/e,n/e,n/e,151,,n/e,n/e,n/e,n/e,n/e,n/e,n/e,n/e,n/e,n/e,n/e,n/e,3,,n/e,n/e,n/e,n/e,n/e,n/e,0,,n/e,n/e,149,,n/e,n/e,n/e,n/e,11,
07:00 - 08:00,28,,n/e,n/e,n/e,n/e,152,,n/e,n/e,n/e,n/e,n/e,n/e,n/e,n/e,n/e,n/e,n/e,n/e,4,,n/e,n/e,n/e,n/e,n/e,n/e,0,,n/e,n/e,236,,n/e,n/e,n/e,n/e,7,
08:00 - 09:00,28,,n/e,n/e,n/e,n/e,150,,n/e,n/e,n/e,n/e,n/e,n/e,n/e,n/e,n/e,n/e,n/e,n/e,3,,n/e,n/e,n/e,n/e,n/e,n/e,0,,n/e,n/e,300,,n/e,n/e,n/e,n/e,6,
09:00 - 10:00,28,,n/e,n/e,n/e,n/e,150,,n/e,n/e,n/e,n/e,n/e,n/e,n/e,n/e,n/e,n/e,n/e,n/e,3,,n/e,n/e,n/e,n/e,n/e,n/e,0,,n/e,n/e,308,,n/e,n/e,n/e,n/e,11,
10:00 - 11:00,28,,n/e,n/e,n/e,n/e,150,,n/e,n/e,n/e,n/e,n/e,n/e,n/e,n/e,n/e,n/e,n/e,n/e,3,,n/e,n/e,n/e,n/e,n/e,n/e,0,,n/e,n/e,289,,n/e,n/e,n/e,n/e,16,
11:00 - 12:00,28,,n/e,n/e,n/e,n/e,150,,n/e,n/e,n/e,n/e,n/e,n/e,n/e,n/e,n/e,n/e,n/e,n/e,3,,n/e,n/e,n/e,n/e,n/e,n/e,0,,n/e,n/e,275,,n/e,n/e,n/e,n/e,18,
12:00 - 13:00,27,,n/e,n/e,n/e,n/e,150,,n/e,n/e,n/e,n/e,n/e,n/e,n/e,n/e,n/e,n/e,n/e,n/e,2,,n/e,n/e,n/e,n/e,n/e,n/e,0,,n/e,n/e,246,,n/e,n/e,n/e,n/e,23,
13:00 - 14:00,25,,n/e,n/e,n/e,n/e,150,,n/e,n/e,n/e,n/e,n/e,n/e,n/e,n/e,n/e,n/e,n/e,n/e,93,,n/e,n/e,n/e,n/e,n/e,n/e,0,,n/e,n/e,215,,n/e,n/e,n/e,n/e,26,
14:00 - 15:00,26,,n/e,n/e,n/e,n/e,151,,n/e,n/e,n/e,n/e,n/e,n/e,n/e,n/e,n/e,n/e,n/e,n/e,316,,n/e,n/e,n/e,n/e,n/e,n/e,0,,n/e,n/e,131,,n/e,n/e,n/e,n/e,20,
15:00 - 16:00,35,,n/e,n/e,n/e,n/e,154,,n/e,n/e,n/e,n/e,n/e,n/e,n/e,n/e,n/e,n/e,n/e,n/e,425,,n/e,n/e,n/e,n/e,n/e,n/e,0,,n/e,n/e,49,,n/e,n/e,n/e,n/e,17,
16:00 - 17:00,40,,n/e,n/e,n/e,n/e,155,,n/e,n/e,n/e,n/e,n/e,n/e,n/e,n/e,n/e,n/e,n/e,n/e,354,,n/e,n/e,n/e,n/e,n/e,n/e,0,,n/e,n/e,7,,n/e,n/e,n/e,n/e,23,
17:00 - 18:00,40,,n/e,n/e,n/e,n/e,152,,n/e,n/e,n/e,n/e,n/e,n/e,n/e,n/e,n/e,n/e,n/e,n/e,307,,n/e,n/e,n/e,n/e,n/e,n/e,0,,n/e,n/e,1,,n/e,n/e,n/e,n/e,32,
18:00 - 19:00,37,,n/e,n/e,n/e,n/e,152,,n/e,n/e,n/e,n/e,n/e,n/e,n/e,n/e,n/e,n/e,n/e,n/e,244,,n/e,n/e,n/e,n/e,n/e,n/e,0,,n/e,n/e,0,,n/e,n/e,n/e,n/e,23,
19:00 - 20:00,28,,n/e,n/e,n/e,n/e,150,,n/e,n/e,n/e,n/e,n/e,n/e,n/e,n/e,n/e,n/e,n/e,n/e,87,,n/e,n/e,n/e,n/e,n/e,n/e,0,,n/e,n/e,0,,n/e,n/e,n/e,n/e,22,
20:00 - 21:00,27,,n/e,n/e,n/e,n/e,150,,n/e,n/e,n/e,n/e,n/e,n/e,n/e,n/e,n/e,n/e,n/e,n/e,1,,n/e,n/e,n/e,n/e,n/e,n/e,0,,n/e,n/e,0,,n/e,n/e,n/e,n/e,22,
21:00 - 22:00,27,,n/e,n/e,n/e,n/e,150,,n/e,n/e,n/e,n/e,n/e,n/e,n/e,n/e,n/e,n/e,n/e,n/e,1,,n/e,n/e,n/e,n/e,n/e,n/e,0,,n/e,n/e,0,,n/e,n/e,n/e,n/e,22,
22:00 - 23:00,27,,n/e,n/e,n/e,n/e,150,,n/e,n/e,n/e,n/e,n/e,n/e,n/e,n/e,n/e,n/e,n/e,n/e,1,,n/e,n/e,n/e,n/e,n/e,n/e,0,,n/e,n/e,0,,n/e,n/e,n/e,n/e,22,
23:00 - 00:00,27,,n/e,n/e,n/e,n/e,150,,n/e,n/e,n/e,n/e,n/e,n/e,n/e,n/e,n/e,n/e,n/e,n/e,1,,n/e,n/e,n/e,n/e,n/e,n/e,0,,n/e,n/e,0,,n/e,n/e,n/e,n/e,23,
00:00 - 01:00,28,,n/e,n/e,n/e,n/e,150,,n/e,n/e,n/e,n/e,n/e,n/e,n/e,n/e,n/e,n/e,n/e,n/e,1,,n/e,n/e,n/e,n/e,n/e,n/e,0,,n/e,n/e,0,,n/e,n/e,n/e,n/e,22,
01:00 - 02:00,27,,n/e,n/e,n/e,n/e,150,,n/e,n/e,n/e,n/e,n/e,n/e,n/e,n/e,n/e,n/e,n/e,n/e,1,,n/e,n/e,n/e,n/e,n/e,n/e,0,,n/e,n/e,0,,n/e,n/e,n/e,n/e,22,
02:00 - 03:00,28,,n/e,n/e,n/e,n/e,150,,n/e,n/e,n/e,n/e,n/e,n/e,n/e,n/e,n/e,n/e,n/e,n/e,1,,n/e,n/e,n/e,n/e,n/e,n/e,0,,n/e,n/e,0,,n/e,n/e,n/e,n/e,24,
03:00 - 04:00,27,,n/e,n/e,n/e,n/e,150,,n/e,n/e,n/e,n/e,n/e,n/e,n/e,n/e,n/e,n/e,n/e,n/e,51,,n/e,n/e,n/e,n/e,n/e,n/e,0,,n/e,n/e,1,,n/e,n/e,n/e,n/e,25,
04:00 - 05:00,27,,n/e,n/e,n/e,n/e,150,,n/e,n/e,n/e,n/e,n/e,n/e,n/e,n/e,n/e,n/e,n/e,n/e,106,,n/e,n/e,n/e,n/e,n/e,n/e,0,,n/e,n/e,16,,n/e,n/e,n/e,n/e,64,
05:00 - 06:00,26,,n/e,n/e,n/e,n/e,150,,n/e,n/e,n/e,n/e,n/e,n/e,n/e,n/e,n/e,n/e,n/e,n/e,119,,n/e,n/e,n/e,n/e,n/e,n/e,0,,n/e,n/e,74,,n/e,n/e,n/e,n/e,49,
06:00 - 07:00,29,,n/e,n/e,n/e,n/e,150,,n/e,n/e,n/e,n/e,n/e,n/e,n/e,n/e,n/e,n/e,n/e,n/e,249,,n/e,n/e,n/e,n/e,n/e,n/e,0,,n/e,n/e,149,,n/e,n/e,n/e,n/e,29,
07:00 - 08:00,30,,n/e,n/e,n/e,n/e,150,,n/e,n/e,n/e,n/e,n/e,n/e,n/e,n/e,n/e,n/e,n/e,n/e,207,,n/e,n/e,n/e,n/e,n/e,n/e,0,,n/e,n/e,216,,n/e,n/e,n/e,n/e,28,
08:00 - 09:00,30,,n/e,n/e,n/e,n/e,150,,n/e,n/e,n/e,n/e,n/e,n/e,n/e,n/e,n/e,n/e,n/e,n/e,26,,n/e,n/e,n/e,n/e,n/e,n/e,0,,n/e,n/e,279,,n/e,n/e,n/e,n/e,37,
09:00 - 10:00,30,,n/e,n/e,n/e,n/e,150,,n/e,n/e,n/e,n/e,n/e,n/e,n/e,n/e,n/e,n/e,n/e,n/e,10,,n/e,n/e,n/e,n/e,n/e,n/e,0,,n/e,n/e,307,,n/e,n/e,n/e,n/e,21,
10:00 - 11:00,30,,n/e,n/e,n/e,n/e,150,,n/e,n/e,n/e,n/e,n/e,n/e,n/e,n/e,n/e,n/e,n/e,n/e,38,,n/e,n/e,n/e,n/e,n/e,n/e,0,,n/e,n/e,294,,n/e,n/e,n/e,n/e,20,
11:00 - 12:00,29,,n/e,n/e,n/e,n/e,150,,n/e,n/e,n/e,n/e,n/e,n/e,n/e,n/e,n/e,n/e,n/e,n/e,3,,n/e,n/e,n/e,n/e,n/e,n/e,0,,n/e,n/e,246,,n/e,n/e,n/e,n/e,39,
12:00 - 13:00,29,,n/e,n/e,n/e,n/e,150,,n/e,n/e,n/e,n/e,n/e,n/e,n/e,n/e,n/e,n/e,n/e,n/e,39,,n/e,n/e,n/e,n/e,n/e,n/e,0,,n/e,n/e,203,,n/e,n/e,n/e,n/e,62,
13:00 - 14:00,28,,n/e,n/e,n/e,n/e,152,,n/e,n/e,n/e,n/e,n/e,n/e,n/e,n/e,n/e,n/e,n/e,n/e,20,,n/e,n/e,n/e,n/e,n/e,n/e,0,,n/e,n/e,162,,n/e,n/e,n/e,n/e,70,
14:00 - 15:00,28,,n/e,n/e,n/e,n/e,150,,n/e,n/e,n/e,n/e,n/e,n/e,n/e,n/e,n/e,n/e,n/e,n/e,19,,n/e,n/e,n/e,n/e,n/e,n/e,0,,n/e,n/e,99,,n/e,n/e,n/e,n/e,66,
15:00 - 16:00,27,,n/e,n/e,n/e,n/e,150,,n/e,n/e,n/e,n/e,n/e,n/e,n/e,n/e,n/e,n/e,n/e,n/e,170,,n/e,n/e,n/e,n/e,n/e,n/e,0,,n/e,n/e,38,,n/e,n/e,n/e,n/e,62,
16:00 - 17:00,28,,n/e,n/e,n/e,n/e,150,,n/e,n/e,n/e,n/e,n/e,n/e,n/e,n/e,n/e,n/e,n/e,n/e,343,,n/e,n/e,n/e,n/e,n/e,n/e,0,,n/e,n/e,5,,n/e,n/e,n/e,n/e,62,
17:00 - 18:00,29,,n/e,n/e,n/e,n/e,150,,n/e,n/e,n/e,n/e,n/e,n/e,n/e,n/e,n/e,n/e,n/e,n/e,309,,n/e,n/e,n/e,n/e,n/e,n/e,0,,n/e,n/e,0,,n/e,n/e,n/e,n/e,89,
18:00 - 19:00,28,,n/e,n/e,n/e,n/e,150,,n/e,n/e,n/e,n/e,n/e,n/e,n/e,n/e,n/e,n/e,n/e,n/e,297,,n/e,n/e,n/e,n/e,n/e,n/e,0,,n/e,n/e,0,,n/e,n/e,n/e,n/e,61,
19:00 - 20:00,27,,n/e,n/e,n/e,n/e,150,,n/e,n/e,n/e,n/e,n/e,n/e,n/e,n/e,n/e,n/e,n/e,n/e,152,,n/e,n/e,n/e,n/e,n/e,n/e,0,,n/e,n/e,0,,n/e,n/e,n/e,n/e,35,
20:00 - 21:00,27,,n/e,n/e,n/e,n/e,150,,n/e,n/e,n/e,n/e,n/e,n/e,n/e,n/e,n/e,n/e,n/e,n/e,181,,n/e,n/e,n/e,n/e,n/e,n/e,0,,n/e,n/e,0,,n/e,n/e,n/e,n/e,28,
21:00 - 22:00,24,,n/e,n/e,n/e,n/e,150,,n/e,n/e,n/e,n/e,n/e,n/e,n/e,n/e,n/e,n/e,n/e,n/e,2,,n/e,n/e,n/e,n/e,n/e,n/e,0,,n/e,n/e,0,,n/e,n/e,n/e,n/e,26,
22:00 - 23:00,24,,n/e,n/e,n/e,n/e,150,,n/e,n/e,n/e,n/e,n/e,n/e,n/e,n/e,n/e,n/e,n/e,n/e,1,,n/e,n/e,n/e,n/e,n/e,n/e,0,,n/e,n/e,0,,n/e,n/e,n/e,n/e,24,
23:00 - 00:00,23,,n/e,n/e,n/e,n/e,150,,n/e,n/e,n/e,n/e,n/e,n/e,n/e,n/e,n/e,n/e,n/e,n/e,1,,n/e,n/e,n/e,n/e,n/e,n/e,0,,n/e,n/e,0,,n/e,n/e,n/e,n/e,21,
00:00 - 01:00,23,,n/e,n/e,n/e,n/e,150,,n/e,n/e,n/e,n/e,n/e,n/e,n/e,n/e,n/e,n/e,n/e,n/e,1,,n/e,n/e,n/e,n/e,n/e,n/e,0,,n/e,n/e,0,,n/e,n/e,n/e,n/e,21,
01:00 - 02:00,24,,n/e,n/e,n/e,n/e,150,,n/e,n/e,n/e,n/e,n/e,n/e,n/e,n/e,n/e,n/e,n/e,n/e,1,,n/e,n/e,n/e,n/e,n/e,n/e,0,,n/e,n/e,0,,n/e,n/e,n/e,n/e,22,
02:00 - 03:00,24,,n/e,n/e,n/e,n/e,150,,n/e,n/e,n/e,n/e,n/e,n/e,n/e,n/e,n/e,n/e,n/e,n/e,1,,n/e,n/e,n/e,n/e,n/e,n/e,0,,n/e,n/e,0,,n/e,n/e,n/e,n/e,21,
03:00 - 04:00,26,,n/e,n/e,n/e,n/e,150,,n/e,n/e,n/e,n/e,n/e,n/e,n/e,n/e,n/e,n/e,n/e,n/e,1,,n/e,n/e,n/e,n/e,n/e,n/e,0,,n/e,n/e,1,,n/e,n/e,n/e,n/e,59,
04:00 - 05:00,34,,n/e,n/e,n/e,n/e,152,,n/e,n/e,n/e,n/e,n/e,n/e,n/e,n/e,n/e,n/e,n/e,n/e,2,,n/e,n/e,n/e,n/e,n/e,n/e,0,,n/e,n/e,16,,n/e,n/e,n/e,n/e,66,
05:00 - 06:00,40,,n/e,n/e,n/e,n/e,152,,n/e,n/e,n/e,n/e,n/e,n/e,n/e,n/e,n/e,n/e,n/e,n/e,15,,n/e,n/e,n/e,n/e,n/e,n/e,0,,n/e,n/e,53,,n/e,n/e,n/e,n/e,58,
06:00 - 07:00,42,,n/e,n/e,n/e,n/e,152,,n/e,n/e,n/e,n/e,n/e,n/e,n/e,n/e,n/e,n/e,n/e,n/e,8,,n/e,n/e,n/e,n/e,n/e,n/e,0,,n/e,n/e,104,,n/e,n/e,n/e,n/e,54,
07:00 - 08:00,41,,n/e,n/e,n/e,n/e,152,,n/e,n/e,n/e,n/e,n/e,n/e,n/e,n/e,n/e,n/e,n/e,n/e,3,,n/e,n/e,n/e,n/e,n/e,n/e,0,,n/e,n/e,157,,n/e,n/e,n/e,n/e,45,
08:00 - 09:00,40,,n/e,n/e,n/e,n/e,152,,n/e,n/e,n/e,n/e,n/e,n/e,n/e,n/e,n/e,n/e,n/e,n/e,3,,n/e,n/e,n/e,n/e,n/e,n/e,0,,n/e,n/e,172,,n/e,n/e,n/e,n/e,31,
09:00 - 10:00,39,,n/e,n/e,n/e,n/e,152,,n/e,n/e,n/e,n/e,n/e,n/e,n/e,n/e,n/e,n/e,n/e,n/e,3,,n/e,n/e,n/e,n/e,n/e,n/e,0,,n/e,n/e,182,,n/e,n/e,n/e,n/e,24,
10:00 - 11:00,39,,n/e,n/e,n/e,n/e,152,,n/e,n/e,n/e,n/e,n/e,n/e,n/e,n/e,n/e,n/e,n/e,n/e,3,,n/e,n/e,n/e,n/e,n/e,n/e,0,,n/e,n/e,184,,n/e,n/e,n/e,n/e,20,
11:00 - 12:00,41,,n/e,n/e,n/e,n/e,152,,n/e,n/e,n/e,n/e,n/e,n/e,n/e,n/e,n/e,n/e,n/e,n/e,3,,n/e,n/e,n/e,n/e,n/e,n/e,0,,n/e,n/e,161,,n/e,n/e,n/e,n/e,23,
12:00 - 13:00,42,,n/e,n/e,n/e,n/e,152,,n/e,n/e,n/e,n/e,n/e,n/e,n/e,n/e,n/e,n/e,n/e,n/e,2,,n/e,n/e,n/e,n/e,n/e,n/e,0,,n/e,n/e,126,,n/e,n/e,n/e,n/e,13,
13:00 - 14:00,42,,n/e,n/e,n/e,n/e,152,,n/e,n/e,n/e,n/e,n/e,n/e,n/e,n/e,n/e,n/e,n/e,n/e,2,,n/e,n/e,n/e,n/e,n/e,n/e,0,,n/e,n/e,87,,n/e,n/e,n/e,n/e,5,
14:00 - 15:00,42,,n/e,n/e,n/e,n/e,158,,n/e,n/e,n/e,n/e,n/e,n/e,n/e,n/e,n/e,n/e,n/e,n/e,120,,n/e,n/e,n/e,n/e,n/e,n/e,0,,n/e,n/e,45,,n/e,n/e,n/e,n/e,8,
15:00 - 16:00,42,,n/e,n/e,n/e,n/e,283,,n/e,n/e,n/e,n/e,n/e,n/e,n/e,n/e,n/e,n/e,n/e,n/e,433,,n/e,n/e,n/e,n/e,n/e,n/e,0,,n/e,n/e,16,,n/e,n/e,n/e,n/e,10,
16:00 - 17:00,44,,n/e,n/e,n/e,n/e,356,,n/e,n/e,n/e,n/e,n/e,n/e,n/e,n/e,n/e,n/e,n/e,n/e,507,,n/e,n/e,n/e,n/e,n/e,n/e,0,,n/e,n/e,2,,n/e,n/e,n/e,n/e,22,
17:00 - 18:00,45,,n/e,n/e,n/e,n/e,357,,n/e,n/e,n/e,n/e,n/e,n/e,n/e,n/e,n/e,n/e,n/e,n/e,572,,n/e,n/e,n/e,n/e,n/e,n/e,0,,n/e,n/e,0,,n/e,n/e,n/e,n/e,25,
18:00 - 19:00,45,,n/e,n/e,n/e,n/e,356,,n/e,n/e,n/e,n/e,n/e,n/e,n/e,n/e,n/e,n/e,n/e,n/e,502,,n/e,n/e,n/e,n/e,n/e,n/e,0,,n/e,n/e,0,,n/e,n/e,n/e,n/e,13,
19:00 - 20:00,43,,n/e,n/e,n/e,n/e,285,,n/e,n/e,n/e,n/e,n/e,n/e,n/e,n/e,n/e,n/e,n/e,n/e,219,,n/e,n/e,n/e,n/e,n/e,n/e,0,,n/e,n/e,0,,n/e,n/e,n/e,n/e,11,
20:00 - 21:00,39,,n/e,n/e,n/e,n/e,284,,n/e,n/e,n/e,n/e,n/e,n/e,n/e,n/e,n/e,n/e,n/e,n/e,50,,n/e,n/e,n/e,n/e,n/e,n/e,0,,n/e,n/e,0,,n/e,n/e,n/e,n/e,11,
21:00 - 22:00,37,,n/e,n/e,n/e,n/e,280,,n/e,n/e,n/e,n/e,n/e,n/e,n/e,n/e,n/e,n/e,n/e,n/e,2,,n/e,n/e,n/e,n/e,n/e,n/e,0,,n/e,n/e,0,,n/e,n/e,n/e,n/e,11,
22:00 - 23:00,31,,n/e,n/e,n/e,n/e,170,,n/e,n/e,n/e,n/e,n/e,n/e,n/e,n/e,n/e,n/e,n/e,n/e,2,,n/e,n/e,n/e,n/e,n/e,n/e,0,,n/e,n/e,0,,n/e,n/e,n/e,n/e,14,
23:00 - 00:00,31,,n/e,n/e,n/e,n/e,150,,n/e,n/e,n/e,n/e,n/e,n/e,n/e,n/e,n/e,n/e,n/e,n/e,1,,n/e,n/e,n/e,n/e,n/e,n/e,0,,n/e,n/e,0,,n/e,n/e,n/e,n/e,19,
00:00 - 01:00,30,,n/e,n/e,n/e,n/e,150,,n/e,n/e,n/e,n/e,n/e,n/e,n/e,n/e,n/e,n/e,n/e,n/e,1,,n/e,n/e,n/e,n/e,n/e,n/e,0,,n/e,n/e,0,,n/e,n/e,n/e,n/e,24,
01:00 - 02:00,31,,n/e,n/e,n/e,n/e,150,,n/e,n/e,n/e,n/e,n/e,n/e,n/e,n/e,n/e,n/e,n/e,n/e,1,,n/e,n/e,n/e,n/e,n/e,n/e,0,,n/e,n/e,0,,n/e,n/e,n/e,n/e,20,
02:00 - 03:00,33,,n/e,n/e,n/e,n/e,151,,n/e,n/e,n/e,n/e,n/e,n/e,n/e,n/e,n/e,n/e,n/e,n/e,1,,n/e,n/e,n/e,n/e,n/e,n/e,0,,n/e,n/e,0,,n/e,n/e,n/e,n/e,27,
03:00 - 04:00,35,,n/e,n/e,n/e,n/e,151,,n/e,n/e,n/e,n/e,n/e,n/e,n/e,n/e,n/e,n/e,n/e,n/e,2,,n/e,n/e,n/e,n/e,n/e,n/e,0,,n/e,n/e,0,,n/e,n/e,n/e,n/e,32,
04:00 - 05:00,40,,n/e,n/e,n/e,n/e,152,,n/e,n/e,n/e,n/e,n/e,n/e,n/e,n/e,n/e,n/e,n/e,n/e,18,,n/e,n/e,n/e,n/e,n/e,n/e,0,,n/e,n/e,10,,n/e,n/e,n/e,n/e,31,
05:00 - 06:00,44,,n/e,n/e,n/e,n/e,153,,n/e,n/e,n/e,n/e,n/e,n/e,n/e,n/e,n/e,n/e,n/e,n/e,41,,n/e,n/e,n/e,n/e,n/e,n/e,0,,n/e,n/e,48,,n/e,n/e,n/e,n/e,30,
06:00 - 07:00,44,,n/e,n/e,n/e,n/e,155,,n/e,n/e,n/e,n/e,n/e,n/e,n/e,n/e,n/e,n/e,n/e,n/e,40,,n/e,n/e,n/e,n/e,n/e,n/e,0,,n/e,n/e,110,,n/e,n/e,n/e,n/e,24,
07:00 - 08:00,41,,n/e,n/e,n/e,n/e,155,,n/e,n/e,n/e,n/e,n/e,n/e,n/e,n/e,n/e,n/e,n/e,n/e,2,,n/e,n/e,n/e,n/e,n/e,n/e,0,,n/e,n/e,174,,n/e,n/e,n/e,n/e,36,
08:00 - 09:00,39,,n/e,n/e,n/e,n/e,152,,n/e,n/e,n/e,n/e,n/e,n/e,n/e,n/e,n/e,n/e,n/e,n/e,3,,n/e,n/e,n/e,n/e,n/e,n/e,0,,n/e,n/e,217,,n/e,n/e,n/e,n/e,45,
09:00 - 10:00,35,,n/e,n/e,n/e,n/e,152,,n/e,n/e,n/e,n/e,n/e,n/e,n/e,n/e,n/e,n/e,n/e,n/e,2,,n/e,n/e,n/e,n/e,n/e,n/e,0,,n/e,n/e,232,,n/e,n/e,n/e,n/e,48,
10:00 - 11:00,31,,n/e,n/e,n/e,n/e,152,,n/e,n/e,n/e,n/e,n/e,n/e,n/e,n/e,n/e,n/e,n/e,n/e,2,,n/e,n/e,n/e,n/e,n/e,n/e,0,,n/e,n/e,252,,n/e,n/e,n/e,n/e,60,
11:00 - 12:00,31,,n/e,n/e,n/e,n/e,158,,n/e,n/e,n/e,n/e,n/e,n/e,n/e,n/e,n/e,n/e,n/e,n/e,2,,n/e,n/e,n/e,n/e,n/e,n/e,0,,n/e,n/e,233,,n/e,n/e,n/e,n/e,64,
12:00 - 13:00,30,,n/e,n/e,n/e,n/e,279,,n/e,n/e,n/e,n/e,n/e,n/e,n/e,n/e,n/e,n/e,n/e,n/e,4,,n/e,n/e,n/e,n/e,n/e,n/e,0,,n/e,n/e,209,,n/e,n/e,n/e,n/e,51,
13:00 - 14:00,33,,n/e,n/e,n/e,n/e,281,,n/e,n/e,n/e,n/e,n/e,n/e,n/e,n/e,n/e,n/e,n/e,n/e,100,,n/e,n/e,n/e,n/e,n/e,n/e,0,,n/e,n/e,159,,n/e,n/e,n/e,n/e,42,
14:00 - 15:00,37,,n/e,n/e,n/e,n/e,282,,n/e,n/e,n/e,n/e,n/e,n/e,n/e,n/e,n/e,n/e,n/e,n/e,151,,n/e,n/e,n/e,n/e,n/e,n/e,0,,n/e,n/e,99,,n/e,n/e,n/e,n/e,48,
15:00 - 16:00,42,,n/e,n/e,n/e,n/e,284,,n/e,n/e,n/e,n/e,n/e,n/e,n/e,n/e,n/e,n/e,n/e,n/e,322,,n/e,n/e,n/e,n/e,n/e,n/e,0,,n/e,n/e,43,,n/e,n/e,n/e,n/e,30,
16:00 - 17:00,44,,n/e,n/e,n/e,n/e,286,,n/e,n/e,n/e,n/e,n/e,n/e,n/e,n/e,n/e,n/e,n/e,n/e,323,,n/e,n/e,n/e,n/e,n/e,n/e,0,,n/e,n/e,5,,n/e,n/e,n/e,n/e,27,
17:00 - 18:00,46,,n/e,n/e,n/e,n/e,355,,n/e,n/e,n/e,n/e,n/e,n/e,n/e,n/e,n/e,n/e,n/e,n/e,415,,n/e,n/e,n/e,n/e,n/e,n/e,0,,n/e,n/e,0,,n/e,n/e,n/e,n/e,43,
18:00 - 19:00,43,,n/e,n/e,n/e,n/e,332,,n/e,n/e,n/e,n/e,n/e,n/e,n/e,n/e,n/e,n/e,n/e,n/e,262,,n/e,n/e,n/e,n/e,n/e,n/e,0,,n/e,n/e,0,,n/e,n/e,n/e,n/e,49,
19:00 - 20:00,33,,n/e,n/e,n/e,n/e,223,,n/e,n/e,n/e,n/e,n/e,n/e,n/e,n/e,n/e,n/e,n/e,n/e,177,,n/e,n/e,n/e,n/e,n/e,n/e,0,,n/e,n/e,0,,n/e,n/e,n/e,n/e,41,
20:00 - 21:00,29,,n/e,n/e,n/e,n/e,201,,n/e,n/e,n/e,n/e,n/e,n/e,n/e,n/e,n/e,n/e,n/e,n/e,2,,n/e,n/e,n/e,n/e,n/e,n/e,0,,n/e,n/e,0,,n/e,n/e,n/e,n/e,25,
21:00 - 22:00,26,,n/e,n/e,n/e,n/e,200,,n/e,n/e,n/e,n/e,n/e,n/e,n/e,n/e,n/e,n/e,n/e,n/e,24,,n/e,n/e,n/e,n/e,n/e,n/e,0,,n/e,n/e,0,,n/e,n/e,n/e,n/e,33,
22:00 - 23:00,29,,n/e,n/e,n/e,n/e,200,,n/e,n/e,n/e,n/e,n/e,n/e,n/e,n/e,n/e,n/e,n/e,n/e,24,,n/e,n/e,n/e,n/e,n/e,n/e,0,,n/e,n/e,0,,n/e,n/e,n/e,n/e,11,
23:00 - 00:00,30,,n/e,n/e,n/e,n/e,201,,n/e,n/e,n/e,n/e,n/e,n/e,n/e,n/e,n/e,n/e,n/e,n/e,41,,n/e,n/e,n/e,n/e,n/e,n/e,0,,n/e,n/e,0,,n/e,n/e,n/e,n/e,7,
00:00 - 01:00,31,,n/e,n/e,n/e,n/e,203,,n/e,n/e,n/e,n/e,n/e,n/e,n/e,n/e,n/e,n/e,n/e,n/e,69,,n/e,n/e,n/e,n/e,n/e,n/e,0,,n/e,n/e,0,,n/e,n/e,n/e,n/e,1,
01:00 - 02:00,33,,n/e,n/e,n/e,n/e,203,,n/e,n/e,n/e,n/e,n/e,n/e,n/e,n/e,n/e,n/e,n/e,n/e,16,,n/e,n/e,n/e,n/e,n/e,n/e,0,,n/e,n/e,0,,n/e,n/e,n/e,n/e,2,
02:00 - 03:00,35,,n/e,n/e,n/e,n/e,205,,n/e,n/e,n/e,n/e,n/e,n/e,n/e,n/e,n/e,n/e,n/e,n/e,18,,n/e,n/e,n/e,n/e,n/e,n/e,0,,n/e,n/e,0,,n/e,n/e,n/e,n/e,1,
03:00 - 04:00,38,,n/e,n/e,n/e,n/e,161,,n/e,n/e,n/e,n/e,n/e,n/e,n/e,n/e,n/e,n/e,n/e,n/e,36,,n/e,n/e,n/e,n/e,n/e,n/e,0,,n/e,n/e,0,,n/e,n/e,n/e,n/e,0,
04:00 - 05:00,44,,n/e,n/e,n/e,n/e,42,,n/e,n/e,n/e,n/e,n/e,n/e,n/e,n/e,n/e,n/e,n/e,n/e,279,,n/e,n/e,n/e,n/e,n/e,n/e,0,,n/e,n/e,9,,n/e,n/e,n/e,n/e,0,
05:00 - 06:00,46,,n/e,n/e,n/e,n/e,42,,n/e,n/e,n/e,n/e,n/e,n/e,n/e,n/e,n/e,n/e,n/e,n/e,298,,n/e,n/e,n/e,n/e,n/e,n/e,0,,n/e,n/e,48,,n/e,n/e,n/e,n/e,0,
06:00 - 07:00,46,,n/e,n/e,n/e,n/e,157,,n/e,n/e,n/e,n/e,n/e,n/e,n/e,n/e,n/e,n/e,n/e,n/e,124,,n/e,n/e,n/e,n/e,n/e,n/e,0,,n/e,n/e,115,,n/e,n/e,n/e,n/e,0,
07:00 - 08:00,44,,n/e,n/e,n/e,n/e,201,,n/e,n/e,n/e,n/e,n/e,n/e,n/e,n/e,n/e,n/e,n/e,n/e,2,,n/e,n/e,n/e,n/e,n/e,n/e,0,,n/e,n/e,177,,n/e,n/e,n/e,n/e,0,
08:00 - 09:00,44,,n/e,n/e,n/e,n/e,202,,n/e,n/e,n/e,n/e,n/e,n/e,n/e,n/e,n/e,n/e,n/e,n/e,3,,n/e,n/e,n/e,n/e,n/e,n/e,0,,n/e,n/e,221,,n/e,n/e,n/e,n/e,0,
09:00 - 10:00,44,,n/e,n/e,n/e,n/e,202,,n/e,n/e,n/e,n/e,n/e,n/e,n/e,n/e,n/e,n/e,n/e,n/e,3,,n/e,n/e,n/e,n/e,n/e,n/e,0,,n/e,n/e,242,,n/e,n/e,n/e,n/e,0,
10:00 - 11:00,43,,n/e,n/e,n/e,n/e,202,,n/e,n/e,n/e,n/e,n/e,n/e,n/e,n/e,n/e,n/e,n/e,n/e,3,,n/e,n/e,n/e,n/e,n/e,n/e,0,,n/e,n/e,199,,n/e,n/e,n/e,n/e,0,
11:00 - 12:00,43,,n/e,n/e,n/e,n/e,206,,n/e,n/e,n/e,n/e,n/e,n/e,n/e,n/e,n/e,n/e,n/e,n/e,3,,n/e,n/e,n/e,n/e,n/e,n/e,0,,n/e,n/e,171,,n/e,n/e,n/e,n/e,0,
12:00 - 13:00,43,,n/e,n/e,n/e,n/e,284,,n/e,n/e,n/e,n/e,n/e,n/e,n/e,n/e,n/e,n/e,n/e,n/e,3,,n/e,n/e,n/e,n/e,n/e,n/e,0,,n/e,n/e,144,,n/e,n/e,n/e,n/e,0,
13:00 - 14:00,43,,n/e,n/e,n/e,n/e,362,,n/e,n/e,n/e,n/e,n/e,n/e,n/e,n/e,n/e,n/e,n/e,n/e,140,,n/e,n/e,n/e,n/e,n/e,n/e,0,,n/e,n/e,106,,n/e,n/e,n/e,n/e,1,
14:00 - 15:00,44,,n/e,n/e,n/e,n/e,364,,n/e,n/e,n/e,n/e,n/e,n/e,n/e,n/e,n/e,n/e,n/e,n/e,225,,n/e,n/e,n/e,n/e,n/e,n/e,0,,n/e,n/e,57,,n/e,n/e,n/e,n/e,3,
15:00 - 16:00,47,,n/e,n/e,n/e,n/e,367,,n/e,n/e,n/e,n/e,n/e,n/e,n/e,n/e,n/e,n/e,n/e,n/e,372,,n/e,n/e,n/e,n/e,n/e,n/e,0,,n/e,n/e,14,,n/e,n/e,n/e,n/e,5,
16:00 - 17:00,48,,n/e,n/e,n/e,n/e,367,,n/e,n/e,n/e,n/e,n/e,n/e,n/e,n/e,n/e,n/e,n/e,n/e,439,,n/e,n/e,n/e,n/e,n/e,n/e,0,,n/e,n/e,2,,n/e,n/e,n/e,n/e,4,
17:00 - 18:00,49,,n/e,n/e,n/e,n/e,368,,n/e,n/e,n/e,n/e,n/e,n/e,n/e,n/e,n/e,n/e,n/e,n/e,447,,n/e,n/e,n/e,n/e,n/e,n/e,0,,n/e,n/e,0,,n/e,n/e,n/e,n/e,4,
18:00 - 19:00,47,,n/e,n/e,n/e,n/e,369,,n/e,n/e,n/e,n/e,n/e,n/e,n/e,n/e,n/e,n/e,n/e,n/e,438,,n/e,n/e,n/e,n/e,n/e,n/e,0,,n/e,n/e,0,,n/e,n/e,n/e,n/e,7,
19:00 - 20:00,42,,n/e,n/e,n/e,n/e,362,,n/e,n/e,n/e,n/e,n/e,n/e,n/e,n/e,n/e,n/e,n/e,n/e,22,,n/e,n/e,n/e,n/e,n/e,n/e,0,,n/e,n/e,0,,n/e,n/e,n/e,n/e,7,
20:00 - 21:00,38,,n/e,n/e,n/e,n/e,283,,n/e,n/e,n/e,n/e,n/e,n/e,n/e,n/e,n/e,n/e,n/e,n/e,2,,n/e,n/e,n/e,n/e,n/e,n/e,0,,n/e,n/e,0,,n/e,n/e,n/e,n/e,7,
21:00 - 22:00,36,,n/e,n/e,n/e,n/e,282,,n/e,n/e,n/e,n/e,n/e,n/e,n/e,n/e,n/e,n/e,n/e,n/e,2,,n/e,n/e,n/e,n/e,n/e,n/e,0,,n/e,n/e,0,,n/e,n/e,n/e,n/e,7,
22:00 - 23:00,38,,n/e,n/e,n/e,n/e,285,,n/e,n/e,n/e,n/e,n/e,n/e,n/e,n/e,n/e,n/e,n/e,n/e,2,,n/e,n/e,n/e,n/e,n/e,n/e,0,,n/e,n/e,0,,n/e,n/e,n/e,n/e,6,
23:00 - 00:00,39,,n/e,n/e,n/e,n/e,282,,n/e,n/e,n/e,n/e,n/e,n/e,n/e,n/e,n/e,n/e,n/e,n/e,2,,n/e,n/e,n/e,n/e,n/e,n/e,0,,n/e,n/e,0,,n/e,n/e,n/e,n/e,9,
00:00 - 01:00,37,,n/e,n/e,n/e,n/e,282,,n/e,n/e,n/e,n/e,n/e,n/e,n/e,n/e,n/e,n/e,n/e,n/e,2,,n/e,n/e,n/e,n/e,n/e,n/e,0,,n/e,n/e,0,,n/e,n/e,n/e,n/e,9,
01:00 - 02:00,36,,n/e,n/e,n/e,n/e,282,,n/e,n/e,n/e,n/e,n/e,n/e,n/e,n/e,n/e,n/e,n/e,n/e,2,,n/e,n/e,n/e,n/e,n/e,n/e,0,,n/e,n/e,0,,n/e,n/e,n/e,n/e,8,
02:00 - 03:00,37,,n/e,n/e,n/e,n/e,282,,n/e,n/e,n/e,n/e,n/e,n/e,n/e,n/e,n/e,n/e,n/e,n/e,2,,n/e,n/e,n/e,n/e,n/e,n/e,0,,n/e,n/e,0,,n/e,n/e,n/e,n/e,9,
03:00 - 04:00,38,,n/e,n/e,n/e,n/e,287,,n/e,n/e,n/e,n/e,n/e,n/e,n/e,n/e,n/e,n/e,n/e,n/e,4,,n/e,n/e,n/e,n/e,n/e,n/e,0,,n/e,n/e,0,,n/e,n/e,n/e,n/e,14,
04:00 - 05:00,45,,n/e,n/e,n/e,n/e,364,,n/e,n/e,n/e,n/e,n/e,n/e,n/e,n/e,n/e,n/e,n/e,n/e,161,,n/e,n/e,n/e,n/e,n/e,n/e,0,,n/e,n/e,5,,n/e,n/e,n/e,n/e,11,
05:00 - 06:00,48,,n/e,n/e,n/e,n/e,367,,n/e,n/e,n/e,n/e,n/e,n/e,n/e,n/e,n/e,n/e,n/e,n/e,342,,n/e,n/e,n/e,n/e,n/e,n/e,0,,n/e,n/e,16,,n/e,n/e,n/e,n/e,9,
06:00 - 07:00,48,,n/e,n/e,n/e,n/e,368,,n/e,n/e,n/e,n/e,n/e,n/e,n/e,n/e,n/e,n/e,n/e,n/e,399,,n/e,n/e,n/e,n/e,n/e,n/e,0,,n/e,n/e,34,,n/e,n/e,n/e,n/e,15,
07:00 - 08:00,47,,n/e,n/e,n/e,n/e,369,,n/e,n/e,n/e,n/e,n/e,n/e,n/e,n/e,n/e,n/e,n/e,n/e,389,,n/e,n/e,n/e,n/e,n/e,n/e,0,,n/e,n/e,57,,n/e,n/e,n/e,n/e,21,
08:00 - 09:00,47,,n/e,n/e,n/e,n/e,369,,n/e,n/e,n/e,n/e,n/e,n/e,n/e,n/e,n/e,n/e,n/e,n/e,399,,n/e,n/e,n/e,n/e,n/e,n/e,0,,n/e,n/e,81,,n/e,n/e,n/e,n/e,26,
09:00 - 10:00,49,,n/e,n/e,n/e,n/e,366,,n/e,n/e,n/e,n/e,n/e,n/e,n/e,n/e,n/e,n/e,n/e,n/e,301,,n/e,n/e,n/e,n/e,n/e,n/e,0,,n/e,n/e,81,,n/e,n/e,n/e,n/e,21,
10:00 - 11:00,45,,n/e,n/e,n/e,n/e,365,,n/e,n/e,n/e,n/e,n/e,n/e,n/e,n/e,n/e,n/e,n/e,n/e,73,,n/e,n/e,n/e,n/e,n/e,n/e,0,,n/e,n/e,95,,n/e,n/e,n/e,n/e,25,
11:00 - 12:00,43,,n/e,n/e,n/e,n/e,367,,n/e,n/e,n/e,n/e,n/e,n/e,n/e,n/e,n/e,n/e,n/e,n/e,36,,n/e,n/e,n/e,n/e,n/e,n/e,0,,n/e,n/e,94,,n/e,n/e,n/e,n/e,31,
12:00 - 13:00,43,,n/e,n/e,n/e,n/e,367,,n/e,n/e,n/e,n/e,n/e,n/e,n/e,n/e,n/e,n/e,n/e,n/e,21,,n/e,n/e,n/e,n/e,n/e,n/e,0,,n/e,n/e,81,,n/e,n/e,n/e,n/e,29,
13:00 - 14:00,43,,n/e,n/e,n/e,n/e,363,,n/e,n/e,n/e,n/e,n/e,n/e,n/e,n/e,n/e,n/e,n/e,n/e,36,,n/e,n/e,n/e,n/e,n/e,n/e,0,,n/e,n/e,57,,n/e,n/e,n/e,n/e,37,
14:00 - 15:00,41,,n/e,n/e,n/e,n/e,295,,n/e,n/e,n/e,n/e,n/e,n/e,n/e,n/e,n/e,n/e,n/e,n/e,3,,n/e,n/e,n/e,n/e,n/e,n/e,0,,n/e,n/e,42,,n/e,n/e,n/e,n/e,40,
15:00 - 16:00,43,,n/e,n/e,n/e,n/e,218,,n/e,n/e,n/e,n/e,n/e,n/e,n/e,n/e,n/e,n/e,n/e,n/e,90,,n/e,n/e,n/e,n/e,n/e,n/e,0,,n/e,n/e,16,,n/e,n/e,n/e,n/e,37,
16:00 - 17:00,43,,n/e,n/e,n/e,n/e,227,,n/e,n/e,n/e,n/e,n/e,n/e,n/e,n/e,n/e,n/e,n/e,n/e,93,,n/e,n/e,n/e,n/e,n/e,n/e,0,,n/e,n/e,2,,n/e,n/e,n/e,n/e,37,
17:00 - 18:00,42,,n/e,n/e,n/e,n/e,212,,n/e,n/e,n/e,n/e,n/e,n/e,n/e,n/e,n/e,n/e,n/e,n/e,93,,n/e,n/e,n/e,n/e,n/e,n/e,0,,n/e,n/e,0,,n/e,n/e,n/e,n/e,27,
18:00 - 19:00,41,,n/e,n/e,n/e,n/e,205,,n/e,n/e,n/e,n/e,n/e,n/e,n/e,n/e,n/e,n/e,n/e,n/e,92,,n/e,n/e,n/e,n/e,n/e,n/e,0,,n/e,n/e,0,,n/e,n/e,n/e,n/e,28,
19:00 - 20:00,39,,n/e,n/e,n/e,n/e,201,,n/e,n/e,n/e,n/e,n/e,n/e,n/e,n/e,n/e,n/e,n/e,n/e,6,,n/e,n/e,n/e,n/e,n/e,n/e,0,,n/e,n/e,0,,n/e,n/e,n/e,n/e,27,
20:00 - 21:00,35,,n/e,n/e,n/e,n/e,200,,n/e,n/e,n/e,n/e,n/e,n/e,n/e,n/e,n/e,n/e,n/e,n/e,2,,n/e,n/e,n/e,n/e,n/e,n/e,0,,n/e,n/e,0,,n/e,n/e,n/e,n/e,32,
21:00 - 22:00,32,,n/e,n/e,n/e,n/e,200,,n/e,n/e,n/e,n/e,n/e,n/e,n/e,n/e,n/e,n/e,n/e,n/e,13,,n/e,n/e,n/e,n/e,n/e,n/e,0,,n/e,n/e,0,,n/e,n/e,n/e,n/e,36,
22:00 - 23:00,31,,n/e,n/e,n/e,n/e,151,,n/e,n/e,n/e,n/e,n/e,n/e,n/e,n/e,n/e,n/e,n/e,n/e,7,,n/e,n/e,n/e,n/e,n/e,n/e,0,,n/e,n/e,0,,n/e,n/e,n/e,n/e,37,
23:00 - 00:00,30,,n/e,n/e,n/e,n/e,151,,n/e,n/e,n/e,n/e,n/e,n/e,n/e,n/e,n/e,n/e,n/e,n/e,6,,n/e,n/e,n/e,n/e,n/e,n/e,0,,n/e,n/e,0,,n/e,n/e,n/e,n/e,41,
00:00 - 01:00,31,,n/e,n/e,n/e,n/e,153,,n/e,n/e,n/e,n/e,n/e,n/e,n/e,n/e,n/e,n/e,n/e,n/e,2,,n/e,n/e,n/e,n/e,n/e,n/e,0,,n/e,n/e,0,,n/e,n/e,n/e,n/e,41,
01:00 - 02:00,32,,n/e,n/e,n/e,n/e,152,,n/e,n/e,n/e,n/e,n/e,n/e,n/e,n/e,n/e,n/e,n/e,n/e,2,,n/e,n/e,n/e,n/e,n/e,n/e,0,,n/e,n/e,0,,n/e,n/e,n/e,n/e,50,
02:00 - 03:00,31,,n/e,n/e,n/e,n/e,151,,n/e,n/e,n/e,n/e,n/e,n/e,n/e,n/e,n/e,n/e,n/e,n/e,2,,n/e,n/e,n/e,n/e,n/e,n/e,0,,n/e,n/e,0,,n/e,n/e,n/e,n/e,53,
03:00 - 04:00,30,,n/e,n/e,n/e,n/e,151,,n/e,n/e,n/e,n/e,n/e,n/e,n/e,n/e,n/e,n/e,n/e,n/e,2,,n/e,n/e,n/e,n/e,n/e,n/e,0,,n/e,n/e,0,,n/e,n/e,n/e,n/e,53,
04:00 - 05:00,30,,n/e,n/e,n/e,n/e,151,,n/e,n/e,n/e,n/e,n/e,n/e,n/e,n/e,n/e,n/e,n/e,n/e,2,,n/e,n/e,n/e,n/e,n/e,n/e,0,,n/e,n/e,6,,n/e,n/e,n/e,n/e,51,
05:00 - 06:00,32,,n/e,n/e,n/e,n/e,157,,n/e,n/e,n/e,n/e,n/e,n/e,n/e,n/e,n/e,n/e,n/e,n/e,3,,n/e,n/e,n/e,n/e,n/e,n/e,0,,n/e,n/e,27,,n/e,n/e,n/e,n/e,35,
06:00 - 07:00,32,,n/e,n/e,n/e,n/e,153,,n/e,n/e,n/e,n/e,n/e,n/e,n/e,n/e,n/e,n/e,n/e,n/e,10,,n/e,n/e,n/e,n/e,n/e,n/e,0,,n/e,n/e,56,,n/e,n/e,n/e,n/e,42,
07:00 - 08:00,32,,n/e,n/e,n/e,n/e,152,,n/e,n/e,n/e,n/e,n/e,n/e,n/e,n/e,n/e,n/e,n/e,n/e,3,,n/e,n/e,n/e,n/e,n/e,n/e,0,,n/e,n/e,99,,n/e,n/e,n/e,n/e,45,
08:00 - 09:00,31,,n/e,n/e,n/e,n/e,153,,n/e,n/e,n/e,n/e,n/e,n/e,n/e,n/e,n/e,n/e,n/e,n/e,5,,n/e,n/e,n/e,n/e,n/e,n/e,0,,n/e,n/e,127,,n/e,n/e,n/e,n/e,42,
09:00 - 10:00,31,,n/e,n/e,n/e,n/e,150,,n/e,n/e,n/e,n/e,n/e,n/e,n/e,n/e,n/e,n/e,n/e,n/e,3,,n/e,n/e,n/e,n/e,n/e,n/e,0,,n/e,n/e,137,,n/e,n/e,n/e,n/e,34,
10:00 - 11:00,31,,n/e,n/e,n/e,n/e,150,,n/e,n/e,n/e,n/e,n/e,n/e,n/e,n/e,n/e,n/e,n/e,n/e,18,,n/e,n/e,n/e,n/e,n/e,n/e,0,,n/e,n/e,121,,n/e,n/e,n/e,n/e,42,
11:00 - 12:00,32,,n/e,n/e,n/e,n/e,151,,n/e,n/e,n/e,n/e,n/e,n/e,n/e,n/e,n/e,n/e,n/e,n/e,20,,n/e,n/e,n/e,n/e,n/e,n/e,0,,n/e,n/e,109,,n/e,n/e,n/e,n/e,43,
12:00 - 13:00,32,,n/e,n/e,n/e,n/e,150,,n/e,n/e,n/e,n/e,n/e,n/e,n/e,n/e,n/e,n/e,n/e,n/e,37,,n/e,n/e,n/e,n/e,n/e,n/e,0,,n/e,n/e,114,,n/e,n/e,n/e,n/e,48,
13:00 - 14:00,31,,n/e,n/e,n/e,n/e,150,,n/e,n/e,n/e,n/e,n/e,n/e,n/e,n/e,n/e,n/e,n/e,n/e,38,,n/e,n/e,n/e,n/e,n/e,n/e,0,,n/e,n/e,97,,n/e,n/e,n/e,n/e,53,
14:00 - 15:00,34,,n/e,n/e,n/e,n/e,150,,n/e,n/e,n/e,n/e,n/e,n/e,n/e,n/e,n/e,n/e,n/e,n/e,114,,n/e,n/e,n/e,n/e,n/e,n/e,0,,n/e,n/e,62,,n/e,n/e,n/e,n/e,54,
15:00 - 16:00,38,,n/e,n/e,n/e,n/e,152,,n/e,n/e,n/e,n/e,n/e,n/e,n/e,n/e,n/e,n/e,n/e,n/e,263,,n/e,n/e,n/e,n/e,n/e,n/e,0,,n/e,n/e,23,,n/e,n/e,n/e,n/e,39,
16:00 - 17:00,40,,n/e,n/e,n/e,n/e,153,,n/e,n/e,n/e,n/e,n/e,n/e,n/e,n/e,n/e,n/e,n/e,n/e,272,,n/e,n/e,n/e,n/e,n/e,n/e,0,,n/e,n/e,2,,n/e,n/e,n/e,n/e,37,
17:00 - 18:00,43,,n/e,n/e,n/e,n/e,155,,n/e,n/e,n/e,n/e,n/e,n/e,n/e,n/e,n/e,n/e,n/e,n/e,274,,n/e,n/e,n/e,n/e,n/e,n/e,0,,n/e,n/e,0,,n/e,n/e,n/e,n/e,32,
18:00 - 19:00,42,,n/e,n/e,n/e,n/e,153,,n/e,n/e,n/e,n/e,n/e,n/e,n/e,n/e,n/e,n/e,n/e,n/e,268,,n/e,n/e,n/e,n/e,n/e,n/e,0,,n/e,n/e,0,,n/e,n/e,n/e,n/e,36,
19:00 - 20:00,40,,n/e,n/e,n/e,n/e,151,,n/e,n/e,n/e,n/e,n/e,n/e,n/e,n/e,n/e,n/e,n/e,n/e,264,,n/e,n/e,n/e,n/e,n/e,n/e,0,,n/e,n/e,0,,n/e,n/e,n/e,n/e,33,
20:00 - 21:00,37,,n/e,n/e,n/e,n/e,150,,n/e,n/e,n/e,n/e,n/e,n/e,n/e,n/e,n/e,n/e,n/e,n/e,31,,n/e,n/e,n/e,n/e,n/e,n/e,0,,n/e,n/e,0,,n/e,n/e,n/e,n/e,36,
21:00 - 22:00,31,,n/e,n/e,n/e,n/e,150,,n/e,n/e,n/e,n/e,n/e,n/e,n/e,n/e,n/e,n/e,n/e,n/e,2,,n/e,n/e,n/e,n/e,n/e,n/e,0,,n/e,n/e,0,,n/e,n/e,n/e,n/e,34,
22:00 - 23:00,31,,n/e,n/e,n/e,n/e,150,,n/e,n/e,n/e,n/e,n/e,n/e,n/e,n/e,n/e,n/e,n/e,n/e,2,,n/e,n/e,n/e,n/e,n/e,n/e,0,,n/e,n/e,0,,n/e,n/e,n/e,n/e,26,
23:00 - 00:00,31,,n/e,n/e,n/e,n/e,150,,n/e,n/e,n/e,n/e,n/e,n/e,n/e,n/e,n/e,n/e,n/e,n/e,2,,n/e,n/e,n/e,n/e,n/e,n/e,0,,n/e,n/e,0,,n/e,n/e,n/e,n/e,26,
00:00 - 01:00,32,,n/e,n/e,n/e,n/e,150,,n/e,n/e,n/e,n/e,n/e,n/e,n/e,n/e,n/e,n/e,n/e,n/e,2,,n/e,n/e,n/e,n/e,n/e,n/e,0,,n/e,n/e,0,,n/e,n/e,n/e,n/e,39,
01:00 - 02:00,32,,n/e,n/e,n/e,n/e,151,,n/e,n/e,n/e,n/e,n/e,n/e,n/e,n/e,n/e,n/e,n/e,n/e,2,,n/e,n/e,n/e,n/e,n/e,n/e,0,,n/e,n/e,0,,n/e,n/e,n/e,n/e,31,
02:00 - 03:00,32,,n/e,n/e,n/e,n/e,151,,n/e,n/e,n/e,n/e,n/e,n/e,n/e,n/e,n/e,n/e,n/e,n/e,2,,n/e,n/e,n/e,n/e,n/e,n/e,0,,n/e,n/e,0,,n/e,n/e,n/e,n/e,24,
03:00 - 04:00,32,,n/e,n/e,n/e,n/e,151,,n/e,n/e,n/e,n/e,n/e,n/e,n/e,n/e,n/e,n/e,n/e,n/e,2,,n/e,n/e,n/e,n/e,n/e,n/e,0,,n/e,n/e,0,,n/e,n/e,n/e,n/e,24,
04:00 - 05:00,31,,n/e,n/e,n/e,n/e,151,,n/e,n/e,n/e,n/e,n/e,n/e,n/e,n/e,n/e,n/e,n/e,n/e,4,,n/e,n/e,n/e,n/e,n/e,n/e,0,,n/e,n/e,8,,n/e,n/e,n/e,n/e,24,
05:00 - 06:00,35,,n/e,n/e,n/e,n/e,150,,n/e,n/e,n/e,n/e,n/e,n/e,n/e,n/e,n/e,n/e,n/e,n/e,110,,n/e,n/e,n/e,n/e,n/e,n/e,0,,n/e,n/e,39,,n/e,n/e,n/e,n/e,22,
06:00 - 07:00,34,,n/e,n/e,n/e,n/e,151,,n/e,n/e,n/e,n/e,n/e,n/e,n/e,n/e,n/e,n/e,n/e,n/e,154,,n/e,n/e,n/e,n/e,n/e,n/e,0,,n/e,n/e,74,,n/e,n/e,n/e,n/e,22,
07:00 - 08:00,34,,n/e,n/e,n/e,n/e,153,,n/e,n/e,n/e,n/e,n/e,n/e,n/e,n/e,n/e,n/e,n/e,n/e,122,,n/e,n/e,n/e,n/e,n/e,n/e,0,,n/e,n/e,106,,n/e,n/e,n/e,n/e,27,
08:00 - 09:00,35,,n/e,n/e,n/e,n/e,153,,n/e,n/e,n/e,n/e,n/e,n/e,n/e,n/e,n/e,n/e,n/e,n/e,19,,n/e,n/e,n/e,n/e,n/e,n/e,0,,n/e,n/e,119,,n/e,n/e,n/e,n/e,30,
09:00 - 10:00,37,,n/e,n/e,n/e,n/e,153,,n/e,n/e,n/e,n/e,n/e,n/e,n/e,n/e,n/e,n/e,n/e,n/e,32,,n/e,n/e,n/e,n/e,n/e,n/e,0,,n/e,n/e,134,,n/e,n/e,n/e,n/e,25,
10:00 - 11:00,37,,n/e,n/e,n/e,n/e,153,,n/e,n/e,n/e,n/e,n/e,n/e,n/e,n/e,n/e,n/e,n/e,n/e,40,,n/e,n/e,n/e,n/e,n/e,n/e,0,,n/e,n/e,138,,n/e,n/e,n/e,n/e,19,
11:00 - 12:00,38,,n/e,n/e,n/e,n/e,152,,n/e,n/e,n/e,n/e,n/e,n/e,n/e,n/e,n/e,n/e,n/e,n/e,3,,n/e,n/e,n/e,n/e,n/e,n/e,0,,n/e,n/e,121,,n/e,n/e,n/e,n/e,18,
12:00 - 13:00,41,,n/e,n/e,n/e,n/e,151,,n/e,n/e,n/e,n/e,n/e,n/e,n/e,n/e,n/e,n/e,n/e,n/e,3,,n/e,n/e,n/e,n/e,n/e,n/e,0,,n/e,n/e,106,,n/e,n/e,n/e,n/e,14,
13:00 - 14:00,43,,n/e,n/e,n/e,n/e,151,,n/e,n/e,n/e,n/e,n/e,n/e,n/e,n/e,n/e,n/e,n/e,n/e,6,,n/e,n/e,n/e,n/e,n/e,n/e,0,,n/e,n/e,86,,n/e,n/e,n/e,n/e,17,
14:00 - 15:00,44,,n/e,n/e,n/e,n/e,154,,n/e,n/e,n/e,n/e,n/e,n/e,n/e,n/e,n/e,n/e,n/e,n/e,188,,n/e,n/e,n/e,n/e,n/e,n/e,0,,n/e,n/e,51,,n/e,n/e,n/e,n/e,16,
15:00 - 16:00,46,,n/e,n/e,n/e,n/e,255,,n/e,n/e,n/e,n/e,n/e,n/e,n/e,n/e,n/e,n/e,n/e,n/e,308,,n/e,n/e,n/e,n/e,n/e,n/e,0,,n/e,n/e,16,,n/e,n/e,n/e,n/e,17,
16:00 - 17:00,45,,n/e,n/e,n/e,n/e,259,,n/e,n/e,n/e,n/e,n/e,n/e,n/e,n/e,n/e,n/e,n/e,n/e,397,,n/e,n/e,n/e,n/e,n/e,n/e,0,,n/e,n/e,2,,n/e,n/e,n/e,n/e,20,
17:00 - 18:00,46,,n/e,n/e,n/e,n/e,257,,n/e,n/e,n/e,n/e,n/e,n/e,n/e,n/e,n/e,n/e,n/e,n/e,415,,n/e,n/e,n/e,n/e,n/e,n/e,0,,n/e,n/e,0,,n/e,n/e,n/e,n/e,15,
18:00 - 19:00,45,,n/e,n/e,n/e,n/e,256,,n/e,n/e,n/e,n/e,n/e,n/e,n/e,n/e,n/e,n/e,n/e,n/e,284,,n/e,n/e,n/e,n/e,n/e,n/e,0,,n/e,n/e,0,,n/e,n/e,n/e,n/e,14,
19:00 - 20:00,42,,n/e,n/e,n/e,n/e,252,,n/e,n/e,n/e,n/e,n/e,n/e,n/e,n/e,n/e,n/e,n/e,n/e,207,,n/e,n/e,n/e,n/e,n/e,n/e,0,,n/e,n/e,0,,n/e,n/e,n/e,n/e,12,
20:00 - 21:00,40,,n/e,n/e,n/e,n/e,252,,n/e,n/e,n/e,n/e,n/e,n/e,n/e,n/e,n/e,n/e,n/e,n/e,126,,n/e,n/e,n/e,n/e,n/e,n/e,0,,n/e,n/e,0,,n/e,n/e,n/e,n/e,14,
21:00 - 22:00,37,,n/e,n/e,n/e,n/e,248,,n/e,n/e,n/e,n/e,n/e,n/e,n/e,n/e,n/e,n/e,n/e,n/e,2,,n/e,n/e,n/e,n/e,n/e,n/e,0,,n/e,n/e,0,,n/e,n/e,n/e,n/e,20,
22:00 - 23:00,34,,n/e,n/e,n/e,n/e,203,,n/e,n/e,n/e,n/e,n/e,n/e,n/e,n/e,n/e,n/e,n/e,n/e,2,,n/e,n/e,n/e,n/e,n/e,n/e,0,,n/e,n/e,0,,n/e,n/e,n/e,n/e,16,
23:00 - 00:00,33,,n/e,n/e,n/e,n/e,203,,n/e,n/e,n/e,n/e,n/e,n/e,n/e,n/e,n/e,n/e,n/e,n/e,2,,n/e,n/e,n/e,n/e,n/e,n/e,0,,n/e,n/e,0,,n/e,n/e,n/e,n/e,9,
00:00 - 01:00,34,,n/e,n/e,n/e,n/e,202,,n/e,n/e,n/e,n/e,n/e,n/e,n/e,n/e,n/e,n/e,n/e,n/e,2,,n/e,n/e,n/e,n/e,n/e,n/e,0,,n/e,n/e,0,,n/e,n/e,n/e,n/e,4,
01:00 - 02:00,36,,n/e,n/e,n/e,n/e,201,,n/e,n/e,n/e,n/e,n/e,n/e,n/e,n/e,n/e,n/e,n/e,n/e,2,,n/e,n/e,n/e,n/e,n/e,n/e,0,,n/e,n/e,0,,n/e,n/e,n/e,n/e,4,
02:00 - 03:00,37,,n/e,n/e,n/e,n/e,206,,n/e,n/e,n/e,n/e,n/e,n/e,n/e,n/e,n/e,n/e,n/e,n/e,2,,n/e,n/e,n/e,n/e,n/e,n/e,0,,n/e,n/e,0,,n/e,n/e,n/e,n/e,3,
03:00 - 04:00,41,,n/e,n/e,n/e,n/e,255,,n/e,n/e,n/e,n/e,n/e,n/e,n/e,n/e,n/e,n/e,n/e,n/e,3,,n/e,n/e,n/e,n/e,n/e,n/e,0,,n/e,n/e,0,,n/e,n/e,n/e,n/e,3,
04:00 - 05:00,44,,n/e,n/e,n/e,n/e,253,,n/e,n/e,n/e,n/e,n/e,n/e,n/e,n/e,n/e,n/e,n/e,n/e,93,,n/e,n/e,n/e,n/e,n/e,n/e,0,,n/e,n/e,9,,n/e,n/e,n/e,n/e,5,
05:00 - 06:00,46,,n/e,n/e,n/e,n/e,251,,n/e,n/e,n/e,n/e,n/e,n/e,n/e,n/e,n/e,n/e,n/e,n/e,97,,n/e,n/e,n/e,n/e,n/e,n/e,0,,n/e,n/e,54,,n/e,n/e,n/e,n/e,13,
06:00 - 07:00,47,,n/e,n/e,n/e,n/e,197,,n/e,n/e,n/e,n/e,n/e,n/e,n/e,n/e,n/e,n/e,n/e,n/e,143,,n/e,n/e,n/e,n/e,n/e,n/e,0,,n/e,n/e,133,,n/e,n/e,n/e,n/e,8,
07:00 - 08:00,49,,n/e,n/e,n/e,n/e,193,,n/e,n/e,n/e,n/e,n/e,n/e,n/e,n/e,n/e,n/e,n/e,n/e,58,,n/e,n/e,n/e,n/e,n/e,n/e,0,,n/e,n/e,217,,n/e,n/e,n/e,n/e,7,
08:00 - 09:00,49,,n/e,n/e,n/e,n/e,192,,n/e,n/e,n/e,n/e,n/e,n/e,n/e,n/e,n/e,n/e,n/e,n/e,3,,n/e,n/e,n/e,n/e,n/e,n/e,0,,n/e,n/e,276,,n/e,n/e,n/e,n/e,5,
09:00 - 10:00,46,,n/e,n/e,n/e,n/e,193,,n/e,n/e,n/e,n/e,n/e,n/e,n/e,n/e,n/e,n/e,n/e,n/e,3,,n/e,n/e,n/e,n/e,n/e,n/e,0,,n/e,n/e,306,,n/e,n/e,n/e,n/e,3,
10:00 - 11:00,45,,n/e,n/e,n/e,n/e,191,,n/e,n/e,n/e,n/e,n/e,n/e,n/e,n/e,n/e,n/e,n/e,n/e,3,,n/e,n/e,n/e,n/e,n/e,n/e,0,,n/e,n/e,323,,n/e,n/e,n/e,n/e,4,
11:00 - 12:00,43,,n/e,n/e,n/e,n/e,193,,n/e,n/e,n/e,n/e,n/e,n/e,n/e,n/e,n/e,n/e,n/e,n/e,3,,n/e,n/e,n/e,n/e,n/e,n/e,0,,n/e,n/e,311,,n/e,n/e,n/e,n/e,4,
12:00 - 13:00,43,,n/e,n/e,n/e,n/e,243,,n/e,n/e,n/e,n/e,n/e,n/e,n/e,n/e,n/e,n/e,n/e,n/e,4,,n/e,n/e,n/e,n/e,n/e,n/e,0,,n/e,n/e,269,,n/e,n/e,n/e,n/e,6,
13:00 - 14:00,41,,n/e,n/e,n/e,n/e,320,,n/e,n/e,n/e,n/e,n/e,n/e,n/e,n/e,n/e,n/e,n/e,n/e,56,,n/e,n/e,n/e,n/e,n/e,n/e,0,,n/e,n/e,202,,n/e,n/e,n/e,n/e,3,
14:00 - 15:00,42,,n/e,n/e,n/e,n/e,332,,n/e,n/e,n/e,n/e,n/e,n/e,n/e,n/e,n/e,n/e,n/e,n/e,193,,n/e,n/e,n/e,n/e,n/e,n/e,0,,n/e,n/e,116,,n/e,n/e,n/e,n/e,1,
15:00 - 16:00,43,,n/e,n/e,n/e,n/e,337,,n/e,n/e,n/e,n/e,n/e,n/e,n/e,n/e,n/e,n/e,n/e,n/e,235,,n/e,n/e,n/e,n/e,n/e,n/e,0,,n/e,n/e,36,,n/e,n/e,n/e,n/e,3,
16:00 - 17:00,43,,n/e,n/e,n/e,n/e,280,,n/e,n/e,n/e,n/e,n/e,n/e,n/e,n/e,n/e,n/e,n/e,n/e,289,,n/e,n/e,n/e,n/e,n/e,n/e,0,,n/e,n/e,3,,n/e,n/e,n/e,n/e,9,
17:00 - 18:00,45,,n/e,n/e,n/e,n/e,272,,n/e,n/e,n/e,n/e,n/e,n/e,n/e,n/e,n/e,n/e,n/e,n/e,289,,n/e,n/e,n/e,n/e,n/e,n/e,0,,n/e,n/e,0,,n/e,n/e,n/e,n/e,22,
18:00 - 19:00,42,,n/e,n/e,n/e,n/e,173,,n/e,n/e,n/e,n/e,n/e,n/e,n/e,n/e,n/e,n/e,n/e,n/e,282,,n/e,n/e,n/e,n/e,n/e,n/e,0,,n/e,n/e,0,,n/e,n/e,n/e,n/e,30,
19:00 - 20:00,39,,n/e,n/e,n/e,n/e,151,,n/e,n/e,n/e,n/e,n/e,n/e,n/e,n/e,n/e,n/e,n/e,n/e,60,,n/e,n/e,n/e,n/e,n/e,n/e,0,,n/e,n/e,0,,n/e,n/e,n/e,n/e,26,
20:00 - 21:00,34,,n/e,n/e,n/e,n/e,150,,n/e,n/e,n/e,n/e,n/e,n/e,n/e,n/e,n/e,n/e,n/e,n/e,57,,n/e,n/e,n/e,n/e,n/e,n/e,0,,n/e,n/e,0,,n/e,n/e,n/e,n/e,22,
21:00 - 22:00,32,,n/e,n/e,n/e,n/e,152,,n/e,n/e,n/e,n/e,n/e,n/e,n/e,n/e,n/e,n/e,n/e,n/e,50,,n/e,n/e,n/e,n/e,n/e,n/e,0,,n/e,n/e,0,,n/e,n/e,n/e,n/e,29,
22:00 - 23:00,31,,n/e,n/e,n/e,n/e,200,,n/e,n/e,n/e,n/e,n/e,n/e,n/e,n/e,n/e,n/e,n/e,n/e,2,,n/e,n/e,n/e,n/e,n/e,n/e,0,,n/e,n/e,0,,n/e,n/e,n/e,n/e,22,
23:00 - 00:00,31,,n/e,n/e,n/e,n/e,200,,n/e,n/e,n/e,n/e,n/e,n/e,n/e,n/e,n/e,n/e,n/e,n/e,2,,n/e,n/e,n/e,n/e,n/e,n/e,0,,n/e,n/e,0,,n/e,n/e,n/e,n/e,18,
00:00 - 01:00,32,,n/e,n/e,n/e,n/e,200,,n/e,n/e,n/e,n/e,n/e,n/e,n/e,n/e,n/e,n/e,n/e,n/e,15,,n/e,n/e,n/e,n/e,n/e,n/e,0,,n/e,n/e,0,,n/e,n/e,n/e,n/e,10,
01:00 - 02:00,34,,n/e,n/e,n/e,n/e,202,,n/e,n/e,n/e,n/e,n/e,n/e,n/e,n/e,n/e,n/e,n/e,n/e,52,,n/e,n/e,n/e,n/e,n/e,n/e,0,,n/e,n/e,0,,n/e,n/e,n/e,n/e,4,
02:00 - 03:00,36,,n/e,n/e,n/e,n/e,205,,n/e,n/e,n/e,n/e,n/e,n/e,n/e,n/e,n/e,n/e,n/e,n/e,10,,n/e,n/e,n/e,n/e,n/e,n/e,0,,n/e,n/e,0,,n/e,n/e,n/e,n/e,4,
03:00 - 04:00,41,,n/e,n/e,n/e,n/e,204,,n/e,n/e,n/e,n/e,n/e,n/e,n/e,n/e,n/e,n/e,n/e,n/e,21,,n/e,n/e,n/e,n/e,n/e,n/e,0,,n/e,n/e,0,,n/e,n/e,n/e,n/e,4,
04:00 - 05:00,45,,n/e,n/e,n/e,n/e,282,,n/e,n/e,n/e,n/e,n/e,n/e,n/e,n/e,n/e,n/e,n/e,n/e,3,,n/e,n/e,n/e,n/e,n/e,n/e,0,,n/e,n/e,11,,n/e,n/e,n/e,n/e,2,
05:00 - 06:00,46,,n/e,n/e,n/e,n/e,282,,n/e,n/e,n/e,n/e,n/e,n/e,n/e,n/e,n/e,n/e,n/e,n/e,4,,n/e,n/e,n/e,n/e,n/e,n/e,0,,n/e,n/e,70,,n/e,n/e,n/e,n/e,1,
06:00 - 07:00,46,,n/e,n/e,n/e,n/e,281,,n/e,n/e,n/e,n/e,n/e,n/e,n/e,n/e,n/e,n/e,n/e,n/e,3,,n/e,n/e,n/e,n/e,n/e,n/e,0,,n/e,n/e,163,,n/e,n/e,n/e,n/e,0,
07:00 - 08:00,47,,n/e,n/e,n/e,n/e,186,,n/e,n/e,n/e,n/e,n/e,n/e,n/e,n/e,n/e,n/e,n/e,n/e,3,,n/e,n/e,n/e,n/e,n/e,n/e,0,,n/e,n/e,246,,n/e,n/e,n/e,n/e,0,
08:00 - 09:00,47,,n/e,n/e,n/e,n/e,183,,n/e,n/e,n/e,n/e,n/e,n/e,n/e,n/e,n/e,n/e,n/e,n/e,3,,n/e,n/e,n/e,n/e,n/e,n/e,0,,n/e,n/e,304,,n/e,n/e,n/e,n/e,0,
09:00 - 10:00,46,,n/e,n/e,n/e,n/e,183,,n/e,n/e,n/e,n/e,n/e,n/e,n/e,n/e,n/e,n/e,n/e,n/e,3,,n/e,n/e,n/e,n/e,n/e,n/e,0,,n/e,n/e,338,,n/e,n/e,n/e,n/e,0,
10:00 - 11:00,45,,n/e,n/e,n/e,n/e,182,,n/e,n/e,n/e,n/e,n/e,n/e,n/e,n/e,n/e,n/e,n/e,n/e,3,,n/e,n/e,n/e,n/e,n/e,n/e,0,,n/e,n/e,342,,n/e,n/e,n/e,n/e,0,
11:00 - 12:00,42,,n/e,n/e,n/e,n/e,182,,n/e,n/e,n/e,n/e,n/e,n/e,n/e,n/e,n/e,n/e,n/e,n/e,3,,n/e,n/e,n/e,n/e,n/e,n/e,0,,n/e,n/e,326,,n/e,n/e,n/e,n/e,0,
12:00 - 13:00,42,,n/e,n/e,n/e,n/e,212,,n/e,n/e,n/e,n/e,n/e,n/e,n/e,n/e,n/e,n/e,n/e,n/e,6,,n/e,n/e,n/e,n/e,n/e,n/e,0,,n/e,n/e,281,,n/e,n/e,n/e,n/e,1,
13:00 - 14:00,41,,n/e,n/e,n/e,n/e,217,,n/e,n/e,n/e,n/e,n/e,n/e,n/e,n/e,n/e,n/e,n/e,n/e,94,,n/e,n/e,n/e,n/e,n/e,n/e,0,,n/e,n/e,204,,n/e,n/e,n/e,n/e,2,
14:00 - 15:00,42,,n/e,n/e,n/e,n/e,305,,n/e,n/e,n/e,n/e,n/e,n/e,n/e,n/e,n/e,n/e,n/e,n/e,251,,n/e,n/e,n/e,n/e,n/e,n/e,0,,n/e,n/e,113,,n/e,n/e,n/e,n/e,3,
15:00 - 16:00,41,,n/e,n/e,n/e,n/e,288,,n/e,n/e,n/e,n/e,n/e,n/e,n/e,n/e,n/e,n/e,n/e,n/e,338,,n/e,n/e,n/e,n/e,n/e,n/e,0,,n/e,n/e,31,,n/e,n/e,n/e,n/e,2,
16:00 - 17:00,42,,n/e,n/e,n/e,n/e,288,,n/e,n/e,n/e,n/e,n/e,n/e,n/e,n/e,n/e,n/e,n/e,n/e,342,,n/e,n/e,n/e,n/e,n/e,n/e,0,,n/e,n/e,2,,n/e,n/e,n/e,n/e,6,
17:00 - 18:00,43,,n/e,n/e,n/e,n/e,289,,n/e,n/e,n/e,n/e,n/e,n/e,n/e,n/e,n/e,n/e,n/e,n/e,427,,n/e,n/e,n/e,n/e,n/e,n/e,0,,n/e,n/e,0,,n/e,n/e,n/e,n/e,3,
18:00 - 19:00,42,,n/e,n/e,n/e,n/e,286,,n/e,n/e,n/e,n/e,n/e,n/e,n/e,n/e,n/e,n/e,n/e,n/e,345,,n/e,n/e,n/e,n/e,n/e,n/e,0,,n/e,n/e,0,,n/e,n/e,n/e,n/e,3,
19:00 - 20:00,40,,n/e,n/e,n/e,n/e,253,,n/e,n/e,n/e,n/e,n/e,n/e,n/e,n/e,n/e,n/e,n/e,n/e,193,,n/e,n/e,n/e,n/e,n/e,n/e,0,,n/e,n/e,0,,n/e,n/e,n/e,n/e,4,
20:00 - 21:00,37,,n/e,n/e,n/e,n/e,160,,n/e,n/e,n/e,n/e,n/e,n/e,n/e,n/e,n/e,n/e,n/e,n/e,52,,n/e,n/e,n/e,n/e,n/e,n/e,0,,n/e,n/e,0,,n/e,n/e,n/e,n/e,3,
21:00 - 22:00,35,,n/e,n/e,n/e,n/e,154,,n/e,n/e,n/e,n/e,n/e,n/e,n/e,n/e,n/e,n/e,n/e,n/e,65,,n/e,n/e,n/e,n/e,n/e,n/e,0,,n/e,n/e,0,,n/e,n/e,n/e,n/e,4,
22:00 - 23:00,37,,n/e,n/e,n/e,n/e,203,,n/e,n/e,n/e,n/e,n/e,n/e,n/e,n/e,n/e,n/e,n/e,n/e,27,,n/e,n/e,n/e,n/e,n/e,n/e,0,,n/e,n/e,0,,n/e,n/e,n/e,n/e,2,
23:00 - 00:00,37,,n/e,n/e,n/e,n/e,203,,n/e,n/e,n/e,n/e,n/e,n/e,n/e,n/e,n/e,n/e,n/e,n/e,2,,n/e,n/e,n/e,n/e,n/e,n/e,0,,n/e,n/e,0,,n/e,n/e,n/e,n/e,1,
00:00 - 01:00,37,,n/e,n/e,n/e,n/e,201,,n/e,n/e,n/e,n/e,n/e,n/e,n/e,n/e,n/e,n/e,n/e,n/e,2,,n/e,n/e,n/e,n/e,n/e,n/e,0,,n/e,n/e,0,,n/e,n/e,n/e,n/e,1,
01:00 - 02:00,36,,n/e,n/e,n/e,n/e,200,,n/e,n/e,n/e,n/e,n/e,n/e,n/e,n/e,n/e,n/e,n/e,n/e,2,,n/e,n/e,n/e,n/e,n/e,n/e,0,,n/e,n/e,0,,n/e,n/e,n/e,n/e,2,
02:00 - 03:00,36,,n/e,n/e,n/e,n/e,202,,n/e,n/e,n/e,n/e,n/e,n/e,n/e,n/e,n/e,n/e,n/e,n/e,2,,n/e,n/e,n/e,n/e,n/e,n/e,0,,n/e,n/e,0,,n/e,n/e,n/e,n/e,1,
03:00 - 04:00,38,,n/e,n/e,n/e,n/e,204,,n/e,n/e,n/e,n/e,n/e,n/e,n/e,n/e,n/e,n/e,n/e,n/e,33,,n/e,n/e,n/e,n/e,n/e,n/e,0,,n/e,n/e,0,,n/e,n/e,n/e,n/e,1,
04:00 - 05:00,43,,n/e,n/e,n/e,n/e,195,,n/e,n/e,n/e,n/e,n/e,n/e,n/e,n/e,n/e,n/e,n/e,n/e,108,,n/e,n/e,n/e,n/e,n/e,n/e,0,,n/e,n/e,7,,n/e,n/e,n/e,n/e,4,
05:00 - 06:00,44,,n/e,n/e,n/e,n/e,195,,n/e,n/e,n/e,n/e,n/e,n/e,n/e,n/e,n/e,n/e,n/e,n/e,92,,n/e,n/e,n/e,n/e,n/e,n/e,0,,n/e,n/e,49,,n/e,n/e,n/e,n/e,3,
06:00 - 07:00,42,,n/e,n/e,n/e,n/e,194,,n/e,n/e,n/e,n/e,n/e,n/e,n/e,n/e,n/e,n/e,n/e,n/e,90,,n/e,n/e,n/e,n/e,n/e,n/e,0,,n/e,n/e,121,,n/e,n/e,n/e,n/e,1,
07:00 - 08:00,40,,n/e,n/e,n/e,n/e,153,,n/e,n/e,n/e,n/e,n/e,n/e,n/e,n/e,n/e,n/e,n/e,n/e,18,,n/e,n/e,n/e,n/e,n/e,n/e,0,,n/e,n/e,204,,n/e,n/e,n/e,n/e,1,
08:00 - 09:00,36,,n/e,n/e,n/e,n/e,155,,n/e,n/e,n/e,n/e,n/e,n/e,n/e,n/e,n/e,n/e,n/e,n/e,34,,n/e,n/e,n/e,n/e,n/e,n/e,0,,n/e,n/e,281,,n/e,n/e,n/e,n/e,1,
09:00 - 10:00,31,,n/e,n/e,n/e,n/e,153,,n/e,n/e,n/e,n/e,n/e,n/e,n/e,n/e,n/e,n/e,n/e,n/e,2,,n/e,n/e,n/e,n/e,n/e,n/e,0,,n/e,n/e,327,,n/e,n/e,n/e,n/e,0,
10:00 - 11:00,29,,n/e,n/e,n/e,n/e,152,,n/e,n/e,n/e,n/e,n/e,n/e,n/e,n/e,n/e,n/e,n/e,n/e,2,,n/e,n/e,n/e,n/e,n/e,n/e,0,,n/e,n/e,338,,n/e,n/e,n/e,n/e,0,
11:00 - 12:00,28,,n/e,n/e,n/e,n/e,152,,n/e,n/e,n/e,n/e,n/e,n/e,n/e,n/e,n/e,n/e,n/e,n/e,3,,n/e,n/e,n/e,n/e,n/e,n/e,0,,n/e,n/e,319,,n/e,n/e,n/e,n/e,1,
12:00 - 13:00,28,,n/e,n/e,n/e,n/e,152,,n/e,n/e,n/e,n/e,n/e,n/e,n/e,n/e,n/e,n/e,n/e,n/e,2,,n/e,n/e,n/e,n/e,n/e,n/e,0,,n/e,n/e,271,,n/e,n/e,n/e,n/e,4,
13:00 - 14:00,32,,n/e,n/e,n/e,n/e,156,,n/e,n/e,n/e,n/e,n/e,n/e,n/e,n/e,n/e,n/e,n/e,n/e,3,,n/e,n/e,n/e,n/e,n/e,n/e,0,,n/e,n/e,194,,n/e,n/e,n/e,n/e,5,
14:00 - 15:00,37,,n/e,n/e,n/e,n/e,246,,n/e,n/e,n/e,n/e,n/e,n/e,n/e,n/e,n/e,n/e,n/e,n/e,96,,n/e,n/e,n/e,n/e,n/e,n/e,0,,n/e,n/e,110,,n/e,n/e,n/e,n/e,7,
15:00 - 16:00,41,,n/e,n/e,n/e,n/e,335,,n/e,n/e,n/e,n/e,n/e,n/e,n/e,n/e,n/e,n/e,n/e,n/e,321,,n/e,n/e,n/e,n/e,n/e,n/e,0,,n/e,n/e,31,,n/e,n/e,n/e,n/e,11,
16:00 - 17:00,41,,n/e,n/e,n/e,n/e,337,,n/e,n/e,n/e,n/e,n/e,n/e,n/e,n/e,n/e,n/e,n/e,n/e,302,,n/e,n/e,n/e,n/e,n/e,n/e,0,,n/e,n/e,2,,n/e,n/e,n/e,n/e,9,
17:00 - 18:00,42,,n/e,n/e,n/e,n/e,336,,n/e,n/e,n/e,n/e,n/e,n/e,n/e,n/e,n/e,n/e,n/e,n/e,295,,n/e,n/e,n/e,n/e,n/e,n/e,0,,n/e,n/e,0,,n/e,n/e,n/e,n/e,15,
18:00 - 19:00,41,,n/e,n/e,n/e,n/e,238,,n/e,n/e,n/e,n/e,n/e,n/e,n/e,n/e,n/e,n/e,n/e,n/e,391,,n/e,n/e,n/e,n/e,n/e,n/e,0,,n/e,n/e,0,,n/e,n/e,n/e,n/e,10,
19:00 - 20:00,39,,n/e,n/e,n/e,n/e,190,,n/e,n/e,n/e,n/e,n/e,n/e,n/e,n/e,n/e,n/e,n/e,n/e,300,,n/e,n/e,n/e,n/e,n/e,n/e,0,,n/e,n/e,0,,n/e,n/e,n/e,n/e,7,
20:00 - 21:00,37,,n/e,n/e,n/e,n/e,163,,n/e,n/e,n/e,n/e,n/e,n/e,n/e,n/e,n/e,n/e,n/e,n/e,116,,n/e,n/e,n/e,n/e,n/e,n/e,0,,n/e,n/e,0,,n/e,n/e,n/e,n/e,15,
21:00 - 22:00,35,,n/e,n/e,n/e,n/e,151,,n/e,n/e,n/e,n/e,n/e,n/e,n/e,n/e,n/e,n/e,n/e,n/e,52,,n/e,n/e,n/e,n/e,n/e,n/e,0,,n/e,n/e,0,,n/e,n/e,n/e,n/e,13,
22:00 - 23:00,33,,n/e,n/e,n/e,n/e,150,,n/e,n/e,n/e,n/e,n/e,n/e,n/e,n/e,n/e,n/e,n/e,n/e,7,,n/e,n/e,n/e,n/e,n/e,n/e,0,,n/e,n/e,0,,n/e,n/e,n/e,n/e,14,
23:00 - 00:00,32,,n/e,n/e,n/e,n/e,150,,n/e,n/e,n/e,n/e,n/e,n/e,n/e,n/e,n/e,n/e,n/e,n/e,35,,n/e,n/e,n/e,n/e,n/e,n/e,0,,n/e,n/e,0,,n/e,n/e,n/e,n/e,8,
00:00 - 01:00,32,,n/e,n/e,n/e,n/e,150,,n/e,n/e,n/e,n/e,n/e,n/e,n/e,n/e,n/e,n/e,n/e,n/e,21,,n/e,n/e,n/e,n/e,n/e,n/e,0,,n/e,n/e,0,,n/e,n/e,n/e,n/e,8,
01:00 - 02:00,34,,n/e,n/e,n/e,n/e,151,,n/e,n/e,n/e,n/e,n/e,n/e,n/e,n/e,n/e,n/e,n/e,n/e,26,,n/e,n/e,n/e,n/e,n/e,n/e,0,,n/e,n/e,0,,n/e,n/e,n/e,n/e,11,
02:00 - 03:00,36,,n/e,n/e,n/e,n/e,155,,n/e,n/e,n/e,n/e,n/e,n/e,n/e,n/e,n/e,n/e,n/e,n/e,4,,n/e,n/e,n/e,n/e,n/e,n/e,0,,n/e,n/e,0,,n/e,n/e,n/e,n/e,9,
03:00 - 04:00,38,,n/e,n/e,n/e,n/e,155,,n/e,n/e,n/e,n/e,n/e,n/e,n/e,n/e,n/e,n/e,n/e,n/e,33,,n/e,n/e,n/e,n/e,n/e,n/e,0,,n/e,n/e,0,,n/e,n/e,n/e,n/e,8,
04:00 - 05:00,43,,n/e,n/e,n/e,n/e,153,,n/e,n/e,n/e,n/e,n/e,n/e,n/e,n/e,n/e,n/e,n/e,n/e,30,,n/e,n/e,n/e,n/e,n/e,n/e,0,,n/e,n/e,7,,n/e,n/e,n/e,n/e,6,
05:00 - 06:00,45,,n/e,n/e,n/e,n/e,153,,n/e,n/e,n/e,n/e,n/e,n/e,n/e,n/e,n/e,n/e,n/e,n/e,22,,n/e,n/e,n/e,n/e,n/e,n/e,0,,n/e,n/e,43,,n/e,n/e,n/e,n/e,5,
06:00 - 07:00,45,,n/e,n/e,n/e,n/e,153,,n/e,n/e,n/e,n/e,n/e,n/e,n/e,n/e,n/e,n/e,n/e,n/e,3,,n/e,n/e,n/e,n/e,n/e,n/e,0,,n/e,n/e,102,,n/e,n/e,n/e,n/e,2,
07:00 - 08:00,42,,n/e,n/e,n/e,n/e,153,,n/e,n/e,n/e,n/e,n/e,n/e,n/e,n/e,n/e,n/e,n/e,n/e,3,,n/e,n/e,n/e,n/e,n/e,n/e,0,,n/e,n/e,159,,n/e,n/e,n/e,n/e,1,
08:00 - 09:00,38,,n/e,n/e,n/e,n/e,152,,n/e,n/e,n/e,n/e,n/e,n/e,n/e,n/e,n/e,n/e,n/e,n/e,18,,n/e,n/e,n/e,n/e,n/e,n/e,0,,n/e,n/e,232,,n/e,n/e,n/e,n/e,1,
09:00 - 10:00,35,,n/e,n/e,n/e,n/e,150,,n/e,n/e,n/e,n/e,n/e,n/e,n/e,n/e,n/e,n/e,n/e,n/e,3,,n/e,n/e,n/e,n/e,n/e,n/e,0,,n/e,n/e,307,,n/e,n/e,n/e,n/e,0,
10:00 - 11:00,31,,n/e,n/e,n/e,n/e,150,,n/e,n/e,n/e,n/e,n/e,n/e,n/e,n/e,n/e,n/e,n/e,n/e,3,,n/e,n/e,n/e,n/e,n/e,n/e,0,,n/e,n/e,330,,n/e,n/e,n/e,n/e,0,
11:00 - 12:00,28,,n/e,n/e,n/e,n/e,150,,n/e,n/e,n/e,n/e,n/e,n/e,n/e,n/e,n/e,n/e,n/e,n/e,3,,n/e,n/e,n/e,n/e,n/e,n/e,0,,n/e,n/e,308,,n/e,n/e,n/e,n/e,0,
12:00 - 13:00,27,,n/e,n/e,n/e,n/e,150,,n/e,n/e,n/e,n/e,n/e,n/e,n/e,n/e,n/e,n/e,n/e,n/e,2,,n/e,n/e,n/e,n/e,n/e,n/e,0,,n/e,n/e,263,,n/e,n/e,n/e,n/e,0,
13:00 - 14:00,29,,n/e,n/e,n/e,n/e,150,,n/e,n/e,n/e,n/e,n/e,n/e,n/e,n/e,n/e,n/e,n/e,n/e,2,,n/e,n/e,n/e,n/e,n/e,n/e,0,,n/e,n/e,193,,n/e,n/e,n/e,n/e,0,
14:00 - 15:00,34,,n/e,n/e,n/e,n/e,159,,n/e,n/e,n/e,n/e,n/e,n/e,n/e,n/e,n/e,n/e,n/e,n/e,3,,n/e,n/e,n/e,n/e,n/e,n/e,0,,n/e,n/e,105,,n/e,n/e,n/e,n/e,0,
15:00 - 16:00,41,,n/e,n/e,n/e,n/e,275,,n/e,n/e,n/e,n/e,n/e,n/e,n/e,n/e,n/e,n/e,n/e,n/e,329,,n/e,n/e,n/e,n/e,n/e,n/e,0,,n/e,n/e,29,,n/e,n/e,n/e,n/e,0,
16:00 - 17:00,43,,n/e,n/e,n/e,n/e,334,,n/e,n/e,n/e,n/e,n/e,n/e,n/e,n/e,n/e,n/e,n/e,n/e,290,,n/e,n/e,n/e,n/e,n/e,n/e,0,,n/e,n/e,2,,n/e,n/e,n/e,n/e,1,
17:00 - 18:00,43,,n/e,n/e,n/e,n/e,334,,n/e,n/e,n/e,n/e,n/e,n/e,n/e,n/e,n/e,n/e,n/e,n/e,292,,n/e,n/e,n/e,n/e,n/e,n/e,0,,n/e,n/e,0,,n/e,n/e,n/e,n/e,2,
18:00 - 19:00,43,,n/e,n/e,n/e,n/e,331,,n/e,n/e,n/e,n/e,n/e,n/e,n/e,n/e,n/e,n/e,n/e,n/e,287,,n/e,n/e,n/e,n/e,n/e,n/e,0,,n/e,n/e,0,,n/e,n/e,n/e,n/e,3,
19:00 - 20:00,38,,n/e,n/e,n/e,n/e,280,,n/e,n/e,n/e,n/e,n/e,n/e,n/e,n/e,n/e,n/e,n/e,n/e,196,,n/e,n/e,n/e,n/e,n/e,n/e,0,,n/e,n/e,0,,n/e,n/e,n/e,n/e,3,
20:00 - 21:00,36,,n/e,n/e,n/e,n/e,206,,n/e,n/e,n/e,n/e,n/e,n/e,n/e,n/e,n/e,n/e,n/e,n/e,146,,n/e,n/e,n/e,n/e,n/e,n/e,0,,n/e,n/e,0,,n/e,n/e,n/e,n/e,3,
21:00 - 22:00,34,,n/e,n/e,n/e,n/e,204,,n/e,n/e,n/e,n/e,n/e,n/e,n/e,n/e,n/e,n/e,n/e,n/e,57,,n/e,n/e,n/e,n/e,n/e,n/e,0,,n/e,n/e,0,,n/e,n/e,n/e,n/e,2,
22:00 - 23:00,32,,n/e,n/e,n/e,n/e,202,,n/e,n/e,n/e,n/e,n/e,n/e,n/e,n/e,n/e,n/e,n/e,n/e,3,,n/e,n/e,n/e,n/e,n/e,n/e,0,,n/e,n/e,0,,n/e,n/e,n/e,n/e,2,
23:00 - 00:00,32,,n/e,n/e,n/e,n/e,202,,n/e,n/e,n/e,n/e,n/e,n/e,n/e,n/e,n/e,n/e,n/e,n/e,1,,n/e,n/e,n/e,n/e,n/e,n/e,0,,n/e,n/e,0,,n/e,n/e,n/e,n/e,2,
00:00 - 01:00,33,,n/e,n/e,n/e,n/e,202,,n/e,n/e,n/e,n/e,n/e,n/e,n/e,n/e,n/e,n/e,n/e,n/e,1,,n/e,n/e,n/e,n/e,n/e,n/e,0,,n/e,n/e,0,,n/e,n/e,n/e,n/e,1,
01:00 - 02:00,35,,n/e,n/e,n/e,n/e,202,,n/e,n/e,n/e,n/e,n/e,n/e,n/e,n/e,n/e,n/e,n/e,n/e,1,,n/e,n/e,n/e,n/e,n/e,n/e,0,,n/e,n/e,0,,n/e,n/e,n/e,n/e,1,
02:00 - 03:00,36,,n/e,n/e,n/e,n/e,202,,n/e,n/e,n/e,n/e,n/e,n/e,n/e,n/e,n/e,n/e,n/e,n/e,13,,n/e,n/e,n/e,n/e,n/e,n/e,0,,n/e,n/e,0,,n/e,n/e,n/e,n/e,0,
03:00 - 04:00,37,,n/e,n/e,n/e,n/e,204,,n/e,n/e,n/e,n/e,n/e,n/e,n/e,n/e,n/e,n/e,n/e,n/e,2,,n/e,n/e,n/e,n/e,n/e,n/e,0,,n/e,n/e,0,,n/e,n/e,n/e,n/e,0,
04:00 - 05:00,44,,n/e,n/e,n/e,n/e,281,,n/e,n/e,n/e,n/e,n/e,n/e,n/e,n/e,n/e,n/e,n/e,n/e,2,,n/e,n/e,n/e,n/e,n/e,n/e,0,,n/e,n/e,5,,n/e,n/e,n/e,n/e,0,
05:00 - 06:00,46,,n/e,n/e,n/e,n/e,284,,n/e,n/e,n/e,n/e,n/e,n/e,n/e,n/e,n/e,n/e,n/e,n/e,4,,n/e,n/e,n/e,n/e,n/e,n/e,0,,n/e,n/e,30,,n/e,n/e,n/e,n/e,0,
06:00 - 07:00,46,,n/e,n/e,n/e,n/e,283,,n/e,n/e,n/e,n/e,n/e,n/e,n/e,n/e,n/e,n/e,n/e,n/e,4,,n/e,n/e,n/e,n/e,n/e,n/e,0,,n/e,n/e,74,,n/e,n/e,n/e,n/e,0,
07:00 - 08:00,44,,n/e,n/e,n/e,n/e,159,,n/e,n/e,n/e,n/e,n/e,n/e,n/e,n/e,n/e,n/e,n/e,n/e,3,,n/e,n/e,n/e,n/e,n/e,n/e,0,,n/e,n/e,136,,n/e,n/e,n/e,n/e,0,
08:00 - 09:00,42,,n/e,n/e,n/e,n/e,153,,n/e,n/e,n/e,n/e,n/e,n/e,n/e,n/e,n/e,n/e,n/e,n/e,3,,n/e,n/e,n/e,n/e,n/e,n/e,0,,n/e,n/e,214,,n/e,n/e,n/e,n/e,0,
09:00 - 10:00,39,,n/e,n/e,n/e,n/e,153,,n/e,n/e,n/e,n/e,n/e,n/e,n/e,n/e,n/e,n/e,n/e,n/e,3,,n/e,n/e,n/e,n/e,n/e,n/e,0,,n/e,n/e,278,,n/e,n/e,n/e,n/e,0,
10:00 - 11:00,34,,n/e,n/e,n/e,n/e,152,,n/e,n/e,n/e,n/e,n/e,n/e,n/e,n/e,n/e,n/e,n/e,n/e,3,,n/e,n/e,n/e,n/e,n/e,n/e,0,,n/e,n/e,316,,n/e,n/e,n/e,n/e,0,
11:00 - 12:00,31,,n/e,n/e,n/e,n/e,152,,n/e,n/e,n/e,n/e,n/e,n/e,n/e,n/e,n/e,n/e,n/e,n/e,2,,n/e,n/e,n/e,n/e,n/e,n/e,0,,n/e,n/e,321,,n/e,n/e,n/e,n/e,0,
12:00 - 13:00,31,,n/e,n/e,n/e,n/e,152,,n/e,n/e,n/e,n/e,n/e,n/e,n/e,n/e,n/e,n/e,n/e,n/e,2,,n/e,n/e,n/e,n/e,n/e,n/e,0,,n/e,n/e,279,,n/e,n/e,n/e,n/e,0,
13:00 - 14:00,36,,n/e,n/e,n/e,n/e,156,,n/e,n/e,n/e,n/e,n/e,n/e,n/e,n/e,n/e,n/e,n/e,n/e,6,,n/e,n/e,n/e,n/e,n/e,n/e,0,,n/e,n/e,206,,n/e,n/e,n/e,n/e,0,
14:00 - 15:00,40,,n/e,n/e,n/e,n/e,279,,n/e,n/e,n/e,n/e,n/e,n/e,n/e,n/e,n/e,n/e,n/e,n/e,162,,n/e,n/e,n/e,n/e,n/e,n/e,0,,n/e,n/e,113,,n/e,n/e,n/e,n/e,0,
15:00 - 16:00,43,,n/e,n/e,n/e,n/e,284,,n/e,n/e,n/e,n/e,n/e,n/e,n/e,n/e,n/e,n/e,n/e,n/e,361,,n/e,n/e,n/e,n/e,n/e,n/e,0,,n/e,n/e,29,,n/e,n/e,n/e,n/e,0,
16:00 - 17:00,43,,n/e,n/e,n/e,n/e,286,,n/e,n/e,n/e,n/e,n/e,n/e,n/e,n/e,n/e,n/e,n/e,n/e,442,,n/e,n/e,n/e,n/e,n/e,n/e,0,,n/e,n/e,2,,n/e,n/e,n/e,n/e,0,
17:00 - 18:00,44,,n/e,n/e,n/e,n/e,287,,n/e,n/e,n/e,n/e,n/e,n/e,n/e,n/e,n/e,n/e,n/e,n/e,432,,n/e,n/e,n/e,n/e,n/e,n/e,0,,n/e,n/e,0,,n/e,n/e,n/e,n/e,0,
18:00 - 19:00,43,,n/e,n/e,n/e,n/e,284,,n/e,n/e,n/e,n/e,n/e,n/e,n/e,n/e,n/e,n/e,n/e,n/e,319,,n/e,n/e,n/e,n/e,n/e,n/e,0,,n/e,n/e,0,,n/e,n/e,n/e,n/e,0,
19:00 - 20:00,42,,n/e,n/e,n/e,n/e,283,,n/e,n/e,n/e,n/e,n/e,n/e,n/e,n/e,n/e,n/e,n/e,n/e,109,,n/e,n/e,n/e,n/e,n/e,n/e,0,,n/e,n/e,0,,n/e,n/e,n/e,n/e,1,
20:00 - 21:00,41,,n/e,n/e,n/e,n/e,280,,n/e,n/e,n/e,n/e,n/e,n/e,n/e,n/e,n/e,n/e,n/e,n/e,19,,n/e,n/e,n/e,n/e,n/e,n/e,0,,n/e,n/e,0,,n/e,n/e,n/e,n/e,1,
21:00 - 22:00,40,,n/e,n/e,n/e,n/e,201,,n/e,n/e,n/e,n/e,n/e,n/e,n/e,n/e,n/e,n/e,n/e,n/e,2,,n/e,n/e,n/e,n/e,n/e,n/e,0,,n/e,n/e,0,,n/e,n/e,n/e,n/e,1,
22:00 - 23:00,40,,n/e,n/e,n/e,n/e,152,,n/e,n/e,n/e,n/e,n/e,n/e,n/e,n/e,n/e,n/e,n/e,n/e,2,,n/e,n/e,n/e,n/e,n/e,n/e,0,,n/e,n/e,0,,n/e,n/e,n/e,n/e,2,
23:00 - 00:00,41,,n/e,n/e,n/e,n/e,152,,n/e,n/e,n/e,n/e,n/e,n/e,n/e,n/e,n/e,n/e,n/e,n/e,42,,n/e,n/e,n/e,n/e,n/e,n/e,0,,n/e,n/e,0,,n/e,n/e,n/e,n/e,1,
00:00 - 01:00,41,,n/e,n/e,n/e,n/e,152,,n/e,n/e,n/e,n/e,n/e,n/e,n/e,n/e,n/e,n/e,n/e,n/e,26,,n/e,n/e,n/e,n/e,n/e,n/e,0,,n/e,n/e,0,,n/e,n/e,n/e,n/e,2,
01:00 - 02:00,39,,n/e,n/e,n/e,n/e,153,,n/e,n/e,n/e,n/e,n/e,n/e,n/e,n/e,n/e,n/e,n/e,n/e,1,,n/e,n/e,n/e,n/e,n/e,n/e,0,,n/e,n/e,0,,n/e,n/e,n/e,n/e,2,
02:00 - 03:00,38,,n/e,n/e,n/e,n/e,153,,n/e,n/e,n/e,n/e,n/e,n/e,n/e,n/e,n/e,n/e,n/e,n/e,1,,n/e,n/e,n/e,n/e,n/e,n/e,0,,n/e,n/e,0,,n/e,n/e,n/e,n/e,2,
03:00 - 04:00,39,,n/e,n/e,n/e,n/e,153,,n/e,n/e,n/e,n/e,n/e,n/e,n/e,n/e,n/e,n/e,n/e,n/e,2,,n/e,n/e,n/e,n/e,n/e,n/e,0,,n/e,n/e,0,,n/e,n/e,n/e,n/e,2,
04:00 - 05:00,41,,n/e,n/e,n/e,n/e,153,,n/e,n/e,n/e,n/e,n/e,n/e,n/e,n/e,n/e,n/e,n/e,n/e,3,,n/e,n/e,n/e,n/e,n/e,n/e,0,,n/e,n/e,5,,n/e,n/e,n/e,n/e,3,
05:00 - 06:00,42,,n/e,n/e,n/e,n/e,153,,n/e,n/e,n/e,n/e,n/e,n/e,n/e,n/e,n/e,n/e,n/e,n/e,3,,n/e,n/e,n/e,n/e,n/e,n/e,0,,n/e,n/e,34,,n/e,n/e,n/e,n/e,5,
06:00 - 07:00,38,,n/e,n/e,n/e,n/e,153,,n/e,n/e,n/e,n/e,n/e,n/e,n/e,n/e,n/e,n/e,n/e,n/e,2,,n/e,n/e,n/e,n/e,n/e,n/e,0,,n/e,n/e,85,,n/e,n/e,n/e,n/e,5,
07:00 - 08:00,30,,n/e,n/e,n/e,n/e,151,,n/e,n/e,n/e,n/e,n/e,n/e,n/e,n/e,n/e,n/e,n/e,n/e,2,,n/e,n/e,n/e,n/e,n/e,n/e,0,,n/e,n/e,138,,n/e,n/e,n/e,n/e,3,
08:00 - 09:00,28,,n/e,n/e,n/e,n/e,150,,n/e,n/e,n/e,n/e,n/e,n/e,n/e,n/e,n/e,n/e,n/e,n/e,2,,n/e,n/e,n/e,n/e,n/e,n/e,0,,n/e,n/e,207,,n/e,n/e,n/e,n/e,8,
09:00 - 10:00,29,,n/e,n/e,n/e,n/e,150,,n/e,n/e,n/e,n/e,n/e,n/e,n/e,n/e,n/e,n/e,n/e,n/e,2,,n/e,n/e,n/e,n/e,n/e,n/e,0,,n/e,n/e,274,,n/e,n/e,n/e,n/e,6,
10:00 - 11:00,30,,n/e,n/e,n/e,n/e,150,,n/e,n/e,n/e,n/e,n/e,n/e,n/e,n/e,n/e,n/e,n/e,n/e,2,,n/e,n/e,n/e,n/e,n/e,n/e,0,,n/e,n/e,277,,n/e,n/e,n/e,n/e,8,
11:00 - 12:00,29,,n/e,n/e,n/e,n/e,150,,n/e,n/e,n/e,n/e,n/e,n/e,n/e,n/e,n/e,n/e,n/e,n/e,2,,n/e,n/e,n/e,n/e,n/e,n/e,0,,n/e,n/e,252,,n/e,n/e,n/e,n/e,9,
12:00 - 13:00,30,,n/e,n/e,n/e,n/e,150,,n/e,n/e,n/e,n/e,n/e,n/e,n/e,n/e,n/e,n/e,n/e,n/e,2,,n/e,n/e,n/e,n/e,n/e,n/e,0,,n/e,n/e,245,,n/e,n/e,n/e,n/e,9,
13:00 - 14:00,28,,n/e,n/e,n/e,n/e,150,,n/e,n/e,n/e,n/e,n/e,n/e,n/e,n/e,n/e,n/e,n/e,n/e,2,,n/e,n/e,n/e,n/e,n/e,n/e,0,,n/e,n/e,195,,n/e,n/e,n/e,n/e,8,
14:00 - 15:00,35,,n/e,n/e,n/e,n/e,150,,n/e,n/e,n/e,n/e,n/e,n/e,n/e,n/e,n/e,n/e,n/e,n/e,16,,n/e,n/e,n/e,n/e,n/e,n/e,0,,n/e,n/e,110,,n/e,n/e,n/e,n/e,6,
15:00 - 16:00,46,,n/e,n/e,n/e,n/e,152,,n/e,n/e,n/e,n/e,n/e,n/e,n/e,n/e,n/e,n/e,n/e,n/e,287,,n/e,n/e,n/e,n/e,n/e,n/e,0,,n/e,n/e,28,,n/e,n/e,n/e,n/e,4,
16:00 - 17:00,49,,n/e,n/e,n/e,n/e,155,,n/e,n/e,n/e,n/e,n/e,n/e,n/e,n/e,n/e,n/e,n/e,n/e,306,,n/e,n/e,n/e,n/e,n/e,n/e,0,,n/e,n/e,1,,n/e,n/e,n/e,n/e,12,
17:00 - 18:00,50,,n/e,n/e,n/e,n/e,155,,n/e,n/e,n/e,n/e,n/e,n/e,n/e,n/e,n/e,n/e,n/e,n/e,339,,n/e,n/e,n/e,n/e,n/e,n/e,0,,n/e,n/e,0,,n/e,n/e,n/e,n/e,12,
18:00 - 19:00,47,,n/e,n/e,n/e,n/e,156,,n/e,n/e,n/e,n/e,n/e,n/e,n/e,n/e,n/e,n/e,n/e,n/e,275,,n/e,n/e,n/e,n/e,n/e,n/e,0,,n/e,n/e,0,,n/e,n/e,n/e,n/e,6,
19:00 - 20:00,44,,n/e,n/e,n/e,n/e,152,,n/e,n/e,n/e,n/e,n/e,n/e,n/e,n/e,n/e,n/e,n/e,n/e,283,,n/e,n/e,n/e,n/e,n/e,n/e,0,,n/e,n/e,0,,n/e,n/e,n/e,n/e,15,
20:00 - 21:00,41,,n/e,n/e,n/e,n/e,150,,n/e,n/e,n/e,n/e,n/e,n/e,n/e,n/e,n/e,n/e,n/e,n/e,196,,n/e,n/e,n/e,n/e,n/e,n/e,0,,n/e,n/e,0,,n/e,n/e,n/e,n/e,8,
21:00 - 22:00,40,,n/e,n/e,n/e,n/e,150,,n/e,n/e,n/e,n/e,n/e,n/e,n/e,n/e,n/e,n/e,n/e,n/e,124,,n/e,n/e,n/e,n/e,n/e,n/e,0,,n/e,n/e,0,,n/e,n/e,n/e,n/e,9,
22:00 - 23:00,41,,n/e,n/e,n/e,n/e,150,,n/e,n/e,n/e,n/e,n/e,n/e,n/e,n/e,n/e,n/e,n/e,n/e,1,,n/e,n/e,n/e,n/e,n/e,n/e,0,,n/e,n/e,0,,n/e,n/e,n/e,n/e,12,
23:00 - 00:00,41,,n/e,n/e,n/e,n/e,150,,n/e,n/e,n/e,n/e,n/e,n/e,n/e,n/e,n/e,n/e,n/e,n/e,1,,n/e,n/e,n/e,n/e,n/e,n/e,0,,n/e,n/e,0,,n/e,n/e,n/e,n/e,11,
00:00 - 01:00,41,,n/e,n/e,n/e,n/e,150,,n/e,n/e,n/e,n/e,n/e,n/e,n/e,n/e,n/e,n/e,n/e,n/e,1,,n/e,n/e,n/e,n/e,n/e,n/e,0,,n/e,n/e,0,,n/e,n/e,n/e,n/e,9,
01:00 - 02:00,43,,n/e,n/e,n/e,n/e,151,,n/e,n/e,n/e,n/e,n/e,n/e,n/e,n/e,n/e,n/e,n/e,n/e,1,,n/e,n/e,n/e,n/e,n/e,n/e,0,,n/e,n/e,0,,n/e,n/e,n/e,n/e,13,
02:00 - 03:00,45,,n/e,n/e,n/e,n/e,151,,n/e,n/e,n/e,n/e,n/e,n/e,n/e,n/e,n/e,n/e,n/e,n/e,1,,n/e,n/e,n/e,n/e,n/e,n/e,0,,n/e,n/e,0,,n/e,n/e,n/e,n/e,13,
03:00 - 04:00,47,,n/e,n/e,n/e,n/e,153,,n/e,n/e,n/e,n/e,n/e,n/e,n/e,n/e,n/e,n/e,n/e,n/e,1,,n/e,n/e,n/e,n/e,n/e,n/e,0,,n/e,n/e,0,,n/e,n/e,n/e,n/e,13,
04:00 - 05:00,49,,n/e,n/e,n/e,n/e,153,,n/e,n/e,n/e,n/e,n/e,n/e,n/e,n/e,n/e,n/e,n/e,n/e,2,,n/e,n/e,n/e,n/e,n/e,n/e,0,,n/e,n/e,5,,n/e,n/e,n/e,n/e,17,
05:00 - 06:00,50,,n/e,n/e,n/e,n/e,153,,n/e,n/e,n/e,n/e,n/e,n/e,n/e,n/e,n/e,n/e,n/e,n/e,2,,n/e,n/e,n/e,n/e,n/e,n/e,0,,n/e,n/e,36,,n/e,n/e,n/e,n/e,16,
06:00 - 07:00,46,,n/e,n/e,n/e,n/e,153,,n/e,n/e,n/e,n/e,n/e,n/e,n/e,n/e,n/e,n/e,n/e,n/e,2,,n/e,n/e,n/e,n/e,n/e,n/e,0,,n/e,n/e,93,,n/e,n/e,n/e,n/e,5,
07:00 - 08:00,42,,n/e,n/e,n/e,n/e,153,,n/e,n/e,n/e,n/e,n/e,n/e,n/e,n/e,n/e,n/e,n/e,n/e,2,,n/e,n/e,n/e,n/e,n/e,n/e,0,,n/e,n/e,155,,n/e,n/e,n/e,n/e,2,
08:00 - 09:00,35,,n/e,n/e,n/e,n/e,152,,n/e,n/e,n/e,n/e,n/e,n/e,n/e,n/e,n/e,n/e,n/e,n/e,2,,n/e,n/e,n/e,n/e,n/e,n/e,0,,n/e,n/e,192,,n/e,n/e,n/e,n/e,1,
09:00 - 10:00,34,,n/e,n/e,n/e,n/e,152,,n/e,n/e,n/e,n/e,n/e,n/e,n/e,n/e,n/e,n/e,n/e,n/e,2,,n/e,n/e,n/e,n/e,n/e,n/e,0,,n/e,n/e,231,,n/e,n/e,n/e,n/e,0,
10:00 - 11:00,35,,n/e,n/e,n/e,n/e,152,,n/e,n/e,n/e,n/e,n/e,n/e,n/e,n/e,n/e,n/e,n/e,n/e,27,,n/e,n/e,n/e,n/e,n/e,n/e,0,,n/e,n/e,252,,n/e,n/e,n/e,n/e,0,
11:00 - 12:00,34,,n/e,n/e,n/e,n/e,152,,n/e,n/e,n/e,n/e,n/e,n/e,n/e,n/e,n/e,n/e,n/e,n/e,2,,n/e,n/e,n/e,n/e,n/e,n/e,0,,n/e,n/e,256,,n/e,n/e,n/e,n/e,1,
12:00 - 13:00,35,,n/e,n/e,n/e,n/e,152,,n/e,n/e,n/e,n/e,n/e,n/e,n/e,n/e,n/e,n/e,n/e,n/e,2,,n/e,n/e,n/e,n/e,n/e,n/e,0,,n/e,n/e,209,,n/e,n/e,n/e,n/e,0,
13:00 - 14:00,39,,n/e,n/e,n/e,n/e,152,,n/e,n/e,n/e,n/e,n/e,n/e,n/e,n/e,n/e,n/e,n/e,n/e,9,,n/e,n/e,n/e,n/e,n/e,n/e,0,,n/e,n/e,147,,n/e,n/e,n/e,n/e,0,
14:00 - 15:00,44,,n/e,n/e,n/e,n/e,156,,n/e,n/e,n/e,n/e,n/e,n/e,n/e,n/e,n/e,n/e,n/e,n/e,194,,n/e,n/e,n/e,n/e,n/e,n/e,0,,n/e,n/e,66,,n/e,n/e,n/e,n/e,2,
15:00 - 16:00,46,,n/e,n/e,n/e,n/e,282,,n/e,n/e,n/e,n/e,n/e,n/e,n/e,n/e,n/e,n/e,n/e,n/e,294,,n/e,n/e,n/e,n/e,n/e,n/e,0,,n/e,n/e,17,,n/e,n/e,n/e,n/e,6,
16:00 - 17:00,47,,n/e,n/e,n/e,n/e,287,,n/e,n/e,n/e,n/e,n/e,n/e,n/e,n/e,n/e,n/e,n/e,n/e,392,,n/e,n/e,n/e,n/e,n/e,n/e,0,,n/e,n/e,1,,n/e,n/e,n/e,n/e,9,
17:00 - 18:00,50,,n/e,n/e,n/e,n/e,288,,n/e,n/e,n/e,n/e,n/e,n/e,n/e,n/e,n/e,n/e,n/e,n/e,390,,n/e,n/e,n/e,n/e,n/e,n/e,0,,n/e,n/e,0,,n/e,n/e,n/e,n/e,11,
18:00 - 19:00,49,,n/e,n/e,n/e,n/e,285,,n/e,n/e,n/e,n/e,n/e,n/e,n/e,n/e,n/e,n/e,n/e,n/e,289,,n/e,n/e,n/e,n/e,n/e,n/e,0,,n/e,n/e,0,,n/e,n/e,n/e,n/e,14,
19:00 - 20:00,47,,n/e,n/e,n/e,n/e,253,,n/e,n/e,n/e,n/e,n/e,n/e,n/e,n/e,n/e,n/e,n/e,n/e,234,,n/e,n/e,n/e,n/e,n/e,n/e,0,,n/e,n/e,0,,n/e,n/e,n/e,n/e,17,
20:00 - 21:00,43,,n/e,n/e,n/e,n/e,231,,n/e,n/e,n/e,n/e,n/e,n/e,n/e,n/e,n/e,n/e,n/e,n/e,21,,n/e,n/e,n/e,n/e,n/e,n/e,0,,n/e,n/e,0,,n/e,n/e,n/e,n/e,13,
21:00 - 22:00,40,,n/e,n/e,n/e,n/e,200,,n/e,n/e,n/e,n/e,n/e,n/e,n/e,n/e,n/e,n/e,n/e,n/e,1,,n/e,n/e,n/e,n/e,n/e,n/e,0,,n/e,n/e,0,,n/e,n/e,n/e,n/e,11,
22:00 - 23:00,38,,n/e,n/e,n/e,n/e,200,,n/e,n/e,n/e,n/e,n/e,n/e,n/e,n/e,n/e,n/e,n/e,n/e,1,,n/e,n/e,n/e,n/e,n/e,n/e,0,,n/e,n/e,0,,n/e,n/e,n/e,n/e,7,
23:00 - 00:00,37,,n/e,n/e,n/e,n/e,200,,n/e,n/e,n/e,n/e,n/e,n/e,n/e,n/e,n/e,n/e,n/e,n/e,1,,n/e,n/e,n/e,n/e,n/e,n/e,0,,n/e,n/e,0,,n/e,n/e,n/e,n/e,6,
00:00 - 01:00,36,,n/e,n/e,n/e,n/e,200,,n/e,n/e,n/e,n/e,n/e,n/e,n/e,n/e,n/e,n/e,n/e,n/e,1,,n/e,n/e,n/e,n/e,n/e,n/e,0,,n/e,n/e,0,,n/e,n/e,n/e,n/e,5,
01:00 - 02:00,37,,n/e,n/e,n/e,n/e,200,,n/e,n/e,n/e,n/e,n/e,n/e,n/e,n/e,n/e,n/e,n/e,n/e,1,,n/e,n/e,n/e,n/e,n/e,n/e,0,,n/e,n/e,0,,n/e,n/e,n/e,n/e,10,
02:00 - 03:00,41,,n/e,n/e,n/e,n/e,201,,n/e,n/e,n/e,n/e,n/e,n/e,n/e,n/e,n/e,n/e,n/e,n/e,1,,n/e,n/e,n/e,n/e,n/e,n/e,0,,n/e,n/e,0,,n/e,n/e,n/e,n/e,12,
03:00 - 04:00,43,,n/e,n/e,n/e,n/e,206,,n/e,n/e,n/e,n/e,n/e,n/e,n/e,n/e,n/e,n/e,n/e,n/e,1,,n/e,n/e,n/e,n/e,n/e,n/e,0,,n/e,n/e,0,,n/e,n/e,n/e,n/e,12,
04:00 - 05:00,50,,n/e,n/e,n/e,n/e,287,,n/e,n/e,n/e,n/e,n/e,n/e,n/e,n/e,n/e,n/e,n/e,n/e,21,,n/e,n/e,n/e,n/e,n/e,n/e,0,,n/e,n/e,5,,n/e,n/e,n/e,n/e,12,
05:00 - 06:00,53,,n/e,n/e,n/e,n/e,288,,n/e,n/e,n/e,n/e,n/e,n/e,n/e,n/e,n/e,n/e,n/e,n/e,131,,n/e,n/e,n/e,n/e,n/e,n/e,0,,n/e,n/e,40,,n/e,n/e,n/e,n/e,6,
06:00 - 07:00,51,,n/e,n/e,n/e,n/e,286,,n/e,n/e,n/e,n/e,n/e,n/e,n/e,n/e,n/e,n/e,n/e,n/e,14,,n/e,n/e,n/e,n/e,n/e,n/e,0,,n/e,n/e,107,,n/e,n/e,n/e,n/e,1,
07:00 - 08:00,51,,n/e,n/e,n/e,n/e,160,,n/e,n/e,n/e,n/e,n/e,n/e,n/e,n/e,n/e,n/e,n/e,n/e,3,,n/e,n/e,n/e,n/e,n/e,n/e,0,,n/e,n/e,172,,n/e,n/e,n/e,n/e,1,
08:00 - 09:00,48,,n/e,n/e,n/e,n/e,152,,n/e,n/e,n/e,n/e,n/e,n/e,n/e,n/e,n/e,n/e,n/e,n/e,3,,n/e,n/e,n/e,n/e,n/e,n/e,0,,n/e,n/e,235,,n/e,n/e,n/e,n/e,0,
09:00 - 10:00,43,,n/e,n/e,n/e,n/e,152,,n/e,n/e,n/e,n/e,n/e,n/e,n/e,n/e,n/e,n/e,n/e,n/e,3,,n/e,n/e,n/e,n/e,n/e,n/e,0,,n/e,n/e,273,,n/e,n/e,n/e,n/e,0,
10:00 - 11:00,40,,n/e,n/e,n/e,n/e,152,,n/e,n/e,n/e,n/e,n/e,n/e,n/e,n/e,n/e,n/e,n/e,n/e,3,,n/e,n/e,n/e,n/e,n/e,n/e,0,,n/e,n/e,265,,n/e,n/e,n/e,n/e,0,
11:00 - 12:00,41,,n/e,n/e,n/e,n/e,152,,n/e,n/e,n/e,n/e,n/e,n/e,n/e,n/e,n/e,n/e,n/e,n/e,2,,n/e,n/e,n/e,n/e,n/e,n/e,0,,n/e,n/e,247,,n/e,n/e,n/e,n/e,1,
12:00 - 13:00,42,,n/e,n/e,n/e,n/e,152,,n/e,n/e,n/e,n/e,n/e,n/e,n/e,n/e,n/e,n/e,n/e,n/e,41,,n/e,n/e,n/e,n/e,n/e,n/e,0,,n/e,n/e,199,,n/e,n/e,n/e,n/e,1,
13:00 - 14:00,43,,n/e,n/e,n/e,n/e,154,,n/e,n/e,n/e,n/e,n/e,n/e,n/e,n/e,n/e,n/e,n/e,n/e,168,,n/e,n/e,n/e,n/e,n/e,n/e,0,,n/e,n/e,138,,n/e,n/e,n/e,n/e,3,
14:00 - 15:00,46,,n/e,n/e,n/e,n/e,204,,n/e,n/e,n/e,n/e,n/e,n/e,n/e,n/e,n/e,n/e,n/e,n/e,242,,n/e,n/e,n/e,n/e,n/e,n/e,0,,n/e,n/e,65,,n/e,n/e,n/e,n/e,4,
15:00 - 16:00,48,,n/e,n/e,n/e,n/e,283,,n/e,n/e,n/e,n/e,n/e,n/e,n/e,n/e,n/e,n/e,n/e,n/e,373,,n/e,n/e,n/e,n/e,n/e,n/e,0,,n/e,n/e,17,,n/e,n/e,n/e,n/e,3,
16:00 - 17:00,50,,n/e,n/e,n/e,n/e,289,,n/e,n/e,n/e,n/e,n/e,n/e,n/e,n/e,n/e,n/e,n/e,n/e,487,,n/e,n/e,n/e,n/e,n/e,n/e,0,,n/e,n/e,1,,n/e,n/e,n/e,n/e,7,
17:00 - 18:00,52,,n/e,n/e,n/e,n/e,287,,n/e,n/e,n/e,n/e,n/e,n/e,n/e,n/e,n/e,n/e,n/e,n/e,454,,n/e,n/e,n/e,n/e,n/e,n/e,0,,n/e,n/e,0,,n/e,n/e,n/e,n/e,31,
18:00 - 19:00,48,,n/e,n/e,n/e,n/e,283,,n/e,n/e,n/e,n/e,n/e,n/e,n/e,n/e,n/e,n/e,n/e,n/e,307,,n/e,n/e,n/e,n/e,n/e,n/e,0,,n/e,n/e,0,,n/e,n/e,n/e,n/e,32,
19:00 - 20:00,42,,n/e,n/e,n/e,n/e,251,,n/e,n/e,n/e,n/e,n/e,n/e,n/e,n/e,n/e,n/e,n/e,n/e,160,,n/e,n/e,n/e,n/e,n/e,n/e,0,,n/e,n/e,0,,n/e,n/e,n/e,n/e,32,
20:00 - 21:00,37,,n/e,n/e,n/e,n/e,193,,n/e,n/e,n/e,n/e,n/e,n/e,n/e,n/e,n/e,n/e,n/e,n/e,2,,n/e,n/e,n/e,n/e,n/e,n/e,0,,n/e,n/e,0,,n/e,n/e,n/e,n/e,32,
21:00 - 22:00,34,,n/e,n/e,n/e,n/e,189,,n/e,n/e,n/e,n/e,n/e,n/e,n/e,n/e,n/e,n/e,n/e,n/e,1,,n/e,n/e,n/e,n/e,n/e,n/e,0,,n/e,n/e,0,,n/e,n/e,n/e,n/e,32,
22:00 - 23:00,34,,n/e,n/e,n/e,n/e,150,,n/e,n/e,n/e,n/e,n/e,n/e,n/e,n/e,n/e,n/e,n/e,n/e,1,,n/e,n/e,n/e,n/e,n/e,n/e,0,,n/e,n/e,0,,n/e,n/e,n/e,n/e,19,
23:00 - 00:00,35,,n/e,n/e,n/e,n/e,150,,n/e,n/e,n/e,n/e,n/e,n/e,n/e,n/e,n/e,n/e,n/e,n/e,1,,n/e,n/e,n/e,n/e,n/e,n/e,0,,n/e,n/e,0,,n/e,n/e,n/e,n/e,15,
00:00 - 01:00,35,,n/e,n/e,n/e,n/e,151,,n/e,n/e,n/e,n/e,n/e,n/e,n/e,n/e,n/e,n/e,n/e,n/e,1,,n/e,n/e,n/e,n/e,n/e,n/e,0,,n/e,n/e,0,,n/e,n/e,n/e,n/e,19,
01:00 - 02:00,37,,n/e,n/e,n/e,n/e,152,,n/e,n/e,n/e,n/e,n/e,n/e,n/e,n/e,n/e,n/e,n/e,n/e,50,,n/e,n/e,n/e,n/e,n/e,n/e,0,,n/e,n/e,0,,n/e,n/e,n/e,n/e,13,
02:00 - 03:00,41,,n/e,n/e,n/e,n/e,155,,n/e,n/e,n/e,n/e,n/e,n/e,n/e,n/e,n/e,n/e,n/e,n/e,51,,n/e,n/e,n/e,n/e,n/e,n/e,0,,n/e,n/e,0,,n/e,n/e,n/e,n/e,17,
03:00 - 04:00,43,,n/e,n/e,n/e,n/e,154,,n/e,n/e,n/e,n/e,n/e,n/e,n/e,n/e,n/e,n/e,n/e,n/e,55,,n/e,n/e,n/e,n/e,n/e,n/e,0,,n/e,n/e,0,,n/e,n/e,n/e,n/e,20,
04:00 - 05:00,48,,n/e,n/e,n/e,n/e,153,,n/e,n/e,n/e,n/e,n/e,n/e,n/e,n/e,n/e,n/e,n/e,n/e,140,,n/e,n/e,n/e,n/e,n/e,n/e,0,,n/e,n/e,5,,n/e,n/e,n/e,n/e,18,
05:00 - 06:00,53,,n/e,n/e,n/e,n/e,153,,n/e,n/e,n/e,n/e,n/e,n/e,n/e,n/e,n/e,n/e,n/e,n/e,167,,n/e,n/e,n/e,n/e,n/e,n/e,0,,n/e,n/e,48,,n/e,n/e,n/e,n/e,13,
06:00 - 07:00,50,,n/e,n/e,n/e,n/e,153,,n/e,n/e,n/e,n/e,n/e,n/e,n/e,n/e,n/e,n/e,n/e,n/e,151,,n/e,n/e,n/e,n/e,n/e,n/e,0,,n/e,n/e,128,,n/e,n/e,n/e,n/e,8,
07:00 - 08:00,39,,n/e,n/e,n/e,n/e,151,,n/e,n/e,n/e,n/e,n/e,n/e,n/e,n/e,n/e,n/e,n/e,n/e,13,,n/e,n/e,n/e,n/e,n/e,n/e,0,,n/e,n/e,199,,n/e,n/e,n/e,n/e,5,
08:00 - 09:00,35,,n/e,n/e,n/e,n/e,151,,n/e,n/e,n/e,n/e,n/e,n/e,n/e,n/e,n/e,n/e,n/e,n/e,2,,n/e,n/e,n/e,n/e,n/e,n/e,0,,n/e,n/e,252,,n/e,n/e,n/e,n/e,3,
09:00 - 10:00,32,,n/e,n/e,n/e,n/e,150,,n/e,n/e,n/e,n/e,n/e,n/e,n/e,n/e,n/e,n/e,n/e,n/e,2,,n/e,n/e,n/e,n/e,n/e,n/e,0,,n/e,n/e,289,,n/e,n/e,n/e,n/e,6,
10:00 - 11:00,35,,n/e,n/e,n/e,n/e,150,,n/e,n/e,n/e,n/e,n/e,n/e,n/e,n/e,n/e,n/e,n/e,n/e,2,,n/e,n/e,n/e,n/e,n/e,n/e,0,,n/e,n/e,295,,n/e,n/e,n/e,n/e,14,
11:00 - 12:00,35,,n/e,n/e,n/e,n/e,150,,n/e,n/e,n/e,n/e,n/e,n/e,n/e,n/e,n/e,n/e,n/e,n/e,2,,n/e,n/e,n/e,n/e,n/e,n/e,0,,n/e,n/e,273,,n/e,n/e,n/e,n/e,22,
12:00 - 13:00,34,,n/e,n/e,n/e,n/e,150,,n/e,n/e,n/e,n/e,n/e,n/e,n/e,n/e,n/e,n/e,n/e,n/e,2,,n/e,n/e,n/e,n/e,n/e,n/e,0,,n/e,n/e,225,,n/e,n/e,n/e,n/e,11,
13:00 - 14:00,34,,n/e,n/e,n/e,n/e,151,,n/e,n/e,n/e,n/e,n/e,n/e,n/e,n/e,n/e,n/e,n/e,n/e,19,,n/e,n/e,n/e,n/e,n/e,n/e,0,,n/e,n/e,144,,n/e,n/e,n/e,n/e,4,
14:00 - 15:00,43,,n/e,n/e,n/e,n/e,153,,n/e,n/e,n/e,n/e,n/e,n/e,n/e,n/e,n/e,n/e,n/e,n/e,183,,n/e,n/e,n/e,n/e,n/e,n/e,0,,n/e,n/e,69,,n/e,n/e,n/e,n/e,11,
15:00 - 16:00,48,,n/e,n/e,n/e,n/e,155,,n/e,n/e,n/e,n/e,n/e,n/e,n/e,n/e,n/e,n/e,n/e,n/e,181,,n/e,n/e,n/e,n/e,n/e,n/e,0,,n/e,n/e,16,,n/e,n/e,n/e,n/e,9,
16:00 - 17:00,50,,n/e,n/e,n/e,n/e,155,,n/e,n/e,n/e,n/e,n/e,n/e,n/e,n/e,n/e,n/e,n/e,n/e,141,,n/e,n/e,n/e,n/e,n/e,n/e,0,,n/e,n/e,1,,n/e,n/e,n/e,n/e,31,
17:00 - 18:00,51,,n/e,n/e,n/e,n/e,155,,n/e,n/e,n/e,n/e,n/e,n/e,n/e,n/e,n/e,n/e,n/e,n/e,150,,n/e,n/e,n/e,n/e,n/e,n/e,0,,n/e,n/e,1,,n/e,n/e,n/e,n/e,32,
18:00 - 19:00,44,,n/e,n/e,n/e,n/e,151,,n/e,n/e,n/e,n/e,n/e,n/e,n/e,n/e,n/e,n/e,n/e,n/e,121,,n/e,n/e,n/e,n/e,n/e,n/e,0,,n/e,n/e,1,,n/e,n/e,n/e,n/e,29,
19:00 - 20:00,38,,n/e,n/e,n/e,n/e,151,,n/e,n/e,n/e,n/e,n/e,n/e,n/e,n/e,n/e,n/e,n/e,n/e,36,,n/e,n/e,n/e,n/e,n/e,n/e,0,,n/e,n/e,0,,n/e,n/e,n/e,n/e,33,
20:00 - 21:00,35,,n/e,n/e,n/e,n/e,151,,n/e,n/e,n/e,n/e,n/e,n/e,n/e,n/e,n/e,n/e,n/e,n/e,1,,n/e,n/e,n/e,n/e,n/e,n/e,0,,n/e,n/e,0,,n/e,n/e,n/e,n/e,48,
21:00 - 22:00,31,,n/e,n/e,n/e,n/e,150,,n/e,n/e,n/e,n/e,n/e,n/e,n/e,n/e,n/e,n/e,n/e,n/e,1,,n/e,n/e,n/e,n/e,n/e,n/e,0,,n/e,n/e,0,,n/e,n/e,n/e,n/e,56,
22:00 - 23:00,31,,n/e,n/e,n/e,n/e,150,,n/e,n/e,n/e,n/e,n/e,n/e,n/e,n/e,n/e,n/e,n/e,n/e,1,,n/e,n/e,n/e,n/e,n/e,n/e,0,,n/e,n/e,0,,n/e,n/e,n/e,n/e,54,
23:00 - 00:00,31,,n/e,n/e,n/e,n/e,150,,n/e,n/e,n/e,n/e,n/e,n/e,n/e,n/e,n/e,n/e,n/e,n/e,1,,n/e,n/e,n/e,n/e,n/e,n/e,0,,n/e,n/e,0,,n/e,n/e,n/e,n/e,56,
00:00 - 01:00,30,,n/e,n/e,n/e,n/e,150,,n/e,n/e,n/e,n/e,n/e,n/e,n/e,n/e,n/e,n/e,n/e,n/e,1,,n/e,n/e,n/e,n/e,n/e,n/e,0,,n/e,n/e,0,,n/e,n/e,n/e,n/e,61,
01:00 - 02:00,29,,n/e,n/e,n/e,n/e,150,,n/e,n/e,n/e,n/e,n/e,n/e,n/e,n/e,n/e,n/e,n/e,n/e,1,,n/e,n/e,n/e,n/e,n/e,n/e,0,,n/e,n/e,0,,n/e,n/e,n/e,n/e,62,
02:00 - 03:00,29,,n/e,n/e,n/e,n/e,150,,n/e,n/e,n/e,n/e,n/e,n/e,n/e,n/e,n/e,n/e,n/e,n/e,1,,n/e,n/e,n/e,n/e,n/e,n/e,0,,n/e,n/e,0,,n/e,n/e,n/e,n/e,67,
03:00 - 04:00,29,,n/e,n/e,n/e,n/e,150,,n/e,n/e,n/e,n/e,n/e,n/e,n/e,n/e,n/e,n/e,n/e,n/e,1,,n/e,n/e,n/e,n/e,n/e,n/e,0,,n/e,n/e,0,,n/e,n/e,n/e,n/e,77,
04:00 - 05:00,35,,n/e,n/e,n/e,n/e,151,,n/e,n/e,n/e,n/e,n/e,n/e,n/e,n/e,n/e,n/e,n/e,n/e,2,,n/e,n/e,n/e,n/e,n/e,n/e,0,,n/e,n/e,4,,n/e,n/e,n/e,n/e,73,
05:00 - 06:00,38,,n/e,n/e,n/e,n/e,151,,n/e,n/e,n/e,n/e,n/e,n/e,n/e,n/e,n/e,n/e,n/e,n/e,37,,n/e,n/e,n/e,n/e,n/e,n/e,0,,n/e,n/e,23,,n/e,n/e,n/e,n/e,67,
06:00 - 07:00,36,,n/e,n/e,n/e,n/e,152,,n/e,n/e,n/e,n/e,n/e,n/e,n/e,n/e,n/e,n/e,n/e,n/e,50,,n/e,n/e,n/e,n/e,n/e,n/e,0,,n/e,n/e,42,,n/e,n/e,n/e,n/e,59,
07:00 - 08:00,33,,n/e,n/e,n/e,n/e,151,,n/e,n/e,n/e,n/e,n/e,n/e,n/e,n/e,n/e,n/e,n/e,n/e,41,,n/e,n/e,n/e,n/e,n/e,n/e,0,,n/e,n/e,88,,n/e,n/e,n/e,n/e,80,
08:00 - 09:00,34,,n/e,n/e,n/e,n/e,151,,n/e,n/e,n/e,n/e,n/e,n/e,n/e,n/e,n/e,n/e,n/e,n/e,1,,n/e,n/e,n/e,n/e,n/e,n/e,0,,n/e,n/e,131,,n/e,n/e,n/e,n/e,77,
09:00 - 10:00,31,,n/e,n/e,n/e,n/e,151,,n/e,n/e,n/e,n/e,n/e,n/e,n/e,n/e,n/e,n/e,n/e,n/e,27,,n/e,n/e,n/e,n/e,n/e,n/e,0,,n/e,n/e,183,,n/e,n/e,n/e,n/e,72,
10:00 - 11:00,30,,n/e,n/e,n/e,n/e,151,,n/e,n/e,n/e,n/e,n/e,n/e,n/e,n/e,n/e,n/e,n/e,n/e,37,,n/e,n/e,n/e,n/e,n/e,n/e,0,,n/e,n/e,178,,n/e,n/e,n/e,n/e,63,
11:00 - 12:00,30,,n/e,n/e,n/e,n/e,151,,n/e,n/e,n/e,n/e,n/e,n/e,n/e,n/e,n/e,n/e,n/e,n/e,37,,n/e,n/e,n/e,n/e,n/e,n/e,0,,n/e,n/e,166,,n/e,n/e,n/e,n/e,79,
12:00 - 13:00,29,,n/e,n/e,n/e,n/e,150,,n/e,n/e,n/e,n/e,n/e,n/e,n/e,n/e,n/e,n/e,n/e,n/e,30,,n/e,n/e,n/e,n/e,n/e,n/e,0,,n/e,n/e,152,,n/e,n/e,n/e,n/e,76,
13:00 - 14:00,28,,n/e,n/e,n/e,n/e,150,,n/e,n/e,n/e,n/e,n/e,n/e,n/e,n/e,n/e,n/e,n/e,n/e,37,,n/e,n/e,n/e,n/e,n/e,n/e,0,,n/e,n/e,105,,n/e,n/e,n/e,n/e,87,
14:00 - 15:00,28,,n/e,n/e,n/e,n/e,153,,n/e,n/e,n/e,n/e,n/e,n/e,n/e,n/e,n/e,n/e,n/e,n/e,112,,n/e,n/e,n/e,n/e,n/e,n/e,0,,n/e,n/e,54,,n/e,n/e,n/e,n/e,88,
15:00 - 16:00,34,,n/e,n/e,n/e,n/e,152,,n/e,n/e,n/e,n/e,n/e,n/e,n/e,n/e,n/e,n/e,n/e,n/e,313,,n/e,n/e,n/e,n/e,n/e,n/e,0,,n/e,n/e,12,,n/e,n/e,n/e,n/e,75,
16:00 - 17:00,41,,n/e,n/e,n/e,n/e,154,,n/e,n/e,n/e,n/e,n/e,n/e,n/e,n/e,n/e,n/e,n/e,n/e,317,,n/e,n/e,n/e,n/e,n/e,n/e,0,,n/e,n/e,1,,n/e,n/e,n/e,n/e,57,
17:00 - 18:00,41,,n/e,n/e,n/e,n/e,155,,n/e,n/e,n/e,n/e,n/e,n/e,n/e,n/e,n/e,n/e,n/e,n/e,319,,n/e,n/e,n/e,n/e,n/e,n/e,0,,n/e,n/e,0,,n/e,n/e,n/e,n/e,46,
18:00 - 19:00,42,,n/e,n/e,n/e,n/e,154,,n/e,n/e,n/e,n/e,n/e,n/e,n/e,n/e,n/e,n/e,n/e,n/e,316,,n/e,n/e,n/e,n/e,n/e,n/e,0,,n/e,n/e,0,,n/e,n/e,n/e,n/e,50,
19:00 - 20:00,32,,n/e,n/e,n/e,n/e,150,,n/e,n/e,n/e,n/e,n/e,n/e,n/e,n/e,n/e,n/e,n/e,n/e,91,,n/e,n/e,n/e,n/e,n/e,n/e,0,,n/e,n/e,0,,n/e,n/e,n/e,n/e,26,
20:00 - 21:00,30,,n/e,n/e,n/e,n/e,150,,n/e,n/e,n/e,n/e,n/e,n/e,n/e,n/e,n/e,n/e,n/e,n/e,4,,n/e,n/e,n/e,n/e,n/e,n/e,0,,n/e,n/e,0,,n/e,n/e,n/e,n/e,20,
21:00 - 22:00,29,,n/e,n/e,n/e,n/e,150,,n/e,n/e,n/e,n/e,n/e,n/e,n/e,n/e,n/e,n/e,n/e,n/e,1,,n/e,n/e,n/e,n/e,n/e,n/e,0,,n/e,n/e,0,,n/e,n/e,n/e,n/e,35,
22:00 - 23:00,30,,n/e,n/e,n/e,n/e,150,,n/e,n/e,n/e,n/e,n/e,n/e,n/e,n/e,n/e,n/e,n/e,n/e,1,,n/e,n/e,n/e,n/e,n/e,n/e,0,,n/e,n/e,0,,n/e,n/e,n/e,n/e,34,
23:00 - 00:00,31,,n/e,n/e,n/e,n/e,150,,n/e,n/e,n/e,n/e,n/e,n/e,n/e,n/e,n/e,n/e,n/e,n/e,1,,n/e,n/e,n/e,n/e,n/e,n/e,0,,n/e,n/e,0,,n/e,n/e,n/e,n/e,34,
00:00 - 01:00,31,,n/e,n/e,n/e,n/e,150,,n/e,n/e,n/e,n/e,n/e,n/e,n/e,n/e,n/e,n/e,n/e,n/e,1,,n/e,n/e,n/e,n/e,n/e,n/e,0,,n/e,n/e,0,,n/e,n/e,n/e,n/e,33,
01:00 - 02:00,30,,n/e,n/e,n/e,n/e,150,,n/e,n/e,n/e,n/e,n/e,n/e,n/e,n/e,n/e,n/e,n/e,n/e,1,,n/e,n/e,n/e,n/e,n/e,n/e,0,,n/e,n/e,0,,n/e,n/e,n/e,n/e,37,
02:00 - 03:00,31,,n/e,n/e,n/e,n/e,150,,n/e,n/e,n/e,n/e,n/e,n/e,n/e,n/e,n/e,n/e,n/e,n/e,1,,n/e,n/e,n/e,n/e,n/e,n/e,0,,n/e,n/e,0,,n/e,n/e,n/e,n/e,35,
03:00 - 04:00,35,,n/e,n/e,n/e,n/e,152,,n/e,n/e,n/e,n/e,n/e,n/e,n/e,n/e,n/e,n/e,n/e,n/e,2,,n/e,n/e,n/e,n/e,n/e,n/e,0,,n/e,n/e,0,,n/e,n/e,n/e,n/e,41,
04:00 - 05:00,42,,n/e,n/e,n/e,n/e,153,,n/e,n/e,n/e,n/e,n/e,n/e,n/e,n/e,n/e,n/e,n/e,n/e,37,,n/e,n/e,n/e,n/e,n/e,n/e,0,,n/e,n/e,4,,n/e,n/e,n/e,n/e,40,
05:00 - 06:00,44,,n/e,n/e,n/e,n/e,153,,n/e,n/e,n/e,n/e,n/e,n/e,n/e,n/e,n/e,n/e,n/e,n/e,63,,n/e,n/e,n/e,n/e,n/e,n/e,0,,n/e,n/e,26,,n/e,n/e,n/e,n/e,31,
06:00 - 07:00,45,,n/e,n/e,n/e,n/e,155,,n/e,n/e,n/e,n/e,n/e,n/e,n/e,n/e,n/e,n/e,n/e,n/e,38,,n/e,n/e,n/e,n/e,n/e,n/e,0,,n/e,n/e,57,,n/e,n/e,n/e,n/e,38,
07:00 - 08:00,40,,n/e,n/e,n/e,n/e,154,,n/e,n/e,n/e,n/e,n/e,n/e,n/e,n/e,n/e,n/e,n/e,n/e,38,,n/e,n/e,n/e,n/e,n/e,n/e,0,,n/e,n/e,91,,n/e,n/e,n/e,n/e,29,
08:00 - 09:00,32,,n/e,n/e,n/e,n/e,151,,n/e,n/e,n/e,n/e,n/e,n/e,n/e,n/e,n/e,n/e,n/e,n/e,37,,n/e,n/e,n/e,n/e,n/e,n/e,0,,n/e,n/e,144,,n/e,n/e,n/e,n/e,16,
09:00 - 10:00,32,,n/e,n/e,n/e,n/e,151,,n/e,n/e,n/e,n/e,n/e,n/e,n/e,n/e,n/e,n/e,n/e,n/e,37,,n/e,n/e,n/e,n/e,n/e,n/e,0,,n/e,n/e,243,,n/e,n/e,n/e,n/e,8,
10:00 - 11:00,31,,n/e,n/e,n/e,n/e,150,,n/e,n/e,n/e,n/e,n/e,n/e,n/e,n/e,n/e,n/e,n/e,n/e,37,,n/e,n/e,n/e,n/e,n/e,n/e,0,,n/e,n/e,235,,n/e,n/e,n/e,n/e,8,
11:00 - 12:00,31,,n/e,n/e,n/e,n/e,150,,n/e,n/e,n/e,n/e,n/e,n/e,n/e,n/e,n/e,n/e,n/e,n/e,19,,n/e,n/e,n/e,n/e,n/e,n/e,0,,n/e,n/e,196,,n/e,n/e,n/e,n/e,3,
12:00 - 13:00,31,,n/e,n/e,n/e,n/e,151,,n/e,n/e,n/e,n/e,n/e,n/e,n/e,n/e,n/e,n/e,n/e,n/e,20,,n/e,n/e,n/e,n/e,n/e,n/e,0,,n/e,n/e,120,,n/e,n/e,n/e,n/e,6,
13:00 - 14:00,34,,n/e,n/e,n/e,n/e,151,,n/e,n/e,n/e,n/e,n/e,n/e,n/e,n/e,n/e,n/e,n/e,n/e,37,,n/e,n/e,n/e,n/e,n/e,n/e,0,,n/e,n/e,56,,n/e,n/e,n/e,n/e,9,
14:00 - 15:00,37,,n/e,n/e,n/e,n/e,150,,n/e,n/e,n/e,n/e,n/e,n/e,n/e,n/e,n/e,n/e,n/e,n/e,43,,n/e,n/e,n/e,n/e,n/e,n/e,0,,n/e,n/e,26,,n/e,n/e,n/e,n/e,14,
15:00 - 16:00,45,,n/e,n/e,n/e,n/e,152,,n/e,n/e,n/e,n/e,n/e,n/e,n/e,n/e,n/e,n/e,n/e,n/e,136,,n/e,n/e,n/e,n/e,n/e,n/e,0,,n/e,n/e,6,,n/e,n/e,n/e,n/e,18,
16:00 - 17:00,50,,n/e,n/e,n/e,n/e,153,,n/e,n/e,n/e,n/e,n/e,n/e,n/e,n/e,n/e,n/e,n/e,n/e,138,,n/e,n/e,n/e,n/e,n/e,n/e,0,,n/e,n/e,0,,n/e,n/e,n/e,n/e,21,
17:00 - 18:00,48,,n/e,n/e,n/e,n/e,153,,n/e,n/e,n/e,n/e,n/e,n/e,n/e,n/e,n/e,n/e,n/e,n/e,139,,n/e,n/e,n/e,n/e,n/e,n/e,0,,n/e,n/e,1,,n/e,n/e,n/e,n/e,43,
18:00 - 19:00,42,,n/e,n/e,n/e,n/e,153,,n/e,n/e,n/e,n/e,n/e,n/e,n/e,n/e,n/e,n/e,n/e,n/e,117,,n/e,n/e,n/e,n/e,n/e,n/e,0,,n/e,n/e,1,,n/e,n/e,n/e,n/e,66,
19:00 - 20:00,42,,n/e,n/e,n/e,n/e,150,,n/e,n/e,n/e,n/e,n/e,n/e,n/e,n/e,n/e,n/e,n/e,n/e,115,,n/e,n/e,n/e,n/e,n/e,n/e,0,,n/e,n/e,0,,n/e,n/e,n/e,n/e,61,
20:00 - 21:00,36,,n/e,n/e,n/e,n/e,150,,n/e,n/e,n/e,n/e,n/e,n/e,n/e,n/e,n/e,n/e,n/e,n/e,52,,n/e,n/e,n/e,n/e,n/e,n/e,0,,n/e,n/e,0,,n/e,n/e,n/e,n/e,60,
21:00 - 22:00,33,,n/e,n/e,n/e,n/e,150,,n/e,n/e,n/e,n/e,n/e,n/e,n/e,n/e,n/e,n/e,n/e,n/e,10,,n/e,n/e,n/e,n/e,n/e,n/e,0,,n/e,n/e,0,,n/e,n/e,n/e,n/e,70,
22:00 - 23:00,31,,n/e,n/e,n/e,n/e,150,,n/e,n/e,n/e,n/e,n/e,n/e,n/e,n/e,n/e,n/e,n/e,n/e,9,,n/e,n/e,n/e,n/e,n/e,n/e,0,,n/e,n/e,0,,n/e,n/e,n/e,n/e,75,
23:00 - 00:00,32,,n/e,n/e,n/e,n/e,150,,n/e,n/e,n/e,n/e,n/e,n/e,n/e,n/e,n/e,n/e,n/e,n/e,10,,n/e,n/e,n/e,n/e,n/e,n/e,0,,n/e,n/e,0,,n/e,n/e,n/e,n/e,69,
00:00 - 01:00,31,,n/e,n/e,n/e,n/e,150,,n/e,n/e,n/e,n/e,n/e,n/e,n/e,n/e,n/e,n/e,n/e,n/e,9,,n/e,n/e,n/e,n/e,n/e,n/e,0,,n/e,n/e,0,,n/e,n/e,n/e,n/e,81,
01:00 - 02:00,31,,n/e,n/e,n/e,n/e,150,,n/e,n/e,n/e,n/e,n/e,n/e,n/e,n/e,n/e,n/e,n/e,n/e,9,,n/e,n/e,n/e,n/e,n/e,n/e,0,,n/e,n/e,0,,n/e,n/e,n/e,n/e,75,
02:00 - 03:00,31,,n/e,n/e,n/e,n/e,150,,n/e,n/e,n/e,n/e,n/e,n/e,n/e,n/e,n/e,n/e,n/e,n/e,9,,n/e,n/e,n/e,n/e,n/e,n/e,0,,n/e,n/e,0,,n/e,n/e,n/e,n/e,55,
03:00 - 04:00,30,,n/e,n/e,n/e,n/e,150,,n/e,n/e,n/e,n/e,n/e,n/e,n/e,n/e,n/e,n/e,n/e,n/e,10,,n/e,n/e,n/e,n/e,n/e,n/e,0,,n/e,n/e,0,,n/e,n/e,n/e,n/e,61,
04:00 - 05:00,33,,n/e,n/e,n/e,n/e,150,,n/e,n/e,n/e,n/e,n/e,n/e,n/e,n/e,n/e,n/e,n/e,n/e,10,,n/e,n/e,n/e,n/e,n/e,n/e,0,,n/e,n/e,1,,n/e,n/e,n/e,n/e,68,
05:00 - 06:00,34,,n/e,n/e,n/e,n/e,150,,n/e,n/e,n/e,n/e,n/e,n/e,n/e,n/e,n/e,n/e,n/e,n/e,13,,n/e,n/e,n/e,n/e,n/e,n/e,0,,n/e,n/e,7,,n/e,n/e,n/e,n/e,70,
06:00 - 07:00,34,,n/e,n/e,n/e,n/e,150,,n/e,n/e,n/e,n/e,n/e,n/e,n/e,n/e,n/e,n/e,n/e,n/e,60,,n/e,n/e,n/e,n/e,n/e,n/e,0,,n/e,n/e,18,,n/e,n/e,n/e,n/e,74,
07:00 - 08:00,34,,n/e,n/e,n/e,n/e,150,,n/e,n/e,n/e,n/e,n/e,n/e,n/e,n/e,n/e,n/e,n/e,n/e,1,,n/e,n/e,n/e,n/e,n/e,n/e,0,,n/e,n/e,27,,n/e,n/e,n/e,n/e,76,
08:00 - 09:00,31,,n/e,n/e,n/e,n/e,150,,n/e,n/e,n/e,n/e,n/e,n/e,n/e,n/e,n/e,n/e,n/e,n/e,1,,n/e,n/e,n/e,n/e,n/e,n/e,0,,n/e,n/e,56,,n/e,n/e,n/e,n/e,74,
09:00 - 10:00,29,,n/e,n/e,n/e,n/e,150,,n/e,n/e,n/e,n/e,n/e,n/e,n/e,n/e,n/e,n/e,n/e,n/e,1,,n/e,n/e,n/e,n/e,n/e,n/e,0,,n/e,n/e,93,,n/e,n/e,n/e,n/e,46,
10:00 - 11:00,29,,n/e,n/e,n/e,n/e,151,,n/e,n/e,n/e,n/e,n/e,n/e,n/e,n/e,n/e,n/e,n/e,n/e,1,,n/e,n/e,n/e,n/e,n/e,n/e,0,,n/e,n/e,119,,n/e,n/e,n/e,n/e,84,
11:00 - 12:00,29,,n/e,n/e,n/e,n/e,150,,n/e,n/e,n/e,n/e,n/e,n/e,n/e,n/e,n/e,n/e,n/e,n/e,31,,n/e,n/e,n/e,n/e,n/e,n/e,0,,n/e,n/e,144,,n/e,n/e,n/e,n/e,92,
12:00 - 13:00,28,,n/e,n/e,n/e,n/e,150,,n/e,n/e,n/e,n/e,n/e,n/e,n/e,n/e,n/e,n/e,n/e,n/e,1,,n/e,n/e,n/e,n/e,n/e,n/e,0,,n/e,n/e,132,,n/e,n/e,n/e,n/e,97,
13:00 - 14:00,29,,n/e,n/e,n/e,n/e,150,,n/e,n/e,n/e,n/e,n/e,n/e,n/e,n/e,n/e,n/e,n/e,n/e,1,,n/e,n/e,n/e,n/e,n/e,n/e,0,,n/e,n/e,95,,n/e,n/e,n/e,n/e,107,
14:00 - 15:00,29,,n/e,n/e,n/e,n/e,150,,n/e,n/e,n/e,n/e,n/e,n/e,n/e,n/e,n/e,n/e,n/e,n/e,1,,n/e,n/e,n/e,n/e,n/e,n/e,0,,n/e,n/e,56,,n/e,n/e,n/e,n/e,110,
15:00 - 16:00,29,,n/e,n/e,n/e,n/e,150,,n/e,n/e,n/e,n/e,n/e,n/e,n/e,n/e,n/e,n/e,n/e,n/e,2,,n/e,n/e,n/e,n/e,n/e,n/e,0,,n/e,n/e,13,,n/e,n/e,n/e,n/e,111,
16:00 - 17:00,31,,n/e,n/e,n/e,n/e,150,,n/e,n/e,n/e,n/e,n/e,n/e,n/e,n/e,n/e,n/e,n/e,n/e,49,,n/e,n/e,n/e,n/e,n/e,n/e,0,,n/e,n/e,1,,n/e,n/e,n/e,n/e,113,
17:00 - 18:00,32,,n/e,n/e,n/e,n/e,150,,n/e,n/e,n/e,n/e,n/e,n/e,n/e,n/e,n/e,n/e,n/e,n/e,4,,n/e,n/e,n/e,n/e,n/e,n/e,0,,n/e,n/e,0,,n/e,n/e,n/e,n/e,107,
18:00 - 19:00,31,,n/e,n/e,n/e,n/e,150,,n/e,n/e,n/e,n/e,n/e,n/e,n/e,n/e,n/e,n/e,n/e,n/e,2,,n/e,n/e,n/e,n/e,n/e,n/e,0,,n/e,n/e,0,,n/e,n/e,n/e,n/e,85,
19:00 - 20:00,31,,n/e,n/e,n/e,n/e,150,,n/e,n/e,n/e,n/e,n/e,n/e,n/e,n/e,n/e,n/e,n/e,n/e,1,,n/e,n/e,n/e,n/e,n/e,n/e,0,,n/e,n/e,0,,n/e,n/e,n/e,n/e,57,
20:00 - 21:00,30,,n/e,n/e,n/e,n/e,150,,n/e,n/e,n/e,n/e,n/e,n/e,n/e,n/e,n/e,n/e,n/e,n/e,1,,n/e,n/e,n/e,n/e,n/e,n/e,0,,n/e,n/e,0,,n/e,n/e,n/e,n/e,88,
21:00 - 22:00,29,,n/e,n/e,n/e,n/e,150,,n/e,n/e,n/e,n/e,n/e,n/e,n/e,n/e,n/e,n/e,n/e,n/e,1,,n/e,n/e,n/e,n/e,n/e,n/e,0,,n/e,n/e,0,,n/e,n/e,n/e,n/e,59,
22:00 - 23:00,29,,n/e,n/e,n/e,n/e,150,,n/e,n/e,n/e,n/e,n/e,n/e,n/e,n/e,n/e,n/e,n/e,n/e,1,,n/e,n/e,n/e,n/e,n/e,n/e,0,,n/e,n/e,0,,n/e,n/e,n/e,n/e,66,
23:00 - 00:00,29,,n/e,n/e,n/e,n/e,151,,n/e,n/e,n/e,n/e,n/e,n/e,n/e,n/e,n/e,n/e,n/e,n/e,1,,n/e,n/e,n/e,n/e,n/e,n/e,0,,n/e,n/e,0,,n/e,n/e,n/e,n/e,44,
00:00 - 01:00,29,,n/e,n/e,n/e,n/e,150,,n/e,n/e,n/e,n/e,n/e,n/e,n/e,n/e,n/e,n/e,n/e,n/e,1,,n/e,n/e,n/e,n/e,n/e,n/e,0,,n/e,n/e,0,,n/e,n/e,n/e,n/e,42,
01:00 - 02:00,28,,n/e,n/e,n/e,n/e,150,,n/e,n/e,n/e,n/e,n/e,n/e,n/e,n/e,n/e,n/e,n/e,n/e,1,,n/e,n/e,n/e,n/e,n/e,n/e,0,,n/e,n/e,0,,n/e,n/e,n/e,n/e,37,
02:00 - 03:00,28,,n/e,n/e,n/e,n/e,150,,n/e,n/e,n/e,n/e,n/e,n/e,n/e,n/e,n/e,n/e,n/e,n/e,1,,n/e,n/e,n/e,n/e,n/e,n/e,0,,n/e,n/e,0,,n/e,n/e,n/e,n/e,24,
03:00 - 04:00,28,,n/e,n/e,n/e,n/e,150,,n/e,n/e,n/e,n/e,n/e,n/e,n/e,n/e,n/e,n/e,n/e,n/e,1,,n/e,n/e,n/e,n/e,n/e,n/e,0,,n/e,n/e,0,,n/e,n/e,n/e,n/e,19,
04:00 - 05:00,28,,n/e,n/e,n/e,n/e,150,,n/e,n/e,n/e,n/e,n/e,n/e,n/e,n/e,n/e,n/e,n/e,n/e,2,,n/e,n/e,n/e,n/e,n/e,n/e,0,,n/e,n/e,0,,n/e,n/e,n/e,n/e,30,
05:00 - 06:00,28,,n/e,n/e,n/e,n/e,150,,n/e,n/e,n/e,n/e,n/e,n/e,n/e,n/e,n/e,n/e,n/e,n/e,2,,n/e,n/e,n/e,n/e,n/e,n/e,0,,n/e,n/e,7,,n/e,n/e,n/e,n/e,34,
06:00 - 07:00,31,,n/e,n/e,n/e,n/e,150,,n/e,n/e,n/e,n/e,n/e,n/e,n/e,n/e,n/e,n/e,n/e,n/e,2,,n/e,n/e,n/e,n/e,n/e,n/e,0,,n/e,n/e,49,,n/e,n/e,n/e,n/e,29,
07:00 - 08:00,32,,n/e,n/e,n/e,n/e,150,,n/e,n/e,n/e,n/e,n/e,n/e,n/e,n/e,n/e,n/e,n/e,n/e,2,,n/e,n/e,n/e,n/e,n/e,n/e,0,,n/e,n/e,158,,n/e,n/e,n/e,n/e,24,
08:00 - 09:00,33,,n/e,n/e,n/e,n/e,150,,n/e,n/e,n/e,n/e,n/e,n/e,n/e,n/e,n/e,n/e,n/e,n/e,3,,n/e,n/e,n/e,n/e,n/e,n/e,0,,n/e,n/e,241,,n/e,n/e,n/e,n/e,39,
09:00 - 10:00,33,,n/e,n/e,n/e,n/e,150,,n/e,n/e,n/e,n/e,n/e,n/e,n/e,n/e,n/e,n/e,n/e,n/e,3,,n/e,n/e,n/e,n/e,n/e,n/e,0,,n/e,n/e,256,,n/e,n/e,n/e,n/e,53,
10:00 - 11:00,31,,n/e,n/e,n/e,n/e,150,,n/e,n/e,n/e,n/e,n/e,n/e,n/e,n/e,n/e,n/e,n/e,n/e,3,,n/e,n/e,n/e,n/e,n/e,n/e,0,,n/e,n/e,195,,n/e,n/e,n/e,n/e,43,
11:00 - 12:00,30,,n/e,n/e,n/e,n/e,150,,n/e,n/e,n/e,n/e,n/e,n/e,n/e,n/e,n/e,n/e,n/e,n/e,2,,n/e,n/e,n/e,n/e,n/e,n/e,0,,n/e,n/e,131,,n/e,n/e,n/e,n/e,34,
12:00 - 13:00,32,,n/e,n/e,n/e,n/e,151,,n/e,n/e,n/e,n/e,n/e,n/e,n/e,n/e,n/e,n/e,n/e,n/e,2,,n/e,n/e,n/e,n/e,n/e,n/e,0,,n/e,n/e,82,,n/e,n/e,n/e,n/e,41,
13:00 - 14:00,37,,n/e,n/e,n/e,n/e,152,,n/e,n/e,n/e,n/e,n/e,n/e,n/e,n/e,n/e,n/e,n/e,n/e,2,,n/e,n/e,n/e,n/e,n/e,n/e,0,,n/e,n/e,52,,n/e,n/e,n/e,n/e,75,
14:00 - 15:00,42,,n/e,n/e,n/e,n/e,155,,n/e,n/e,n/e,n/e,n/e,n/e,n/e,n/e,n/e,n/e,n/e,n/e,3,,n/e,n/e,n/e,n/e,n/e,n/e,0,,n/e,n/e,31,,n/e,n/e,n/e,n/e,52,
15:00 - 16:00,45,,n/e,n/e,n/e,n/e,155,,n/e,n/e,n/e,n/e,n/e,n/e,n/e,n/e,n/e,n/e,n/e,n/e,3,,n/e,n/e,n/e,n/e,n/e,n/e,0,,n/e,n/e,8,,n/e,n/e,n/e,n/e,66,
16:00 - 17:00,45,,n/e,n/e,n/e,n/e,155,,n/e,n/e,n/e,n/e,n/e,n/e,n/e,n/e,n/e,n/e,n/e,n/e,4,,n/e,n/e,n/e,n/e,n/e,n/e,0,,n/e,n/e,0,,n/e,n/e,n/e,n/e,63,
17:00 - 18:00,48,,n/e,n/e,n/e,n/e,155,,n/e,n/e,n/e,n/e,n/e,n/e,n/e,n/e,n/e,n/e,n/e,n/e,5,,n/e,n/e,n/e,n/e,n/e,n/e,0,,n/e,n/e,0,,n/e,n/e,n/e,n/e,45,
18:00 - 19:00,46,,n/e,n/e,n/e,n/e,155,,n/e,n/e,n/e,n/e,n/e,n/e,n/e,n/e,n/e,n/e,n/e,n/e,3,,n/e,n/e,n/e,n/e,n/e,n/e,0,,n/e,n/e,0,,n/e,n/e,n/e,n/e,34,
19:00 - 20:00,43,,n/e,n/e,n/e,n/e,152,,n/e,n/e,n/e,n/e,n/e,n/e,n/e,n/e,n/e,n/e,n/e,n/e,3,,n/e,n/e,n/e,n/e,n/e,n/e,0,,n/e,n/e,0,,n/e,n/e,n/e,n/e,36,
20:00 - 21:00,40,,n/e,n/e,n/e,n/e,151,,n/e,n/e,n/e,n/e,n/e,n/e,n/e,n/e,n/e,n/e,n/e,n/e,2,,n/e,n/e,n/e,n/e,n/e,n/e,0,,n/e,n/e,0,,n/e,n/e,n/e,n/e,35,
21:00 - 22:00,31,,n/e,n/e,n/e,n/e,150,,n/e,n/e,n/e,n/e,n/e,n/e,n/e,n/e,n/e,n/e,n/e,n/e,2,,n/e,n/e,n/e,n/e,n/e,n/e,0,,n/e,n/e,0,,n/e,n/e,n/e,n/e,71,
22:00 - 23:00,31,,n/e,n/e,n/e,n/e,150,,n/e,n/e,n/e,n/e,n/e,n/e,n/e,n/e,n/e,n/e,n/e,n/e,1,,n/e,n/e,n/e,n/e,n/e,n/e,0,,n/e,n/e,0,,n/e,n/e,n/e,n/e,59,
23:00 - 00:00,30,,n/e,n/e,n/e,n/e,150,,n/e,n/e,n/e,n/e,n/e,n/e,n/e,n/e,n/e,n/e,n/e,n/e,1,,n/e,n/e,n/e,n/e,n/e,n/e,0,,n/e,n/e,0,,n/e,n/e,n/e,n/e,56,
00:00 - 01:00,31,,n/e,n/e,n/e,n/e,150,,n/e,n/e,n/e,n/e,n/e,n/e,n/e,n/e,n/e,n/e,n/e,n/e,1,,n/e,n/e,n/e,n/e,n/e,n/e,0,,n/e,n/e,0,,n/e,n/e,n/e,n/e,53,
01:00 - 02:00,31,,n/e,n/e,n/e,n/e,150,,n/e,n/e,n/e,n/e,n/e,n/e,n/e,n/e,n/e,n/e,n/e,n/e,1,,n/e,n/e,n/e,n/e,n/e,n/e,0,,n/e,n/e,0,,n/e,n/e,n/e,n/e,49,
02:00 - 03:00,31,,n/e,n/e,n/e,n/e,150,,n/e,n/e,n/e,n/e,n/e,n/e,n/e,n/e,n/e,n/e,n/e,n/e,1,,n/e,n/e,n/e,n/e,n/e,n/e,0,,n/e,n/e,0,,n/e,n/e,n/e,n/e,46,
03:00 - 04:00,31,,n/e,n/e,n/e,n/e,150,,n/e,n/e,n/e,n/e,n/e,n/e,n/e,n/e,n/e,n/e,n/e,n/e,1,,n/e,n/e,n/e,n/e,n/e,n/e,0,,n/e,n/e,0,,n/e,n/e,n/e,n/e,39,
04:00 - 05:00,31,,n/e,n/e,n/e,n/e,151,,n/e,n/e,n/e,n/e,n/e,n/e,n/e,n/e,n/e,n/e,n/e,n/e,1,,n/e,n/e,n/e,n/e,n/e,n/e,0,,n/e,n/e,2,,n/e,n/e,n/e,n/e,39,
05:00 - 06:00,32,,n/e,n/e,n/e,n/e,150,,n/e,n/e,n/e,n/e,n/e,n/e,n/e,n/e,n/e,n/e,n/e,n/e,1,,n/e,n/e,n/e,n/e,n/e,n/e,0,,n/e,n/e,45,,n/e,n/e,n/e,n/e,38,
06:00 - 07:00,33,,n/e,n/e,n/e,n/e,150,,n/e,n/e,n/e,n/e,n/e,n/e,n/e,n/e,n/e,n/e,n/e,n/e,2,,n/e,n/e,n/e,n/e,n/e,n/e,0,,n/e,n/e,129,,n/e,n/e,n/e,n/e,23,
07:00 - 08:00,34,,n/e,n/e,n/e,n/e,150,,n/e,n/e,n/e,n/e,n/e,n/e,n/e,n/e,n/e,n/e,n/e,n/e,2,,n/e,n/e,n/e,n/e,n/e,n/e,0,,n/e,n/e,203,,n/e,n/e,n/e,n/e,33,
08:00 - 09:00,33,,n/e,n/e,n/e,n/e,150,,n/e,n/e,n/e,n/e,n/e,n/e,n/e,n/e,n/e,n/e,n/e,n/e,2,,n/e,n/e,n/e,n/e,n/e,n/e,0,,n/e,n/e,236,,n/e,n/e,n/e,n/e,34,
09:00 - 10:00,32,,n/e,n/e,n/e,n/e,150,,n/e,n/e,n/e,n/e,n/e,n/e,n/e,n/e,n/e,n/e,n/e,n/e,2,,n/e,n/e,n/e,n/e,n/e,n/e,0,,n/e,n/e,248,,n/e,n/e,n/e,n/e,24,
10:00 - 11:00,32,,n/e,n/e,n/e,n/e,150,,n/e,n/e,n/e,n/e,n/e,n/e,n/e,n/e,n/e,n/e,n/e,n/e,2,,n/e,n/e,n/e,n/e,n/e,n/e,0,,n/e,n/e,207,,n/e,n/e,n/e,n/e,19,
11:00 - 12:00,33,,n/e,n/e,n/e,n/e,150,,n/e,n/e,n/e,n/e,n/e,n/e,n/e,n/e,n/e,n/e,n/e,n/e,2,,n/e,n/e,n/e,n/e,n/e,n/e,0,,n/e,n/e,224,,n/e,n/e,n/e,n/e,28,
12:00 - 13:00,32,,n/e,n/e,n/e,n/e,150,,n/e,n/e,n/e,n/e,n/e,n/e,n/e,n/e,n/e,n/e,n/e,n/e,1,,n/e,n/e,n/e,n/e,n/e,n/e,0,,n/e,n/e,182,,n/e,n/e,n/e,n/e,15,
13:00 - 14:00,30,,n/e,n/e,n/e,n/e,150,,n/e,n/e,n/e,n/e,n/e,n/e,n/e,n/e,n/e,n/e,n/e,n/e,1,,n/e,n/e,n/e,n/e,n/e,n/e,0,,n/e,n/e,122,,n/e,n/e,n/e,n/e,8,
14:00 - 15:00,35,,n/e,n/e,n/e,n/e,158,,n/e,n/e,n/e,n/e,n/e,n/e,n/e,n/e,n/e,n/e,n/e,n/e,3,,n/e,n/e,n/e,n/e,n/e,n/e,0,,n/e,n/e,70,,n/e,n/e,n/e,n/e,8,
15:00 - 16:00,44,,n/e,n/e,n/e,n/e,260,,n/e,n/e,n/e,n/e,n/e,n/e,n/e,n/e,n/e,n/e,n/e,n/e,14,,n/e,n/e,n/e,n/e,n/e,n/e,0,,n/e,n/e,15,,n/e,n/e,n/e,n/e,11,
16:00 - 17:00,47,,n/e,n/e,n/e,n/e,284,,n/e,n/e,n/e,n/e,n/e,n/e,n/e,n/e,n/e,n/e,n/e,n/e,5,,n/e,n/e,n/e,n/e,n/e,n/e,0,,n/e,n/e,0,,n/e,n/e,n/e,n/e,11,
17:00 - 18:00,49,,n/e,n/e,n/e,n/e,284,,n/e,n/e,n/e,n/e,n/e,n/e,n/e,n/e,n/e,n/e,n/e,n/e,6,,n/e,n/e,n/e,n/e,n/e,n/e,0,,n/e,n/e,0,,n/e,n/e,n/e,n/e,13,
18:00 - 19:00,46,,n/e,n/e,n/e,n/e,281,,n/e,n/e,n/e,n/e,n/e,n/e,n/e,n/e,n/e,n/e,n/e,n/e,4,,n/e,n/e,n/e,n/e,n/e,n/e,0,,n/e,n/e,0,,n/e,n/e,n/e,n/e,7,
19:00 - 20:00,42,,n/e,n/e,n/e,n/e,203,,n/e,n/e,n/e,n/e,n/e,n/e,n/e,n/e,n/e,n/e,n/e,n/e,2,,n/e,n/e,n/e,n/e,n/e,n/e,0,,n/e,n/e,0,,n/e,n/e,n/e,n/e,12,
20:00 - 21:00,38,,n/e,n/e,n/e,n/e,202,,n/e,n/e,n/e,n/e,n/e,n/e,n/e,n/e,n/e,n/e,n/e,n/e,2,,n/e,n/e,n/e,n/e,n/e,n/e,0,,n/e,n/e,0,,n/e,n/e,n/e,n/e,3,
21:00 - 22:00,30,,n/e,n/e,n/e,n/e,200,,n/e,n/e,n/e,n/e,n/e,n/e,n/e,n/e,n/e,n/e,n/e,n/e,2,,n/e,n/e,n/e,n/e,n/e,n/e,0,,n/e,n/e,0,,n/e,n/e,n/e,n/e,4,
22:00 - 23:00,30,,n/e,n/e,n/e,n/e,200,,n/e,n/e,n/e,n/e,n/e,n/e,n/e,n/e,n/e,n/e,n/e,n/e,1,,n/e,n/e,n/e,n/e,n/e,n/e,0,,n/e,n/e,0,,n/e,n/e,n/e,n/e,1,
23:00 - 00:00,31,,n/e,n/e,n/e,n/e,200,,n/e,n/e,n/e,n/e,n/e,n/e,n/e,n/e,n/e,n/e,n/e,n/e,1,,n/e,n/e,n/e,n/e,n/e,n/e,0,,n/e,n/e,0,,n/e,n/e,n/e,n/e,1,
00:00 - 01:00,31,,n/e,n/e,n/e,n/e,200,,n/e,n/e,n/e,n/e,n/e,n/e,n/e,n/e,n/e,n/e,n/e,n/e,1,,n/e,n/e,n/e,n/e,n/e,n/e,0,,n/e,n/e,0,,n/e,n/e,n/e,n/e,2,
01:00 - 02:00,32,,n/e,n/e,n/e,n/e,200,,n/e,n/e,n/e,n/e,n/e,n/e,n/e,n/e,n/e,n/e,n/e,n/e,1,,n/e,n/e,n/e,n/e,n/e,n/e,0,,n/e,n/e,0,,n/e,n/e,n/e,n/e,5,
02:00 - 03:00,36,,n/e,n/e,n/e,n/e,200,,n/e,n/e,n/e,n/e,n/e,n/e,n/e,n/e,n/e,n/e,n/e,n/e,1,,n/e,n/e,n/e,n/e,n/e,n/e,0,,n/e,n/e,0,,n/e,n/e,n/e,n/e,1,
03:00 - 04:00,42,,n/e,n/e,n/e,n/e,206,,n/e,n/e,n/e,n/e,n/e,n/e,n/e,n/e,n/e,n/e,n/e,n/e,2,,n/e,n/e,n/e,n/e,n/e,n/e,0,,n/e,n/e,0,,n/e,n/e,n/e,n/e,2,
04:00 - 05:00,47,,n/e,n/e,n/e,n/e,284,,n/e,n/e,n/e,n/e,n/e,n/e,n/e,n/e,n/e,n/e,n/e,n/e,24,,n/e,n/e,n/e,n/e,n/e,n/e,0,,n/e,n/e,2,,n/e,n/e,n/e,n/e,4,
05:00 - 06:00,54,,n/e,n/e,n/e,n/e,296,,n/e,n/e,n/e,n/e,n/e,n/e,n/e,n/e,n/e,n/e,n/e,n/e,27,,n/e,n/e,n/e,n/e,n/e,n/e,0,,n/e,n/e,38,,n/e,n/e,n/e,n/e,10,
06:00 - 07:00,54,,n/e,n/e,n/e,n/e,241,,n/e,n/e,n/e,n/e,n/e,n/e,n/e,n/e,n/e,n/e,n/e,n/e,91,,n/e,n/e,n/e,n/e,n/e,n/e,0,,n/e,n/e,114,,n/e,n/e,n/e,n/e,12,
07:00 - 08:00,51,,n/e,n/e,n/e,n/e,155,,n/e,n/e,n/e,n/e,n/e,n/e,n/e,n/e,n/e,n/e,n/e,n/e,4,,n/e,n/e,n/e,n/e,n/e,n/e,0,,n/e,n/e,194,,n/e,n/e,n/e,n/e,2,
08:00 - 09:00,48,,n/e,n/e,n/e,n/e,153,,n/e,n/e,n/e,n/e,n/e,n/e,n/e,n/e,n/e,n/e,n/e,n/e,3,,n/e,n/e,n/e,n/e,n/e,n/e,0,,n/e,n/e,270,,n/e,n/e,n/e,n/e,0,
09:00 - 10:00,42,,n/e,n/e,n/e,n/e,152,,n/e,n/e,n/e,n/e,n/e,n/e,n/e,n/e,n/e,n/e,n/e,n/e,4,,n/e,n/e,n/e,n/e,n/e,n/e,0,,n/e,n/e,322,,n/e,n/e,n/e,n/e,0,
10:00 - 11:00,36,,n/e,n/e,n/e,n/e,152,,n/e,n/e,n/e,n/e,n/e,n/e,n/e,n/e,n/e,n/e,n/e,n/e,3,,n/e,n/e,n/e,n/e,n/e,n/e,0,,n/e,n/e,300,,n/e,n/e,n/e,n/e,0,
11:00 - 12:00,36,,n/e,n/e,n/e,n/e,152,,n/e,n/e,n/e,n/e,n/e,n/e,n/e,n/e,n/e,n/e,n/e,n/e,2,,n/e,n/e,n/e,n/e,n/e,n/e,0,,n/e,n/e,285,,n/e,n/e,n/e,n/e,0,
12:00 - 13:00,41,,n/e,n/e,n/e,n/e,152,,n/e,n/e,n/e,n/e,n/e,n/e,n/e,n/e,n/e,n/e,n/e,n/e,2,,n/e,n/e,n/e,n/e,n/e,n/e,0,,n/e,n/e,228,,n/e,n/e,n/e,n/e,2,
13:00 - 14:00,48,,n/e,n/e,n/e,n/e,158,,n/e,n/e,n/e,n/e,n/e,n/e,n/e,n/e,n/e,n/e,n/e,n/e,2,,n/e,n/e,n/e,n/e,n/e,n/e,0,,n/e,n/e,153,,n/e,n/e,n/e,n/e,3,
14:00 - 15:00,48,,n/e,n/e,n/e,n/e,245,,n/e,n/e,n/e,n/e,n/e,n/e,n/e,n/e,n/e,n/e,n/e,n/e,4,,n/e,n/e,n/e,n/e,n/e,n/e,0,,n/e,n/e,76,,n/e,n/e,n/e,n/e,5,
15:00 - 16:00,50,,n/e,n/e,n/e,n/e,284,,n/e,n/e,n/e,n/e,n/e,n/e,n/e,n/e,n/e,n/e,n/e,n/e,94,,n/e,n/e,n/e,n/e,n/e,n/e,0,,n/e,n/e,14,,n/e,n/e,n/e,n/e,7,
16:00 - 17:00,48,,n/e,n/e,n/e,n/e,287,,n/e,n/e,n/e,n/e,n/e,n/e,n/e,n/e,n/e,n/e,n/e,n/e,203,,n/e,n/e,n/e,n/e,n/e,n/e,0,,n/e,n/e,0,,n/e,n/e,n/e,n/e,19,
17:00 - 18:00,49,,n/e,n/e,n/e,n/e,287,,n/e,n/e,n/e,n/e,n/e,n/e,n/e,n/e,n/e,n/e,n/e,n/e,323,,n/e,n/e,n/e,n/e,n/e,n/e,0,,n/e,n/e,0,,n/e,n/e,n/e,n/e,29,
18:00 - 19:00,47,,n/e,n/e,n/e,n/e,283,,n/e,n/e,n/e,n/e,n/e,n/e,n/e,n/e,n/e,n/e,n/e,n/e,12,,n/e,n/e,n/e,n/e,n/e,n/e,0,,n/e,n/e,0,,n/e,n/e,n/e,n/e,29,
19:00 - 20:00,42,,n/e,n/e,n/e,n/e,204,,n/e,n/e,n/e,n/e,n/e,n/e,n/e,n/e,n/e,n/e,n/e,n/e,3,,n/e,n/e,n/e,n/e,n/e,n/e,0,,n/e,n/e,0,,n/e,n/e,n/e,n/e,23,
20:00 - 21:00,34,,n/e,n/e,n/e,n/e,201,,n/e,n/e,n/e,n/e,n/e,n/e,n/e,n/e,n/e,n/e,n/e,n/e,2,,n/e,n/e,n/e,n/e,n/e,n/e,0,,n/e,n/e,0,,n/e,n/e,n/e,n/e,18,
21:00 - 22:00,31,,n/e,n/e,n/e,n/e,182,,n/e,n/e,n/e,n/e,n/e,n/e,n/e,n/e,n/e,n/e,n/e,n/e,1,,n/e,n/e,n/e,n/e,n/e,n/e,0,,n/e,n/e,0,,n/e,n/e,n/e,n/e,16,
22:00 - 23:00,30,,n/e,n/e,n/e,n/e,150,,n/e,n/e,n/e,n/e,n/e,n/e,n/e,n/e,n/e,n/e,n/e,n/e,1,,n/e,n/e,n/e,n/e,n/e,n/e,0,,n/e,n/e,0,,n/e,n/e,n/e,n/e,13,
23:00 - 00:00,30,,n/e,n/e,n/e,n/e,150,,n/e,n/e,n/e,n/e,n/e,n/e,n/e,n/e,n/e,n/e,n/e,n/e,1,,n/e,n/e,n/e,n/e,n/e,n/e,0,,n/e,n/e,0,,n/e,n/e,n/e,n/e,15,
00:00 - 01:00,30,,n/e,n/e,n/e,n/e,150,,n/e,n/e,n/e,n/e,n/e,n/e,n/e,n/e,n/e,n/e,n/e,n/e,1,,n/e,n/e,n/e,n/e,n/e,n/e,0,,n/e,n/e,0,,n/e,n/e,n/e,n/e,13,
01:00 - 02:00,32,,n/e,n/e,n/e,n/e,150,,n/e,n/e,n/e,n/e,n/e,n/e,n/e,n/e,n/e,n/e,n/e,n/e,1,,n/e,n/e,n/e,n/e,n/e,n/e,0,,n/e,n/e,0,,n/e,n/e,n/e,n/e,13,
02:00 - 03:00,32,,n/e,n/e,n/e,n/e,150,,n/e,n/e,n/e,n/e,n/e,n/e,n/e,n/e,n/e,n/e,n/e,n/e,1,,n/e,n/e,n/e,n/e,n/e,n/e,0,,n/e,n/e,0,,n/e,n/e,n/e,n/e,18,
03:00 - 04:00,34,,n/e,n/e,n/e,n/e,151,,n/e,n/e,n/e,n/e,n/e,n/e,n/e,n/e,n/e,n/e,n/e,n/e,1,,n/e,n/e,n/e,n/e,n/e,n/e,0,,n/e,n/e,0,,n/e,n/e,n/e,n/e,17,
04:00 - 05:00,45,,n/e,n/e,n/e,n/e,155,,n/e,n/e,n/e,n/e,n/e,n/e,n/e,n/e,n/e,n/e,n/e,n/e,4,,n/e,n/e,n/e,n/e,n/e,n/e,0,,n/e,n/e,1,,n/e,n/e,n/e,n/e,21,
05:00 - 06:00,50,,n/e,n/e,n/e,n/e,155,,n/e,n/e,n/e,n/e,n/e,n/e,n/e,n/e,n/e,n/e,n/e,n/e,4,,n/e,n/e,n/e,n/e,n/e,n/e,0,,n/e,n/e,16,,n/e,n/e,n/e,n/e,23,
06:00 - 07:00,52,,n/e,n/e,n/e,n/e,155,,n/e,n/e,n/e,n/e,n/e,n/e,n/e,n/e,n/e,n/e,n/e,n/e,18,,n/e,n/e,n/e,n/e,n/e,n/e,0,,n/e,n/e,44,,n/e,n/e,n/e,n/e,33,
07:00 - 08:00,49,,n/e,n/e,n/e,n/e,154,,n/e,n/e,n/e,n/e,n/e,n/e,n/e,n/e,n/e,n/e,n/e,n/e,23,,n/e,n/e,n/e,n/e,n/e,n/e,0,,n/e,n/e,76,,n/e,n/e,n/e,n/e,29,
08:00 - 09:00,44,,n/e,n/e,n/e,n/e,153,,n/e,n/e,n/e,n/e,n/e,n/e,n/e,n/e,n/e,n/e,n/e,n/e,3,,n/e,n/e,n/e,n/e,n/e,n/e,0,,n/e,n/e,90,,n/e,n/e,n/e,n/e,20,
09:00 - 10:00,41,,n/e,n/e,n/e,n/e,153,,n/e,n/e,n/e,n/e,n/e,n/e,n/e,n/e,n/e,n/e,n/e,n/e,2,,n/e,n/e,n/e,n/e,n/e,n/e,0,,n/e,n/e,95,,n/e,n/e,n/e,n/e,33,
10:00 - 11:00,37,,n/e,n/e,n/e,n/e,153,,n/e,n/e,n/e,n/e,n/e,n/e,n/e,n/e,n/e,n/e,n/e,n/e,2,,n/e,n/e,n/e,n/e,n/e,n/e,0,,n/e,n/e,94,,n/e,n/e,n/e,n/e,49,
11:00 - 12:00,39,,n/e,n/e,n/e,n/e,153,,n/e,n/e,n/e,n/e,n/e,n/e,n/e,n/e,n/e,n/e,n/e,n/e,2,,n/e,n/e,n/e,n/e,n/e,n/e,0,,n/e,n/e,69,,n/e,n/e,n/e,n/e,46,
12:00 - 13:00,41,,n/e,n/e,n/e,n/e,153,,n/e,n/e,n/e,n/e,n/e,n/e,n/e,n/e,n/e,n/e,n/e,n/e,1,,n/e,n/e,n/e,n/e,n/e,n/e,0,,n/e,n/e,41,,n/e,n/e,n/e,n/e,30,
13:00 - 14:00,43,,n/e,n/e,n/e,n/e,152,,n/e,n/e,n/e,n/e,n/e,n/e,n/e,n/e,n/e,n/e,n/e,n/e,1,,n/e,n/e,n/e,n/e,n/e,n/e,0,,n/e,n/e,21,,n/e,n/e,n/e,n/e,25,
14:00 - 15:00,47,,n/e,n/e,n/e,n/e,155,,n/e,n/e,n/e,n/e,n/e,n/e,n/e,n/e,n/e,n/e,n/e,n/e,2,,n/e,n/e,n/e,n/e,n/e,n/e,0,,n/e,n/e,9,,n/e,n/e,n/e,n/e,16,
15:00 - 16:00,50,,n/e,n/e,n/e,n/e,259,,n/e,n/e,n/e,n/e,n/e,n/e,n/e,n/e,n/e,n/e,n/e,n/e,204,,n/e,n/e,n/e,n/e,n/e,n/e,0,,n/e,n/e,2,,n/e,n/e,n/e,n/e,22,
16:00 - 17:00,51,,n/e,n/e,n/e,n/e,337,,n/e,n/e,n/e,n/e,n/e,n/e,n/e,n/e,n/e,n/e,n/e,n/e,183,,n/e,n/e,n/e,n/e,n/e,n/e,0,,n/e,n/e,0,,n/e,n/e,n/e,n/e,33,
17:00 - 18:00,52,,n/e,n/e,n/e,n/e,338,,n/e,n/e,n/e,n/e,n/e,n/e,n/e,n/e,n/e,n/e,n/e,n/e,354,,n/e,n/e,n/e,n/e,n/e,n/e,0,,n/e,n/e,0,,n/e,n/e,n/e,n/e,39,
18:00 - 19:00,51,,n/e,n/e,n/e,n/e,334,,n/e,n/e,n/e,n/e,n/e,n/e,n/e,n/e,n/e,n/e,n/e,n/e,129,,n/e,n/e,n/e,n/e,n/e,n/e,0,,n/e,n/e,0,,n/e,n/e,n/e,n/e,20,
19:00 - 20:00,50,,n/e,n/e,n/e,n/e,293,,n/e,n/e,n/e,n/e,n/e,n/e,n/e,n/e,n/e,n/e,n/e,n/e,87,,n/e,n/e,n/e,n/e,n/e,n/e,0,,n/e,n/e,0,,n/e,n/e,n/e,n/e,11,
20:00 - 21:00,46,,n/e,n/e,n/e,n/e,290,,n/e,n/e,n/e,n/e,n/e,n/e,n/e,n/e,n/e,n/e,n/e,n/e,2,,n/e,n/e,n/e,n/e,n/e,n/e,0,,n/e,n/e,0,,n/e,n/e,n/e,n/e,12,
21:00 - 22:00,43,,n/e,n/e,n/e,n/e,202,,n/e,n/e,n/e,n/e,n/e,n/e,n/e,n/e,n/e,n/e,n/e,n/e,1,,n/e,n/e,n/e,n/e,n/e,n/e,0,,n/e,n/e,0,,n/e,n/e,n/e,n/e,10,
22:00 - 23:00,43,,n/e,n/e,n/e,n/e,201,,n/e,n/e,n/e,n/e,n/e,n/e,n/e,n/e,n/e,n/e,n/e,n/e,1,,n/e,n/e,n/e,n/e,n/e,n/e,0,,n/e,n/e,0,,n/e,n/e,n/e,n/e,6,
23:00 - 00:00,46,,n/e,n/e,n/e,n/e,201,,n/e,n/e,n/e,n/e,n/e,n/e,n/e,n/e,n/e,n/e,n/e,n/e,1,,n/e,n/e,n/e,n/e,n/e,n/e,0,,n/e,n/e,0,,n/e,n/e,n/e,n/e,4,
00:00 - 01:00,45,,n/e,n/e,n/e,n/e,204,,n/e,n/e,n/e,n/e,n/e,n/e,n/e,n/e,n/e,n/e,n/e,n/e,1,,n/e,n/e,n/e,n/e,n/e,n/e,0,,n/e,n/e,0,,n/e,n/e,n/e,n/e,3,
01:00 - 02:00,45,,n/e,n/e,n/e,n/e,281,,n/e,n/e,n/e,n/e,n/e,n/e,n/e,n/e,n/e,n/e,n/e,n/e,2,,n/e,n/e,n/e,n/e,n/e,n/e,0,,n/e,n/e,0,,n/e,n/e,n/e,n/e,1,
02:00 - 03:00,47,,n/e,n/e,n/e,n/e,285,,n/e,n/e,n/e,n/e,n/e,n/e,n/e,n/e,n/e,n/e,n/e,n/e,6,,n/e,n/e,n/e,n/e,n/e,n/e,0,,n/e,n/e,0,,n/e,n/e,n/e,n/e,0,
03:00 - 04:00,55,,n/e,n/e,n/e,n/e,356,,n/e,n/e,n/e,n/e,n/e,n/e,n/e,n/e,n/e,n/e,n/e,n/e,92,,n/e,n/e,n/e,n/e,n/e,n/e,0,,n/e,n/e,0,,n/e,n/e,n/e,n/e,0,
04:00 - 05:00,60,,n/e,n/e,n/e,n/e,357,,n/e,n/e,n/e,n/e,n/e,n/e,n/e,n/e,n/e,n/e,n/e,n/e,268,,n/e,n/e,n/e,n/e,n/e,n/e,0,,n/e,n/e,0,,n/e,n/e,n/e,n/e,0,
05:00 - 06:00,64,,n/e,n/e,n/e,n/e,358,,n/e,n/e,n/e,n/e,n/e,n/e,n/e,n/e,n/e,n/e,n/e,n/e,272,,n/e,n/e,n/e,n/e,n/e,n/e,0,,n/e,n/e,4,,n/e,n/e,n/e,n/e,0,
06:00 - 07:00,63,,n/e,n/e,n/e,n/e,359,,n/e,n/e,n/e,n/e,n/e,n/e,n/e,n/e,n/e,n/e,n/e,n/e,458,,n/e,n/e,n/e,n/e,n/e,n/e,0,,n/e,n/e,11,,n/e,n/e,n/e,n/e,4,
07:00 - 08:00,63,,n/e,n/e,n/e,n/e,359,,n/e,n/e,n/e,n/e,n/e,n/e,n/e,n/e,n/e,n/e,n/e,n/e,273,,n/e,n/e,n/e,n/e,n/e,n/e,0,,n/e,n/e,22,,n/e,n/e,n/e,n/e,7,
08:00 - 09:00,62,,n/e,n/e,n/e,n/e,359,,n/e,n/e,n/e,n/e,n/e,n/e,n/e,n/e,n/e,n/e,n/e,n/e,188,,n/e,n/e,n/e,n/e,n/e,n/e,0,,n/e,n/e,37,,n/e,n/e,n/e,n/e,3,
09:00 - 10:00,61,,n/e,n/e,n/e,n/e,359,,n/e,n/e,n/e,n/e,n/e,n/e,n/e,n/e,n/e,n/e,n/e,n/e,182,,n/e,n/e,n/e,n/e,n/e,n/e,0,,n/e,n/e,38,,n/e,n/e,n/e,n/e,0,
10:00 - 11:00,60,,n/e,n/e,n/e,n/e,359,,n/e,n/e,n/e,n/e,n/e,n/e,n/e,n/e,n/e,n/e,n/e,n/e,94,,n/e,n/e,n/e,n/e,n/e,n/e,0,,n/e,n/e,34,,n/e,n/e,n/e,n/e,0,
11:00 - 12:00,58,,n/e,n/e,n/e,n/e,292,,n/e,n/e,n/e,n/e,n/e,n/e,n/e,n/e,n/e,n/e,n/e,n/e,12,,n/e,n/e,n/e,n/e,n/e,n/e,0,,n/e,n/e,29,,n/e,n/e,n/e,n/e,0,
12:00 - 13:00,56,,n/e,n/e,n/e,n/e,289,,n/e,n/e,n/e,n/e,n/e,n/e,n/e,n/e,n/e,n/e,n/e,n/e,3,,n/e,n/e,n/e,n/e,n/e,n/e,0,,n/e,n/e,23,,n/e,n/e,n/e,n/e,0,
13:00 - 14:00,54,,n/e,n/e,n/e,n/e,288,,n/e,n/e,n/e,n/e,n/e,n/e,n/e,n/e,n/e,n/e,n/e,n/e,3,,n/e,n/e,n/e,n/e,n/e,n/e,0,,n/e,n/e,15,,n/e,n/e,n/e,n/e,0,
14:00 - 15:00,53,,n/e,n/e,n/e,n/e,288,,n/e,n/e,n/e,n/e,n/e,n/e,n/e,n/e,n/e,n/e,n/e,n/e,2,,n/e,n/e,n/e,n/e,n/e,n/e,0,,n/e,n/e,6,,n/e,n/e,n/e,n/e,1,
15:00 - 16:00,56,,n/e,n/e,n/e,n/e,327,,n/e,n/e,n/e,n/e,n/e,n/e,n/e,n/e,n/e,n/e,n/e,n/e,2,,n/e,n/e,n/e,n/e,n/e,n/e,0,,n/e,n/e,1,,n/e,n/e,n/e,n/e,1,
16:00 - 17:00,55,,n/e,n/e,n/e,n/e,348,,n/e,n/e,n/e,n/e,n/e,n/e,n/e,n/e,n/e,n/e,n/e,n/e,61,,n/e,n/e,n/e,n/e,n/e,n/e,0,,n/e,n/e,0,,n/e,n/e,n/e,n/e,1,
17:00 - 18:00,54,,n/e,n/e,n/e,n/e,347,,n/e,n/e,n/e,n/e,n/e,n/e,n/e,n/e,n/e,n/e,n/e,n/e,3,,n/e,n/e,n/e,n/e,n/e,n/e,0,,n/e,n/e,0,,n/e,n/e,n/e,n/e,1,
18:00 - 19:00,52,,n/e,n/e,n/e,n/e,282,,n/e,n/e,n/e,n/e,n/e,n/e,n/e,n/e,n/e,n/e,n/e,n/e,2,,n/e,n/e,n/e,n/e,n/e,n/e,0,,n/e,n/e,0,,n/e,n/e,n/e,n/e,1,
19:00 - 20:00,49,,n/e,n/e,n/e,n/e,203,,n/e,n/e,n/e,n/e,n/e,n/e,n/e,n/e,n/e,n/e,n/e,n/e,1,,n/e,n/e,n/e,n/e,n/e,n/e,0,,n/e,n/e,0,,n/e,n/e,n/e,n/e,1,
20:00 - 21:00,48,,n/e,n/e,n/e,n/e,203,,n/e,n/e,n/e,n/e,n/e,n/e,n/e,n/e,n/e,n/e,n/e,n/e,1,,n/e,n/e,n/e,n/e,n/e,n/e,0,,n/e,n/e,0,,n/e,n/e,n/e,n/e,1,
21:00 - 22:00,45,,n/e,n/e,n/e,n/e,201,,n/e,n/e,n/e,n/e,n/e,n/e,n/e,n/e,n/e,n/e,n/e,n/e,1,,n/e,n/e,n/e,n/e,n/e,n/e,0,,n/e,n/e,0,,n/e,n/e,n/e,n/e,2,
22:00 - 23:00,46,,n/e,n/e,n/e,n/e,201,,n/e,n/e,n/e,n/e,n/e,n/e,n/e,n/e,n/e,n/e,n/e,n/e,1,,n/e,n/e,n/e,n/e,n/e,n/e,0,,n/e,n/e,0,,n/e,n/e,n/e,n/e,1,
23:00 - 00:00,47,,n/e,n/e,n/e,n/e,201,,n/e,n/e,n/e,n/e,n/e,n/e,n/e,n/e,n/e,n/e,n/e,n/e,1,,n/e,n/e,n/e,n/e,n/e,n/e,0,,n/e,n/e,0,,n/e,n/e,n/e,n/e,1,
00:00 - 01:00,47,,n/e,n/e,n/e,n/e,205,,n/e,n/e,n/e,n/e,n/e,n/e,n/e,n/e,n/e,n/e,n/e,n/e,1,,n/e,n/e,n/e,n/e,n/e,n/e,0,,n/e,n/e,0,,n/e,n/e,n/e,n/e,0,
01:00 - 02:00,48,,n/e,n/e,n/e,n/e,282,,n/e,n/e,n/e,n/e,n/e,n/e,n/e,n/e,n/e,n/e,n/e,n/e,2,,n/e,n/e,n/e,n/e,n/e,n/e,0,,n/e,n/e,0,,n/e,n/e,n/e,n/e,0,
02:00 - 03:00,48,,n/e,n/e,n/e,n/e,283,,n/e,n/e,n/e,n/e,n/e,n/e,n/e,n/e,n/e,n/e,n/e,n/e,19,,n/e,n/e,n/e,n/e,n/e,n/e,0,,n/e,n/e,0,,n/e,n/e,n/e,n/e,0,
03:00 - 04:00,52,,n/e,n/e,n/e,n/e,289,,n/e,n/e,n/e,n/e,n/e,n/e,n/e,n/e,n/e,n/e,n/e,n/e,5,,n/e,n/e,n/e,n/e,n/e,n/e,0,,n/e,n/e,0,,n/e,n/e,n/e,n/e,1,
04:00 - 05:00,56,,n/e,n/e,n/e,n/e,357,,n/e,n/e,n/e,n/e,n/e,n/e,n/e,n/e,n/e,n/e,n/e,n/e,134,,n/e,n/e,n/e,n/e,n/e,n/e,0,,n/e,n/e,1,,n/e,n/e,n/e,n/e,3,
05:00 - 06:00,61,,n/e,n/e,n/e,n/e,357,,n/e,n/e,n/e,n/e,n/e,n/e,n/e,n/e,n/e,n/e,n/e,n/e,404,,n/e,n/e,n/e,n/e,n/e,n/e,0,,n/e,n/e,9,,n/e,n/e,n/e,n/e,4,
06:00 - 07:00,61,,n/e,n/e,n/e,n/e,357,,n/e,n/e,n/e,n/e,n/e,n/e,n/e,n/e,n/e,n/e,n/e,n/e,413,,n/e,n/e,n/e,n/e,n/e,n/e,0,,n/e,n/e,25,,n/e,n/e,n/e,n/e,7,
07:00 - 08:00,61,,n/e,n/e,n/e,n/e,338,,n/e,n/e,n/e,n/e,n/e,n/e,n/e,n/e,n/e,n/e,n/e,n/e,248,,n/e,n/e,n/e,n/e,n/e,n/e,0,,n/e,n/e,44,,n/e,n/e,n/e,n/e,14,
08:00 - 09:00,60,,n/e,n/e,n/e,n/e,339,,n/e,n/e,n/e,n/e,n/e,n/e,n/e,n/e,n/e,n/e,n/e,n/e,56,,n/e,n/e,n/e,n/e,n/e,n/e,0,,n/e,n/e,54,,n/e,n/e,n/e,n/e,20,
09:00 - 10:00,60,,n/e,n/e,n/e,n/e,339,,n/e,n/e,n/e,n/e,n/e,n/e,n/e,n/e,n/e,n/e,n/e,n/e,6,,n/e,n/e,n/e,n/e,n/e,n/e,0,,n/e,n/e,59,,n/e,n/e,n/e,n/e,22,
10:00 - 11:00,58,,n/e,n/e,n/e,n/e,337,,n/e,n/e,n/e,n/e,n/e,n/e,n/e,n/e,n/e,n/e,n/e,n/e,3,,n/e,n/e,n/e,n/e,n/e,n/e,0,,n/e,n/e,63,,n/e,n/e,n/e,n/e,30,
11:00 - 12:00,57,,n/e,n/e,n/e,n/e,290,,n/e,n/e,n/e,n/e,n/e,n/e,n/e,n/e,n/e,n/e,n/e,n/e,49,,n/e,n/e,n/e,n/e,n/e,n/e,0,,n/e,n/e,66,,n/e,n/e,n/e,n/e,30,
12:00 - 13:00,56,,n/e,n/e,n/e,n/e,299,,n/e,n/e,n/e,n/e,n/e,n/e,n/e,n/e,n/e,n/e,n/e,n/e,5,,n/e,n/e,n/e,n/e,n/e,n/e,0,,n/e,n/e,47,,n/e,n/e,n/e,n/e,31,
13:00 - 14:00,55,,n/e,n/e,n/e,n/e,310,,n/e,n/e,n/e,n/e,n/e,n/e,n/e,n/e,n/e,n/e,n/e,n/e,11,,n/e,n/e,n/e,n/e,n/e,n/e,0,,n/e,n/e,26,,n/e,n/e,n/e,n/e,33,
14:00 - 15:00,55,,n/e,n/e,n/e,n/e,308,,n/e,n/e,n/e,n/e,n/e,n/e,n/e,n/e,n/e,n/e,n/e,n/e,3,,n/e,n/e,n/e,n/e,n/e,n/e,0,,n/e,n/e,10,,n/e,n/e,n/e,n/e,35,
15:00 - 16:00,54,,n/e,n/e,n/e,n/e,329,,n/e,n/e,n/e,n/e,n/e,n/e,n/e,n/e,n/e,n/e,n/e,n/e,3,,n/e,n/e,n/e,n/e,n/e,n/e,0,,n/e,n/e,1,,n/e,n/e,n/e,n/e,20,
16:00 - 17:00,54,,n/e,n/e,n/e,n/e,328,,n/e,n/e,n/e,n/e,n/e,n/e,n/e,n/e,n/e,n/e,n/e,n/e,4,,n/e,n/e,n/e,n/e,n/e,n/e,0,,n/e,n/e,0,,n/e,n/e,n/e,n/e,21,
17:00 - 18:00,53,,n/e,n/e,n/e,n/e,311,,n/e,n/e,n/e,n/e,n/e,n/e,n/e,n/e,n/e,n/e,n/e,n/e,4,,n/e,n/e,n/e,n/e,n/e,n/e,0,,n/e,n/e,0,,n/e,n/e,n/e,n/e,21,
18:00 - 19:00,52,,n/e,n/e,n/e,n/e,305,,n/e,n/e,n/e,n/e,n/e,n/e,n/e,n/e,n/e,n/e,n/e,n/e,3,,n/e,n/e,n/e,n/e,n/e,n/e,0,,n/e,n/e,0,,n/e,n/e,n/e,n/e,15,
19:00 - 20:00,49,,n/e,n/e,n/e,n/e,231,,n/e,n/e,n/e,n/e,n/e,n/e,n/e,n/e,n/e,n/e,n/e,n/e,2,,n/e,n/e,n/e,n/e,n/e,n/e,0,,n/e,n/e,0,,n/e,n/e,n/e,n/e,22,
20:00 - 21:00,47,,n/e,n/e,n/e,n/e,204,,n/e,n/e,n/e,n/e,n/e,n/e,n/e,n/e,n/e,n/e,n/e,n/e,22,,n/e,n/e,n/e,n/e,n/e,n/e,0,,n/e,n/e,0,,n/e,n/e,n/e,n/e,26,
21:00 - 22:00,46,,n/e,n/e,n/e,n/e,202,,n/e,n/e,n/e,n/e,n/e,n/e,n/e,n/e,n/e,n/e,n/e,n/e,5,,n/e,n/e,n/e,n/e,n/e,n/e,0,,n/e,n/e,0,,n/e,n/e,n/e,n/e,21,
22:00 - 23:00,42,,n/e,n/e,n/e,n/e,202,,n/e,n/e,n/e,n/e,n/e,n/e,n/e,n/e,n/e,n/e,n/e,n/e,1,,n/e,n/e,n/e,n/e,n/e,n/e,0,,n/e,n/e,0,,n/e,n/e,n/e,n/e,24,
23:00 - 00:00,39,,n/e,n/e,n/e,n/e,202,,n/e,n/e,n/e,n/e,n/e,n/e,n/e,n/e,n/e,n/e,n/e,n/e,2,,n/e,n/e,n/e,n/e,n/e,n/e,0,,n/e,n/e,0,,n/e,n/e,n/e,n/e,28,
00:00 - 01:00,40,,n/e,n/e,n/e,n/e,202,,n/e,n/e,n/e,n/e,n/e,n/e,n/e,n/e,n/e,n/e,n/e,n/e,1,,n/e,n/e,n/e,n/e,n/e,n/e,0,,n/e,n/e,0,,n/e,n/e,n/e,n/e,24,
01:00 - 02:00,42,,n/e,n/e,n/e,n/e,203,,n/e,n/e,n/e,n/e,n/e,n/e,n/e,n/e,n/e,n/e,n/e,n/e,2,,n/e,n/e,n/e,n/e,n/e,n/e,0,,n/e,n/e,0,,n/e,n/e,n/e,n/e,19,
02:00 - 03:00,45,,n/e,n/e,n/e,n/e,203,,n/e,n/e,n/e,n/e,n/e,n/e,n/e,n/e,n/e,n/e,n/e,n/e,2,,n/e,n/e,n/e,n/e,n/e,n/e,0,,n/e,n/e,0,,n/e,n/e,n/e,n/e,20,
03:00 - 04:00,47,,n/e,n/e,n/e,n/e,203,,n/e,n/e,n/e,n/e,n/e,n/e,n/e,n/e,n/e,n/e,n/e,n/e,5,,n/e,n/e,n/e,n/e,n/e,n/e,0,,n/e,n/e,0,,n/e,n/e,n/e,n/e,30,
04:00 - 05:00,51,,n/e,n/e,n/e,n/e,203,,n/e,n/e,n/e,n/e,n/e,n/e,n/e,n/e,n/e,n/e,n/e,n/e,91,,n/e,n/e,n/e,n/e,n/e,n/e,0,,n/e,n/e,1,,n/e,n/e,n/e,n/e,29,
05:00 - 06:00,54,,n/e,n/e,n/e,n/e,203,,n/e,n/e,n/e,n/e,n/e,n/e,n/e,n/e,n/e,n/e,n/e,n/e,97,,n/e,n/e,n/e,n/e,n/e,n/e,0,,n/e,n/e,12,,n/e,n/e,n/e,n/e,18,
06:00 - 07:00,58,,n/e,n/e,n/e,n/e,156,,n/e,n/e,n/e,n/e,n/e,n/e,n/e,n/e,n/e,n/e,n/e,n/e,169,,n/e,n/e,n/e,n/e,n/e,n/e,0,,n/e,n/e,37,,n/e,n/e,n/e,n/e,8,
07:00 - 08:00,58,,n/e,n/e,n/e,n/e,186,,n/e,n/e,n/e,n/e,n/e,n/e,n/e,n/e,n/e,n/e,n/e,n/e,39,,n/e,n/e,n/e,n/e,n/e,n/e,0,,n/e,n/e,60,,n/e,n/e,n/e,n/e,6,
08:00 - 09:00,56,,n/e,n/e,n/e,n/e,214,,n/e,n/e,n/e,n/e,n/e,n/e,n/e,n/e,n/e,n/e,n/e,n/e,3,,n/e,n/e,n/e,n/e,n/e,n/e,0,,n/e,n/e,74,,n/e,n/e,n/e,n/e,14,
09:00 - 10:00,52,,n/e,n/e,n/e,n/e,234,,n/e,n/e,n/e,n/e,n/e,n/e,n/e,n/e,n/e,n/e,n/e,n/e,2,,n/e,n/e,n/e,n/e,n/e,n/e,0,,n/e,n/e,90,,n/e,n/e,n/e,n/e,20,
10:00 - 11:00,51,,n/e,n/e,n/e,n/e,251,,n/e,n/e,n/e,n/e,n/e,n/e,n/e,n/e,n/e,n/e,n/e,n/e,17,,n/e,n/e,n/e,n/e,n/e,n/e,0,,n/e,n/e,106,,n/e,n/e,n/e,n/e,24,
11:00 - 12:00,48,,n/e,n/e,n/e,n/e,258,,n/e,n/e,n/e,n/e,n/e,n/e,n/e,n/e,n/e,n/e,n/e,n/e,2,,n/e,n/e,n/e,n/e,n/e,n/e,0,,n/e,n/e,83,,n/e,n/e,n/e,n/e,22,
12:00 - 13:00,49,,n/e,n/e,n/e,n/e,306,,n/e,n/e,n/e,n/e,n/e,n/e,n/e,n/e,n/e,n/e,n/e,n/e,3,,n/e,n/e,n/e,n/e,n/e,n/e,0,,n/e,n/e,63,,n/e,n/e,n/e,n/e,15,
13:00 - 14:00,52,,n/e,n/e,n/e,n/e,402,,n/e,n/e,n/e,n/e,n/e,n/e,n/e,n/e,n/e,n/e,n/e,n/e,89,,n/e,n/e,n/e,n/e,n/e,n/e,0,,n/e,n/e,43,,n/e,n/e,n/e,n/e,10,
14:00 - 15:00,54,,n/e,n/e,n/e,n/e,470,,n/e,n/e,n/e,n/e,n/e,n/e,n/e,n/e,n/e,n/e,n/e,n/e,218,,n/e,n/e,n/e,n/e,n/e,n/e,0,,n/e,n/e,21,,n/e,n/e,n/e,n/e,8,
15:00 - 16:00,54,,n/e,n/e,n/e,n/e,478,,n/e,n/e,n/e,n/e,n/e,n/e,n/e,n/e,n/e,n/e,n/e,n/e,333,,n/e,n/e,n/e,n/e,n/e,n/e,0,,n/e,n/e,4,,n/e,n/e,n/e,n/e,2,
16:00 - 17:00,55,,n/e,n/e,n/e,n/e,516,,n/e,n/e,n/e,n/e,n/e,n/e,n/e,n/e,n/e,n/e,n/e,n/e,371,,n/e,n/e,n/e,n/e,n/e,n/e,0,,n/e,n/e,0,,n/e,n/e,n/e,n/e,3,
17:00 - 18:00,55,,n/e,n/e,n/e,n/e,544,,n/e,n/e,n/e,n/e,n/e,n/e,n/e,n/e,n/e,n/e,n/e,n/e,367,,n/e,n/e,n/e,n/e,n/e,n/e,0,,n/e,n/e,0,,n/e,n/e,n/e,n/e,6,
18:00 - 19:00,54,,n/e,n/e,n/e,n/e,452,,n/e,n/e,n/e,n/e,n/e,n/e,n/e,n/e,n/e,n/e,n/e,n/e,28,,n/e,n/e,n/e,n/e,n/e,n/e,0,,n/e,n/e,0,,n/e,n/e,n/e,n/e,5,
19:00 - 20:00,48,,n/e,n/e,n/e,n/e,347,,n/e,n/e,n/e,n/e,n/e,n/e,n/e,n/e,n/e,n/e,n/e,n/e,24,,n/e,n/e,n/e,n/e,n/e,n/e,0,,n/e,n/e,0,,n/e,n/e,n/e,n/e,2,
20:00 - 21:00,45,,n/e,n/e,n/e,n/e,383,,n/e,n/e,n/e,n/e,n/e,n/e,n/e,n/e,n/e,n/e,n/e,n/e,45,,n/e,n/e,n/e,n/e,n/e,n/e,0,,n/e,n/e,0,,n/e,n/e,n/e,n/e,1,
21:00 - 22:00,42,,n/e,n/e,n/e,n/e,217,,n/e,n/e,n/e,n/e,n/e,n/e,n/e,n/e,n/e,n/e,n/e,n/e,28,,n/e,n/e,n/e,n/e,n/e,n/e,0,,n/e,n/e,0,,n/e,n/e,n/e,n/e,0,
22:00 - 23:00,40,,n/e,n/e,n/e,n/e,201,,n/e,n/e,n/e,n/e,n/e,n/e,n/e,n/e,n/e,n/e,n/e,n/e,11,,n/e,n/e,n/e,n/e,n/e,n/e,0,,n/e,n/e,0,,n/e,n/e,n/e,n/e,0,
23:00 - 00:00,39,,n/e,n/e,n/e,n/e,201,,n/e,n/e,n/e,n/e,n/e,n/e,n/e,n/e,n/e,n/e,n/e,n/e,2,,n/e,n/e,n/e,n/e,n/e,n/e,0,,n/e,n/e,0,,n/e,n/e,n/e,n/e,0,
00:00 - 01:00,39,,n/e,n/e,n/e,n/e,201,,n/e,n/e,n/e,n/e,n/e,n/e,n/e,n/e,n/e,n/e,n/e,n/e,2,,n/e,n/e,n/e,n/e,n/e,n/e,0,,n/e,n/e,0,,n/e,n/e,n/e,n/e,0,
01:00 - 02:00,38,,n/e,n/e,n/e,n/e,202,,n/e,n/e,n/e,n/e,n/e,n/e,n/e,n/e,n/e,n/e,n/e,n/e,2,,n/e,n/e,n/e,n/e,n/e,n/e,0,,n/e,n/e,0,,n/e,n/e,n/e,n/e,1,
02:00 - 03:00,40,,n/e,n/e,n/e,n/e,202,,n/e,n/e,n/e,n/e,n/e,n/e,n/e,n/e,n/e,n/e,n/e,n/e,2,,n/e,n/e,n/e,n/e,n/e,n/e,0,,n/e,n/e,0,,n/e,n/e,n/e,n/e,2,
03:00 - 04:00,45,,n/e,n/e,n/e,n/e,203,,n/e,n/e,n/e,n/e,n/e,n/e,n/e,n/e,n/e,n/e,n/e,n/e,2,,n/e,n/e,n/e,n/e,n/e,n/e,0,,n/e,n/e,0,,n/e,n/e,n/e,n/e,3,
04:00 - 05:00,49,,n/e,n/e,n/e,n/e,280,,n/e,n/e,n/e,n/e,n/e,n/e,n/e,n/e,n/e,n/e,n/e,n/e,2,,n/e,n/e,n/e,n/e,n/e,n/e,0,,n/e,n/e,1,,n/e,n/e,n/e,n/e,5,
05:00 - 06:00,53,,n/e,n/e,n/e,n/e,282,,n/e,n/e,n/e,n/e,n/e,n/e,n/e,n/e,n/e,n/e,n/e,n/e,3,,n/e,n/e,n/e,n/e,n/e,n/e,0,,n/e,n/e,32,,n/e,n/e,n/e,n/e,4,
06:00 - 07:00,54,,n/e,n/e,n/e,n/e,278,,n/e,n/e,n/e,n/e,n/e,n/e,n/e,n/e,n/e,n/e,n/e,n/e,4,,n/e,n/e,n/e,n/e,n/e,n/e,0,,n/e,n/e,111,,n/e,n/e,n/e,n/e,4,
07:00 - 08:00,51,,n/e,n/e,n/e,n/e,219,,n/e,n/e,n/e,n/e,n/e,n/e,n/e,n/e,n/e,n/e,n/e,n/e,3,,n/e,n/e,n/e,n/e,n/e,n/e,0,,n/e,n/e,207,,n/e,n/e,n/e,n/e,2,
08:00 - 09:00,49,,n/e,n/e,n/e,n/e,275,,n/e,n/e,n/e,n/e,n/e,n/e,n/e,n/e,n/e,n/e,n/e,n/e,3,,n/e,n/e,n/e,n/e,n/e,n/e,0,,n/e,n/e,288,,n/e,n/e,n/e,n/e,0,
09:00 - 10:00,44,,n/e,n/e,n/e,n/e,333,,n/e,n/e,n/e,n/e,n/e,n/e,n/e,n/e,n/e,n/e,n/e,n/e,4,,n/e,n/e,n/e,n/e,n/e,n/e,0,,n/e,n/e,321,,n/e,n/e,n/e,n/e,0,
10:00 - 11:00,41,,n/e,n/e,n/e,n/e,374,,n/e,n/e,n/e,n/e,n/e,n/e,n/e,n/e,n/e,n/e,n/e,n/e,69,,n/e,n/e,n/e,n/e,n/e,n/e,0,,n/e,n/e,307,,n/e,n/e,n/e,n/e,1,
11:00 - 12:00,41,,n/e,n/e,n/e,n/e,389,,n/e,n/e,n/e,n/e,n/e,n/e,n/e,n/e,n/e,n/e,n/e,n/e,3,,n/e,n/e,n/e,n/e,n/e,n/e,0,,n/e,n/e,266,,n/e,n/e,n/e,n/e,1,
12:00 - 13:00,44,,n/e,n/e,n/e,n/e,382,,n/e,n/e,n/e,n/e,n/e,n/e,n/e,n/e,n/e,n/e,n/e,n/e,3,,n/e,n/e,n/e,n/e,n/e,n/e,0,,n/e,n/e,206,,n/e,n/e,n/e,n/e,1,
13:00 - 14:00,46,,n/e,n/e,n/e,n/e,328,,n/e,n/e,n/e,n/e,n/e,n/e,n/e,n/e,n/e,n/e,n/e,n/e,2,,n/e,n/e,n/e,n/e,n/e,n/e,0,,n/e,n/e,128,,n/e,n/e,n/e,n/e,1,
14:00 - 15:00,51,,n/e,n/e,n/e,n/e,290,,n/e,n/e,n/e,n/e,n/e,n/e,n/e,n/e,n/e,n/e,n/e,n/e,6,,n/e,n/e,n/e,n/e,n/e,n/e,0,,n/e,n/e,59,,n/e,n/e,n/e,n/e,1,
15:00 - 16:00,55,,n/e,n/e,n/e,n/e,439,,n/e,n/e,n/e,n/e,n/e,n/e,n/e,n/e,n/e,n/e,n/e,n/e,144,,n/e,n/e,n/e,n/e,n/e,n/e,0,,n/e,n/e,7,,n/e,n/e,n/e,n/e,0,
16:00 - 17:00,56,,n/e,n/e,n/e,n/e,443,,n/e,n/e,n/e,n/e,n/e,n/e,n/e,n/e,n/e,n/e,n/e,n/e,321,,n/e,n/e,n/e,n/e,n/e,n/e,0,,n/e,n/e,0,,n/e,n/e,n/e,n/e,0,
17:00 - 18:00,53,,n/e,n/e,n/e,n/e,439,,n/e,n/e,n/e,n/e,n/e,n/e,n/e,n/e,n/e,n/e,n/e,n/e,199,,n/e,n/e,n/e,n/e,n/e,n/e,0,,n/e,n/e,0,,n/e,n/e,n/e,n/e,0,
18:00 - 19:00,49,,n/e,n/e,n/e,n/e,414,,n/e,n/e,n/e,n/e,n/e,n/e,n/e,n/e,n/e,n/e,n/e,n/e,6,,n/e,n/e,n/e,n/e,n/e,n/e,0,,n/e,n/e,0,,n/e,n/e,n/e,n/e,0,
19:00 - 20:00,47,,n/e,n/e,n/e,n/e,395,,n/e,n/e,n/e,n/e,n/e,n/e,n/e,n/e,n/e,n/e,n/e,n/e,4,,n/e,n/e,n/e,n/e,n/e,n/e,0,,n/e,n/e,0,,n/e,n/e,n/e,n/e,1,
20:00 - 21:00,45,,n/e,n/e,n/e,n/e,197,,n/e,n/e,n/e,n/e,n/e,n/e,n/e,n/e,n/e,n/e,n/e,n/e,101,,n/e,n/e,n/e,n/e,n/e,n/e,0,,n/e,n/e,0,,n/e,n/e,n/e,n/e,3,
21:00 - 22:00,41,,n/e,n/e,n/e,n/e,153,,n/e,n/e,n/e,n/e,n/e,n/e,n/e,n/e,n/e,n/e,n/e,n/e,125,,n/e,n/e,n/e,n/e,n/e,n/e,0,,n/e,n/e,0,,n/e,n/e,n/e,n/e,6,
22:00 - 23:00,43,,n/e,n/e,n/e,n/e,151,,n/e,n/e,n/e,n/e,n/e,n/e,n/e,n/e,n/e,n/e,n/e,n/e,2,,n/e,n/e,n/e,n/e,n/e,n/e,0,,n/e,n/e,0,,n/e,n/e,n/e,n/e,7,
23:00 - 00:00,42,,n/e,n/e,n/e,n/e,151,,n/e,n/e,n/e,n/e,n/e,n/e,n/e,n/e,n/e,n/e,n/e,n/e,2,,n/e,n/e,n/e,n/e,n/e,n/e,0,,n/e,n/e,0,,n/e,n/e,n/e,n/e,9,
00:00 - 01:00,42,,n/e,n/e,n/e,n/e,151,,n/e,n/e,n/e,n/e,n/e,n/e,n/e,n/e,n/e,n/e,n/e,n/e,2,,n/e,n/e,n/e,n/e,n/e,n/e,0,,n/e,n/e,0,,n/e,n/e,n/e,n/e,12,
01:00 - 02:00,42,,n/e,n/e,n/e,n/e,151,,n/e,n/e,n/e,n/e,n/e,n/e,n/e,n/e,n/e,n/e,n/e,n/e,2,,n/e,n/e,n/e,n/e,n/e,n/e,0,,n/e,n/e,0,,n/e,n/e,n/e,n/e,13,
02:00 - 03:00,42,,n/e,n/e,n/e,n/e,151,,n/e,n/e,n/e,n/e,n/e,n/e,n/e,n/e,n/e,n/e,n/e,n/e,2,,n/e,n/e,n/e,n/e,n/e,n/e,0,,n/e,n/e,0,,n/e,n/e,n/e,n/e,12,
03:00 - 04:00,42,,n/e,n/e,n/e,n/e,151,,n/e,n/e,n/e,n/e,n/e,n/e,n/e,n/e,n/e,n/e,n/e,n/e,2,,n/e,n/e,n/e,n/e,n/e,n/e,0,,n/e,n/e,0,,n/e,n/e,n/e,n/e,9,
04:00 - 05:00,40,,n/e,n/e,n/e,n/e,151,,n/e,n/e,n/e,n/e,n/e,n/e,n/e,n/e,n/e,n/e,n/e,n/e,2,,n/e,n/e,n/e,n/e,n/e,n/e,0,,n/e,n/e,1,,n/e,n/e,n/e,n/e,13,
05:00 - 06:00,41,,n/e,n/e,n/e,n/e,151,,n/e,n/e,n/e,n/e,n/e,n/e,n/e,n/e,n/e,n/e,n/e,n/e,3,,n/e,n/e,n/e,n/e,n/e,n/e,0,,n/e,n/e,22,,n/e,n/e,n/e,n/e,12,
06:00 - 07:00,42,,n/e,n/e,n/e,n/e,151,,n/e,n/e,n/e,n/e,n/e,n/e,n/e,n/e,n/e,n/e,n/e,n/e,4,,n/e,n/e,n/e,n/e,n/e,n/e,0,,n/e,n/e,87,,n/e,n/e,n/e,n/e,9,
07:00 - 08:00,43,,n/e,n/e,n/e,n/e,151,,n/e,n/e,n/e,n/e,n/e,n/e,n/e,n/e,n/e,n/e,n/e,n/e,3,,n/e,n/e,n/e,n/e,n/e,n/e,0,,n/e,n/e,174,,n/e,n/e,n/e,n/e,5,
08:00 - 09:00,38,,n/e,n/e,n/e,n/e,151,,n/e,n/e,n/e,n/e,n/e,n/e,n/e,n/e,n/e,n/e,n/e,n/e,3,,n/e,n/e,n/e,n/e,n/e,n/e,0,,n/e,n/e,247,,n/e,n/e,n/e,n/e,1,
09:00 - 10:00,35,,n/e,n/e,n/e,n/e,151,,n/e,n/e,n/e,n/e,n/e,n/e,n/e,n/e,n/e,n/e,n/e,n/e,2,,n/e,n/e,n/e,n/e,n/e,n/e,0,,n/e,n/e,279,,n/e,n/e,n/e,n/e,0,
10:00 - 11:00,34,,n/e,n/e,n/e,n/e,151,,n/e,n/e,n/e,n/e,n/e,n/e,n/e,n/e,n/e,n/e,n/e,n/e,2,,n/e,n/e,n/e,n/e,n/e,n/e,0,,n/e,n/e,286,,n/e,n/e,n/e,n/e,0,
11:00 - 12:00,32,,n/e,n/e,n/e,n/e,151,,n/e,n/e,n/e,n/e,n/e,n/e,n/e,n/e,n/e,n/e,n/e,n/e,2,,n/e,n/e,n/e,n/e,n/e,n/e,0,,n/e,n/e,254,,n/e,n/e,n/e,n/e,0,
12:00 - 13:00,30,,n/e,n/e,n/e,n/e,151,,n/e,n/e,n/e,n/e,n/e,n/e,n/e,n/e,n/e,n/e,n/e,n/e,2,,n/e,n/e,n/e,n/e,n/e,n/e,0,,n/e,n/e,205,,n/e,n/e,n/e,n/e,0,
13:00 - 14:00,29,,n/e,n/e,n/e,n/e,151,,n/e,n/e,n/e,n/e,n/e,n/e,n/e,n/e,n/e,n/e,n/e,n/e,2,,n/e,n/e,n/e,n/e,n/e,n/e,0,,n/e,n/e,139,,n/e,n/e,n/e,n/e,2,
14:00 - 15:00,35,,n/e,n/e,n/e,n/e,151,,n/e,n/e,n/e,n/e,n/e,n/e,n/e,n/e,n/e,n/e,n/e,n/e,10,,n/e,n/e,n/e,n/e,n/e,n/e,0,,n/e,n/e,58,,n/e,n/e,n/e,n/e,1,
15:00 - 16:00,43,,n/e,n/e,n/e,n/e,154,,n/e,n/e,n/e,n/e,n/e,n/e,n/e,n/e,n/e,n/e,n/e,n/e,197,,n/e,n/e,n/e,n/e,n/e,n/e,0,,n/e,n/e,6,,n/e,n/e,n/e,n/e,1,
16:00 - 17:00,48,,n/e,n/e,n/e,n/e,155,,n/e,n/e,n/e,n/e,n/e,n/e,n/e,n/e,n/e,n/e,n/e,n/e,372,,n/e,n/e,n/e,n/e,n/e,n/e,0,,n/e,n/e,0,,n/e,n/e,n/e,n/e,0,
17:00 - 18:00,50,,n/e,n/e,n/e,n/e,156,,n/e,n/e,n/e,n/e,n/e,n/e,n/e,n/e,n/e,n/e,n/e,n/e,375,,n/e,n/e,n/e,n/e,n/e,n/e,0,,n/e,n/e,0,,n/e,n/e,n/e,n/e,8,
18:00 - 19:00,50,,n/e,n/e,n/e,n/e,155,,n/e,n/e,n/e,n/e,n/e,n/e,n/e,n/e,n/e,n/e,n/e,n/e,335,,n/e,n/e,n/e,n/e,n/e,n/e,0,,n/e,n/e,0,,n/e,n/e,n/e,n/e,0,
19:00 - 20:00,48,,n/e,n/e,n/e,n/e,157,,n/e,n/e,n/e,n/e,n/e,n/e,n/e,n/e,n/e,n/e,n/e,n/e,322,,n/e,n/e,n/e,n/e,n/e,n/e,0,,n/e,n/e,0,,n/e,n/e,n/e,n/e,1,
20:00 - 21:00,46,,n/e,n/e,n/e,n/e,203,,n/e,n/e,n/e,n/e,n/e,n/e,n/e,n/e,n/e,n/e,n/e,n/e,125,,n/e,n/e,n/e,n/e,n/e,n/e,0,,n/e,n/e,0,,n/e,n/e,n/e,n/e,0,
21:00 - 22:00,44,,n/e,n/e,n/e,n/e,201,,n/e,n/e,n/e,n/e,n/e,n/e,n/e,n/e,n/e,n/e,n/e,n/e,92,,n/e,n/e,n/e,n/e,n/e,n/e,0,,n/e,n/e,0,,n/e,n/e,n/e,n/e,0,
22:00 - 23:00,36,,n/e,n/e,n/e,n/e,201,,n/e,n/e,n/e,n/e,n/e,n/e,n/e,n/e,n/e,n/e,n/e,n/e,6,,n/e,n/e,n/e,n/e,n/e,n/e,0,,n/e,n/e,0,,n/e,n/e,n/e,n/e,0,
23:00 - 00:00,35,,n/e,n/e,n/e,n/e,201,,n/e,n/e,n/e,n/e,n/e,n/e,n/e,n/e,n/e,n/e,n/e,n/e,2,,n/e,n/e,n/e,n/e,n/e,n/e,0,,n/e,n/e,0,,n/e,n/e,n/e,n/e,0,
00:00 - 01:00,36,,n/e,n/e,n/e,n/e,201,,n/e,n/e,n/e,n/e,n/e,n/e,n/e,n/e,n/e,n/e,n/e,n/e,2,,n/e,n/e,n/e,n/e,n/e,n/e,0,,n/e,n/e,0,,n/e,n/e,n/e,n/e,1,
01:00 - 02:00,37,,n/e,n/e,n/e,n/e,201,,n/e,n/e,n/e,n/e,n/e,n/e,n/e,n/e,n/e,n/e,n/e,n/e,2,,n/e,n/e,n/e,n/e,n/e,n/e,0,,n/e,n/e,0,,n/e,n/e,n/e,n/e,0,
02:00 - 03:00,41,,n/e,n/e,n/e,n/e,201,,n/e,n/e,n/e,n/e,n/e,n/e,n/e,n/e,n/e,n/e,n/e,n/e,2,,n/e,n/e,n/e,n/e,n/e,n/e,0,,n/e,n/e,0,,n/e,n/e,n/e,n/e,0,
03:00 - 04:00,47,,n/e,n/e,n/e,n/e,206,,n/e,n/e,n/e,n/e,n/e,n/e,n/e,n/e,n/e,n/e,n/e,n/e,91,,n/e,n/e,n/e,n/e,n/e,n/e,0,,n/e,n/e,0,,n/e,n/e,n/e,n/e,0,
04:00 - 05:00,54,,n/e,n/e,n/e,n/e,286,,n/e,n/e,n/e,n/e,n/e,n/e,n/e,n/e,n/e,n/e,n/e,n/e,149,,n/e,n/e,n/e,n/e,n/e,n/e,0,,n/e,n/e,0,,n/e,n/e,n/e,n/e,0,
05:00 - 06:00,57,,n/e,n/e,n/e,n/e,288,,n/e,n/e,n/e,n/e,n/e,n/e,n/e,n/e,n/e,n/e,n/e,n/e,218,,n/e,n/e,n/e,n/e,n/e,n/e,0,,n/e,n/e,13,,n/e,n/e,n/e,n/e,0,
06:00 - 07:00,58,,n/e,n/e,n/e,n/e,288,,n/e,n/e,n/e,n/e,n/e,n/e,n/e,n/e,n/e,n/e,n/e,n/e,214,,n/e,n/e,n/e,n/e,n/e,n/e,0,,n/e,n/e,51,,n/e,n/e,n/e,n/e,0,
07:00 - 08:00,58,,n/e,n/e,n/e,n/e,284,,n/e,n/e,n/e,n/e,n/e,n/e,n/e,n/e,n/e,n/e,n/e,n/e,93,,n/e,n/e,n/e,n/e,n/e,n/e,0,,n/e,n/e,117,,n/e,n/e,n/e,n/e,0,
08:00 - 09:00,56,,n/e,n/e,n/e,n/e,284,,n/e,n/e,n/e,n/e,n/e,n/e,n/e,n/e,n/e,n/e,n/e,n/e,93,,n/e,n/e,n/e,n/e,n/e,n/e,0,,n/e,n/e,175,,n/e,n/e,n/e,n/e,0,
09:00 - 10:00,54,,n/e,n/e,n/e,n/e,316,,n/e,n/e,n/e,n/e,n/e,n/e,n/e,n/e,n/e,n/e,n/e,n/e,93,,n/e,n/e,n/e,n/e,n/e,n/e,0,,n/e,n/e,181,,n/e,n/e,n/e,n/e,0,
10:00 - 11:00,52,,n/e,n/e,n/e,n/e,313,,n/e,n/e,n/e,n/e,n/e,n/e,n/e,n/e,n/e,n/e,n/e,n/e,117,,n/e,n/e,n/e,n/e,n/e,n/e,0,,n/e,n/e,165,,n/e,n/e,n/e,n/e,0,
11:00 - 12:00,52,,n/e,n/e,n/e,n/e,313,,n/e,n/e,n/e,n/e,n/e,n/e,n/e,n/e,n/e,n/e,n/e,n/e,39,,n/e,n/e,n/e,n/e,n/e,n/e,0,,n/e,n/e,163,,n/e,n/e,n/e,n/e,0,
12:00 - 13:00,50,,n/e,n/e,n/e,n/e,314,,n/e,n/e,n/e,n/e,n/e,n/e,n/e,n/e,n/e,n/e,n/e,n/e,6,,n/e,n/e,n/e,n/e,n/e,n/e,0,,n/e,n/e,132,,n/e,n/e,n/e,n/e,0,
13:00 - 14:00,49,,n/e,n/e,n/e,n/e,394,,n/e,n/e,n/e,n/e,n/e,n/e,n/e,n/e,n/e,n/e,n/e,n/e,91,,n/e,n/e,n/e,n/e,n/e,n/e,0,,n/e,n/e,75,,n/e,n/e,n/e,n/e,0,
14:00 - 15:00,49,,n/e,n/e,n/e,n/e,439,,n/e,n/e,n/e,n/e,n/e,n/e,n/e,n/e,n/e,n/e,n/e,n/e,92,,n/e,n/e,n/e,n/e,n/e,n/e,0,,n/e,n/e,28,,n/e,n/e,n/e,n/e,0,
15:00 - 16:00,49,,n/e,n/e,n/e,n/e,620,,n/e,n/e,n/e,n/e,n/e,n/e,n/e,n/e,n/e,n/e,n/e,n/e,236,,n/e,n/e,n/e,n/e,n/e,n/e,0,,n/e,n/e,4,,n/e,n/e,n/e,n/e,1,
16:00 - 17:00,49,,n/e,n/e,n/e,n/e,691,,n/e,n/e,n/e,n/e,n/e,n/e,n/e,n/e,n/e,n/e,n/e,n/e,309,,n/e,n/e,n/e,n/e,n/e,n/e,0,,n/e,n/e,0,,n/e,n/e,n/e,n/e,0,
17:00 - 18:00,50,,n/e,n/e,n/e,n/e,691,,n/e,n/e,n/e,n/e,n/e,n/e,n/e,n/e,n/e,n/e,n/e,n/e,359,,n/e,n/e,n/e,n/e,n/e,n/e,0,,n/e,n/e,0,,n/e,n/e,n/e,n/e,2,
18:00 - 19:00,50,,n/e,n/e,n/e,n/e,639,,n/e,n/e,n/e,n/e,n/e,n/e,n/e,n/e,n/e,n/e,n/e,n/e,272,,n/e,n/e,n/e,n/e,n/e,n/e,0,,n/e,n/e,0,,n/e,n/e,n/e,n/e,3,
19:00 - 20:00,45,,n/e,n/e,n/e,n/e,584,,n/e,n/e,n/e,n/e,n/e,n/e,n/e,n/e,n/e,n/e,n/e,n/e,37,,n/e,n/e,n/e,n/e,n/e,n/e,0,,n/e,n/e,0,,n/e,n/e,n/e,n/e,11,
20:00 - 21:00,43,,n/e,n/e,n/e,n/e,584,,n/e,n/e,n/e,n/e,n/e,n/e,n/e,n/e,n/e,n/e,n/e,n/e,32,,n/e,n/e,n/e,n/e,n/e,n/e,0,,n/e,n/e,0,,n/e,n/e,n/e,n/e,21,
21:00 - 22:00,39,,n/e,n/e,n/e,n/e,280,,n/e,n/e,n/e,n/e,n/e,n/e,n/e,n/e,n/e,n/e,n/e,n/e,30,,n/e,n/e,n/e,n/e,n/e,n/e,0,,n/e,n/e,0,,n/e,n/e,n/e,n/e,15,
22:00 - 23:00,37,,n/e,n/e,n/e,n/e,203,,n/e,n/e,n/e,n/e,n/e,n/e,n/e,n/e,n/e,n/e,n/e,n/e,2,,n/e,n/e,n/e,n/e,n/e,n/e,0,,n/e,n/e,0,,n/e,n/e,n/e,n/e,16,
23:00 - 00:00,37,,n/e,n/e,n/e,n/e,203,,n/e,n/e,n/e,n/e,n/e,n/e,n/e,n/e,n/e,n/e,n/e,n/e,1,,n/e,n/e,n/e,n/e,n/e,n/e,0,,n/e,n/e,0,,n/e,n/e,n/e,n/e,15,
00:00 - 01:00,36,,n/e,n/e,n/e,n/e,202,,n/e,n/e,n/e,n/e,n/e,n/e,n/e,n/e,n/e,n/e,n/e,n/e,2,,n/e,n/e,n/e,n/e,n/e,n/e,0,,n/e,n/e,0,,n/e,n/e,n/e,n/e,15,
01:00 - 02:00,39,,n/e,n/e,n/e,n/e,154,,n/e,n/e,n/e,n/e,n/e,n/e,n/e,n/e,n/e,n/e,n/e,n/e,49,,n/e,n/e,n/e,n/e,n/e,n/e,0,,n/e,n/e,0,,n/e,n/e,n/e,n/e,23,
02:00 - 03:00,42,,n/e,n/e,n/e,n/e,153,,n/e,n/e,n/e,n/e,n/e,n/e,n/e,n/e,n/e,n/e,n/e,n/e,51,,n/e,n/e,n/e,n/e,n/e,n/e,0,,n/e,n/e,0,,n/e,n/e,n/e,n/e,20,
03:00 - 04:00,44,,n/e,n/e,n/e,n/e,153,,n/e,n/e,n/e,n/e,n/e,n/e,n/e,n/e,n/e,n/e,n/e,n/e,69,,n/e,n/e,n/e,n/e,n/e,n/e,0,,n/e,n/e,0,,n/e,n/e,n/e,n/e,27,
04:00 - 05:00,49,,n/e,n/e,n/e,n/e,155,,n/e,n/e,n/e,n/e,n/e,n/e,n/e,n/e,n/e,n/e,n/e,n/e,142,,n/e,n/e,n/e,n/e,n/e,n/e,0,,n/e,n/e,1,,n/e,n/e,n/e,n/e,30,
05:00 - 06:00,54,,n/e,n/e,n/e,n/e,156,,n/e,n/e,n/e,n/e,n/e,n/e,n/e,n/e,n/e,n/e,n/e,n/e,210,,n/e,n/e,n/e,n/e,n/e,n/e,0,,n/e,n/e,21,,n/e,n/e,n/e,n/e,30,
06:00 - 07:00,54,,n/e,n/e,n/e,n/e,156,,n/e,n/e,n/e,n/e,n/e,n/e,n/e,n/e,n/e,n/e,n/e,n/e,158,,n/e,n/e,n/e,n/e,n/e,n/e,0,,n/e,n/e,82,,n/e,n/e,n/e,n/e,20,
07:00 - 08:00,48,,n/e,n/e,n/e,n/e,153,,n/e,n/e,n/e,n/e,n/e,n/e,n/e,n/e,n/e,n/e,n/e,n/e,21,,n/e,n/e,n/e,n/e,n/e,n/e,0,,n/e,n/e,159,,n/e,n/e,n/e,n/e,13,
08:00 - 09:00,40,,n/e,n/e,n/e,n/e,153,,n/e,n/e,n/e,n/e,n/e,n/e,n/e,n/e,n/e,n/e,n/e,n/e,3,,n/e,n/e,n/e,n/e,n/e,n/e,0,,n/e,n/e,225,,n/e,n/e,n/e,n/e,10,
09:00 - 10:00,37,,n/e,n/e,n/e,n/e,151,,n/e,n/e,n/e,n/e,n/e,n/e,n/e,n/e,n/e,n/e,n/e,n/e,3,,n/e,n/e,n/e,n/e,n/e,n/e,0,,n/e,n/e,275,,n/e,n/e,n/e,n/e,9,
10:00 - 11:00,36,,n/e,n/e,n/e,n/e,151,,n/e,n/e,n/e,n/e,n/e,n/e,n/e,n/e,n/e,n/e,n/e,n/e,3,,n/e,n/e,n/e,n/e,n/e,n/e,0,,n/e,n/e,277,,n/e,n/e,n/e,n/e,5,
11:00 - 12:00,35,,n/e,n/e,n/e,n/e,151,,n/e,n/e,n/e,n/e,n/e,n/e,n/e,n/e,n/e,n/e,n/e,n/e,19,,n/e,n/e,n/e,n/e,n/e,n/e,0,,n/e,n/e,225,,n/e,n/e,n/e,n/e,7,
12:00 - 13:00,35,,n/e,n/e,n/e,n/e,151,,n/e,n/e,n/e,n/e,n/e,n/e,n/e,n/e,n/e,n/e,n/e,n/e,41,,n/e,n/e,n/e,n/e,n/e,n/e,0,,n/e,n/e,162,,n/e,n/e,n/e,n/e,9,
13:00 - 14:00,44,,n/e,n/e,n/e,n/e,153,,n/e,n/e,n/e,n/e,n/e,n/e,n/e,n/e,n/e,n/e,n/e,n/e,144,,n/e,n/e,n/e,n/e,n/e,n/e,0,,n/e,n/e,108,,n/e,n/e,n/e,n/e,11,
14:00 - 15:00,47,,n/e,n/e,n/e,n/e,153,,n/e,n/e,n/e,n/e,n/e,n/e,n/e,n/e,n/e,n/e,n/e,n/e,182,,n/e,n/e,n/e,n/e,n/e,n/e,0,,n/e,n/e,42,,n/e,n/e,n/e,n/e,10,
15:00 - 16:00,50,,n/e,n/e,n/e,n/e,155,,n/e,n/e,n/e,n/e,n/e,n/e,n/e,n/e,n/e,n/e,n/e,n/e,317,,n/e,n/e,n/e,n/e,n/e,n/e,0,,n/e,n/e,2,,n/e,n/e,n/e,n/e,16,
16:00 - 17:00,50,,n/e,n/e,n/e,n/e,155,,n/e,n/e,n/e,n/e,n/e,n/e,n/e,n/e,n/e,n/e,n/e,n/e,393,,n/e,n/e,n/e,n/e,n/e,n/e,0,,n/e,n/e,1,,n/e,n/e,n/e,n/e,28,
17:00 - 18:00,46,,n/e,n/e,n/e,n/e,155,,n/e,n/e,n/e,n/e,n/e,n/e,n/e,n/e,n/e,n/e,n/e,n/e,391,,n/e,n/e,n/e,n/e,n/e,n/e,0,,n/e,n/e,0,,n/e,n/e,n/e,n/e,29,
18:00 - 19:00,41,,n/e,n/e,n/e,n/e,142,,n/e,n/e,n/e,n/e,n/e,n/e,n/e,n/e,n/e,n/e,n/e,n/e,305,,n/e,n/e,n/e,n/e,n/e,n/e,0,,n/e,n/e,0,,n/e,n/e,n/e,n/e,26,
19:00 - 20:00,34,,n/e,n/e,n/e,n/e,1,,n/e,n/e,n/e,n/e,n/e,n/e,n/e,n/e,n/e,n/e,n/e,n/e,231,,n/e,n/e,n/e,n/e,n/e,n/e,0,,n/e,n/e,0,,n/e,n/e,n/e,n/e,24,
20:00 - 21:00,31,,n/e,n/e,n/e,n/e,1,,n/e,n/e,n/e,n/e,n/e,n/e,n/e,n/e,n/e,n/e,n/e,n/e,196,,n/e,n/e,n/e,n/e,n/e,n/e,0,,n/e,n/e,0,,n/e,n/e,n/e,n/e,34,
21:00 - 22:00,29,,n/e,n/e,n/e,n/e,1,,n/e,n/e,n/e,n/e,n/e,n/e,n/e,n/e,n/e,n/e,n/e,n/e,184,,n/e,n/e,n/e,n/e,n/e,n/e,0,,n/e,n/e,0,,n/e,n/e,n/e,n/e,36,
22:00 - 23:00,29,,n/e,n/e,n/e,n/e,0,,n/e,n/e,n/e,n/e,n/e,n/e,n/e,n/e,n/e,n/e,n/e,n/e,2,,n/e,n/e,n/e,n/e,n/e,n/e,0,,n/e,n/e,0,,n/e,n/e,n/e,n/e,52,
23:00 - 00:00,29,,n/e,n/e,n/e,n/e,0,,n/e,n/e,n/e,n/e,n/e,n/e,n/e,n/e,n/e,n/e,n/e,n/e,1,,n/e,n/e,n/e,n/e,n/e,n/e,0,,n/e,n/e,0,,n/e,n/e,n/e,n/e,51,
00:00 - 01:00,29,,n/e,n/e,n/e,n/e,0,,n/e,n/e,n/e,n/e,n/e,n/e,n/e,n/e,n/e,n/e,n/e,n/e,1,,n/e,n/e,n/e,n/e,n/e,n/e,0,,n/e,n/e,0,,n/e,n/e,n/e,n/e,53,
01:00 - 02:00,29,,n/e,n/e,n/e,n/e,0,,n/e,n/e,n/e,n/e,n/e,n/e,n/e,n/e,n/e,n/e,n/e,n/e,1,,n/e,n/e,n/e,n/e,n/e,n/e,0,,n/e,n/e,0,,n/e,n/e,n/e,n/e,55,
02:00 - 03:00,29,,n/e,n/e,n/e,n/e,1,,n/e,n/e,n/e,n/e,n/e,n/e,n/e,n/e,n/e,n/e,n/e,n/e,1,,n/e,n/e,n/e,n/e,n/e,n/e,0,,n/e,n/e,0,,n/e,n/e,n/e,n/e,62,
03:00 - 04:00,28,,n/e,n/e,n/e,n/e,1,,n/e,n/e,n/e,n/e,n/e,n/e,n/e,n/e,n/e,n/e,n/e,n/e,1,,n/e,n/e,n/e,n/e,n/e,n/e,0,,n/e,n/e,0,,n/e,n/e,n/e,n/e,68,
04:00 - 05:00,31,,n/e,n/e,n/e,n/e,0,,n/e,n/e,n/e,n/e,n/e,n/e,n/e,n/e,n/e,n/e,n/e,n/e,2,,n/e,n/e,n/e,n/e,n/e,n/e,0,,n/e,n/e,1,,n/e,n/e,n/e,n/e,78,
05:00 - 06:00,37,,n/e,n/e,n/e,n/e,0,,n/e,n/e,n/e,n/e,n/e,n/e,n/e,n/e,n/e,n/e,n/e,n/e,5,,n/e,n/e,n/e,n/e,n/e,n/e,0,,n/e,n/e,11,,n/e,n/e,n/e,n/e,80,
06:00 - 07:00,38,,n/e,n/e,n/e,n/e,0,,n/e,n/e,n/e,n/e,n/e,n/e,n/e,n/e,n/e,n/e,n/e,n/e,4,,n/e,n/e,n/e,n/e,n/e,n/e,0,,n/e,n/e,33,,n/e,n/e,n/e,n/e,76,
07:00 - 08:00,32,,n/e,n/e,n/e,n/e,0,,n/e,n/e,n/e,n/e,n/e,n/e,n/e,n/e,n/e,n/e,n/e,n/e,2,,n/e,n/e,n/e,n/e,n/e,n/e,0,,n/e,n/e,58,,n/e,n/e,n/e,n/e,58,
08:00 - 09:00,30,,n/e,n/e,n/e,n/e,0,,n/e,n/e,n/e,n/e,n/e,n/e,n/e,n/e,n/e,n/e,n/e,n/e,2,,n/e,n/e,n/e,n/e,n/e,n/e,0,,n/e,n/e,71,,n/e,n/e,n/e,n/e,71,
09:00 - 10:00,28,,n/e,n/e,n/e,n/e,0,,n/e,n/e,n/e,n/e,n/e,n/e,n/e,n/e,n/e,n/e,n/e,n/e,2,,n/e,n/e,n/e,n/e,n/e,n/e,0,,n/e,n/e,64,,n/e,n/e,n/e,n/e,55,
10:00 - 11:00,27,,n/e,n/e,n/e,n/e,0,,n/e,n/e,n/e,n/e,n/e,n/e,n/e,n/e,n/e,n/e,n/e,n/e,18,,n/e,n/e,n/e,n/e,n/e,n/e,0,,n/e,n/e,42,,n/e,n/e,n/e,n/e,55,
11:00 - 12:00,27,,n/e,n/e,n/e,n/e,0,,n/e,n/e,n/e,n/e,n/e,n/e,n/e,n/e,n/e,n/e,n/e,n/e,18,,n/e,n/e,n/e,n/e,n/e,n/e,0,,n/e,n/e,30,,n/e,n/e,n/e,n/e,58,
12:00 - 13:00,26,,n/e,n/e,n/e,n/e,0,,n/e,n/e,n/e,n/e,n/e,n/e,n/e,n/e,n/e,n/e,n/e,n/e,55,,n/e,n/e,n/e,n/e,n/e,n/e,0,,n/e,n/e,29,,n/e,n/e,n/e,n/e,64,
13:00 - 14:00,27,,n/e,n/e,n/e,n/e,0,,n/e,n/e,n/e,n/e,n/e,n/e,n/e,n/e,n/e,n/e,n/e,n/e,39,,n/e,n/e,n/e,n/e,n/e,n/e,0,,n/e,n/e,19,,n/e,n/e,n/e,n/e,65,
14:00 - 15:00,28,,n/e,n/e,n/e,n/e,0,,n/e,n/e,n/e,n/e,n/e,n/e,n/e,n/e,n/e,n/e,n/e,n/e,189,,n/e,n/e,n/e,n/e,n/e,n/e,0,,n/e,n/e,7,,n/e,n/e,n/e,n/e,64,
15:00 - 16:00,27,,n/e,n/e,n/e,n/e,0,,n/e,n/e,n/e,n/e,n/e,n/e,n/e,n/e,n/e,n/e,n/e,n/e,346,,n/e,n/e,n/e,n/e,n/e,n/e,0,,n/e,n/e,0,,n/e,n/e,n/e,n/e,74,
16:00 - 17:00,32,,n/e,n/e,n/e,n/e,1,,n/e,n/e,n/e,n/e,n/e,n/e,n/e,n/e,n/e,n/e,n/e,n/e,317,,n/e,n/e,n/e,n/e,n/e,n/e,0,,n/e,n/e,0,,n/e,n/e,n/e,n/e,88,
17:00 - 18:00,35,,n/e,n/e,n/e,n/e,1,,n/e,n/e,n/e,n/e,n/e,n/e,n/e,n/e,n/e,n/e,n/e,n/e,301,,n/e,n/e,n/e,n/e,n/e,n/e,0,,n/e,n/e,0,,n/e,n/e,n/e,n/e,64,
18:00 - 19:00,35,,n/e,n/e,n/e,n/e,1,,n/e,n/e,n/e,n/e,n/e,n/e,n/e,n/e,n/e,n/e,n/e,n/e,285,,n/e,n/e,n/e,n/e,n/e,n/e,0,,n/e,n/e,0,,n/e,n/e,n/e,n/e,25,
19:00 - 20:00,29,,n/e,n/e,n/e,n/e,0,,n/e,n/e,n/e,n/e,n/e,n/e,n/e,n/e,n/e,n/e,n/e,n/e,299,,n/e,n/e,n/e,n/e,n/e,n/e,0,,n/e,n/e,0,,n/e,n/e,n/e,n/e,20,
20:00 - 21:00,30,,n/e,n/e,n/e,n/e,0,,n/e,n/e,n/e,n/e,n/e,n/e,n/e,n/e,n/e,n/e,n/e,n/e,158,,n/e,n/e,n/e,n/e,n/e,n/e,0,,n/e,n/e,0,,n/e,n/e,n/e,n/e,26,
21:00 - 22:00,30,,n/e,n/e,n/e,n/e,0,,n/e,n/e,n/e,n/e,n/e,n/e,n/e,n/e,n/e,n/e,n/e,n/e,6,,n/e,n/e,n/e,n/e,n/e,n/e,0,,n/e,n/e,0,,n/e,n/e,n/e,n/e,24,
22:00 - 23:00,33,,n/e,n/e,n/e,n/e,0,,n/e,n/e,n/e,n/e,n/e,n/e,n/e,n/e,n/e,n/e,n/e,n/e,6,,n/e,n/e,n/e,n/e,n/e,n/e,0,,n/e,n/e,0,,n/e,n/e,n/e,n/e,18,
23:00 - 00:00,36,,n/e,n/e,n/e,n/e,0,,n/e,n/e,n/e,n/e,n/e,n/e,n/e,n/e,n/e,n/e,n/e,n/e,7,,n/e,n/e,n/e,n/e,n/e,n/e,0,,n/e,n/e,0,,n/e,n/e,n/e,n/e,13,
00:00 - 01:00,36,,n/e,n/e,n/e,n/e,0,,n/e,n/e,n/e,n/e,n/e,n/e,n/e,n/e,n/e,n/e,n/e,n/e,42,,n/e,n/e,n/e,n/e,n/e,n/e,0,,n/e,n/e,0,,n/e,n/e,n/e,n/e,21,
01:00 - 02:00,36,,n/e,n/e,n/e,n/e,0,,n/e,n/e,n/e,n/e,n/e,n/e,n/e,n/e,n/e,n/e,n/e,n/e,54,,n/e,n/e,n/e,n/e,n/e,n/e,0,,n/e,n/e,0,,n/e,n/e,n/e,n/e,19,
02:00 - 03:00,37,,n/e,n/e,n/e,n/e,0,,n/e,n/e,n/e,n/e,n/e,n/e,n/e,n/e,n/e,n/e,n/e,n/e,91,,n/e,n/e,n/e,n/e,n/e,n/e,0,,n/e,n/e,0,,n/e,n/e,n/e,n/e,22,
03:00 - 04:00,37,,n/e,n/e,n/e,n/e,0,,n/e,n/e,n/e,n/e,n/e,n/e,n/e,n/e,n/e,n/e,n/e,n/e,307,,n/e,n/e,n/e,n/e,n/e,n/e,0,,n/e,n/e,0,,n/e,n/e,n/e,n/e,25,
04:00 - 05:00,41,,n/e,n/e,n/e,n/e,0,,n/e,n/e,n/e,n/e,n/e,n/e,n/e,n/e,n/e,n/e,n/e,n/e,349,,n/e,n/e,n/e,n/e,n/e,n/e,0,,n/e,n/e,0,,n/e,n/e,n/e,n/e,17,
05:00 - 06:00,45,,n/e,n/e,n/e,n/e,1,,n/e,n/e,n/e,n/e,n/e,n/e,n/e,n/e,n/e,n/e,n/e,n/e,342,,n/e,n/e,n/e,n/e,n/e,n/e,0,,n/e,n/e,3,,n/e,n/e,n/e,n/e,18,
06:00 - 07:00,46,,n/e,n/e,n/e,n/e,1,,n/e,n/e,n/e,n/e,n/e,n/e,n/e,n/e,n/e,n/e,n/e,n/e,339,,n/e,n/e,n/e,n/e,n/e,n/e,0,,n/e,n/e,13,,n/e,n/e,n/e,n/e,25,
07:00 - 08:00,42,,n/e,n/e,n/e,n/e,0,,n/e,n/e,n/e,n/e,n/e,n/e,n/e,n/e,n/e,n/e,n/e,n/e,334,,n/e,n/e,n/e,n/e,n/e,n/e,0,,n/e,n/e,27,,n/e,n/e,n/e,n/e,36,
08:00 - 09:00,37,,n/e,n/e,n/e,n/e,0,,n/e,n/e,n/e,n/e,n/e,n/e,n/e,n/e,n/e,n/e,n/e,n/e,317,,n/e,n/e,n/e,n/e,n/e,n/e,0,,n/e,n/e,47,,n/e,n/e,n/e,n/e,35,
09:00 - 10:00,36,,n/e,n/e,n/e,n/e,1,,n/e,n/e,n/e,n/e,n/e,n/e,n/e,n/e,n/e,n/e,n/e,n/e,174,,n/e,n/e,n/e,n/e,n/e,n/e,0,,n/e,n/e,68,,n/e,n/e,n/e,n/e,49,
10:00 - 11:00,36,,n/e,n/e,n/e,n/e,0,,n/e,n/e,n/e,n/e,n/e,n/e,n/e,n/e,n/e,n/e,n/e,n/e,27,,n/e,n/e,n/e,n/e,n/e,n/e,0,,n/e,n/e,99,,n/e,n/e,n/e,n/e,51,
11:00 - 12:00,33,,n/e,n/e,n/e,n/e,0,,n/e,n/e,n/e,n/e,n/e,n/e,n/e,n/e,n/e,n/e,n/e,n/e,38,,n/e,n/e,n/e,n/e,n/e,n/e,0,,n/e,n/e,102,,n/e,n/e,n/e,n/e,51,
12:00 - 13:00,31,,n/e,n/e,n/e,n/e,0,,n/e,n/e,n/e,n/e,n/e,n/e,n/e,n/e,n/e,n/e,n/e,n/e,52,,n/e,n/e,n/e,n/e,n/e,n/e,0,,n/e,n/e,70,,n/e,n/e,n/e,n/e,73,
13:00 - 14:00,29,,n/e,n/e,n/e,n/e,0,,n/e,n/e,n/e,n/e,n/e,n/e,n/e,n/e,n/e,n/e,n/e,n/e,26,,n/e,n/e,n/e,n/e,n/e,n/e,0,,n/e,n/e,44,,n/e,n/e,n/e,n/e,81,
14:00 - 15:00,30,,n/e,n/e,n/e,n/e,0,,n/e,n/e,n/e,n/e,n/e,n/e,n/e,n/e,n/e,n/e,n/e,n/e,24,,n/e,n/e,n/e,n/e,n/e,n/e,0,,n/e,n/e,19,,n/e,n/e,n/e,n/e,53,
15:00 - 16:00,34,,n/e,n/e,n/e,n/e,0,,n/e,n/e,n/e,n/e,n/e,n/e,n/e,n/e,n/e,n/e,n/e,n/e,21,,n/e,n/e,n/e,n/e,n/e,n/e,0,,n/e,n/e,2,,n/e,n/e,n/e,n/e,66,
16:00 - 17:00,35,,n/e,n/e,n/e,n/e,0,,n/e,n/e,n/e,n/e,n/e,n/e,n/e,n/e,n/e,n/e,n/e,n/e,31,,n/e,n/e,n/e,n/e,n/e,n/e,0,,n/e,n/e,0,,n/e,n/e,n/e,n/e,75,
17:00 - 18:00,32,,n/e,n/e,n/e,n/e,0,,n/e,n/e,n/e,n/e,n/e,n/e,n/e,n/e,n/e,n/e,n/e,n/e,8,,n/e,n/e,n/e,n/e,n/e,n/e,0,,n/e,n/e,1,,n/e,n/e,n/e,n/e,70,
18:00 - 19:00,31,,n/e,n/e,n/e,n/e,0,,n/e,n/e,n/e,n/e,n/e,n/e,n/e,n/e,n/e,n/e,n/e,n/e,2,,n/e,n/e,n/e,n/e,n/e,n/e,0,,n/e,n/e,0,,n/e,n/e,n/e,n/e,74,
19:00 - 20:00,30,,n/e,n/e,n/e,n/e,0,,n/e,n/e,n/e,n/e,n/e,n/e,n/e,n/e,n/e,n/e,n/e,n/e,1,,n/e,n/e,n/e,n/e,n/e,n/e,0,,n/e,n/e,0,,n/e,n/e,n/e,n/e,69,
20:00 - 21:00,29,,n/e,n/e,n/e,n/e,0,,n/e,n/e,n/e,n/e,n/e,n/e,n/e,n/e,n/e,n/e,n/e,n/e,1,,n/e,n/e,n/e,n/e,n/e,n/e,0,,n/e,n/e,0,,n/e,n/e,n/e,n/e,90,
21:00 - 22:00,29,,n/e,n/e,n/e,n/e,0,,n/e,n/e,n/e,n/e,n/e,n/e,n/e,n/e,n/e,n/e,n/e,n/e,1,,n/e,n/e,n/e,n/e,n/e,n/e,0,,n/e,n/e,0,,n/e,n/e,n/e,n/e,102,
22:00 - 23:00,30,,n/e,n/e,n/e,n/e,0,,n/e,n/e,n/e,n/e,n/e,n/e,n/e,n/e,n/e,n/e,n/e,n/e,1,,n/e,n/e,n/e,n/e,n/e,n/e,0,,n/e,n/e,0,,n/e,n/e,n/e,n/e,35,
23:00 - 00:00,30,,n/e,n/e,n/e,n/e,0,,n/e,n/e,n/e,n/e,n/e,n/e,n/e,n/e,n/e,n/e,n/e,n/e,1,,n/e,n/e,n/e,n/e,n/e,n/e,0,,n/e,n/e,0,,n/e,n/e,n/e,n/e,31,
00:00 - 01:00,31,,n/e,n/e,n/e,n/e,0,,n/e,n/e,n/e,n/e,n/e,n/e,n/e,n/e,n/e,n/e,n/e,n/e,1,,n/e,n/e,n/e,n/e,n/e,n/e,0,,n/e,n/e,0,,n/e,n/e,n/e,n/e,29,
01:00 - 02:00,31,,n/e,n/e,n/e,n/e,0,,n/e,n/e,n/e,n/e,n/e,n/e,n/e,n/e,n/e,n/e,n/e,n/e,15,,n/e,n/e,n/e,n/e,n/e,n/e,0,,n/e,n/e,0,,n/e,n/e,n/e,n/e,77,
02:00 - 03:00,31,,n/e,n/e,n/e,n/e,0,,n/e,n/e,n/e,n/e,n/e,n/e,n/e,n/e,n/e,n/e,n/e,n/e,3,,n/e,n/e,n/e,n/e,n/e,n/e,0,,n/e,n/e,0,,n/e,n/e,n/e,n/e,81,
03:00 - 04:00,33,,n/e,n/e,n/e,n/e,0,,n/e,n/e,n/e,n/e,n/e,n/e,n/e,n/e,n/e,n/e,n/e,n/e,89,,n/e,n/e,n/e,n/e,n/e,n/e,0,,n/e,n/e,0,,n/e,n/e,n/e,n/e,71,
04:00 - 05:00,39,,n/e,n/e,n/e,n/e,3,,n/e,n/e,n/e,n/e,n/e,n/e,n/e,n/e,n/e,n/e,n/e,n/e,110,,n/e,n/e,n/e,n/e,n/e,n/e,0,,n/e,n/e,0,,n/e,n/e,n/e,n/e,72,
05:00 - 06:00,45,,n/e,n/e,n/e,n/e,5,,n/e,n/e,n/e,n/e,n/e,n/e,n/e,n/e,n/e,n/e,n/e,n/e,112,,n/e,n/e,n/e,n/e,n/e,n/e,0,,n/e,n/e,6,,n/e,n/e,n/e,n/e,86,
06:00 - 07:00,49,,n/e,n/e,n/e,n/e,5,,n/e,n/e,n/e,n/e,n/e,n/e,n/e,n/e,n/e,n/e,n/e,n/e,109,,n/e,n/e,n/e,n/e,n/e,n/e,0,,n/e,n/e,26,,n/e,n/e,n/e,n/e,87,
07:00 - 08:00,50,,n/e,n/e,n/e,n/e,5,,n/e,n/e,n/e,n/e,n/e,n/e,n/e,n/e,n/e,n/e,n/e,n/e,122,,n/e,n/e,n/e,n/e,n/e,n/e,0,,n/e,n/e,52,,n/e,n/e,n/e,n/e,86,
08:00 - 09:00,48,,n/e,n/e,n/e,n/e,4,,n/e,n/e,n/e,n/e,n/e,n/e,n/e,n/e,n/e,n/e,n/e,n/e,124,,n/e,n/e,n/e,n/e,n/e,n/e,0,,n/e,n/e,89,,n/e,n/e,n/e,n/e,94,
09:00 - 10:00,36,,n/e,n/e,n/e,n/e,0,,n/e,n/e,n/e,n/e,n/e,n/e,n/e,n/e,n/e,n/e,n/e,n/e,104,,n/e,n/e,n/e,n/e,n/e,n/e,0,,n/e,n/e,63,,n/e,n/e,n/e,n/e,94,
10:00 - 11:00,32,,n/e,n/e,n/e,n/e,0,,n/e,n/e,n/e,n/e,n/e,n/e,n/e,n/e,n/e,n/e,n/e,n/e,18,,n/e,n/e,n/e,n/e,n/e,n/e,0,,n/e,n/e,54,,n/e,n/e,n/e,n/e,96,
11:00 - 12:00,30,,n/e,n/e,n/e,n/e,0,,n/e,n/e,n/e,n/e,n/e,n/e,n/e,n/e,n/e,n/e,n/e,n/e,36,,n/e,n/e,n/e,n/e,n/e,n/e,0,,n/e,n/e,46,,n/e,n/e,n/e,n/e,91,
12:00 - 13:00,31,,n/e,n/e,n/e,n/e,0,,n/e,n/e,n/e,n/e,n/e,n/e,n/e,n/e,n/e,n/e,n/e,n/e,55,,n/e,n/e,n/e,n/e,n/e,n/e,0,,n/e,n/e,41,,n/e,n/e,n/e,n/e,90,
13:00 - 14:00,31,,n/e,n/e,n/e,n/e,0,,n/e,n/e,n/e,n/e,n/e,n/e,n/e,n/e,n/e,n/e,n/e,n/e,56,,n/e,n/e,n/e,n/e,n/e,n/e,0,,n/e,n/e,32,,n/e,n/e,n/e,n/e,87,
14:00 - 15:00,35,,n/e,n/e,n/e,n/e,1,,n/e,n/e,n/e,n/e,n/e,n/e,n/e,n/e,n/e,n/e,n/e,n/e,201,,n/e,n/e,n/e,n/e,n/e,n/e,0,,n/e,n/e,15,,n/e,n/e,n/e,n/e,66,
15:00 - 16:00,42,,n/e,n/e,n/e,n/e,5,,n/e,n/e,n/e,n/e,n/e,n/e,n/e,n/e,n/e,n/e,n/e,n/e,215,,n/e,n/e,n/e,n/e,n/e,n/e,0,,n/e,n/e,2,,n/e,n/e,n/e,n/e,65,
16:00 - 17:00,46,,n/e,n/e,n/e,n/e,5,,n/e,n/e,n/e,n/e,n/e,n/e,n/e,n/e,n/e,n/e,n/e,n/e,301,,n/e,n/e,n/e,n/e,n/e,n/e,0,,n/e,n/e,0,,n/e,n/e,n/e,n/e,64,
17:00 - 18:00,48,,n/e,n/e,n/e,n/e,5,,n/e,n/e,n/e,n/e,n/e,n/e,n/e,n/e,n/e,n/e,n/e,n/e,304,,n/e,n/e,n/e,n/e,n/e,n/e,0,,n/e,n/e,0,,n/e,n/e,n/e,n/e,62,
18:00 - 19:00,43,,n/e,n/e,n/e,n/e,3,,n/e,n/e,n/e,n/e,n/e,n/e,n/e,n/e,n/e,n/e,n/e,n/e,157,,n/e,n/e,n/e,n/e,n/e,n/e,0,,n/e,n/e,0,,n/e,n/e,n/e,n/e,60,
19:00 - 20:00,40,,n/e,n/e,n/e,n/e,1,,n/e,n/e,n/e,n/e,n/e,n/e,n/e,n/e,n/e,n/e,n/e,n/e,10,,n/e,n/e,n/e,n/e,n/e,n/e,0,,n/e,n/e,0,,n/e,n/e,n/e,n/e,45,
20:00 - 21:00,39,,n/e,n/e,n/e,n/e,0,,n/e,n/e,n/e,n/e,n/e,n/e,n/e,n/e,n/e,n/e,n/e,n/e,2,,n/e,n/e,n/e,n/e,n/e,n/e,0,,n/e,n/e,0,,n/e,n/e,n/e,n/e,46,
21:00 - 22:00,40,,n/e,n/e,n/e,n/e,0,,n/e,n/e,n/e,n/e,n/e,n/e,n/e,n/e,n/e,n/e,n/e,n/e,4,,n/e,n/e,n/e,n/e,n/e,n/e,0,,n/e,n/e,0,,n/e,n/e,n/e,n/e,33,
22:00 - 23:00,42,,n/e,n/e,n/e,n/e,0,,n/e,n/e,n/e,n/e,n/e,n/e,n/e,n/e,n/e,n/e,n/e,n/e,2,,n/e,n/e,n/e,n/e,n/e,n/e,0,,n/e,n/e,0,,n/e,n/e,n/e,n/e,33,
23:00 - 00:00,43,,n/e,n/e,n/e,n/e,0,,n/e,n/e,n/e,n/e,n/e,n/e,n/e,n/e,n/e,n/e,n/e,n/e,2,,n/e,n/e,n/e,n/e,n/e,n/e,0,,n/e,n/e,0,,n/e,n/e,n/e,n/e,24,
00:00 - 01:00,44,,n/e,n/e,n/e,n/e,2,,n/e,n/e,n/e,n/e,n/e,n/e,n/e,n/e,n/e,n/e,n/e,n/e,2,,n/e,n/e,n/e,n/e,n/e,n/e,0,,n/e,n/e,0,,n/e,n/e,n/e,n/e,20,
01:00 - 02:00,44,,n/e,n/e,n/e,n/e,2,,n/e,n/e,n/e,n/e,n/e,n/e,n/e,n/e,n/e,n/e,n/e,n/e,2,,n/e,n/e,n/e,n/e,n/e,n/e,0,,n/e,n/e,0,,n/e,n/e,n/e,n/e,22,
02:00 - 03:00,47,,n/e,n/e,n/e,n/e,2,,n/e,n/e,n/e,n/e,n/e,n/e,n/e,n/e,n/e,n/e,n/e,n/e,2,,n/e,n/e,n/e,n/e,n/e,n/e,0,,n/e,n/e,0,,n/e,n/e,n/e,n/e,27,
03:00 - 04:00,48,,n/e,n/e,n/e,n/e,2,,n/e,n/e,n/e,n/e,n/e,n/e,n/e,n/e,n/e,n/e,n/e,n/e,2,,n/e,n/e,n/e,n/e,n/e,n/e,0,,n/e,n/e,0,,n/e,n/e,n/e,n/e,34,
04:00 - 05:00,48,,n/e,n/e,n/e,n/e,2,,n/e,n/e,n/e,n/e,n/e,n/e,n/e,n/e,n/e,n/e,n/e,n/e,2,,n/e,n/e,n/e,n/e,n/e,n/e,0,,n/e,n/e,0,,n/e,n/e,n/e,n/e,26,
05:00 - 06:00,51,,n/e,n/e,n/e,n/e,2,,n/e,n/e,n/e,n/e,n/e,n/e,n/e,n/e,n/e,n/e,n/e,n/e,8,,n/e,n/e,n/e,n/e,n/e,n/e,0,,n/e,n/e,21,,n/e,n/e,n/e,n/e,44,
06:00 - 07:00,46,,n/e,n/e,n/e,n/e,2,,n/e,n/e,n/e,n/e,n/e,n/e,n/e,n/e,n/e,n/e,n/e,n/e,3,,n/e,n/e,n/e,n/e,n/e,n/e,0,,n/e,n/e,99,,n/e,n/e,n/e,n/e,46,
07:00 - 08:00,42,,n/e,n/e,n/e,n/e,0,,n/e,n/e,n/e,n/e,n/e,n/e,n/e,n/e,n/e,n/e,n/e,n/e,3,,n/e,n/e,n/e,n/e,n/e,n/e,0,,n/e,n/e,183,,n/e,n/e,n/e,n/e,63,
08:00 - 09:00,42,,n/e,n/e,n/e,n/e,0,,n/e,n/e,n/e,n/e,n/e,n/e,n/e,n/e,n/e,n/e,n/e,n/e,3,,n/e,n/e,n/e,n/e,n/e,n/e,0,,n/e,n/e,258,,n/e,n/e,n/e,n/e,52,
09:00 - 10:00,40,,n/e,n/e,n/e,n/e,0,,n/e,n/e,n/e,n/e,n/e,n/e,n/e,n/e,n/e,n/e,n/e,n/e,3,,n/e,n/e,n/e,n/e,n/e,n/e,0,,n/e,n/e,292,,n/e,n/e,n/e,n/e,46,
10:00 - 11:00,41,,n/e,n/e,n/e,n/e,0,,n/e,n/e,n/e,n/e,n/e,n/e,n/e,n/e,n/e,n/e,n/e,n/e,14,,n/e,n/e,n/e,n/e,n/e,n/e,0,,n/e,n/e,266,,n/e,n/e,n/e,n/e,43,
11:00 - 12:00,40,,n/e,n/e,n/e,n/e,0,,n/e,n/e,n/e,n/e,n/e,n/e,n/e,n/e,n/e,n/e,n/e,n/e,26,,n/e,n/e,n/e,n/e,n/e,n/e,0,,n/e,n/e,219,,n/e,n/e,n/e,n/e,38,
12:00 - 13:00,43,,n/e,n/e,n/e,n/e,0,,n/e,n/e,n/e,n/e,n/e,n/e,n/e,n/e,n/e,n/e,n/e,n/e,32,,n/e,n/e,n/e,n/e,n/e,n/e,0,,n/e,n/e,169,,n/e,n/e,n/e,n/e,26,
13:00 - 14:00,47,,n/e,n/e,n/e,n/e,1,,n/e,n/e,n/e,n/e,n/e,n/e,n/e,n/e,n/e,n/e,n/e,n/e,183,,n/e,n/e,n/e,n/e,n/e,n/e,0,,n/e,n/e,109,,n/e,n/e,n/e,n/e,13,
14:00 - 15:00,55,,n/e,n/e,n/e,n/e,6,,n/e,n/e,n/e,n/e,n/e,n/e,n/e,n/e,n/e,n/e,n/e,n/e,229,,n/e,n/e,n/e,n/e,n/e,n/e,0,,n/e,n/e,35,,n/e,n/e,n/e,n/e,5,
15:00 - 16:00,57,,n/e,n/e,n/e,n/e,13,,n/e,n/e,n/e,n/e,n/e,n/e,n/e,n/e,n/e,n/e,n/e,n/e,303,,n/e,n/e,n/e,n/e,n/e,n/e,0,,n/e,n/e,2,,n/e,n/e,n/e,n/e,2,
16:00 - 17:00,57,,n/e,n/e,n/e,n/e,13,,n/e,n/e,n/e,n/e,n/e,n/e,n/e,n/e,n/e,n/e,n/e,n/e,415,,n/e,n/e,n/e,n/e,n/e,n/e,0,,n/e,n/e,0,,n/e,n/e,n/e,n/e,10,
17:00 - 18:00,59,,n/e,n/e,n/e,n/e,13,,n/e,n/e,n/e,n/e,n/e,n/e,n/e,n/e,n/e,n/e,n/e,n/e,408,,n/e,n/e,n/e,n/e,n/e,n/e,0,,n/e,n/e,0,,n/e,n/e,n/e,n/e,14,
18:00 - 19:00,57,,n/e,n/e,n/e,n/e,6,,n/e,n/e,n/e,n/e,n/e,n/e,n/e,n/e,n/e,n/e,n/e,n/e,264,,n/e,n/e,n/e,n/e,n/e,n/e,0,,n/e,n/e,0,,n/e,n/e,n/e,n/e,11,
19:00 - 20:00,55,,n/e,n/e,n/e,n/e,6,,n/e,n/e,n/e,n/e,n/e,n/e,n/e,n/e,n/e,n/e,n/e,n/e,257,,n/e,n/e,n/e,n/e,n/e,n/e,0,,n/e,n/e,0,,n/e,n/e,n/e,n/e,13,
20:00 - 21:00,50,,n/e,n/e,n/e,n/e,4,,n/e,n/e,n/e,n/e,n/e,n/e,n/e,n/e,n/e,n/e,n/e,n/e,195,,n/e,n/e,n/e,n/e,n/e,n/e,0,,n/e,n/e,0,,n/e,n/e,n/e,n/e,14,
21:00 - 22:00,40,,n/e,n/e,n/e,n/e,1,,n/e,n/e,n/e,n/e,n/e,n/e,n/e,n/e,n/e,n/e,n/e,n/e,11,,n/e,n/e,n/e,n/e,n/e,n/e,0,,n/e,n/e,0,,n/e,n/e,n/e,n/e,17,
22:00 - 23:00,36,,n/e,n/e,n/e,n/e,0,,n/e,n/e,n/e,n/e,n/e,n/e,n/e,n/e,n/e,n/e,n/e,n/e,10,,n/e,n/e,n/e,n/e,n/e,n/e,0,,n/e,n/e,0,,n/e,n/e,n/e,n/e,18,
23:00 - 00:00,35,,n/e,n/e,n/e,n/e,0,,n/e,n/e,n/e,n/e,n/e,n/e,n/e,n/e,n/e,n/e,n/e,n/e,10,,n/e,n/e,n/e,n/e,n/e,n/e,0,,n/e,n/e,0,,n/e,n/e,n/e,n/e,29,
00:00 - 01:00,35,,n/e,n/e,n/e,n/e,0,,n/e,n/e,n/e,n/e,n/e,n/e,n/e,n/e,n/e,n/e,n/e,n/e,10,,n/e,n/e,n/e,n/e,n/e,n/e,0,,n/e,n/e,0,,n/e,n/e,n/e,n/e,19,
01:00 - 02:00,36,,n/e,n/e,n/e,n/e,0,,n/e,n/e,n/e,n/e,n/e,n/e,n/e,n/e,n/e,n/e,n/e,n/e,17,,n/e,n/e,n/e,n/e,n/e,n/e,0,,n/e,n/e,0,,n/e,n/e,n/e,n/e,20,
02:00 - 03:00,35,,n/e,n/e,n/e,n/e,0,,n/e,n/e,n/e,n/e,n/e,n/e,n/e,n/e,n/e,n/e,n/e,n/e,10,,n/e,n/e,n/e,n/e,n/e,n/e,0,,n/e,n/e,0,,n/e,n/e,n/e,n/e,16,
03:00 - 04:00,35,,n/e,n/e,n/e,n/e,0,,n/e,n/e,n/e,n/e,n/e,n/e,n/e,n/e,n/e,n/e,n/e,n/e,10,,n/e,n/e,n/e,n/e,n/e,n/e,0,,n/e,n/e,0,,n/e,n/e,n/e,n/e,16,
04:00 - 05:00,33,,n/e,n/e,n/e,n/e,0,,n/e,n/e,n/e,n/e,n/e,n/e,n/e,n/e,n/e,n/e,n/e,n/e,10,,n/e,n/e,n/e,n/e,n/e,n/e,0,,n/e,n/e,0,,n/e,n/e,n/e,n/e,33,
05:00 - 06:00,33,,n/e,n/e,n/e,n/e,0,,n/e,n/e,n/e,n/e,n/e,n/e,n/e,n/e,n/e,n/e,n/e,n/e,10,,n/e,n/e,n/e,n/e,n/e,n/e,0,,n/e,n/e,15,,n/e,n/e,n/e,n/e,35,
06:00 - 07:00,35,,n/e,n/e,n/e,n/e,0,,n/e,n/e,n/e,n/e,n/e,n/e,n/e,n/e,n/e,n/e,n/e,n/e,3,,n/e,n/e,n/e,n/e,n/e,n/e,0,,n/e,n/e,66,,n/e,n/e,n/e,n/e,36,
07:00 - 08:00,36,,n/e,n/e,n/e,n/e,0,,n/e,n/e,n/e,n/e,n/e,n/e,n/e,n/e,n/e,n/e,n/e,n/e,2,,n/e,n/e,n/e,n/e,n/e,n/e,0,,n/e,n/e,144,,n/e,n/e,n/e,n/e,34,
08:00 - 09:00,35,,n/e,n/e,n/e,n/e,0,,n/e,n/e,n/e,n/e,n/e,n/e,n/e,n/e,n/e,n/e,n/e,n/e,2,,n/e,n/e,n/e,n/e,n/e,n/e,0,,n/e,n/e,206,,n/e,n/e,n/e,n/e,39,
09:00 - 10:00,36,,n/e,n/e,n/e,n/e,0,,n/e,n/e,n/e,n/e,n/e,n/e,n/e,n/e,n/e,n/e,n/e,n/e,2,,n/e,n/e,n/e,n/e,n/e,n/e,0,,n/e,n/e,234,,n/e,n/e,n/e,n/e,49,
10:00 - 11:00,36,,n/e,n/e,n/e,n/e,0,,n/e,n/e,n/e,n/e,n/e,n/e,n/e,n/e,n/e,n/e,n/e,n/e,2,,n/e,n/e,n/e,n/e,n/e,n/e,0,,n/e,n/e,204,,n/e,n/e,n/e,n/e,52,
11:00 - 12:00,36,,n/e,n/e,n/e,n/e,0,,n/e,n/e,n/e,n/e,n/e,n/e,n/e,n/e,n/e,n/e,n/e,n/e,2,,n/e,n/e,n/e,n/e,n/e,n/e,0,,n/e,n/e,160,,n/e,n/e,n/e,n/e,57,
12:00 - 13:00,35,,n/e,n/e,n/e,n/e,0,,n/e,n/e,n/e,n/e,n/e,n/e,n/e,n/e,n/e,n/e,n/e,n/e,2,,n/e,n/e,n/e,n/e,n/e,n/e,0,,n/e,n/e,130,,n/e,n/e,n/e,n/e,57,
13:00 - 14:00,34,,n/e,n/e,n/e,n/e,0,,n/e,n/e,n/e,n/e,n/e,n/e,n/e,n/e,n/e,n/e,n/e,n/e,2,,n/e,n/e,n/e,n/e,n/e,n/e,0,,n/e,n/e,67,,n/e,n/e,n/e,n/e,56,
14:00 - 15:00,33,,n/e,n/e,n/e,n/e,0,,n/e,n/e,n/e,n/e,n/e,n/e,n/e,n/e,n/e,n/e,n/e,n/e,7,,n/e,n/e,n/e,n/e,n/e,n/e,0,,n/e,n/e,18,,n/e,n/e,n/e,n/e,56,
15:00 - 16:00,35,,n/e,n/e,n/e,n/e,0,,n/e,n/e,n/e,n/e,n/e,n/e,n/e,n/e,n/e,n/e,n/e,n/e,33,,n/e,n/e,n/e,n/e,n/e,n/e,0,,n/e,n/e,1,,n/e,n/e,n/e,n/e,49,
16:00 - 17:00,40,,n/e,n/e,n/e,n/e,0,,n/e,n/e,n/e,n/e,n/e,n/e,n/e,n/e,n/e,n/e,n/e,n/e,116,,n/e,n/e,n/e,n/e,n/e,n/e,0,,n/e,n/e,0,,n/e,n/e,n/e,n/e,42,
17:00 - 18:00,41,,n/e,n/e,n/e,n/e,0,,n/e,n/e,n/e,n/e,n/e,n/e,n/e,n/e,n/e,n/e,n/e,n/e,214,,n/e,n/e,n/e,n/e,n/e,n/e,0,,n/e,n/e,0,,n/e,n/e,n/e,n/e,40,
18:00 - 19:00,41,,n/e,n/e,n/e,n/e,0,,n/e,n/e,n/e,n/e,n/e,n/e,n/e,n/e,n/e,n/e,n/e,n/e,19,,n/e,n/e,n/e,n/e,n/e,n/e,0,,n/e,n/e,0,,n/e,n/e,n/e,n/e,34,
19:00 - 20:00,40,,n/e,n/e,n/e,n/e,0,,n/e,n/e,n/e,n/e,n/e,n/e,n/e,n/e,n/e,n/e,n/e,n/e,5,,n/e,n/e,n/e,n/e,n/e,n/e,0,,n/e,n/e,0,,n/e,n/e,n/e,n/e,31,
20:00 - 21:00,40,,n/e,n/e,n/e,n/e,6,,n/e,n/e,n/e,n/e,n/e,n/e,n/e,n/e,n/e,n/e,n/e,n/e,23,,n/e,n/e,n/e,n/e,n/e,n/e,0,,n/e,n/e,0,,n/e,n/e,n/e,n/e,22,
21:00 - 22:00,40,,n/e,n/e,n/e,n/e,19,,n/e,n/e,n/e,n/e,n/e,n/e,n/e,n/e,n/e,n/e,n/e,n/e,14,,n/e,n/e,n/e,n/e,n/e,n/e,0,,n/e,n/e,0,,n/e,n/e,n/e,n/e,16,
22:00 - 23:00,40,,n/e,n/e,n/e,n/e,24,,n/e,n/e,n/e,n/e,n/e,n/e,n/e,n/e,n/e,n/e,n/e,n/e,37,,n/e,n/e,n/e,n/e,n/e,n/e,0,,n/e,n/e,0,,n/e,n/e,n/e,n/e,13,
23:00 - 00:00,40,,n/e,n/e,n/e,n/e,47,,n/e,n/e,n/e,n/e,n/e,n/e,n/e,n/e,n/e,n/e,n/e,n/e,21,,n/e,n/e,n/e,n/e,n/e,n/e,0,,n/e,n/e,0,,n/e,n/e,n/e,n/e,13,
00:00 - 01:00,41,,n/e,n/e,n/e,n/e,59,,n/e,n/e,n/e,n/e,n/e,n/e,n/e,n/e,n/e,n/e,n/e,n/e,12,,n/e,n/e,n/e,n/e,n/e,n/e,0,,n/e,n/e,0,,n/e,n/e,n/e,n/e,11,
01:00 - 02:00,44,,n/e,n/e,n/e,n/e,60,,n/e,n/e,n/e,n/e,n/e,n/e,n/e,n/e,n/e,n/e,n/e,n/e,1,,n/e,n/e,n/e,n/e,n/e,n/e,0,,n/e,n/e,0,,n/e,n/e,n/e,n/e,12,
02:00 - 03:00,47,,n/e,n/e,n/e,n/e,61,,n/e,n/e,n/e,n/e,n/e,n/e,n/e,n/e,n/e,n/e,n/e,n/e,6,,n/e,n/e,n/e,n/e,n/e,n/e,0,,n/e,n/e,0,,n/e,n/e,n/e,n/e,9,
03:00 - 04:00,54,,n/e,n/e,n/e,n/e,82,,n/e,n/e,n/e,n/e,n/e,n/e,n/e,n/e,n/e,n/e,n/e,n/e,97,,n/e,n/e,n/e,n/e,n/e,n/e,0,,n/e,n/e,0,,n/e,n/e,n/e,n/e,2,
04:00 - 05:00,56,,n/e,n/e,n/e,n/e,90,,n/e,n/e,n/e,n/e,n/e,n/e,n/e,n/e,n/e,n/e,n/e,n/e,225,,n/e,n/e,n/e,n/e,n/e,n/e,0,,n/e,n/e,0,,n/e,n/e,n/e,n/e,0,
05:00 - 06:00,60,,n/e,n/e,n/e,n/e,94,,n/e,n/e,n/e,n/e,n/e,n/e,n/e,n/e,n/e,n/e,n/e,n/e,254,,n/e,n/e,n/e,n/e,n/e,n/e,0,,n/e,n/e,7,,n/e,n/e,n/e,n/e,1,
06:00 - 07:00,61,,n/e,n/e,n/e,n/e,97,,n/e,n/e,n/e,n/e,n/e,n/e,n/e,n/e,n/e,n/e,n/e,n/e,228,,n/e,n/e,n/e,n/e,n/e,n/e,0,,n/e,n/e,27,,n/e,n/e,n/e,n/e,0,
07:00 - 08:00,60,,n/e,n/e,n/e,n/e,94,,n/e,n/e,n/e,n/e,n/e,n/e,n/e,n/e,n/e,n/e,n/e,n/e,126,,n/e,n/e,n/e,n/e,n/e,n/e,0,,n/e,n/e,55,,n/e,n/e,n/e,n/e,0,
08:00 - 09:00,60,,n/e,n/e,n/e,n/e,89,,n/e,n/e,n/e,n/e,n/e,n/e,n/e,n/e,n/e,n/e,n/e,n/e,39,,n/e,n/e,n/e,n/e,n/e,n/e,0,,n/e,n/e,64,,n/e,n/e,n/e,n/e,0,
09:00 - 10:00,58,,n/e,n/e,n/e,n/e,91,,n/e,n/e,n/e,n/e,n/e,n/e,n/e,n/e,n/e,n/e,n/e,n/e,38,,n/e,n/e,n/e,n/e,n/e,n/e,0,,n/e,n/e,62,,n/e,n/e,n/e,n/e,0,
10:00 - 11:00,58,,n/e,n/e,n/e,n/e,87,,n/e,n/e,n/e,n/e,n/e,n/e,n/e,n/e,n/e,n/e,n/e,n/e,36,,n/e,n/e,n/e,n/e,n/e,n/e,0,,n/e,n/e,63,,n/e,n/e,n/e,n/e,1,
11:00 - 12:00,58,,n/e,n/e,n/e,n/e,75,,n/e,n/e,n/e,n/e,n/e,n/e,n/e,n/e,n/e,n/e,n/e,n/e,87,,n/e,n/e,n/e,n/e,n/e,n/e,0,,n/e,n/e,53,,n/e,n/e,n/e,n/e,1,
12:00 - 13:00,58,,n/e,n/e,n/e,n/e,74,,n/e,n/e,n/e,n/e,n/e,n/e,n/e,n/e,n/e,n/e,n/e,n/e,89,,n/e,n/e,n/e,n/e,n/e,n/e,0,,n/e,n/e,36,,n/e,n/e,n/e,n/e,2,
13:00 - 14:00,58,,n/e,n/e,n/e,n/e,74,,n/e,n/e,n/e,n/e,n/e,n/e,n/e,n/e,n/e,n/e,n/e,n/e,158,,n/e,n/e,n/e,n/e,n/e,n/e,0,,n/e,n/e,18,,n/e,n/e,n/e,n/e,1,
14:00 - 15:00,60,,n/e,n/e,n/e,n/e,73,,n/e,n/e,n/e,n/e,n/e,n/e,n/e,n/e,n/e,n/e,n/e,n/e,153,,n/e,n/e,n/e,n/e,n/e,n/e,0,,n/e,n/e,6,,n/e,n/e,n/e,n/e,4,
15:00 - 16:00,59,,n/e,n/e,n/e,n/e,73,,n/e,n/e,n/e,n/e,n/e,n/e,n/e,n/e,n/e,n/e,n/e,n/e,150,,n/e,n/e,n/e,n/e,n/e,n/e,0,,n/e,n/e,0,,n/e,n/e,n/e,n/e,5,
16:00 - 17:00,59,,n/e,n/e,n/e,n/e,76,,n/e,n/e,n/e,n/e,n/e,n/e,n/e,n/e,n/e,n/e,n/e,n/e,219,,n/e,n/e,n/e,n/e,n/e,n/e,0,,n/e,n/e,0,,n/e,n/e,n/e,n/e,14,
17:00 - 18:00,59,,n/e,n/e,n/e,n/e,84,,n/e,n/e,n/e,n/e,n/e,n/e,n/e,n/e,n/e,n/e,n/e,n/e,240,,n/e,n/e,n/e,n/e,n/e,n/e,0,,n/e,n/e,0,,n/e,n/e,n/e,n/e,15,
18:00 - 19:00,57,,n/e,n/e,n/e,n/e,87,,n/e,n/e,n/e,n/e,n/e,n/e,n/e,n/e,n/e,n/e,n/e,n/e,88,,n/e,n/e,n/e,n/e,n/e,n/e,0,,n/e,n/e,0,,n/e,n/e,n/e,n/e,7,
19:00 - 20:00,54,,n/e,n/e,n/e,n/e,65,,n/e,n/e,n/e,n/e,n/e,n/e,n/e,n/e,n/e,n/e,n/e,n/e,64,,n/e,n/e,n/e,n/e,n/e,n/e,0,,n/e,n/e,0,,n/e,n/e,n/e,n/e,2,
20:00 - 21:00,51,,n/e,n/e,n/e,n/e,64,,n/e,n/e,n/e,n/e,n/e,n/e,n/e,n/e,n/e,n/e,n/e,n/e,76,,n/e,n/e,n/e,n/e,n/e,n/e,0,,n/e,n/e,0,,n/e,n/e,n/e,n/e,1,
21:00 - 22:00,48,,n/e,n/e,n/e,n/e,62,,n/e,n/e,n/e,n/e,n/e,n/e,n/e,n/e,n/e,n/e,n/e,n/e,13,,n/e,n/e,n/e,n/e,n/e,n/e,0,,n/e,n/e,0,,n/e,n/e,n/e,n/e,1,
22:00 - 23:00,48,,n/e,n/e,n/e,n/e,54,,n/e,n/e,n/e,n/e,n/e,n/e,n/e,n/e,n/e,n/e,n/e,n/e,2,,n/e,n/e,n/e,n/e,n/e,n/e,0,,n/e,n/e,0,,n/e,n/e,n/e,n/e,2,
23:00 - 00:00,45,,n/e,n/e,n/e,n/e,52,,n/e,n/e,n/e,n/e,n/e,n/e,n/e,n/e,n/e,n/e,n/e,n/e,2,,n/e,n/e,n/e,n/e,n/e,n/e,0,,n/e,n/e,0,,n/e,n/e,n/e,n/e,6,
00:00 - 01:00,45,,n/e,n/e,n/e,n/e,52,,n/e,n/e,n/e,n/e,n/e,n/e,n/e,n/e,n/e,n/e,n/e,n/e,2,,n/e,n/e,n/e,n/e,n/e,n/e,0,,n/e,n/e,0,,n/e,n/e,n/e,n/e,8,
01:00 - 02:00,47,,n/e,n/e,n/e,n/e,52,,n/e,n/e,n/e,n/e,n/e,n/e,n/e,n/e,n/e,n/e,n/e,n/e,1,,n/e,n/e,n/e,n/e,n/e,n/e,0,,n/e,n/e,0,,n/e,n/e,n/e,n/e,10,
02:00 - 03:00,51,,n/e,n/e,n/e,n/e,54,,n/e,n/e,n/e,n/e,n/e,n/e,n/e,n/e,n/e,n/e,n/e,n/e,1,,n/e,n/e,n/e,n/e,n/e,n/e,0,,n/e,n/e,0,,n/e,n/e,n/e,n/e,12,
03:00 - 04:00,54,,n/e,n/e,n/e,n/e,59,,n/e,n/e,n/e,n/e,n/e,n/e,n/e,n/e,n/e,n/e,n/e,n/e,2,,n/e,n/e,n/e,n/e,n/e,n/e,0,,n/e,n/e,0,,n/e,n/e,n/e,n/e,13,
04:00 - 05:00,56,,n/e,n/e,n/e,n/e,73,,n/e,n/e,n/e,n/e,n/e,n/e,n/e,n/e,n/e,n/e,n/e,n/e,45,,n/e,n/e,n/e,n/e,n/e,n/e,0,,n/e,n/e,0,,n/e,n/e,n/e,n/e,9,
05:00 - 06:00,60,,n/e,n/e,n/e,n/e,76,,n/e,n/e,n/e,n/e,n/e,n/e,n/e,n/e,n/e,n/e,n/e,n/e,137,,n/e,n/e,n/e,n/e,n/e,n/e,0,,n/e,n/e,10,,n/e,n/e,n/e,n/e,9,
06:00 - 07:00,63,,n/e,n/e,n/e,n/e,77,,n/e,n/e,n/e,n/e,n/e,n/e,n/e,n/e,n/e,n/e,n/e,n/e,164,,n/e,n/e,n/e,n/e,n/e,n/e,0,,n/e,n/e,54,,n/e,n/e,n/e,n/e,10,
07:00 - 08:00,63,,n/e,n/e,n/e,n/e,72,,n/e,n/e,n/e,n/e,n/e,n/e,n/e,n/e,n/e,n/e,n/e,n/e,93,,n/e,n/e,n/e,n/e,n/e,n/e,0,,n/e,n/e,118,,n/e,n/e,n/e,n/e,19,
08:00 - 09:00,58,,n/e,n/e,n/e,n/e,67,,n/e,n/e,n/e,n/e,n/e,n/e,n/e,n/e,n/e,n/e,n/e,n/e,89,,n/e,n/e,n/e,n/e,n/e,n/e,0,,n/e,n/e,152,,n/e,n/e,n/e,n/e,17,
09:00 - 10:00,55,,n/e,n/e,n/e,n/e,62,,n/e,n/e,n/e,n/e,n/e,n/e,n/e,n/e,n/e,n/e,n/e,n/e,91,,n/e,n/e,n/e,n/e,n/e,n/e,0,,n/e,n/e,152,,n/e,n/e,n/e,n/e,23,
10:00 - 11:00,48,,n/e,n/e,n/e,n/e,56,,n/e,n/e,n/e,n/e,n/e,n/e,n/e,n/e,n/e,n/e,n/e,n/e,30,,n/e,n/e,n/e,n/e,n/e,n/e,0,,n/e,n/e,122,,n/e,n/e,n/e,n/e,52,
11:00 - 12:00,45,,n/e,n/e,n/e,n/e,64,,n/e,n/e,n/e,n/e,n/e,n/e,n/e,n/e,n/e,n/e,n/e,n/e,27,,n/e,n/e,n/e,n/e,n/e,n/e,0,,n/e,n/e,113,,n/e,n/e,n/e,n/e,48,
12:00 - 13:00,49,,n/e,n/e,n/e,n/e,56,,n/e,n/e,n/e,n/e,n/e,n/e,n/e,n/e,n/e,n/e,n/e,n/e,28,,n/e,n/e,n/e,n/e,n/e,n/e,0,,n/e,n/e,92,,n/e,n/e,n/e,n/e,54,
13:00 - 14:00,53,,n/e,n/e,n/e,n/e,19,,n/e,n/e,n/e,n/e,n/e,n/e,n/e,n/e,n/e,n/e,n/e,n/e,159,,n/e,n/e,n/e,n/e,n/e,n/e,0,,n/e,n/e,62,,n/e,n/e,n/e,n/e,42,
14:00 - 15:00,57,,n/e,n/e,n/e,n/e,53,,n/e,n/e,n/e,n/e,n/e,n/e,n/e,n/e,n/e,n/e,n/e,n/e,178,,n/e,n/e,n/e,n/e,n/e,n/e,0,,n/e,n/e,20,,n/e,n/e,n/e,n/e,54,
15:00 - 16:00,59,,n/e,n/e,n/e,n/e,76,,n/e,n/e,n/e,n/e,n/e,n/e,n/e,n/e,n/e,n/e,n/e,n/e,273,,n/e,n/e,n/e,n/e,n/e,n/e,0,,n/e,n/e,1,,n/e,n/e,n/e,n/e,41,
16:00 - 17:00,60,,n/e,n/e,n/e,n/e,76,,n/e,n/e,n/e,n/e,n/e,n/e,n/e,n/e,n/e,n/e,n/e,n/e,291,,n/e,n/e,n/e,n/e,n/e,n/e,0,,n/e,n/e,0,,n/e,n/e,n/e,n/e,51,
17:00 - 18:00,59,,n/e,n/e,n/e,n/e,76,,n/e,n/e,n/e,n/e,n/e,n/e,n/e,n/e,n/e,n/e,n/e,n/e,291,,n/e,n/e,n/e,n/e,n/e,n/e,0,,n/e,n/e,0,,n/e,n/e,n/e,n/e,48,
18:00 - 19:00,58,,n/e,n/e,n/e,n/e,76,,n/e,n/e,n/e,n/e,n/e,n/e,n/e,n/e,n/e,n/e,n/e,n/e,178,,n/e,n/e,n/e,n/e,n/e,n/e,0,,n/e,n/e,0,,n/e,n/e,n/e,n/e,30,
19:00 - 20:00,58,,n/e,n/e,n/e,n/e,71,,n/e,n/e,n/e,n/e,n/e,n/e,n/e,n/e,n/e,n/e,n/e,n/e,44,,n/e,n/e,n/e,n/e,n/e,n/e,0,,n/e,n/e,0,,n/e,n/e,n/e,n/e,23,
20:00 - 21:00,48,,n/e,n/e,n/e,n/e,63,,n/e,n/e,n/e,n/e,n/e,n/e,n/e,n/e,n/e,n/e,n/e,n/e,2,,n/e,n/e,n/e,n/e,n/e,n/e,0,,n/e,n/e,0,,n/e,n/e,n/e,n/e,14,
21:00 - 22:00,44,,n/e,n/e,n/e,n/e,60,,n/e,n/e,n/e,n/e,n/e,n/e,n/e,n/e,n/e,n/e,n/e,n/e,1,,n/e,n/e,n/e,n/e,n/e,n/e,0,,n/e,n/e,0,,n/e,n/e,n/e,n/e,8,
22:00 - 23:00,42,,n/e,n/e,n/e,n/e,52,,n/e,n/e,n/e,n/e,n/e,n/e,n/e,n/e,n/e,n/e,n/e,n/e,2,,n/e,n/e,n/e,n/e,n/e,n/e,0,,n/e,n/e,0,,n/e,n/e,n/e,n/e,11,
23:00 - 00:00,41,,n/e,n/e,n/e,n/e,52,,n/e,n/e,n/e,n/e,n/e,n/e,n/e,n/e,n/e,n/e,n/e,n/e,1,,n/e,n/e,n/e,n/e,n/e,n/e,0,,n/e,n/e,0,,n/e,n/e,n/e,n/e,10,
00:00 - 01:00,41,,n/e,n/e,n/e,n/e,52,,n/e,n/e,n/e,n/e,n/e,n/e,n/e,n/e,n/e,n/e,n/e,n/e,1,,n/e,n/e,n/e,n/e,n/e,n/e,0,,n/e,n/e,0,,n/e,n/e,n/e,n/e,6,
01:00 - 02:00,44,,n/e,n/e,n/e,n/e,52,,n/e,n/e,n/e,n/e,n/e,n/e,n/e,n/e,n/e,n/e,n/e,n/e,1,,n/e,n/e,n/e,n/e,n/e,n/e,0,,n/e,n/e,0,,n/e,n/e,n/e,n/e,3,
02:00 - 03:00,47,,n/e,n/e,n/e,n/e,53,,n/e,n/e,n/e,n/e,n/e,n/e,n/e,n/e,n/e,n/e,n/e,n/e,1,,n/e,n/e,n/e,n/e,n/e,n/e,0,,n/e,n/e,0,,n/e,n/e,n/e,n/e,0,
03:00 - 04:00,57,,n/e,n/e,n/e,n/e,60,,n/e,n/e,n/e,n/e,n/e,n/e,n/e,n/e,n/e,n/e,n/e,n/e,6,,n/e,n/e,n/e,n/e,n/e,n/e,0,,n/e,n/e,0,,n/e,n/e,n/e,n/e,0,
04:00 - 05:00,61,,n/e,n/e,n/e,n/e,76,,n/e,n/e,n/e,n/e,n/e,n/e,n/e,n/e,n/e,n/e,n/e,n/e,164,,n/e,n/e,n/e,n/e,n/e,n/e,0,,n/e,n/e,0,,n/e,n/e,n/e,n/e,0,
05:00 - 06:00,64,,n/e,n/e,n/e,n/e,76,,n/e,n/e,n/e,n/e,n/e,n/e,n/e,n/e,n/e,n/e,n/e,n/e,294,,n/e,n/e,n/e,n/e,n/e,n/e,0,,n/e,n/e,17,,n/e,n/e,n/e,n/e,5,
06:00 - 07:00,61,,n/e,n/e,n/e,n/e,73,,n/e,n/e,n/e,n/e,n/e,n/e,n/e,n/e,n/e,n/e,n/e,n/e,110,,n/e,n/e,n/e,n/e,n/e,n/e,0,,n/e,n/e,90,,n/e,n/e,n/e,n/e,1,
07:00 - 08:00,55,,n/e,n/e,n/e,n/e,68,,n/e,n/e,n/e,n/e,n/e,n/e,n/e,n/e,n/e,n/e,n/e,n/e,12,,n/e,n/e,n/e,n/e,n/e,n/e,0,,n/e,n/e,182,,n/e,n/e,n/e,n/e,0,
08:00 - 09:00,48,,n/e,n/e,n/e,n/e,62,,n/e,n/e,n/e,n/e,n/e,n/e,n/e,n/e,n/e,n/e,n/e,n/e,11,,n/e,n/e,n/e,n/e,n/e,n/e,0,,n/e,n/e,252,,n/e,n/e,n/e,n/e,1,
09:00 - 10:00,39,,n/e,n/e,n/e,n/e,62,,n/e,n/e,n/e,n/e,n/e,n/e,n/e,n/e,n/e,n/e,n/e,n/e,3,,n/e,n/e,n/e,n/e,n/e,n/e,0,,n/e,n/e,287,,n/e,n/e,n/e,n/e,3,
10:00 - 11:00,37,,n/e,n/e,n/e,n/e,62,,n/e,n/e,n/e,n/e,n/e,n/e,n/e,n/e,n/e,n/e,n/e,n/e,2,,n/e,n/e,n/e,n/e,n/e,n/e,0,,n/e,n/e,286,,n/e,n/e,n/e,n/e,5,
11:00 - 12:00,36,,n/e,n/e,n/e,n/e,69,,n/e,n/e,n/e,n/e,n/e,n/e,n/e,n/e,n/e,n/e,n/e,n/e,2,,n/e,n/e,n/e,n/e,n/e,n/e,0,,n/e,n/e,248,,n/e,n/e,n/e,n/e,6,
12:00 - 13:00,38,,n/e,n/e,n/e,n/e,43,,n/e,n/e,n/e,n/e,n/e,n/e,n/e,n/e,n/e,n/e,n/e,n/e,14,,n/e,n/e,n/e,n/e,n/e,n/e,0,,n/e,n/e,199,,n/e,n/e,n/e,n/e,5,
13:00 - 14:00,46,,n/e,n/e,n/e,n/e,4,,n/e,n/e,n/e,n/e,n/e,n/e,n/e,n/e,n/e,n/e,n/e,n/e,115,,n/e,n/e,n/e,n/e,n/e,n/e,0,,n/e,n/e,117,,n/e,n/e,n/e,n/e,3,
14:00 - 15:00,57,,n/e,n/e,n/e,n/e,4,,n/e,n/e,n/e,n/e,n/e,n/e,n/e,n/e,n/e,n/e,n/e,n/e,249,,n/e,n/e,n/e,n/e,n/e,n/e,0,,n/e,n/e,30,,n/e,n/e,n/e,n/e,5,
15:00 - 16:00,64,,n/e,n/e,n/e,n/e,16,,n/e,n/e,n/e,n/e,n/e,n/e,n/e,n/e,n/e,n/e,n/e,n/e,363,,n/e,n/e,n/e,n/e,n/e,n/e,0,,n/e,n/e,1,,n/e,n/e,n/e,n/e,5,
16:00 - 17:00,64,,n/e,n/e,n/e,n/e,15,,n/e,n/e,n/e,n/e,n/e,n/e,n/e,n/e,n/e,n/e,n/e,n/e,389,,n/e,n/e,n/e,n/e,n/e,n/e,0,,n/e,n/e,0,,n/e,n/e,n/e,n/e,13,
17:00 - 18:00,60,,n/e,n/e,n/e,n/e,15,,n/e,n/e,n/e,n/e,n/e,n/e,n/e,n/e,n/e,n/e,n/e,n/e,310,,n/e,n/e,n/e,n/e,n/e,n/e,0,,n/e,n/e,0,,n/e,n/e,n/e,n/e,13,
18:00 - 19:00,56,,n/e,n/e,n/e,n/e,11,,n/e,n/e,n/e,n/e,n/e,n/e,n/e,n/e,n/e,n/e,n/e,n/e,304,,n/e,n/e,n/e,n/e,n/e,n/e,0,,n/e,n/e,0,,n/e,n/e,n/e,n/e,20,
19:00 - 20:00,49,,n/e,n/e,n/e,n/e,8,,n/e,n/e,n/e,n/e,n/e,n/e,n/e,n/e,n/e,n/e,n/e,n/e,211,,n/e,n/e,n/e,n/e,n/e,n/e,0,,n/e,n/e,0,,n/e,n/e,n/e,n/e,30,
20:00 - 21:00,46,,n/e,n/e,n/e,n/e,1,,n/e,n/e,n/e,n/e,n/e,n/e,n/e,n/e,n/e,n/e,n/e,n/e,119,,n/e,n/e,n/e,n/e,n/e,n/e,0,,n/e,n/e,0,,n/e,n/e,n/e,n/e,30,
21:00 - 22:00,43,,n/e,n/e,n/e,n/e,0,,n/e,n/e,n/e,n/e,n/e,n/e,n/e,n/e,n/e,n/e,n/e,n/e,86,,n/e,n/e,n/e,n/e,n/e,n/e,0,,n/e,n/e,0,,n/e,n/e,n/e,n/e,27,
22:00 - 23:00,42,,n/e,n/e,n/e,n/e,0,,n/e,n/e,n/e,n/e,n/e,n/e,n/e,n/e,n/e,n/e,n/e,n/e,1,,n/e,n/e,n/e,n/e,n/e,n/e,0,,n/e,n/e,0,,n/e,n/e,n/e,n/e,28,
23:00 - 00:00,41,,n/e,n/e,n/e,n/e,0,,n/e,n/e,n/e,n/e,n/e,n/e,n/e,n/e,n/e,n/e,n/e,n/e,1,,n/e,n/e,n/e,n/e,n/e,n/e,0,,n/e,n/e,0,,n/e,n/e,n/e,n/e,32,
00:00 - 01:00,41,,n/e,n/e,n/e,n/e,0,,n/e,n/e,n/e,n/e,n/e,n/e,n/e,n/e,n/e,n/e,n/e,n/e,1,,n/e,n/e,n/e,n/e,n/e,n/e,0,,n/e,n/e,0,,n/e,n/e,n/e,n/e,36,
01:00 - 02:00,42,,n/e,n/e,n/e,n/e,0,,n/e,n/e,n/e,n/e,n/e,n/e,n/e,n/e,n/e,n/e,n/e,n/e,10,,n/e,n/e,n/e,n/e,n/e,n/e,0,,n/e,n/e,0,,n/e,n/e,n/e,n/e,38,
02:00 - 03:00,43,,n/e,n/e,n/e,n/e,1,,n/e,n/e,n/e,n/e,n/e,n/e,n/e,n/e,n/e,n/e,n/e,n/e,1,,n/e,n/e,n/e,n/e,n/e,n/e,0,,n/e,n/e,0,,n/e,n/e,n/e,n/e,41,
03:00 - 04:00,46,,n/e,n/e,n/e,n/e,1,,n/e,n/e,n/e,n/e,n/e,n/e,n/e,n/e,n/e,n/e,n/e,n/e,4,,n/e,n/e,n/e,n/e,n/e,n/e,0,,n/e,n/e,0,,n/e,n/e,n/e,n/e,40,
04:00 - 05:00,51,,n/e,n/e,n/e,n/e,2,,n/e,n/e,n/e,n/e,n/e,n/e,n/e,n/e,n/e,n/e,n/e,n/e,120,,n/e,n/e,n/e,n/e,n/e,n/e,0,,n/e,n/e,0,,n/e,n/e,n/e,n/e,40,
05:00 - 06:00,55,,n/e,n/e,n/e,n/e,3,,n/e,n/e,n/e,n/e,n/e,n/e,n/e,n/e,n/e,n/e,n/e,n/e,120,,n/e,n/e,n/e,n/e,n/e,n/e,0,,n/e,n/e,15,,n/e,n/e,n/e,n/e,34,
06:00 - 07:00,56,,n/e,n/e,n/e,n/e,3,,n/e,n/e,n/e,n/e,n/e,n/e,n/e,n/e,n/e,n/e,n/e,n/e,117,,n/e,n/e,n/e,n/e,n/e,n/e,0,,n/e,n/e,86,,n/e,n/e,n/e,n/e,30,
07:00 - 08:00,52,,n/e,n/e,n/e,n/e,1,,n/e,n/e,n/e,n/e,n/e,n/e,n/e,n/e,n/e,n/e,n/e,n/e,43,,n/e,n/e,n/e,n/e,n/e,n/e,0,,n/e,n/e,178,,n/e,n/e,n/e,n/e,26,
08:00 - 09:00,46,,n/e,n/e,n/e,n/e,0,,n/e,n/e,n/e,n/e,n/e,n/e,n/e,n/e,n/e,n/e,n/e,n/e,45,,n/e,n/e,n/e,n/e,n/e,n/e,0,,n/e,n/e,248,,n/e,n/e,n/e,n/e,19,
09:00 - 10:00,43,,n/e,n/e,n/e,n/e,0,,n/e,n/e,n/e,n/e,n/e,n/e,n/e,n/e,n/e,n/e,n/e,n/e,2,,n/e,n/e,n/e,n/e,n/e,n/e,0,,n/e,n/e,271,,n/e,n/e,n/e,n/e,21,
10:00 - 11:00,40,,n/e,n/e,n/e,n/e,0,,n/e,n/e,n/e,n/e,n/e,n/e,n/e,n/e,n/e,n/e,n/e,n/e,2,,n/e,n/e,n/e,n/e,n/e,n/e,0,,n/e,n/e,281,,n/e,n/e,n/e,n/e,23,
11:00 - 12:00,39,,n/e,n/e,n/e,n/e,0,,n/e,n/e,n/e,n/e,n/e,n/e,n/e,n/e,n/e,n/e,n/e,n/e,2,,n/e,n/e,n/e,n/e,n/e,n/e,0,,n/e,n/e,266,,n/e,n/e,n/e,n/e,20,
12:00 - 13:00,37,,n/e,n/e,n/e,n/e,0,,n/e,n/e,n/e,n/e,n/e,n/e,n/e,n/e,n/e,n/e,n/e,n/e,4,,n/e,n/e,n/e,n/e,n/e,n/e,0,,n/e,n/e,207,,n/e,n/e,n/e,n/e,16,
13:00 - 14:00,38,,n/e,n/e,n/e,n/e,1,,n/e,n/e,n/e,n/e,n/e,n/e,n/e,n/e,n/e,n/e,n/e,n/e,175,,n/e,n/e,n/e,n/e,n/e,n/e,0,,n/e,n/e,116,,n/e,n/e,n/e,n/e,18,
14:00 - 15:00,47,,n/e,n/e,n/e,n/e,3,,n/e,n/e,n/e,n/e,n/e,n/e,n/e,n/e,n/e,n/e,n/e,n/e,224,,n/e,n/e,n/e,n/e,n/e,n/e,0,,n/e,n/e,29,,n/e,n/e,n/e,n/e,23,
15:00 - 16:00,50,,n/e,n/e,n/e,n/e,3,,n/e,n/e,n/e,n/e,n/e,n/e,n/e,n/e,n/e,n/e,n/e,n/e,245,,n/e,n/e,n/e,n/e,n/e,n/e,0,,n/e,n/e,1,,n/e,n/e,n/e,n/e,38,
16:00 - 17:00,53,,n/e,n/e,n/e,n/e,4,,n/e,n/e,n/e,n/e,n/e,n/e,n/e,n/e,n/e,n/e,n/e,n/e,181,,n/e,n/e,n/e,n/e,n/e,n/e,0,,n/e,n/e,0,,n/e,n/e,n/e,n/e,63,
17:00 - 18:00,50,,n/e,n/e,n/e,n/e,1,,n/e,n/e,n/e,n/e,n/e,n/e,n/e,n/e,n/e,n/e,n/e,n/e,170,,n/e,n/e,n/e,n/e,n/e,n/e,0,,n/e,n/e,1,,n/e,n/e,n/e,n/e,55,
18:00 - 19:00,39,,n/e,n/e,n/e,n/e,1,,n/e,n/e,n/e,n/e,n/e,n/e,n/e,n/e,n/e,n/e,n/e,n/e,137,,n/e,n/e,n/e,n/e,n/e,n/e,0,,n/e,n/e,0,,n/e,n/e,n/e,n/e,57,
19:00 - 20:00,35,,n/e,n/e,n/e,n/e,1,,n/e,n/e,n/e,n/e,n/e,n/e,n/e,n/e,n/e,n/e,n/e,n/e,130,,n/e,n/e,n/e,n/e,n/e,n/e,0,,n/e,n/e,0,,n/e,n/e,n/e,n/e,61,
20:00 - 21:00,36,,n/e,n/e,n/e,n/e,1,,n/e,n/e,n/e,n/e,n/e,n/e,n/e,n/e,n/e,n/e,n/e,n/e,44,,n/e,n/e,n/e,n/e,n/e,n/e,0,,n/e,n/e,0,,n/e,n/e,n/e,n/e,53,
21:00 - 22:00,37,,n/e,n/e,n/e,n/e,1,,n/e,n/e,n/e,n/e,n/e,n/e,n/e,n/e,n/e,n/e,n/e,n/e,1,,n/e,n/e,n/e,n/e,n/e,n/e,0,,n/e,n/e,0,,n/e,n/e,n/e,n/e,45,
22:00 - 23:00,37,,n/e,n/e,n/e,n/e,1,,n/e,n/e,n/e,n/e,n/e,n/e,n/e,n/e,n/e,n/e,n/e,n/e,2,,n/e,n/e,n/e,n/e,n/e,n/e,0,,n/e,n/e,0,,n/e,n/e,n/e,n/e,17,
23:00 - 00:00,36,,n/e,n/e,n/e,n/e,1,,n/e,n/e,n/e,n/e,n/e,n/e,n/e,n/e,n/e,n/e,n/e,n/e,1,,n/e,n/e,n/e,n/e,n/e,n/e,0,,n/e,n/e,0,,n/e,n/e,n/e,n/e,15,
00:00 - 01:00,36,,n/e,n/e,n/e,n/e,1,,n/e,n/e,n/e,n/e,n/e,n/e,n/e,n/e,n/e,n/e,n/e,n/e,1,,n/e,n/e,n/e,n/e,n/e,n/e,0,,n/e,n/e,0,,n/e,n/e,n/e,n/e,15,
01:00 - 02:00,38,,n/e,n/e,n/e,n/e,1,,n/e,n/e,n/e,n/e,n/e,n/e,n/e,n/e,n/e,n/e,n/e,n/e,1,,n/e,n/e,n/e,n/e,n/e,n/e,0,,n/e,n/e,0,,n/e,n/e,n/e,n/e,16,
02:00 - 03:00,40,,n/e,n/e,n/e,n/e,1,,n/e,n/e,n/e,n/e,n/e,n/e,n/e,n/e,n/e,n/e,n/e,n/e,1,,n/e,n/e,n/e,n/e,n/e,n/e,0,,n/e,n/e,0,,n/e,n/e,n/e,n/e,17,
03:00 - 04:00,41,,n/e,n/e,n/e,n/e,1,,n/e,n/e,n/e,n/e,n/e,n/e,n/e,n/e,n/e,n/e,n/e,n/e,5,,n/e,n/e,n/e,n/e,n/e,n/e,0,,n/e,n/e,0,,n/e,n/e,n/e,n/e,38,
04:00 - 05:00,51,,n/e,n/e,n/e,n/e,1,,n/e,n/e,n/e,n/e,n/e,n/e,n/e,n/e,n/e,n/e,n/e,n/e,113,,n/e,n/e,n/e,n/e,n/e,n/e,0,,n/e,n/e,0,,n/e,n/e,n/e,n/e,43,
05:00 - 06:00,58,,n/e,n/e,n/e,n/e,1,,n/e,n/e,n/e,n/e,n/e,n/e,n/e,n/e,n/e,n/e,n/e,n/e,223,,n/e,n/e,n/e,n/e,n/e,n/e,0,,n/e,n/e,14,,n/e,n/e,n/e,n/e,47,
06:00 - 07:00,49,,n/e,n/e,n/e,n/e,1,,n/e,n/e,n/e,n/e,n/e,n/e,n/e,n/e,n/e,n/e,n/e,n/e,219,,n/e,n/e,n/e,n/e,n/e,n/e,0,,n/e,n/e,89,,n/e,n/e,n/e,n/e,36,
07:00 - 08:00,43,,n/e,n/e,n/e,n/e,0,,n/e,n/e,n/e,n/e,n/e,n/e,n/e,n/e,n/e,n/e,n/e,n/e,219,,n/e,n/e,n/e,n/e,n/e,n/e,0,,n/e,n/e,186,,n/e,n/e,n/e,n/e,25,
08:00 - 09:00,43,,n/e,n/e,n/e,n/e,0,,n/e,n/e,n/e,n/e,n/e,n/e,n/e,n/e,n/e,n/e,n/e,n/e,26,,n/e,n/e,n/e,n/e,n/e,n/e,0,,n/e,n/e,259,,n/e,n/e,n/e,n/e,23,
09:00 - 10:00,40,,n/e,n/e,n/e,n/e,0,,n/e,n/e,n/e,n/e,n/e,n/e,n/e,n/e,n/e,n/e,n/e,n/e,3,,n/e,n/e,n/e,n/e,n/e,n/e,0,,n/e,n/e,300,,n/e,n/e,n/e,n/e,27,
10:00 - 11:00,38,,n/e,n/e,n/e,n/e,0,,n/e,n/e,n/e,n/e,n/e,n/e,n/e,n/e,n/e,n/e,n/e,n/e,30,,n/e,n/e,n/e,n/e,n/e,n/e,0,,n/e,n/e,302,,n/e,n/e,n/e,n/e,23,
11:00 - 12:00,36,,n/e,n/e,n/e,n/e,0,,n/e,n/e,n/e,n/e,n/e,n/e,n/e,n/e,n/e,n/e,n/e,n/e,35,,n/e,n/e,n/e,n/e,n/e,n/e,0,,n/e,n/e,269,,n/e,n/e,n/e,n/e,28,
12:00 - 13:00,36,,n/e,n/e,n/e,n/e,0,,n/e,n/e,n/e,n/e,n/e,n/e,n/e,n/e,n/e,n/e,n/e,n/e,120,,n/e,n/e,n/e,n/e,n/e,n/e,0,,n/e,n/e,205,,n/e,n/e,n/e,n/e,27,
13:00 - 14:00,38,,n/e,n/e,n/e,n/e,0,,n/e,n/e,n/e,n/e,n/e,n/e,n/e,n/e,n/e,n/e,n/e,n/e,214,,n/e,n/e,n/e,n/e,n/e,n/e,0,,n/e,n/e,114,,n/e,n/e,n/e,n/e,22,
14:00 - 15:00,38,,n/e,n/e,n/e,n/e,0,,n/e,n/e,n/e,n/e,n/e,n/e,n/e,n/e,n/e,n/e,n/e,n/e,273,,n/e,n/e,n/e,n/e,n/e,n/e,0,,n/e,n/e,26,,n/e,n/e,n/e,n/e,18,
15:00 - 16:00,49,,n/e,n/e,n/e,n/e,0,,n/e,n/e,n/e,n/e,n/e,n/e,n/e,n/e,n/e,n/e,n/e,n/e,248,,n/e,n/e,n/e,n/e,n/e,n/e,0,,n/e,n/e,1,,n/e,n/e,n/e,n/e,32,
16:00 - 17:00,48,,n/e,n/e,n/e,n/e,0,,n/e,n/e,n/e,n/e,n/e,n/e,n/e,n/e,n/e,n/e,n/e,n/e,212,,n/e,n/e,n/e,n/e,n/e,n/e,0,,n/e,n/e,0,,n/e,n/e,n/e,n/e,46,
17:00 - 18:00,42,,n/e,n/e,n/e,n/e,0,,n/e,n/e,n/e,n/e,n/e,n/e,n/e,n/e,n/e,n/e,n/e,n/e,256,,n/e,n/e,n/e,n/e,n/e,n/e,0,,n/e,n/e,0,,n/e,n/e,n/e,n/e,44,
18:00 - 19:00,34,,n/e,n/e,n/e,n/e,0,,n/e,n/e,n/e,n/e,n/e,n/e,n/e,n/e,n/e,n/e,n/e,n/e,145,,n/e,n/e,n/e,n/e,n/e,n/e,0,,n/e,n/e,0,,n/e,n/e,n/e,n/e,49,
19:00 - 20:00,32,,n/e,n/e,n/e,n/e,0,,n/e,n/e,n/e,n/e,n/e,n/e,n/e,n/e,n/e,n/e,n/e,n/e,2,,n/e,n/e,n/e,n/e,n/e,n/e,0,,n/e,n/e,0,,n/e,n/e,n/e,n/e,45,
20:00 - 21:00,33,,n/e,n/e,n/e,n/e,0,,n/e,n/e,n/e,n/e,n/e,n/e,n/e,n/e,n/e,n/e,n/e,n/e,1,,n/e,n/e,n/e,n/e,n/e,n/e,0,,n/e,n/e,0,,n/e,n/e,n/e,n/e,42,
21:00 - 22:00,36,,n/e,n/e,n/e,n/e,0,,n/e,n/e,n/e,n/e,n/e,n/e,n/e,n/e,n/e,n/e,n/e,n/e,1,,n/e,n/e,n/e,n/e,n/e,n/e,0,,n/e,n/e,0,,n/e,n/e,n/e,n/e,43,
22:00 - 23:00,34,,n/e,n/e,n/e,n/e,0,,n/e,n/e,n/e,n/e,n/e,n/e,n/e,n/e,n/e,n/e,n/e,n/e,1,,n/e,n/e,n/e,n/e,n/e,n/e,0,,n/e,n/e,0,,n/e,n/e,n/e,n/e,39,
23:00 - 00:00,33,,n/e,n/e,n/e,n/e,0,,n/e,n/e,n/e,n/e,n/e,n/e,n/e,n/e,n/e,n/e,n/e,n/e,1,,n/e,n/e,n/e,n/e,n/e,n/e,0,,n/e,n/e,0,,n/e,n/e,n/e,n/e,44,
00:00 - 01:00,33,,n/e,n/e,n/e,n/e,0,,n/e,n/e,n/e,n/e,n/e,n/e,n/e,n/e,n/e,n/e,n/e,n/e,1,,n/e,n/e,n/e,n/e,n/e,n/e,0,,n/e,n/e,0,,n/e,n/e,n/e,n/e,47,
01:00 - 02:00,33,,n/e,n/e,n/e,n/e,0,,n/e,n/e,n/e,n/e,n/e,n/e,n/e,n/e,n/e,n/e,n/e,n/e,1,,n/e,n/e,n/e,n/e,n/e,n/e,0,,n/e,n/e,0,,n/e,n/e,n/e,n/e,48,
02:00 - 03:00,32,,n/e,n/e,n/e,n/e,0,,n/e,n/e,n/e,n/e,n/e,n/e,n/e,n/e,n/e,n/e,n/e,n/e,1,,n/e,n/e,n/e,n/e,n/e,n/e,0,,n/e,n/e,0,,n/e,n/e,n/e,n/e,38,
03:00 - 04:00,33,,n/e,n/e,n/e,n/e,0,,n/e,n/e,n/e,n/e,n/e,n/e,n/e,n/e,n/e,n/e,n/e,n/e,1,,n/e,n/e,n/e,n/e,n/e,n/e,0,,n/e,n/e,0,,n/e,n/e,n/e,n/e,39,
04:00 - 05:00,31,,n/e,n/e,n/e,n/e,0,,n/e,n/e,n/e,n/e,n/e,n/e,n/e,n/e,n/e,n/e,n/e,n/e,1,,n/e,n/e,n/e,n/e,n/e,n/e,0,,n/e,n/e,0,,n/e,n/e,n/e,n/e,43,
05:00 - 06:00,31,,n/e,n/e,n/e,n/e,0,,n/e,n/e,n/e,n/e,n/e,n/e,n/e,n/e,n/e,n/e,n/e,n/e,3,,n/e,n/e,n/e,n/e,n/e,n/e,0,,n/e,n/e,13,,n/e,n/e,n/e,n/e,55,
06:00 - 07:00,31,,n/e,n/e,n/e,n/e,0,,n/e,n/e,n/e,n/e,n/e,n/e,n/e,n/e,n/e,n/e,n/e,n/e,2,,n/e,n/e,n/e,n/e,n/e,n/e,0,,n/e,n/e,83,,n/e,n/e,n/e,n/e,46,
07:00 - 08:00,32,,n/e,n/e,n/e,n/e,0,,n/e,n/e,n/e,n/e,n/e,n/e,n/e,n/e,n/e,n/e,n/e,n/e,2,,n/e,n/e,n/e,n/e,n/e,n/e,0,,n/e,n/e,180,,n/e,n/e,n/e,n/e,40,
08:00 - 09:00,33,,n/e,n/e,n/e,n/e,0,,n/e,n/e,n/e,n/e,n/e,n/e,n/e,n/e,n/e,n/e,n/e,n/e,2,,n/e,n/e,n/e,n/e,n/e,n/e,0,,n/e,n/e,256,,n/e,n/e,n/e,n/e,34,
09:00 - 10:00,33,,n/e,n/e,n/e,n/e,0,,n/e,n/e,n/e,n/e,n/e,n/e,n/e,n/e,n/e,n/e,n/e,n/e,2,,n/e,n/e,n/e,n/e,n/e,n/e,0,,n/e,n/e,297,,n/e,n/e,n/e,n/e,28,
10:00 - 11:00,33,,n/e,n/e,n/e,n/e,0,,n/e,n/e,n/e,n/e,n/e,n/e,n/e,n/e,n/e,n/e,n/e,n/e,2,,n/e,n/e,n/e,n/e,n/e,n/e,0,,n/e,n/e,302,,n/e,n/e,n/e,n/e,32,
11:00 - 12:00,33,,n/e,n/e,n/e,n/e,0,,n/e,n/e,n/e,n/e,n/e,n/e,n/e,n/e,n/e,n/e,n/e,n/e,2,,n/e,n/e,n/e,n/e,n/e,n/e,0,,n/e,n/e,266,,n/e,n/e,n/e,n/e,32,
12:00 - 13:00,30,,n/e,n/e,n/e,n/e,0,,n/e,n/e,n/e,n/e,n/e,n/e,n/e,n/e,n/e,n/e,n/e,n/e,119,,n/e,n/e,n/e,n/e,n/e,n/e,0,,n/e,n/e,198,,n/e,n/e,n/e,n/e,27,
13:00 - 14:00,29,,n/e,n/e,n/e,n/e,0,,n/e,n/e,n/e,n/e,n/e,n/e,n/e,n/e,n/e,n/e,n/e,n/e,404,,n/e,n/e,n/e,n/e,n/e,n/e,0,,n/e,n/e,106,,n/e,n/e,n/e,n/e,29,
14:00 - 15:00,28,,n/e,n/e,n/e,n/e,0,,n/e,n/e,n/e,n/e,n/e,n/e,n/e,n/e,n/e,n/e,n/e,n/e,404,,n/e,n/e,n/e,n/e,n/e,n/e,0,,n/e,n/e,25,,n/e,n/e,n/e,n/e,32,
15:00 - 16:00,31,,n/e,n/e,n/e,n/e,0,,n/e,n/e,n/e,n/e,n/e,n/e,n/e,n/e,n/e,n/e,n/e,n/e,405,,n/e,n/e,n/e,n/e,n/e,n/e,0,,n/e,n/e,1,,n/e,n/e,n/e,n/e,45,
16:00 - 17:00,32,,n/e,n/e,n/e,n/e,0,,n/e,n/e,n/e,n/e,n/e,n/e,n/e,n/e,n/e,n/e,n/e,n/e,405,,n/e,n/e,n/e,n/e,n/e,n/e,0,,n/e,n/e,0,,n/e,n/e,n/e,n/e,49,
17:00 - 18:00,32,,n/e,n/e,n/e,n/e,0,,n/e,n/e,n/e,n/e,n/e,n/e,n/e,n/e,n/e,n/e,n/e,n/e,401,,n/e,n/e,n/e,n/e,n/e,n/e,0,,n/e,n/e,0,,n/e,n/e,n/e,n/e,46,
18:00 - 19:00,29,,n/e,n/e,n/e,n/e,0,,n/e,n/e,n/e,n/e,n/e,n/e,n/e,n/e,n/e,n/e,n/e,n/e,130,,n/e,n/e,n/e,n/e,n/e,n/e,0,,n/e,n/e,0,,n/e,n/e,n/e,n/e,47,
19:00 - 20:00,29,,n/e,n/e,n/e,n/e,0,,n/e,n/e,n/e,n/e,n/e,n/e,n/e,n/e,n/e,n/e,n/e,n/e,10,,n/e,n/e,n/e,n/e,n/e,n/e,0,,n/e,n/e,0,,n/e,n/e,n/e,n/e,39,
20:00 - 21:00,30,,n/e,n/e,n/e,n/e,0,,n/e,n/e,n/e,n/e,n/e,n/e,n/e,n/e,n/e,n/e,n/e,n/e,1,,n/e,n/e,n/e,n/e,n/e,n/e,0,,n/e,n/e,0,,n/e,n/e,n/e,n/e,41,
21:00 - 22:00,30,,n/e,n/e,n/e,n/e,0,,n/e,n/e,n/e,n/e,n/e,n/e,n/e,n/e,n/e,n/e,n/e,n/e,1,,n/e,n/e,n/e,n/e,n/e,n/e,0,,n/e,n/e,0,,n/e,n/e,n/e,n/e,45,
22:00 - 23:00,31,,n/e,n/e,n/e,n/e,0,,n/e,n/e,n/e,n/e,n/e,n/e,n/e,n/e,n/e,n/e,n/e,n/e,1,,n/e,n/e,n/e,n/e,n/e,n/e,0,,n/e,n/e,0,,n/e,n/e,n/e,n/e,31,
23:00 - 00:00,32,,n/e,n/e,n/e,n/e,0,,n/e,n/e,n/e,n/e,n/e,n/e,n/e,n/e,n/e,n/e,n/e,n/e,1,,n/e,n/e,n/e,n/e,n/e,n/e,0,,n/e,n/e,0,,n/e,n/e,n/e,n/e,32,
00:00 - 01:00,32,,n/e,n/e,n/e,n/e,0,,n/e,n/e,n/e,n/e,n/e,n/e,n/e,n/e,n/e,n/e,n/e,n/e,1,,n/e,n/e,n/e,n/e,n/e,n/e,0,,n/e,n/e,0,,n/e,n/e,n/e,n/e,37,
01:00 - 02:00,32,,n/e,n/e,n/e,n/e,0,,n/e,n/e,n/e,n/e,n/e,n/e,n/e,n/e,n/e,n/e,n/e,n/e,1,,n/e,n/e,n/e,n/e,n/e,n/e,0,,n/e,n/e,0,,n/e,n/e,n/e,n/e,34,
02:00 - 03:00,31,,n/e,n/e,n/e,n/e,0,,n/e,n/e,n/e,n/e,n/e,n/e,n/e,n/e,n/e,n/e,n/e,n/e,1,,n/e,n/e,n/e,n/e,n/e,n/e,0,,n/e,n/e,0,,n/e,n/e,n/e,n/e,36,
03:00 - 04:00,32,,n/e,n/e,n/e,n/e,0,,n/e,n/e,n/e,n/e,n/e,n/e,n/e,n/e,n/e,n/e,n/e,n/e,1,,n/e,n/e,n/e,n/e,n/e,n/e,0,,n/e,n/e,0,,n/e,n/e,n/e,n/e,34,
04:00 - 05:00,31,,n/e,n/e,n/e,n/e,0,,n/e,n/e,n/e,n/e,n/e,n/e,n/e,n/e,n/e,n/e,n/e,n/e,1,,n/e,n/e,n/e,n/e,n/e,n/e,0,,n/e,n/e,0,,n/e,n/e,n/e,n/e,41,
05:00 - 06:00,31,,n/e,n/e,n/e,n/e,0,,n/e,n/e,n/e,n/e,n/e,n/e,n/e,n/e,n/e,n/e,n/e,n/e,1,,n/e,n/e,n/e,n/e,n/e,n/e,0,,n/e,n/e,12,,n/e,n/e,n/e,n/e,41,
06:00 - 07:00,32,,n/e,n/e,n/e,n/e,0,,n/e,n/e,n/e,n/e,n/e,n/e,n/e,n/e,n/e,n/e,n/e,n/e,1,,n/e,n/e,n/e,n/e,n/e,n/e,0,,n/e,n/e,77,,n/e,n/e,n/e,n/e,33,
07:00 - 08:00,33,,n/e,n/e,n/e,n/e,0,,n/e,n/e,n/e,n/e,n/e,n/e,n/e,n/e,n/e,n/e,n/e,n/e,2,,n/e,n/e,n/e,n/e,n/e,n/e,0,,n/e,n/e,165,,n/e,n/e,n/e,n/e,26,
08:00 - 09:00,32,,n/e,n/e,n/e,n/e,0,,n/e,n/e,n/e,n/e,n/e,n/e,n/e,n/e,n/e,n/e,n/e,n/e,2,,n/e,n/e,n/e,n/e,n/e,n/e,0,,n/e,n/e,226,,n/e,n/e,n/e,n/e,17,
09:00 - 10:00,33,,n/e,n/e,n/e,n/e,0,,n/e,n/e,n/e,n/e,n/e,n/e,n/e,n/e,n/e,n/e,n/e,n/e,2,,n/e,n/e,n/e,n/e,n/e,n/e,0,,n/e,n/e,240,,n/e,n/e,n/e,n/e,15,
10:00 - 11:00,33,,n/e,n/e,n/e,n/e,0,,n/e,n/e,n/e,n/e,n/e,n/e,n/e,n/e,n/e,n/e,n/e,n/e,2,,n/e,n/e,n/e,n/e,n/e,n/e,0,,n/e,n/e,247,,n/e,n/e,n/e,n/e,24,
11:00 - 12:00,33,,n/e,n/e,n/e,n/e,0,,n/e,n/e,n/e,n/e,n/e,n/e,n/e,n/e,n/e,n/e,n/e,n/e,2,,n/e,n/e,n/e,n/e,n/e,n/e,0,,n/e,n/e,214,,n/e,n/e,n/e,n/e,9,
12:00 - 13:00,30,,n/e,n/e,n/e,n/e,0,,n/e,n/e,n/e,n/e,n/e,n/e,n/e,n/e,n/e,n/e,n/e,n/e,4,,n/e,n/e,n/e,n/e,n/e,n/e,0,,n/e,n/e,128,,n/e,n/e,n/e,n/e,14,
13:00 - 14:00,28,,n/e,n/e,n/e,n/e,0,,n/e,n/e,n/e,n/e,n/e,n/e,n/e,n/e,n/e,n/e,n/e,n/e,240,,n/e,n/e,n/e,n/e,n/e,n/e,0,,n/e,n/e,59,,n/e,n/e,n/e,n/e,23,
14:00 - 15:00,29,,n/e,n/e,n/e,n/e,0,,n/e,n/e,n/e,n/e,n/e,n/e,n/e,n/e,n/e,n/e,n/e,n/e,288,,n/e,n/e,n/e,n/e,n/e,n/e,0,,n/e,n/e,13,,n/e,n/e,n/e,n/e,27,
15:00 - 16:00,29,,n/e,n/e,n/e,n/e,0,,n/e,n/e,n/e,n/e,n/e,n/e,n/e,n/e,n/e,n/e,n/e,n/e,299,,n/e,n/e,n/e,n/e,n/e,n/e,0,,n/e,n/e,0,,n/e,n/e,n/e,n/e,30,
16:00 - 17:00,30,,n/e,n/e,n/e,n/e,0,,n/e,n/e,n/e,n/e,n/e,n/e,n/e,n/e,n/e,n/e,n/e,n/e,247,,n/e,n/e,n/e,n/e,n/e,n/e,0,,n/e,n/e,0,,n/e,n/e,n/e,n/e,32,
17:00 - 18:00,30,,n/e,n/e,n/e,n/e,0,,n/e,n/e,n/e,n/e,n/e,n/e,n/e,n/e,n/e,n/e,n/e,n/e,245,,n/e,n/e,n/e,n/e,n/e,n/e,0,,n/e,n/e,0,,n/e,n/e,n/e,n/e,35,
18:00 - 19:00,30,,n/e,n/e,n/e,n/e,0,,n/e,n/e,n/e,n/e,n/e,n/e,n/e,n/e,n/e,n/e,n/e,n/e,292,,n/e,n/e,n/e,n/e,n/e,n/e,0,,n/e,n/e,0,,n/e,n/e,n/e,n/e,36,
19:00 - 20:00,29,,n/e,n/e,n/e,n/e,0,,n/e,n/e,n/e,n/e,n/e,n/e,n/e,n/e,n/e,n/e,n/e,n/e,256,,n/e,n/e,n/e,n/e,n/e,n/e,0,,n/e,n/e,0,,n/e,n/e,n/e,n/e,44,
20:00 - 21:00,30,,n/e,n/e,n/e,n/e,1,,n/e,n/e,n/e,n/e,n/e,n/e,n/e,n/e,n/e,n/e,n/e,n/e,3,,n/e,n/e,n/e,n/e,n/e,n/e,0,,n/e,n/e,0,,n/e,n/e,n/e,n/e,40,
21:00 - 22:00,32,,n/e,n/e,n/e,n/e,10,,n/e,n/e,n/e,n/e,n/e,n/e,n/e,n/e,n/e,n/e,n/e,n/e,1,,n/e,n/e,n/e,n/e,n/e,n/e,0,,n/e,n/e,0,,n/e,n/e,n/e,n/e,40,
22:00 - 23:00,31,,n/e,n/e,n/e,n/e,28,,n/e,n/e,n/e,n/e,n/e,n/e,n/e,n/e,n/e,n/e,n/e,n/e,17,,n/e,n/e,n/e,n/e,n/e,n/e,0,,n/e,n/e,0,,n/e,n/e,n/e,n/e,16,
23:00 - 00:00,31,,n/e,n/e,n/e,n/e,45,,n/e,n/e,n/e,n/e,n/e,n/e,n/e,n/e,n/e,n/e,n/e,n/e,1,,n/e,n/e,n/e,n/e,n/e,n/e,0,,n/e,n/e,0,,n/e,n/e,n/e,n/e,14,
00:00 - 01:00,33,,n/e,n/e,n/e,n/e,50,,n/e,n/e,n/e,n/e,n/e,n/e,n/e,n/e,n/e,n/e,n/e,n/e,1,,n/e,n/e,n/e,n/e,n/e,n/e,0,,n/e,n/e,0,,n/e,n/e,n/e,n/e,12,
01:00 - 02:00,34,,n/e,n/e,n/e,n/e,50,,n/e,n/e,n/e,n/e,n/e,n/e,n/e,n/e,n/e,n/e,n/e,n/e,1,,n/e,n/e,n/e,n/e,n/e,n/e,0,,n/e,n/e,0,,n/e,n/e,n/e,n/e,13,
02:00 - 03:00,36,,n/e,n/e,n/e,n/e,51,,n/e,n/e,n/e,n/e,n/e,n/e,n/e,n/e,n/e,n/e,n/e,n/e,1,,n/e,n/e,n/e,n/e,n/e,n/e,0,,n/e,n/e,0,,n/e,n/e,n/e,n/e,13,
03:00 - 04:00,38,,n/e,n/e,n/e,n/e,51,,n/e,n/e,n/e,n/e,n/e,n/e,n/e,n/e,n/e,n/e,n/e,n/e,3,,n/e,n/e,n/e,n/e,n/e,n/e,0,,n/e,n/e,0,,n/e,n/e,n/e,n/e,51,
04:00 - 05:00,50,,n/e,n/e,n/e,n/e,64,,n/e,n/e,n/e,n/e,n/e,n/e,n/e,n/e,n/e,n/e,n/e,n/e,160,,n/e,n/e,n/e,n/e,n/e,n/e,0,,n/e,n/e,0,,n/e,n/e,n/e,n/e,53,
05:00 - 06:00,53,,n/e,n/e,n/e,n/e,67,,n/e,n/e,n/e,n/e,n/e,n/e,n/e,n/e,n/e,n/e,n/e,n/e,156,,n/e,n/e,n/e,n/e,n/e,n/e,0,,n/e,n/e,7,,n/e,n/e,n/e,n/e,64,
06:00 - 07:00,56,,n/e,n/e,n/e,n/e,68,,n/e,n/e,n/e,n/e,n/e,n/e,n/e,n/e,n/e,n/e,n/e,n/e,194,,n/e,n/e,n/e,n/e,n/e,n/e,0,,n/e,n/e,33,,n/e,n/e,n/e,n/e,70,
07:00 - 08:00,56,,n/e,n/e,n/e,n/e,70,,n/e,n/e,n/e,n/e,n/e,n/e,n/e,n/e,n/e,n/e,n/e,n/e,128,,n/e,n/e,n/e,n/e,n/e,n/e,0,,n/e,n/e,60,,n/e,n/e,n/e,n/e,79,
08:00 - 09:00,56,,n/e,n/e,n/e,n/e,70,,n/e,n/e,n/e,n/e,n/e,n/e,n/e,n/e,n/e,n/e,n/e,n/e,11,,n/e,n/e,n/e,n/e,n/e,n/e,0,,n/e,n/e,76,,n/e,n/e,n/e,n/e,73,
09:00 - 10:00,54,,n/e,n/e,n/e,n/e,70,,n/e,n/e,n/e,n/e,n/e,n/e,n/e,n/e,n/e,n/e,n/e,n/e,37,,n/e,n/e,n/e,n/e,n/e,n/e,0,,n/e,n/e,73,,n/e,n/e,n/e,n/e,74,
10:00 - 11:00,53,,n/e,n/e,n/e,n/e,70,,n/e,n/e,n/e,n/e,n/e,n/e,n/e,n/e,n/e,n/e,n/e,n/e,18,,n/e,n/e,n/e,n/e,n/e,n/e,0,,n/e,n/e,68,,n/e,n/e,n/e,n/e,83,
11:00 - 12:00,53,,n/e,n/e,n/e,n/e,71,,n/e,n/e,n/e,n/e,n/e,n/e,n/e,n/e,n/e,n/e,n/e,n/e,36,,n/e,n/e,n/e,n/e,n/e,n/e,0,,n/e,n/e,54,,n/e,n/e,n/e,n/e,88,
12:00 - 13:00,57,,n/e,n/e,n/e,n/e,71,,n/e,n/e,n/e,n/e,n/e,n/e,n/e,n/e,n/e,n/e,n/e,n/e,116,,n/e,n/e,n/e,n/e,n/e,n/e,0,,n/e,n/e,34,,n/e,n/e,n/e,n/e,98,
13:00 - 14:00,56,,n/e,n/e,n/e,n/e,72,,n/e,n/e,n/e,n/e,n/e,n/e,n/e,n/e,n/e,n/e,n/e,n/e,221,,n/e,n/e,n/e,n/e,n/e,n/e,0,,n/e,n/e,15,,n/e,n/e,n/e,n/e,98,
14:00 - 15:00,56,,n/e,n/e,n/e,n/e,73,,n/e,n/e,n/e,n/e,n/e,n/e,n/e,n/e,n/e,n/e,n/e,n/e,291,,n/e,n/e,n/e,n/e,n/e,n/e,0,,n/e,n/e,4,,n/e,n/e,n/e,n/e,99,
15:00 - 16:00,56,,n/e,n/e,n/e,n/e,76,,n/e,n/e,n/e,n/e,n/e,n/e,n/e,n/e,n/e,n/e,n/e,n/e,272,,n/e,n/e,n/e,n/e,n/e,n/e,0,,n/e,n/e,1,,n/e,n/e,n/e,n/e,95,
16:00 - 17:00,56,,n/e,n/e,n/e,n/e,75,,n/e,n/e,n/e,n/e,n/e,n/e,n/e,n/e,n/e,n/e,n/e,n/e,341,,n/e,n/e,n/e,n/e,n/e,n/e,0,,n/e,n/e,1,,n/e,n/e,n/e,n/e,98,
17:00 - 18:00,55,,n/e,n/e,n/e,n/e,72,,n/e,n/e,n/e,n/e,n/e,n/e,n/e,n/e,n/e,n/e,n/e,n/e,271,,n/e,n/e,n/e,n/e,n/e,n/e,0,,n/e,n/e,0,,n/e,n/e,n/e,n/e,93,
18:00 - 19:00,55,,n/e,n/e,n/e,n/e,71,,n/e,n/e,n/e,n/e,n/e,n/e,n/e,n/e,n/e,n/e,n/e,n/e,252,,n/e,n/e,n/e,n/e,n/e,n/e,0,,n/e,n/e,0,,n/e,n/e,n/e,n/e,89,
19:00 - 20:00,52,,n/e,n/e,n/e,n/e,64,,n/e,n/e,n/e,n/e,n/e,n/e,n/e,n/e,n/e,n/e,n/e,n/e,5,,n/e,n/e,n/e,n/e,n/e,n/e,0,,n/e,n/e,1,,n/e,n/e,n/e,n/e,77,
20:00 - 21:00,49,,n/e,n/e,n/e,n/e,62,,n/e,n/e,n/e,n/e,n/e,n/e,n/e,n/e,n/e,n/e,n/e,n/e,2,,n/e,n/e,n/e,n/e,n/e,n/e,0,,n/e,n/e,0,,n/e,n/e,n/e,n/e,57,
21:00 - 22:00,45,,n/e,n/e,n/e,n/e,54,,n/e,n/e,n/e,n/e,n/e,n/e,n/e,n/e,n/e,n/e,n/e,n/e,5,,n/e,n/e,n/e,n/e,n/e,n/e,0,,n/e,n/e,0,,n/e,n/e,n/e,n/e,52,
22:00 - 23:00,46,,n/e,n/e,n/e,n/e,49,,n/e,n/e,n/e,n/e,n/e,n/e,n/e,n/e,n/e,n/e,n/e,n/e,19,,n/e,n/e,n/e,n/e,n/e,n/e,0,,n/e,n/e,0,,n/e,n/e,n/e,n/e,39,
23:00 - 00:00,49,,n/e,n/e,n/e,n/e,51,,n/e,n/e,n/e,n/e,n/e,n/e,n/e,n/e,n/e,n/e,n/e,n/e,19,,n/e,n/e,n/e,n/e,n/e,n/e,0,,n/e,n/e,0,,n/e,n/e,n/e,n/e,33,
00:00 - 01:00,50,,n/e,n/e,n/e,n/e,50,,n/e,n/e,n/e,n/e,n/e,n/e,n/e,n/e,n/e,n/e,n/e,n/e,25,,n/e,n/e,n/e,n/e,n/e,n/e,0,,n/e,n/e,0,,n/e,n/e,n/e,n/e,32,
01:00 - 02:00,52,,n/e,n/e,n/e,n/e,50,,n/e,n/e,n/e,n/e,n/e,n/e,n/e,n/e,n/e,n/e,n/e,n/e,22,,n/e,n/e,n/e,n/e,n/e,n/e,0,,n/e,n/e,0,,n/e,n/e,n/e,n/e,32,
02:00 - 03:00,51,,n/e,n/e,n/e,n/e,64,,n/e,n/e,n/e,n/e,n/e,n/e,n/e,n/e,n/e,n/e,n/e,n/e,79,,n/e,n/e,n/e,n/e,n/e,n/e,0,,n/e,n/e,0,,n/e,n/e,n/e,n/e,37,
03:00 - 04:00,53,,n/e,n/e,n/e,n/e,66,,n/e,n/e,n/e,n/e,n/e,n/e,n/e,n/e,n/e,n/e,n/e,n/e,85,,n/e,n/e,n/e,n/e,n/e,n/e,0,,n/e,n/e,0,,n/e,n/e,n/e,n/e,20,
04:00 - 05:00,55,,n/e,n/e,n/e,n/e,72,,n/e,n/e,n/e,n/e,n/e,n/e,n/e,n/e,n/e,n/e,n/e,n/e,220,,n/e,n/e,n/e,n/e,n/e,n/e,0,,n/e,n/e,0,,n/e,n/e,n/e,n/e,19,
05:00 - 06:00,57,,n/e,n/e,n/e,n/e,75,,n/e,n/e,n/e,n/e,n/e,n/e,n/e,n/e,n/e,n/e,n/e,n/e,267,,n/e,n/e,n/e,n/e,n/e,n/e,0,,n/e,n/e,3,,n/e,n/e,n/e,n/e,29,
06:00 - 07:00,57,,n/e,n/e,n/e,n/e,74,,n/e,n/e,n/e,n/e,n/e,n/e,n/e,n/e,n/e,n/e,n/e,n/e,302,,n/e,n/e,n/e,n/e,n/e,n/e,0,,n/e,n/e,18,,n/e,n/e,n/e,n/e,20,
07:00 - 08:00,57,,n/e,n/e,n/e,n/e,55,,n/e,n/e,n/e,n/e,n/e,n/e,n/e,n/e,n/e,n/e,n/e,n/e,237,,n/e,n/e,n/e,n/e,n/e,n/e,0,,n/e,n/e,38,,n/e,n/e,n/e,n/e,16,
08:00 - 09:00,56,,n/e,n/e,n/e,n/e,29,,n/e,n/e,n/e,n/e,n/e,n/e,n/e,n/e,n/e,n/e,n/e,n/e,99,,n/e,n/e,n/e,n/e,n/e,n/e,0,,n/e,n/e,46,,n/e,n/e,n/e,n/e,14,
09:00 - 10:00,55,,n/e,n/e,n/e,n/e,11,,n/e,n/e,n/e,n/e,n/e,n/e,n/e,n/e,n/e,n/e,n/e,n/e,106,,n/e,n/e,n/e,n/e,n/e,n/e,0,,n/e,n/e,55,,n/e,n/e,n/e,n/e,12,
10:00 - 11:00,54,,n/e,n/e,n/e,n/e,15,,n/e,n/e,n/e,n/e,n/e,n/e,n/e,n/e,n/e,n/e,n/e,n/e,194,,n/e,n/e,n/e,n/e,n/e,n/e,0,,n/e,n/e,46,,n/e,n/e,n/e,n/e,9,
11:00 - 12:00,53,,n/e,n/e,n/e,n/e,15,,n/e,n/e,n/e,n/e,n/e,n/e,n/e,n/e,n/e,n/e,n/e,n/e,253,,n/e,n/e,n/e,n/e,n/e,n/e,0,,n/e,n/e,31,,n/e,n/e,n/e,n/e,9,
12:00 - 13:00,55,,n/e,n/e,n/e,n/e,14,,n/e,n/e,n/e,n/e,n/e,n/e,n/e,n/e,n/e,n/e,n/e,n/e,297,,n/e,n/e,n/e,n/e,n/e,n/e,0,,n/e,n/e,24,,n/e,n/e,n/e,n/e,3,
13:00 - 14:00,55,,n/e,n/e,n/e,n/e,12,,n/e,n/e,n/e,n/e,n/e,n/e,n/e,n/e,n/e,n/e,n/e,n/e,220,,n/e,n/e,n/e,n/e,n/e,n/e,0,,n/e,n/e,11,,n/e,n/e,n/e,n/e,3,
14:00 - 15:00,54,,n/e,n/e,n/e,n/e,12,,n/e,n/e,n/e,n/e,n/e,n/e,n/e,n/e,n/e,n/e,n/e,n/e,204,,n/e,n/e,n/e,n/e,n/e,n/e,0,,n/e,n/e,2,,n/e,n/e,n/e,n/e,14,
15:00 - 16:00,53,,n/e,n/e,n/e,n/e,15,,n/e,n/e,n/e,n/e,n/e,n/e,n/e,n/e,n/e,n/e,n/e,n/e,213,,n/e,n/e,n/e,n/e,n/e,n/e,0,,n/e,n/e,0,,n/e,n/e,n/e,n/e,18,
16:00 - 17:00,54,,n/e,n/e,n/e,n/e,14,,n/e,n/e,n/e,n/e,n/e,n/e,n/e,n/e,n/e,n/e,n/e,n/e,227,,n/e,n/e,n/e,n/e,n/e,n/e,0,,n/e,n/e,1,,n/e,n/e,n/e,n/e,18,
17:00 - 18:00,56,,n/e,n/e,n/e,n/e,12,,n/e,n/e,n/e,n/e,n/e,n/e,n/e,n/e,n/e,n/e,n/e,n/e,107,,n/e,n/e,n/e,n/e,n/e,n/e,0,,n/e,n/e,0,,n/e,n/e,n/e,n/e,11,
18:00 - 19:00,54,,n/e,n/e,n/e,n/e,9,,n/e,n/e,n/e,n/e,n/e,n/e,n/e,n/e,n/e,n/e,n/e,n/e,53,,n/e,n/e,n/e,n/e,n/e,n/e,0,,n/e,n/e,0,,n/e,n/e,n/e,n/e,34,
19:00 - 20:00,52,,n/e,n/e,n/e,n/e,9,,n/e,n/e,n/e,n/e,n/e,n/e,n/e,n/e,n/e,n/e,n/e,n/e,52,,n/e,n/e,n/e,n/e,n/e,n/e,0,,n/e,n/e,0,,n/e,n/e,n/e,n/e,41,
20:00 - 21:00,49,,n/e,n/e,n/e,n/e,4,,n/e,n/e,n/e,n/e,n/e,n/e,n/e,n/e,n/e,n/e,n/e,n/e,51,,n/e,n/e,n/e,n/e,n/e,n/e,0,,n/e,n/e,0,,n/e,n/e,n/e,n/e,58,
21:00 - 22:00,44,,n/e,n/e,n/e,n/e,0,,n/e,n/e,n/e,n/e,n/e,n/e,n/e,n/e,n/e,n/e,n/e,n/e,57,,n/e,n/e,n/e,n/e,n/e,n/e,0,,n/e,n/e,0,,n/e,n/e,n/e,n/e,73,
22:00 - 23:00,37,,n/e,n/e,n/e,n/e,0,,n/e,n/e,n/e,n/e,n/e,n/e,n/e,n/e,n/e,n/e,n/e,n/e,12,,n/e,n/e,n/e,n/e,n/e,n/e,0,,n/e,n/e,0,,n/e,n/e,n/e,n/e,72,
23:00 - 00:00,32,,n/e,n/e,n/e,n/e,0,,n/e,n/e,n/e,n/e,n/e,n/e,n/e,n/e,n/e,n/e,n/e,n/e,5,,n/e,n/e,n/e,n/e,n/e,n/e,0,,n/e,n/e,0,,n/e,n/e,n/e,n/e,79,
00:00 - 01:00,32,,n/e,n/e,n/e,n/e,0,,n/e,n/e,n/e,n/e,n/e,n/e,n/e,n/e,n/e,n/e,n/e,n/e,10,,n/e,n/e,n/e,n/e,n/e,n/e,0,,n/e,n/e,0,,n/e,n/e,n/e,n/e,94,
01:00 - 02:00,31,,n/e,n/e,n/e,n/e,0,,n/e,n/e,n/e,n/e,n/e,n/e,n/e,n/e,n/e,n/e,n/e,n/e,1,,n/e,n/e,n/e,n/e,n/e,n/e,0,,n/e,n/e,0,,n/e,n/e,n/e,n/e,101,
02:00 - 03:00,32,,n/e,n/e,n/e,n/e,0,,n/e,n/e,n/e,n/e,n/e,n/e,n/e,n/e,n/e,n/e,n/e,n/e,1,,n/e,n/e,n/e,n/e,n/e,n/e,0,,n/e,n/e,0,,n/e,n/e,n/e,n/e,107,
03:00 - 04:00,40,,n/e,n/e,n/e,n/e,2,,n/e,n/e,n/e,n/e,n/e,n/e,n/e,n/e,n/e,n/e,n/e,n/e,7,,n/e,n/e,n/e,n/e,n/e,n/e,0,,n/e,n/e,1,,n/e,n/e,n/e,n/e,111,
04:00 - 05:00,44,,n/e,n/e,n/e,n/e,3,,n/e,n/e,n/e,n/e,n/e,n/e,n/e,n/e,n/e,n/e,n/e,n/e,136,,n/e,n/e,n/e,n/e,n/e,n/e,0,,n/e,n/e,1,,n/e,n/e,n/e,n/e,108,
05:00 - 06:00,45,,n/e,n/e,n/e,n/e,3,,n/e,n/e,n/e,n/e,n/e,n/e,n/e,n/e,n/e,n/e,n/e,n/e,113,,n/e,n/e,n/e,n/e,n/e,n/e,0,,n/e,n/e,4,,n/e,n/e,n/e,n/e,104,
06:00 - 07:00,43,,n/e,n/e,n/e,n/e,3,,n/e,n/e,n/e,n/e,n/e,n/e,n/e,n/e,n/e,n/e,n/e,n/e,113,,n/e,n/e,n/e,n/e,n/e,n/e,0,,n/e,n/e,42,,n/e,n/e,n/e,n/e,104,
07:00 - 08:00,35,,n/e,n/e,n/e,n/e,1,,n/e,n/e,n/e,n/e,n/e,n/e,n/e,n/e,n/e,n/e,n/e,n/e,123,,n/e,n/e,n/e,n/e,n/e,n/e,0,,n/e,n/e,107,,n/e,n/e,n/e,n/e,97,
08:00 - 09:00,34,,n/e,n/e,n/e,n/e,0,,n/e,n/e,n/e,n/e,n/e,n/e,n/e,n/e,n/e,n/e,n/e,n/e,49,,n/e,n/e,n/e,n/e,n/e,n/e,0,,n/e,n/e,148,,n/e,n/e,n/e,n/e,100,
09:00 - 10:00,33,,n/e,n/e,n/e,n/e,0,,n/e,n/e,n/e,n/e,n/e,n/e,n/e,n/e,n/e,n/e,n/e,n/e,24,,n/e,n/e,n/e,n/e,n/e,n/e,0,,n/e,n/e,189,,n/e,n/e,n/e,n/e,102,
10:00 - 11:00,33,,n/e,n/e,n/e,n/e,0,,n/e,n/e,n/e,n/e,n/e,n/e,n/e,n/e,n/e,n/e,n/e,n/e,2,,n/e,n/e,n/e,n/e,n/e,n/e,0,,n/e,n/e,201,,n/e,n/e,n/e,n/e,98,
11:00 - 12:00,32,,n/e,n/e,n/e,n/e,0,,n/e,n/e,n/e,n/e,n/e,n/e,n/e,n/e,n/e,n/e,n/e,n/e,2,,n/e,n/e,n/e,n/e,n/e,n/e,0,,n/e,n/e,189,,n/e,n/e,n/e,n/e,77,
12:00 - 13:00,33,,n/e,n/e,n/e,n/e,0,,n/e,n/e,n/e,n/e,n/e,n/e,n/e,n/e,n/e,n/e,n/e,n/e,2,,n/e,n/e,n/e,n/e,n/e,n/e,0,,n/e,n/e,143,,n/e,n/e,n/e,n/e,64,
13:00 - 14:00,42,,n/e,n/e,n/e,n/e,2,,n/e,n/e,n/e,n/e,n/e,n/e,n/e,n/e,n/e,n/e,n/e,n/e,46,,n/e,n/e,n/e,n/e,n/e,n/e,0,,n/e,n/e,70,,n/e,n/e,n/e,n/e,65,
14:00 - 15:00,51,,n/e,n/e,n/e,n/e,3,,n/e,n/e,n/e,n/e,n/e,n/e,n/e,n/e,n/e,n/e,n/e,n/e,284,,n/e,n/e,n/e,n/e,n/e,n/e,0,,n/e,n/e,11,,n/e,n/e,n/e,n/e,63,
15:00 - 16:00,54,,n/e,n/e,n/e,n/e,8,,n/e,n/e,n/e,n/e,n/e,n/e,n/e,n/e,n/e,n/e,n/e,n/e,303,,n/e,n/e,n/e,n/e,n/e,n/e,0,,n/e,n/e,0,,n/e,n/e,n/e,n/e,75,
16:00 - 17:00,55,,n/e,n/e,n/e,n/e,8,,n/e,n/e,n/e,n/e,n/e,n/e,n/e,n/e,n/e,n/e,n/e,n/e,308,,n/e,n/e,n/e,n/e,n/e,n/e,0,,n/e,n/e,0,,n/e,n/e,n/e,n/e,79,
17:00 - 18:00,55,,n/e,n/e,n/e,n/e,8,,n/e,n/e,n/e,n/e,n/e,n/e,n/e,n/e,n/e,n/e,n/e,n/e,285,,n/e,n/e,n/e,n/e,n/e,n/e,0,,n/e,n/e,0,,n/e,n/e,n/e,n/e,88,
18:00 - 19:00,51,,n/e,n/e,n/e,n/e,8,,n/e,n/e,n/e,n/e,n/e,n/e,n/e,n/e,n/e,n/e,n/e,n/e,285,,n/e,n/e,n/e,n/e,n/e,n/e,0,,n/e,n/e,0,,n/e,n/e,n/e,n/e,97,
19:00 - 20:00,45,,n/e,n/e,n/e,n/e,3,,n/e,n/e,n/e,n/e,n/e,n/e,n/e,n/e,n/e,n/e,n/e,n/e,263,,n/e,n/e,n/e,n/e,n/e,n/e,0,,n/e,n/e,0,,n/e,n/e,n/e,n/e,100,
20:00 - 21:00,45,,n/e,n/e,n/e,n/e,1,,n/e,n/e,n/e,n/e,n/e,n/e,n/e,n/e,n/e,n/e,n/e,n/e,6,,n/e,n/e,n/e,n/e,n/e,n/e,0,,n/e,n/e,0,,n/e,n/e,n/e,n/e,99,
21:00 - 22:00,38,,n/e,n/e,n/e,n/e,0,,n/e,n/e,n/e,n/e,n/e,n/e,n/e,n/e,n/e,n/e,n/e,n/e,1,,n/e,n/e,n/e,n/e,n/e,n/e,0,,n/e,n/e,0,,n/e,n/e,n/e,n/e,100,
22:00 - 23:00,36,,n/e,n/e,n/e,n/e,0,,n/e,n/e,n/e,n/e,n/e,n/e,n/e,n/e,n/e,n/e,n/e,n/e,1,,n/e,n/e,n/e,n/e,n/e,n/e,0,,n/e,n/e,0,,n/e,n/e,n/e,n/e,103,
23:00 - 00:00,36,,n/e,n/e,n/e,n/e,0,,n/e,n/e,n/e,n/e,n/e,n/e,n/e,n/e,n/e,n/e,n/e,n/e,1,,n/e,n/e,n/e,n/e,n/e,n/e,0,,n/e,n/e,0,,n/e,n/e,n/e,n/e,98,
00:00 - 01:00,38,,n/e,n/e,n/e,n/e,0,,n/e,n/e,n/e,n/e,n/e,n/e,n/e,n/e,n/e,n/e,n/e,n/e,1,,n/e,n/e,n/e,n/e,n/e,n/e,0,,n/e,n/e,0,,n/e,n/e,n/e,n/e,87,
01:00 - 02:00,38,,n/e,n/e,n/e,n/e,1,,n/e,n/e,n/e,n/e,n/e,n/e,n/e,n/e,n/e,n/e,n/e,n/e,1,,n/e,n/e,n/e,n/e,n/e,n/e,0,,n/e,n/e,0,,n/e,n/e,n/e,n/e,86,
02:00 - 03:00,46,,n/e,n/e,n/e,n/e,3,,n/e,n/e,n/e,n/e,n/e,n/e,n/e,n/e,n/e,n/e,n/e,n/e,1,,n/e,n/e,n/e,n/e,n/e,n/e,0,,n/e,n/e,0,,n/e,n/e,n/e,n/e,79,
03:00 - 04:00,51,,n/e,n/e,n/e,n/e,8,,n/e,n/e,n/e,n/e,n/e,n/e,n/e,n/e,n/e,n/e,n/e,n/e,2,,n/e,n/e,n/e,n/e,n/e,n/e,0,,n/e,n/e,0,,n/e,n/e,n/e,n/e,69,
04:00 - 05:00,53,,n/e,n/e,n/e,n/e,9,,n/e,n/e,n/e,n/e,n/e,n/e,n/e,n/e,n/e,n/e,n/e,n/e,142,,n/e,n/e,n/e,n/e,n/e,n/e,0,,n/e,n/e,0,,n/e,n/e,n/e,n/e,51,
05:00 - 06:00,57,,n/e,n/e,n/e,n/e,13,,n/e,n/e,n/e,n/e,n/e,n/e,n/e,n/e,n/e,n/e,n/e,n/e,170,,n/e,n/e,n/e,n/e,n/e,n/e,0,,n/e,n/e,2,,n/e,n/e,n/e,n/e,52,
06:00 - 07:00,56,,n/e,n/e,n/e,n/e,14,,n/e,n/e,n/e,n/e,n/e,n/e,n/e,n/e,n/e,n/e,n/e,n/e,163,,n/e,n/e,n/e,n/e,n/e,n/e,0,,n/e,n/e,12,,n/e,n/e,n/e,n/e,48,
07:00 - 08:00,55,,n/e,n/e,n/e,n/e,12,,n/e,n/e,n/e,n/e,n/e,n/e,n/e,n/e,n/e,n/e,n/e,n/e,175,,n/e,n/e,n/e,n/e,n/e,n/e,0,,n/e,n/e,27,,n/e,n/e,n/e,n/e,52,
08:00 - 09:00,55,,n/e,n/e,n/e,n/e,12,,n/e,n/e,n/e,n/e,n/e,n/e,n/e,n/e,n/e,n/e,n/e,n/e,51,,n/e,n/e,n/e,n/e,n/e,n/e,0,,n/e,n/e,40,,n/e,n/e,n/e,n/e,59,
09:00 - 10:00,56,,n/e,n/e,n/e,n/e,12,,n/e,n/e,n/e,n/e,n/e,n/e,n/e,n/e,n/e,n/e,n/e,n/e,36,,n/e,n/e,n/e,n/e,n/e,n/e,0,,n/e,n/e,48,,n/e,n/e,n/e,n/e,58,
10:00 - 11:00,56,,n/e,n/e,n/e,n/e,12,,n/e,n/e,n/e,n/e,n/e,n/e,n/e,n/e,n/e,n/e,n/e,n/e,43,,n/e,n/e,n/e,n/e,n/e,n/e,0,,n/e,n/e,51,,n/e,n/e,n/e,n/e,51,
11:00 - 12:00,56,,n/e,n/e,n/e,n/e,12,,n/e,n/e,n/e,n/e,n/e,n/e,n/e,n/e,n/e,n/e,n/e,n/e,37,,n/e,n/e,n/e,n/e,n/e,n/e,0,,n/e,n/e,54,,n/e,n/e,n/e,n/e,50,
12:00 - 13:00,57,,n/e,n/e,n/e,n/e,12,,n/e,n/e,n/e,n/e,n/e,n/e,n/e,n/e,n/e,n/e,n/e,n/e,28,,n/e,n/e,n/e,n/e,n/e,n/e,0,,n/e,n/e,44,,n/e,n/e,n/e,n/e,46,
13:00 - 14:00,56,,n/e,n/e,n/e,n/e,12,,n/e,n/e,n/e,n/e,n/e,n/e,n/e,n/e,n/e,n/e,n/e,n/e,97,,n/e,n/e,n/e,n/e,n/e,n/e,0,,n/e,n/e,24,,n/e,n/e,n/e,n/e,44,
14:00 - 15:00,56,,n/e,n/e,n/e,n/e,12,,n/e,n/e,n/e,n/e,n/e,n/e,n/e,n/e,n/e,n/e,n/e,n/e,150,,n/e,n/e,n/e,n/e,n/e,n/e,0,,n/e,n/e,4,,n/e,n/e,n/e,n/e,44,
15:00 - 16:00,56,,n/e,n/e,n/e,n/e,16,,n/e,n/e,n/e,n/e,n/e,n/e,n/e,n/e,n/e,n/e,n/e,n/e,266,,n/e,n/e,n/e,n/e,n/e,n/e,0,,n/e,n/e,0,,n/e,n/e,n/e,n/e,37,
16:00 - 17:00,57,,n/e,n/e,n/e,n/e,16,,n/e,n/e,n/e,n/e,n/e,n/e,n/e,n/e,n/e,n/e,n/e,n/e,351,,n/e,n/e,n/e,n/e,n/e,n/e,0,,n/e,n/e,0,,n/e,n/e,n/e,n/e,34,
17:00 - 18:00,57,,n/e,n/e,n/e,n/e,16,,n/e,n/e,n/e,n/e,n/e,n/e,n/e,n/e,n/e,n/e,n/e,n/e,305,,n/e,n/e,n/e,n/e,n/e,n/e,0,,n/e,n/e,0,,n/e,n/e,n/e,n/e,25,
18:00 - 19:00,55,,n/e,n/e,n/e,n/e,12,,n/e,n/e,n/e,n/e,n/e,n/e,n/e,n/e,n/e,n/e,n/e,n/e,272,,n/e,n/e,n/e,n/e,n/e,n/e,0,,n/e,n/e,0,,n/e,n/e,n/e,n/e,27,
19:00 - 20:00,52,,n/e,n/e,n/e,n/e,9,,n/e,n/e,n/e,n/e,n/e,n/e,n/e,n/e,n/e,n/e,n/e,n/e,13,,n/e,n/e,n/e,n/e,n/e,n/e,0,,n/e,n/e,0,,n/e,n/e,n/e,n/e,27,
20:00 - 21:00,49,,n/e,n/e,n/e,n/e,6,,n/e,n/e,n/e,n/e,n/e,n/e,n/e,n/e,n/e,n/e,n/e,n/e,2,,n/e,n/e,n/e,n/e,n/e,n/e,0,,n/e,n/e,0,,n/e,n/e,n/e,n/e,25,
21:00 - 22:00,47,,n/e,n/e,n/e,n/e,6,,n/e,n/e,n/e,n/e,n/e,n/e,n/e,n/e,n/e,n/e,n/e,n/e,2,,n/e,n/e,n/e,n/e,n/e,n/e,0,,n/e,n/e,0,,n/e,n/e,n/e,n/e,24,
22:00 - 23:00,49,,n/e,n/e,n/e,n/e,8,,n/e,n/e,n/e,n/e,n/e,n/e,n/e,n/e,n/e,n/e,n/e,n/e,2,,n/e,n/e,n/e,n/e,n/e,n/e,0,,n/e,n/e,0,,n/e,n/e,n/e,n/e,27,
23:00 - 00:00,47,,n/e,n/e,n/e,n/e,8,,n/e,n/e,n/e,n/e,n/e,n/e,n/e,n/e,n/e,n/e,n/e,n/e,1,,n/e,n/e,n/e,n/e,n/e,n/e,0,,n/e,n/e,0,,n/e,n/e,n/e,n/e,20,
00:00 - 01:00,46,,n/e,n/e,n/e,n/e,9,,n/e,n/e,n/e,n/e,n/e,n/e,n/e,n/e,n/e,n/e,n/e,n/e,1,,n/e,n/e,n/e,n/e,n/e,n/e,0,,n/e,n/e,0,,n/e,n/e,n/e,n/e,24,
01:00 - 02:00,47,,n/e,n/e,n/e,n/e,10,,n/e,n/e,n/e,n/e,n/e,n/e,n/e,n/e,n/e,n/e,n/e,n/e,1,,n/e,n/e,n/e,n/e,n/e,n/e,0,,n/e,n/e,0,,n/e,n/e,n/e,n/e,21,
02:00 - 03:00,50,,n/e,n/e,n/e,n/e,10,,n/e,n/e,n/e,n/e,n/e,n/e,n/e,n/e,n/e,n/e,n/e,n/e,3,,n/e,n/e,n/e,n/e,n/e,n/e,0,,n/e,n/e,0,,n/e,n/e,n/e,n/e,17,
03:00 - 04:00,54,,n/e,n/e,n/e,n/e,12,,n/e,n/e,n/e,n/e,n/e,n/e,n/e,n/e,n/e,n/e,n/e,n/e,78,,n/e,n/e,n/e,n/e,n/e,n/e,0,,n/e,n/e,0,,n/e,n/e,n/e,n/e,16,
04:00 - 05:00,54,,n/e,n/e,n/e,n/e,14,,n/e,n/e,n/e,n/e,n/e,n/e,n/e,n/e,n/e,n/e,n/e,n/e,313,,n/e,n/e,n/e,n/e,n/e,n/e,0,,n/e,n/e,0,,n/e,n/e,n/e,n/e,17,
05:00 - 06:00,58,,n/e,n/e,n/e,n/e,16,,n/e,n/e,n/e,n/e,n/e,n/e,n/e,n/e,n/e,n/e,n/e,n/e,345,,n/e,n/e,n/e,n/e,n/e,n/e,0,,n/e,n/e,2,,n/e,n/e,n/e,n/e,17,
06:00 - 07:00,58,,n/e,n/e,n/e,n/e,17,,n/e,n/e,n/e,n/e,n/e,n/e,n/e,n/e,n/e,n/e,n/e,n/e,351,,n/e,n/e,n/e,n/e,n/e,n/e,0,,n/e,n/e,15,,n/e,n/e,n/e,n/e,20,
07:00 - 08:00,59,,n/e,n/e,n/e,n/e,15,,n/e,n/e,n/e,n/e,n/e,n/e,n/e,n/e,n/e,n/e,n/e,n/e,351,,n/e,n/e,n/e,n/e,n/e,n/e,0,,n/e,n/e,46,,n/e,n/e,n/e,n/e,25,
08:00 - 09:00,56,,n/e,n/e,n/e,n/e,15,,n/e,n/e,n/e,n/e,n/e,n/e,n/e,n/e,n/e,n/e,n/e,n/e,232,,n/e,n/e,n/e,n/e,n/e,n/e,0,,n/e,n/e,94,,n/e,n/e,n/e,n/e,24,
09:00 - 10:00,56,,n/e,n/e,n/e,n/e,11,,n/e,n/e,n/e,n/e,n/e,n/e,n/e,n/e,n/e,n/e,n/e,n/e,35,,n/e,n/e,n/e,n/e,n/e,n/e,0,,n/e,n/e,120,,n/e,n/e,n/e,n/e,31,
10:00 - 11:00,50,,n/e,n/e,n/e,n/e,11,,n/e,n/e,n/e,n/e,n/e,n/e,n/e,n/e,n/e,n/e,n/e,n/e,19,,n/e,n/e,n/e,n/e,n/e,n/e,0,,n/e,n/e,127,,n/e,n/e,n/e,n/e,30,
11:00 - 12:00,47,,n/e,n/e,n/e,n/e,11,,n/e,n/e,n/e,n/e,n/e,n/e,n/e,n/e,n/e,n/e,n/e,n/e,17,,n/e,n/e,n/e,n/e,n/e,n/e,0,,n/e,n/e,120,,n/e,n/e,n/e,n/e,31,
12:00 - 13:00,49,,n/e,n/e,n/e,n/e,10,,n/e,n/e,n/e,n/e,n/e,n/e,n/e,n/e,n/e,n/e,n/e,n/e,100,,n/e,n/e,n/e,n/e,n/e,n/e,0,,n/e,n/e,92,,n/e,n/e,n/e,n/e,32,
13:00 - 14:00,55,,n/e,n/e,n/e,n/e,11,,n/e,n/e,n/e,n/e,n/e,n/e,n/e,n/e,n/e,n/e,n/e,n/e,130,,n/e,n/e,n/e,n/e,n/e,n/e,0,,n/e,n/e,44,,n/e,n/e,n/e,n/e,39,
14:00 - 15:00,57,,n/e,n/e,n/e,n/e,15,,n/e,n/e,n/e,n/e,n/e,n/e,n/e,n/e,n/e,n/e,n/e,n/e,136,,n/e,n/e,n/e,n/e,n/e,n/e,0,,n/e,n/e,8,,n/e,n/e,n/e,n/e,27,
15:00 - 16:00,56,,n/e,n/e,n/e,n/e,18,,n/e,n/e,n/e,n/e,n/e,n/e,n/e,n/e,n/e,n/e,n/e,n/e,144,,n/e,n/e,n/e,n/e,n/e,n/e,0,,n/e,n/e,0,,n/e,n/e,n/e,n/e,25,
16:00 - 17:00,56,,n/e,n/e,n/e,n/e,17,,n/e,n/e,n/e,n/e,n/e,n/e,n/e,n/e,n/e,n/e,n/e,n/e,169,,n/e,n/e,n/e,n/e,n/e,n/e,0,,n/e,n/e,0,,n/e,n/e,n/e,n/e,28,
17:00 - 18:00,56,,n/e,n/e,n/e,n/e,17,,n/e,n/e,n/e,n/e,n/e,n/e,n/e,n/e,n/e,n/e,n/e,n/e,150,,n/e,n/e,n/e,n/e,n/e,n/e,0,,n/e,n/e,0,,n/e,n/e,n/e,n/e,29,
18:00 - 19:00,54,,n/e,n/e,n/e,n/e,13,,n/e,n/e,n/e,n/e,n/e,n/e,n/e,n/e,n/e,n/e,n/e,n/e,146,,n/e,n/e,n/e,n/e,n/e,n/e,0,,n/e,n/e,0,,n/e,n/e,n/e,n/e,33,
19:00 - 20:00,53,,n/e,n/e,n/e,n/e,10,,n/e,n/e,n/e,n/e,n/e,n/e,n/e,n/e,n/e,n/e,n/e,n/e,10,,n/e,n/e,n/e,n/e,n/e,n/e,0,,n/e,n/e,0,,n/e,n/e,n/e,n/e,26,
20:00 - 21:00,52,,n/e,n/e,n/e,n/e,8,,n/e,n/e,n/e,n/e,n/e,n/e,n/e,n/e,n/e,n/e,n/e,n/e,16,,n/e,n/e,n/e,n/e,n/e,n/e,0,,n/e,n/e,0,,n/e,n/e,n/e,n/e,18,
21:00 - 22:00,49,,n/e,n/e,n/e,n/e,8,,n/e,n/e,n/e,n/e,n/e,n/e,n/e,n/e,n/e,n/e,n/e,n/e,2,,n/e,n/e,n/e,n/e,n/e,n/e,0,,n/e,n/e,0,,n/e,n/e,n/e,n/e,14,
22:00 - 23:00,51,,n/e,n/e,n/e,n/e,9,,n/e,n/e,n/e,n/e,n/e,n/e,n/e,n/e,n/e,n/e,n/e,n/e,2,,n/e,n/e,n/e,n/e,n/e,n/e,0,,n/e,n/e,0,,n/e,n/e,n/e,n/e,11,
23:00 - 00:00,50,,n/e,n/e,n/e,n/e,9,,n/e,n/e,n/e,n/e,n/e,n/e,n/e,n/e,n/e,n/e,n/e,n/e,1,,n/e,n/e,n/e,n/e,n/e,n/e,0,,n/e,n/e,0,,n/e,n/e,n/e,n/e,8,
00:00 - 01:00,50,,n/e,n/e,n/e,n/e,9,,n/e,n/e,n/e,n/e,n/e,n/e,n/e,n/e,n/e,n/e,n/e,n/e,2,,n/e,n/e,n/e,n/e,n/e,n/e,0,,n/e,n/e,0,,n/e,n/e,n/e,n/e,10,
01:00 - 02:00,50,,n/e,n/e,n/e,n/e,9,,n/e,n/e,n/e,n/e,n/e,n/e,n/e,n/e,n/e,n/e,n/e,n/e,1,,n/e,n/e,n/e,n/e,n/e,n/e,0,,n/e,n/e,0,,n/e,n/e,n/e,n/e,14,
02:00 - 03:00,53,,n/e,n/e,n/e,n/e,9,,n/e,n/e,n/e,n/e,n/e,n/e,n/e,n/e,n/e,n/e,n/e,n/e,1,,n/e,n/e,n/e,n/e,n/e,n/e,0,,n/e,n/e,0,,n/e,n/e,n/e,n/e,11,
03:00 - 04:00,54,,n/e,n/e,n/e,n/e,9,,n/e,n/e,n/e,n/e,n/e,n/e,n/e,n/e,n/e,n/e,n/e,n/e,3,,n/e,n/e,n/e,n/e,n/e,n/e,0,,n/e,n/e,0,,n/e,n/e,n/e,n/e,11,
04:00 - 05:00,55,,n/e,n/e,n/e,n/e,9,,n/e,n/e,n/e,n/e,n/e,n/e,n/e,n/e,n/e,n/e,n/e,n/e,178,,n/e,n/e,n/e,n/e,n/e,n/e,0,,n/e,n/e,0,,n/e,n/e,n/e,n/e,11,
05:00 - 06:00,57,,n/e,n/e,n/e,n/e,9,,n/e,n/e,n/e,n/e,n/e,n/e,n/e,n/e,n/e,n/e,n/e,n/e,182,,n/e,n/e,n/e,n/e,n/e,n/e,0,,n/e,n/e,2,,n/e,n/e,n/e,n/e,10,
06:00 - 07:00,57,,n/e,n/e,n/e,n/e,10,,n/e,n/e,n/e,n/e,n/e,n/e,n/e,n/e,n/e,n/e,n/e,n/e,182,,n/e,n/e,n/e,n/e,n/e,n/e,0,,n/e,n/e,13,,n/e,n/e,n/e,n/e,11,
07:00 - 08:00,56,,n/e,n/e,n/e,n/e,6,,n/e,n/e,n/e,n/e,n/e,n/e,n/e,n/e,n/e,n/e,n/e,n/e,14,,n/e,n/e,n/e,n/e,n/e,n/e,0,,n/e,n/e,23,,n/e,n/e,n/e,n/e,10,
08:00 - 09:00,53,,n/e,n/e,n/e,n/e,5,,n/e,n/e,n/e,n/e,n/e,n/e,n/e,n/e,n/e,n/e,n/e,n/e,9,,n/e,n/e,n/e,n/e,n/e,n/e,0,,n/e,n/e,29,,n/e,n/e,n/e,n/e,10,
09:00 - 10:00,48,,n/e,n/e,n/e,n/e,4,,n/e,n/e,n/e,n/e,n/e,n/e,n/e,n/e,n/e,n/e,n/e,n/e,14,,n/e,n/e,n/e,n/e,n/e,n/e,0,,n/e,n/e,36,,n/e,n/e,n/e,n/e,7,
10:00 - 11:00,46,,n/e,n/e,n/e,n/e,4,,n/e,n/e,n/e,n/e,n/e,n/e,n/e,n/e,n/e,n/e,n/e,n/e,10,,n/e,n/e,n/e,n/e,n/e,n/e,0,,n/e,n/e,30,,n/e,n/e,n/e,n/e,11,
11:00 - 12:00,46,,n/e,n/e,n/e,n/e,4,,n/e,n/e,n/e,n/e,n/e,n/e,n/e,n/e,n/e,n/e,n/e,n/e,19,,n/e,n/e,n/e,n/e,n/e,n/e,0,,n/e,n/e,22,,n/e,n/e,n/e,n/e,9,
12:00 - 13:00,49,,n/e,n/e,n/e,n/e,5,,n/e,n/e,n/e,n/e,n/e,n/e,n/e,n/e,n/e,n/e,n/e,n/e,52,,n/e,n/e,n/e,n/e,n/e,n/e,0,,n/e,n/e,13,,n/e,n/e,n/e,n/e,4,
13:00 - 14:00,57,,n/e,n/e,n/e,n/e,6,,n/e,n/e,n/e,n/e,n/e,n/e,n/e,n/e,n/e,n/e,n/e,n/e,141,,n/e,n/e,n/e,n/e,n/e,n/e,0,,n/e,n/e,6,,n/e,n/e,n/e,n/e,4,
14:00 - 15:00,58,,n/e,n/e,n/e,n/e,12,,n/e,n/e,n/e,n/e,n/e,n/e,n/e,n/e,n/e,n/e,n/e,n/e,190,,n/e,n/e,n/e,n/e,n/e,n/e,0,,n/e,n/e,1,,n/e,n/e,n/e,n/e,2,
15:00 - 16:00,57,,n/e,n/e,n/e,n/e,12,,n/e,n/e,n/e,n/e,n/e,n/e,n/e,n/e,n/e,n/e,n/e,n/e,351,,n/e,n/e,n/e,n/e,n/e,n/e,0,,n/e,n/e,0,,n/e,n/e,n/e,n/e,1,
16:00 - 17:00,57,,n/e,n/e,n/e,n/e,13,,n/e,n/e,n/e,n/e,n/e,n/e,n/e,n/e,n/e,n/e,n/e,n/e,304,,n/e,n/e,n/e,n/e,n/e,n/e,0,,n/e,n/e,0,,n/e,n/e,n/e,n/e,1,
17:00 - 18:00,58,,n/e,n/e,n/e,n/e,13,,n/e,n/e,n/e,n/e,n/e,n/e,n/e,n/e,n/e,n/e,n/e,n/e,295,,n/e,n/e,n/e,n/e,n/e,n/e,0,,n/e,n/e,0,,n/e,n/e,n/e,n/e,2,
18:00 - 19:00,59,,n/e,n/e,n/e,n/e,11,,n/e,n/e,n/e,n/e,n/e,n/e,n/e,n/e,n/e,n/e,n/e,n/e,283,,n/e,n/e,n/e,n/e,n/e,n/e,0,,n/e,n/e,0,,n/e,n/e,n/e,n/e,1,
19:00 - 20:00,58,,n/e,n/e,n/e,n/e,11,,n/e,n/e,n/e,n/e,n/e,n/e,n/e,n/e,n/e,n/e,n/e,n/e,108,,n/e,n/e,n/e,n/e,n/e,n/e,0,,n/e,n/e,0,,n/e,n/e,n/e,n/e,1,
20:00 - 21:00,55,,n/e,n/e,n/e,n/e,11,,n/e,n/e,n/e,n/e,n/e,n/e,n/e,n/e,n/e,n/e,n/e,n/e,33,,n/e,n/e,n/e,n/e,n/e,n/e,0,,n/e,n/e,0,,n/e,n/e,n/e,n/e,0,
21:00 - 22:00,54,,n/e,n/e,n/e,n/e,10,,n/e,n/e,n/e,n/e,n/e,n/e,n/e,n/e,n/e,n/e,n/e,n/e,72,,n/e,n/e,n/e,n/e,n/e,n/e,0,,n/e,n/e,0,,n/e,n/e,n/e,n/e,1,
22:00 - 23:00,51,,n/e,n/e,n/e,n/e,9,,n/e,n/e,n/e,n/e,n/e,n/e,n/e,n/e,n/e,n/e,n/e,n/e,37,,n/e,n/e,n/e,n/e,n/e,n/e,0,,n/e,n/e,0,,n/e,n/e,n/e,n/e,3,
23:00 - 00:00,51,,n/e,n/e,n/e,n/e,7,,n/e,n/e,n/e,n/e,n/e,n/e,n/e,n/e,n/e,n/e,n/e,n/e,37,,n/e,n/e,n/e,n/e,n/e,n/e,0,,n/e,n/e,0,,n/e,n/e,n/e,n/e,4,
00:00 - 01:00,52,,n/e,n/e,n/e,n/e,8,,n/e,n/e,n/e,n/e,n/e,n/e,n/e,n/e,n/e,n/e,n/e,n/e,37,,n/e,n/e,n/e,n/e,n/e,n/e,0,,n/e,n/e,0,,n/e,n/e,n/e,n/e,1,
01:00 - 02:00,52,,n/e,n/e,n/e,n/e,7,,n/e,n/e,n/e,n/e,n/e,n/e,n/e,n/e,n/e,n/e,n/e,n/e,37,,n/e,n/e,n/e,n/e,n/e,n/e,0,,n/e,n/e,0,,n/e,n/e,n/e,n/e,0,
02:00 - 03:00,52,,n/e,n/e,n/e,n/e,9,,n/e,n/e,n/e,n/e,n/e,n/e,n/e,n/e,n/e,n/e,n/e,n/e,86,,n/e,n/e,n/e,n/e,n/e,n/e,0,,n/e,n/e,0,,n/e,n/e,n/e,n/e,2,
03:00 - 04:00,55,,n/e,n/e,n/e,n/e,9,,n/e,n/e,n/e,n/e,n/e,n/e,n/e,n/e,n/e,n/e,n/e,n/e,90,,n/e,n/e,n/e,n/e,n/e,n/e,0,,n/e,n/e,0,,n/e,n/e,n/e,n/e,2,
04:00 - 05:00,57,,n/e,n/e,n/e,n/e,10,,n/e,n/e,n/e,n/e,n/e,n/e,n/e,n/e,n/e,n/e,n/e,n/e,247,,n/e,n/e,n/e,n/e,n/e,n/e,0,,n/e,n/e,0,,n/e,n/e,n/e,n/e,3,
05:00 - 06:00,61,,n/e,n/e,n/e,n/e,15,,n/e,n/e,n/e,n/e,n/e,n/e,n/e,n/e,n/e,n/e,n/e,n/e,326,,n/e,n/e,n/e,n/e,n/e,n/e,0,,n/e,n/e,0,,n/e,n/e,n/e,n/e,5,
06:00 - 07:00,62,,n/e,n/e,n/e,n/e,15,,n/e,n/e,n/e,n/e,n/e,n/e,n/e,n/e,n/e,n/e,n/e,n/e,349,,n/e,n/e,n/e,n/e,n/e,n/e,0,,n/e,n/e,5,,n/e,n/e,n/e,n/e,5,
07:00 - 08:00,62,,n/e,n/e,n/e,n/e,15,,n/e,n/e,n/e,n/e,n/e,n/e,n/e,n/e,n/e,n/e,n/e,n/e,369,,n/e,n/e,n/e,n/e,n/e,n/e,0,,n/e,n/e,14,,n/e,n/e,n/e,n/e,5,
08:00 - 09:00,59,,n/e,n/e,n/e,n/e,9,,n/e,n/e,n/e,n/e,n/e,n/e,n/e,n/e,n/e,n/e,n/e,n/e,272,,n/e,n/e,n/e,n/e,n/e,n/e,0,,n/e,n/e,23,,n/e,n/e,n/e,n/e,4,
09:00 - 10:00,53,,n/e,n/e,n/e,n/e,9,,n/e,n/e,n/e,n/e,n/e,n/e,n/e,n/e,n/e,n/e,n/e,n/e,189,,n/e,n/e,n/e,n/e,n/e,n/e,0,,n/e,n/e,33,,n/e,n/e,n/e,n/e,9,
10:00 - 11:00,52,,n/e,n/e,n/e,n/e,9,,n/e,n/e,n/e,n/e,n/e,n/e,n/e,n/e,n/e,n/e,n/e,n/e,184,,n/e,n/e,n/e,n/e,n/e,n/e,0,,n/e,n/e,35,,n/e,n/e,n/e,n/e,15,
11:00 - 12:00,54,,n/e,n/e,n/e,n/e,10,,n/e,n/e,n/e,n/e,n/e,n/e,n/e,n/e,n/e,n/e,n/e,n/e,105,,n/e,n/e,n/e,n/e,n/e,n/e,0,,n/e,n/e,32,,n/e,n/e,n/e,n/e,16,
12:00 - 13:00,59,,n/e,n/e,n/e,n/e,16,,n/e,n/e,n/e,n/e,n/e,n/e,n/e,n/e,n/e,n/e,n/e,n/e,148,,n/e,n/e,n/e,n/e,n/e,n/e,0,,n/e,n/e,22,,n/e,n/e,n/e,n/e,15,
13:00 - 14:00,61,,n/e,n/e,n/e,n/e,16,,n/e,n/e,n/e,n/e,n/e,n/e,n/e,n/e,n/e,n/e,n/e,n/e,240,,n/e,n/e,n/e,n/e,n/e,n/e,0,,n/e,n/e,9,,n/e,n/e,n/e,n/e,14,
14:00 - 15:00,60,,n/e,n/e,n/e,n/e,16,,n/e,n/e,n/e,n/e,n/e,n/e,n/e,n/e,n/e,n/e,n/e,n/e,185,,n/e,n/e,n/e,n/e,n/e,n/e,0,,n/e,n/e,1,,n/e,n/e,n/e,n/e,22,
15:00 - 16:00,59,,n/e,n/e,n/e,n/e,16,,n/e,n/e,n/e,n/e,n/e,n/e,n/e,n/e,n/e,n/e,n/e,n/e,149,,n/e,n/e,n/e,n/e,n/e,n/e,0,,n/e,n/e,0,,n/e,n/e,n/e,n/e,25,
16:00 - 17:00,58,,n/e,n/e,n/e,n/e,15,,n/e,n/e,n/e,n/e,n/e,n/e,n/e,n/e,n/e,n/e,n/e,n/e,8,,n/e,n/e,n/e,n/e,n/e,n/e,0,,n/e,n/e,0,,n/e,n/e,n/e,n/e,35,
17:00 - 18:00,58,,n/e,n/e,n/e,n/e,15,,n/e,n/e,n/e,n/e,n/e,n/e,n/e,n/e,n/e,n/e,n/e,n/e,11,,n/e,n/e,n/e,n/e,n/e,n/e,0,,n/e,n/e,0,,n/e,n/e,n/e,n/e,45,
18:00 - 19:00,58,,n/e,n/e,n/e,n/e,9,,n/e,n/e,n/e,n/e,n/e,n/e,n/e,n/e,n/e,n/e,n/e,n/e,2,,n/e,n/e,n/e,n/e,n/e,n/e,0,,n/e,n/e,0,,n/e,n/e,n/e,n/e,53,
19:00 - 20:00,56,,n/e,n/e,n/e,n/e,10,,n/e,n/e,n/e,n/e,n/e,n/e,n/e,n/e,n/e,n/e,n/e,n/e,6,,n/e,n/e,n/e,n/e,n/e,n/e,0,,n/e,n/e,0,,n/e,n/e,n/e,n/e,72,
20:00 - 21:00,55,,n/e,n/e,n/e,n/e,8,,n/e,n/e,n/e,n/e,n/e,n/e,n/e,n/e,n/e,n/e,n/e,n/e,2,,n/e,n/e,n/e,n/e,n/e,n/e,0,,n/e,n/e,0,,n/e,n/e,n/e,n/e,83,
21:00 - 22:00,54,,n/e,n/e,n/e,n/e,8,,n/e,n/e,n/e,n/e,n/e,n/e,n/e,n/e,n/e,n/e,n/e,n/e,1,,n/e,n/e,n/e,n/e,n/e,n/e,0,,n/e,n/e,0,,n/e,n/e,n/e,n/e,98,
22:00 - 23:00,49,,n/e,n/e,n/e,n/e,2,,n/e,n/e,n/e,n/e,n/e,n/e,n/e,n/e,n/e,n/e,n/e,n/e,1,,n/e,n/e,n/e,n/e,n/e,n/e,0,,n/e,n/e,0,,n/e,n/e,n/e,n/e,97,
23:00 - 00:00,50,,n/e,n/e,n/e,n/e,16,,n/e,n/e,n/e,n/e,n/e,n/e,n/e,n/e,n/e,n/e,n/e,n/e,10,,n/e,n/e,n/e,n/e,n/e,n/e,0,,n/e,n/e,0,,n/e,n/e,n/e,n/e,84,
00:00 - 01:00,51,,n/e,n/e,n/e,n/e,44,,n/e,n/e,n/e,n/e,n/e,n/e,n/e,n/e,n/e,n/e,n/e,n/e,6,,n/e,n/e,n/e,n/e,n/e,n/e,0,,n/e,n/e,0,,n/e,n/e,n/e,n/e,68,
01:00 - 02:00,49,,n/e,n/e,n/e,n/e,53,,n/e,n/e,n/e,n/e,n/e,n/e,n/e,n/e,n/e,n/e,n/e,n/e,2,,n/e,n/e,n/e,n/e,n/e,n/e,0,,n/e,n/e,0,,n/e,n/e,n/e,n/e,67,
02:00 - 03:00,51,,n/e,n/e,n/e,n/e,55,,n/e,n/e,n/e,n/e,n/e,n/e,n/e,n/e,n/e,n/e,n/e,n/e,1,,n/e,n/e,n/e,n/e,n/e,n/e,0,,n/e,n/e,0,,n/e,n/e,n/e,n/e,50,
03:00 - 04:00,54,,n/e,n/e,n/e,n/e,55,,n/e,n/e,n/e,n/e,n/e,n/e,n/e,n/e,n/e,n/e,n/e,n/e,1,,n/e,n/e,n/e,n/e,n/e,n/e,0,,n/e,n/e,0,,n/e,n/e,n/e,n/e,44,
04:00 - 05:00,56,,n/e,n/e,n/e,n/e,59,,n/e,n/e,n/e,n/e,n/e,n/e,n/e,n/e,n/e,n/e,n/e,n/e,6,,n/e,n/e,n/e,n/e,n/e,n/e,0,,n/e,n/e,0,,n/e,n/e,n/e,n/e,45,
05:00 - 06:00,58,,n/e,n/e,n/e,n/e,60,,n/e,n/e,n/e,n/e,n/e,n/e,n/e,n/e,n/e,n/e,n/e,n/e,149,,n/e,n/e,n/e,n/e,n/e,n/e,0,,n/e,n/e,4,,n/e,n/e,n/e,n/e,46,
06:00 - 07:00,60,,n/e,n/e,n/e,n/e,61,,n/e,n/e,n/e,n/e,n/e,n/e,n/e,n/e,n/e,n/e,n/e,n/e,133,,n/e,n/e,n/e,n/e,n/e,n/e,0,,n/e,n/e,40,,n/e,n/e,n/e,n/e,57,
07:00 - 08:00,61,,n/e,n/e,n/e,n/e,60,,n/e,n/e,n/e,n/e,n/e,n/e,n/e,n/e,n/e,n/e,n/e,n/e,153,,n/e,n/e,n/e,n/e,n/e,n/e,0,,n/e,n/e,105,,n/e,n/e,n/e,n/e,66,
08:00 - 09:00,60,,n/e,n/e,n/e,n/e,60,,n/e,n/e,n/e,n/e,n/e,n/e,n/e,n/e,n/e,n/e,n/e,n/e,2,,n/e,n/e,n/e,n/e,n/e,n/e,0,,n/e,n/e,150,,n/e,n/e,n/e,n/e,73,
09:00 - 10:00,59,,n/e,n/e,n/e,n/e,60,,n/e,n/e,n/e,n/e,n/e,n/e,n/e,n/e,n/e,n/e,n/e,n/e,2,,n/e,n/e,n/e,n/e,n/e,n/e,0,,n/e,n/e,162,,n/e,n/e,n/e,n/e,70,
10:00 - 11:00,57,,n/e,n/e,n/e,n/e,60,,n/e,n/e,n/e,n/e,n/e,n/e,n/e,n/e,n/e,n/e,n/e,n/e,2,,n/e,n/e,n/e,n/e,n/e,n/e,0,,n/e,n/e,177,,n/e,n/e,n/e,n/e,74,
11:00 - 12:00,56,,n/e,n/e,n/e,n/e,60,,n/e,n/e,n/e,n/e,n/e,n/e,n/e,n/e,n/e,n/e,n/e,n/e,5,,n/e,n/e,n/e,n/e,n/e,n/e,0,,n/e,n/e,131,,n/e,n/e,n/e,n/e,83,
12:00 - 13:00,56,,n/e,n/e,n/e,n/e,59,,n/e,n/e,n/e,n/e,n/e,n/e,n/e,n/e,n/e,n/e,n/e,n/e,92,,n/e,n/e,n/e,n/e,n/e,n/e,0,,n/e,n/e,74,,n/e,n/e,n/e,n/e,79,
13:00 - 14:00,56,,n/e,n/e,n/e,n/e,59,,n/e,n/e,n/e,n/e,n/e,n/e,n/e,n/e,n/e,n/e,n/e,n/e,125,,n/e,n/e,n/e,n/e,n/e,n/e,0,,n/e,n/e,24,,n/e,n/e,n/e,n/e,87,
14:00 - 15:00,58,,n/e,n/e,n/e,n/e,61,,n/e,n/e,n/e,n/e,n/e,n/e,n/e,n/e,n/e,n/e,n/e,n/e,209,,n/e,n/e,n/e,n/e,n/e,n/e,0,,n/e,n/e,2,,n/e,n/e,n/e,n/e,86,
15:00 - 16:00,60,,n/e,n/e,n/e,n/e,64,,n/e,n/e,n/e,n/e,n/e,n/e,n/e,n/e,n/e,n/e,n/e,n/e,383,,n/e,n/e,n/e,n/e,n/e,n/e,0,,n/e,n/e,0,,n/e,n/e,n/e,n/e,83,
16:00 - 17:00,59,,n/e,n/e,n/e,n/e,64,,n/e,n/e,n/e,n/e,n/e,n/e,n/e,n/e,n/e,n/e,n/e,n/e,339,,n/e,n/e,n/e,n/e,n/e,n/e,0,,n/e,n/e,0,,n/e,n/e,n/e,n/e,79,
17:00 - 18:00,58,,n/e,n/e,n/e,n/e,64,,n/e,n/e,n/e,n/e,n/e,n/e,n/e,n/e,n/e,n/e,n/e,n/e,307,,n/e,n/e,n/e,n/e,n/e,n/e,0,,n/e,n/e,0,,n/e,n/e,n/e,n/e,62,
18:00 - 19:00,56,,n/e,n/e,n/e,n/e,59,,n/e,n/e,n/e,n/e,n/e,n/e,n/e,n/e,n/e,n/e,n/e,n/e,282,,n/e,n/e,n/e,n/e,n/e,n/e,0,,n/e,n/e,0,,n/e,n/e,n/e,n/e,59,
19:00 - 20:00,56,,n/e,n/e,n/e,n/e,81,,n/e,n/e,n/e,n/e,n/e,n/e,n/e,n/e,n/e,n/e,n/e,n/e,101,,n/e,n/e,n/e,n/e,n/e,n/e,0,,n/e,n/e,0,,n/e,n/e,n/e,n/e,47,
20:00 - 21:00,53,,n/e,n/e,n/e,n/e,86,,n/e,n/e,n/e,n/e,n/e,n/e,n/e,n/e,n/e,n/e,n/e,n/e,7,,n/e,n/e,n/e,n/e,n/e,n/e,0,,n/e,n/e,0,,n/e,n/e,n/e,n/e,46,
21:00 - 22:00,52,,n/e,n/e,n/e,n/e,85,,n/e,n/e,n/e,n/e,n/e,n/e,n/e,n/e,n/e,n/e,n/e,n/e,2,,n/e,n/e,n/e,n/e,n/e,n/e,0,,n/e,n/e,0,,n/e,n/e,n/e,n/e,35,
22:00 - 23:00,51,,n/e,n/e,n/e,n/e,153,,n/e,n/e,n/e,n/e,n/e,n/e,n/e,n/e,n/e,n/e,n/e,n/e,10,,n/e,n/e,n/e,n/e,n/e,n/e,0,,n/e,n/e,0,,n/e,n/e,n/e,n/e,31,
23:00 - 00:00,51,,n/e,n/e,n/e,n/e,203,,n/e,n/e,n/e,n/e,n/e,n/e,n/e,n/e,n/e,n/e,n/e,n/e,1,,n/e,n/e,n/e,n/e,n/e,n/e,0,,n/e,n/e,0,,n/e,n/e,n/e,n/e,22,
00:00 - 01:00,52,,n/e,n/e,n/e,n/e,203,,n/e,n/e,n/e,n/e,n/e,n/e,n/e,n/e,n/e,n/e,n/e,n/e,1,,n/e,n/e,n/e,n/e,n/e,n/e,0,,n/e,n/e,0,,n/e,n/e,n/e,n/e,16,
01:00 - 02:00,50,,n/e,n/e,n/e,n/e,205,,n/e,n/e,n/e,n/e,n/e,n/e,n/e,n/e,n/e,n/e,n/e,n/e,1,,n/e,n/e,n/e,n/e,n/e,n/e,0,,n/e,n/e,0,,n/e,n/e,n/e,n/e,10,
02:00 - 03:00,51,,n/e,n/e,n/e,n/e,205,,n/e,n/e,n/e,n/e,n/e,n/e,n/e,n/e,n/e,n/e,n/e,n/e,1,,n/e,n/e,n/e,n/e,n/e,n/e,0,,n/e,n/e,0,,n/e,n/e,n/e,n/e,6,
03:00 - 04:00,54,,n/e,n/e,n/e,n/e,205,,n/e,n/e,n/e,n/e,n/e,n/e,n/e,n/e,n/e,n/e,n/e,n/e,1,,n/e,n/e,n/e,n/e,n/e,n/e,0,,n/e,n/e,0,,n/e,n/e,n/e,n/e,2,
04:00 - 05:00,58,,n/e,n/e,n/e,n/e,214,,n/e,n/e,n/e,n/e,n/e,n/e,n/e,n/e,n/e,n/e,n/e,n/e,8,,n/e,n/e,n/e,n/e,n/e,n/e,0,,n/e,n/e,0,,n/e,n/e,n/e,n/e,1,
05:00 - 06:00,59,,n/e,n/e,n/e,n/e,281,,n/e,n/e,n/e,n/e,n/e,n/e,n/e,n/e,n/e,n/e,n/e,n/e,117,,n/e,n/e,n/e,n/e,n/e,n/e,0,,n/e,n/e,3,,n/e,n/e,n/e,n/e,1,
06:00 - 07:00,60,,n/e,n/e,n/e,n/e,339,,n/e,n/e,n/e,n/e,n/e,n/e,n/e,n/e,n/e,n/e,n/e,n/e,47,,n/e,n/e,n/e,n/e,n/e,n/e,0,,n/e,n/e,27,,n/e,n/e,n/e,n/e,1,
07:00 - 08:00,60,,n/e,n/e,n/e,n/e,339,,n/e,n/e,n/e,n/e,n/e,n/e,n/e,n/e,n/e,n/e,n/e,n/e,59,,n/e,n/e,n/e,n/e,n/e,n/e,0,,n/e,n/e,67,,n/e,n/e,n/e,n/e,0,
08:00 - 09:00,61,,n/e,n/e,n/e,n/e,339,,n/e,n/e,n/e,n/e,n/e,n/e,n/e,n/e,n/e,n/e,n/e,n/e,22,,n/e,n/e,n/e,n/e,n/e,n/e,0,,n/e,n/e,111,,n/e,n/e,n/e,n/e,0,
09:00 - 10:00,65,,n/e,n/e,n/e,n/e,343,,n/e,n/e,n/e,n/e,n/e,n/e,n/e,n/e,n/e,n/e,n/e,n/e,39,,n/e,n/e,n/e,n/e,n/e,n/e,0,,n/e,n/e,145,,n/e,n/e,n/e,n/e,7,
10:00 - 11:00,64,,n/e,n/e,n/e,n/e,363,,n/e,n/e,n/e,n/e,n/e,n/e,n/e,n/e,n/e,n/e,n/e,n/e,5,,n/e,n/e,n/e,n/e,n/e,n/e,0,,n/e,n/e,135,,n/e,n/e,n/e,n/e,1,
11:00 - 12:00,64,,n/e,n/e,n/e,n/e,364,,n/e,n/e,n/e,n/e,n/e,n/e,n/e,n/e,n/e,n/e,n/e,n/e,94,,n/e,n/e,n/e,n/e,n/e,n/e,0,,n/e,n/e,117,,n/e,n/e,n/e,n/e,0,
12:00 - 13:00,66,,n/e,n/e,n/e,n/e,366,,n/e,n/e,n/e,n/e,n/e,n/e,n/e,n/e,n/e,n/e,n/e,n/e,216,,n/e,n/e,n/e,n/e,n/e,n/e,0,,n/e,n/e,91,,n/e,n/e,n/e,n/e,0,
13:00 - 14:00,66,,n/e,n/e,n/e,n/e,367,,n/e,n/e,n/e,n/e,n/e,n/e,n/e,n/e,n/e,n/e,n/e,n/e,401,,n/e,n/e,n/e,n/e,n/e,n/e,0,,n/e,n/e,42,,n/e,n/e,n/e,n/e,2,
14:00 - 15:00,64,,n/e,n/e,n/e,n/e,351,,n/e,n/e,n/e,n/e,n/e,n/e,n/e,n/e,n/e,n/e,n/e,n/e,373,,n/e,n/e,n/e,n/e,n/e,n/e,0,,n/e,n/e,6,,n/e,n/e,n/e,n/e,4,
15:00 - 16:00,63,,n/e,n/e,n/e,n/e,347,,n/e,n/e,n/e,n/e,n/e,n/e,n/e,n/e,n/e,n/e,n/e,n/e,279,,n/e,n/e,n/e,n/e,n/e,n/e,0,,n/e,n/e,0,,n/e,n/e,n/e,n/e,13,
16:00 - 17:00,62,,n/e,n/e,n/e,n/e,343,,n/e,n/e,n/e,n/e,n/e,n/e,n/e,n/e,n/e,n/e,n/e,n/e,330,,n/e,n/e,n/e,n/e,n/e,n/e,0,,n/e,n/e,0,,n/e,n/e,n/e,n/e,17,
17:00 - 18:00,62,,n/e,n/e,n/e,n/e,287,,n/e,n/e,n/e,n/e,n/e,n/e,n/e,n/e,n/e,n/e,n/e,n/e,360,,n/e,n/e,n/e,n/e,n/e,n/e,0,,n/e,n/e,0,,n/e,n/e,n/e,n/e,32,
18:00 - 19:00,61,,n/e,n/e,n/e,n/e,168,,n/e,n/e,n/e,n/e,n/e,n/e,n/e,n/e,n/e,n/e,n/e,n/e,295,,n/e,n/e,n/e,n/e,n/e,n/e,0,,n/e,n/e,0,,n/e,n/e,n/e,n/e,38,
19:00 - 20:00,58,,n/e,n/e,n/e,n/e,146,,n/e,n/e,n/e,n/e,n/e,n/e,n/e,n/e,n/e,n/e,n/e,n/e,251,,n/e,n/e,n/e,n/e,n/e,n/e,0,,n/e,n/e,0,,n/e,n/e,n/e,n/e,45,
20:00 - 21:00,55,,n/e,n/e,n/e,n/e,11,,n/e,n/e,n/e,n/e,n/e,n/e,n/e,n/e,n/e,n/e,n/e,n/e,247,,n/e,n/e,n/e,n/e,n/e,n/e,0,,n/e,n/e,0,,n/e,n/e,n/e,n/e,73,
21:00 - 22:00,42,,n/e,n/e,n/e,n/e,1,,n/e,n/e,n/e,n/e,n/e,n/e,n/e,n/e,n/e,n/e,n/e,n/e,252,,n/e,n/e,n/e,n/e,n/e,n/e,0,,n/e,n/e,0,,n/e,n/e,n/e,n/e,59,
22:00 - 23:00,40,,n/e,n/e,n/e,n/e,1,,n/e,n/e,n/e,n/e,n/e,n/e,n/e,n/e,n/e,n/e,n/e,n/e,230,,n/e,n/e,n/e,n/e,n/e,n/e,0,,n/e,n/e,0,,n/e,n/e,n/e,n/e,64,
23:00 - 00:00,37,,n/e,n/e,n/e,n/e,1,,n/e,n/e,n/e,n/e,n/e,n/e,n/e,n/e,n/e,n/e,n/e,n/e,9,,n/e,n/e,n/e,n/e,n/e,n/e,0,,n/e,n/e,0,,n/e,n/e,n/e,n/e,69,
00:00 - 01:00,37,,n/e,n/e,n/e,n/e,1,,n/e,n/e,n/e,n/e,n/e,n/e,n/e,n/e,n/e,n/e,n/e,n/e,13,,n/e,n/e,n/e,n/e,n/e,n/e,0,,n/e,n/e,0,,n/e,n/e,n/e,n/e,89,
01:00 - 02:00,34,,n/e,n/e,n/e,n/e,1,,n/e,n/e,n/e,n/e,n/e,n/e,n/e,n/e,n/e,n/e,n/e,n/e,5,,n/e,n/e,n/e,n/e,n/e,n/e,0,,n/e,n/e,0,,n/e,n/e,n/e,n/e,94,
02:00 - 03:00,34,,n/e,n/e,n/e,n/e,1,,n/e,n/e,n/e,n/e,n/e,n/e,n/e,n/e,n/e,n/e,n/e,n/e,1,,n/e,n/e,n/e,n/e,n/e,n/e,0,,n/e,n/e,0,,n/e,n/e,n/e,n/e,93,
03:00 - 04:00,34,,n/e,n/e,n/e,n/e,1,,n/e,n/e,n/e,n/e,n/e,n/e,n/e,n/e,n/e,n/e,n/e,n/e,1,,n/e,n/e,n/e,n/e,n/e,n/e,0,,n/e,n/e,0,,n/e,n/e,n/e,n/e,94,
04:00 - 05:00,33,,n/e,n/e,n/e,n/e,1,,n/e,n/e,n/e,n/e,n/e,n/e,n/e,n/e,n/e,n/e,n/e,n/e,1,,n/e,n/e,n/e,n/e,n/e,n/e,0,,n/e,n/e,0,,n/e,n/e,n/e,n/e,89,
05:00 - 06:00,33,,n/e,n/e,n/e,n/e,1,,n/e,n/e,n/e,n/e,n/e,n/e,n/e,n/e,n/e,n/e,n/e,n/e,22,,n/e,n/e,n/e,n/e,n/e,n/e,0,,n/e,n/e,0,,n/e,n/e,n/e,n/e,90,
06:00 - 07:00,36,,n/e,n/e,n/e,n/e,1,,n/e,n/e,n/e,n/e,n/e,n/e,n/e,n/e,n/e,n/e,n/e,n/e,65,,n/e,n/e,n/e,n/e,n/e,n/e,0,,n/e,n/e,7,,n/e,n/e,n/e,n/e,96,
07:00 - 08:00,38,,n/e,n/e,n/e,n/e,1,,n/e,n/e,n/e,n/e,n/e,n/e,n/e,n/e,n/e,n/e,n/e,n/e,54,,n/e,n/e,n/e,n/e,n/e,n/e,0,,n/e,n/e,22,,n/e,n/e,n/e,n/e,89,
08:00 - 09:00,37,,n/e,n/e,n/e,n/e,1,,n/e,n/e,n/e,n/e,n/e,n/e,n/e,n/e,n/e,n/e,n/e,n/e,51,,n/e,n/e,n/e,n/e,n/e,n/e,0,,n/e,n/e,40,,n/e,n/e,n/e,n/e,93,
09:00 - 10:00,36,,n/e,n/e,n/e,n/e,1,,n/e,n/e,n/e,n/e,n/e,n/e,n/e,n/e,n/e,n/e,n/e,n/e,41,,n/e,n/e,n/e,n/e,n/e,n/e,0,,n/e,n/e,52,,n/e,n/e,n/e,n/e,95,
10:00 - 11:00,35,,n/e,n/e,n/e,n/e,1,,n/e,n/e,n/e,n/e,n/e,n/e,n/e,n/e,n/e,n/e,n/e,n/e,46,,n/e,n/e,n/e,n/e,n/e,n/e,0,,n/e,n/e,56,,n/e,n/e,n/e,n/e,74,
11:00 - 12:00,35,,n/e,n/e,n/e,n/e,1,,n/e,n/e,n/e,n/e,n/e,n/e,n/e,n/e,n/e,n/e,n/e,n/e,69,,n/e,n/e,n/e,n/e,n/e,n/e,0,,n/e,n/e,52,,n/e,n/e,n/e,n/e,78,
12:00 - 13:00,36,,n/e,n/e,n/e,n/e,1,,n/e,n/e,n/e,n/e,n/e,n/e,n/e,n/e,n/e,n/e,n/e,n/e,118,,n/e,n/e,n/e,n/e,n/e,n/e,0,,n/e,n/e,31,,n/e,n/e,n/e,n/e,78,
13:00 - 14:00,36,,n/e,n/e,n/e,n/e,1,,n/e,n/e,n/e,n/e,n/e,n/e,n/e,n/e,n/e,n/e,n/e,n/e,210,,n/e,n/e,n/e,n/e,n/e,n/e,0,,n/e,n/e,14,,n/e,n/e,n/e,n/e,61,
14:00 - 15:00,37,,n/e,n/e,n/e,n/e,1,,n/e,n/e,n/e,n/e,n/e,n/e,n/e,n/e,n/e,n/e,n/e,n/e,204,,n/e,n/e,n/e,n/e,n/e,n/e,0,,n/e,n/e,2,,n/e,n/e,n/e,n/e,56,
15:00 - 16:00,38,,n/e,n/e,n/e,n/e,0,,n/e,n/e,n/e,n/e,n/e,n/e,n/e,n/e,n/e,n/e,n/e,n/e,205,,n/e,n/e,n/e,n/e,n/e,n/e,0,,n/e,n/e,0,,n/e,n/e,n/e,n/e,59,
16:00 - 17:00,38,,n/e,n/e,n/e,n/e,0,,n/e,n/e,n/e,n/e,n/e,n/e,n/e,n/e,n/e,n/e,n/e,n/e,215,,n/e,n/e,n/e,n/e,n/e,n/e,0,,n/e,n/e,0,,n/e,n/e,n/e,n/e,70,
17:00 - 18:00,35,,n/e,n/e,n/e,n/e,0,,n/e,n/e,n/e,n/e,n/e,n/e,n/e,n/e,n/e,n/e,n/e,n/e,218,,n/e,n/e,n/e,n/e,n/e,n/e,0,,n/e,n/e,0,,n/e,n/e,n/e,n/e,59,
18:00 - 19:00,35,,n/e,n/e,n/e,n/e,0,,n/e,n/e,n/e,n/e,n/e,n/e,n/e,n/e,n/e,n/e,n/e,n/e,199,,n/e,n/e,n/e,n/e,n/e,n/e,0,,n/e,n/e,0,,n/e,n/e,n/e,n/e,73,
19:00 - 20:00,34,,n/e,n/e,n/e,n/e,0,,n/e,n/e,n/e,n/e,n/e,n/e,n/e,n/e,n/e,n/e,n/e,n/e,200,,n/e,n/e,n/e,n/e,n/e,n/e,0,,n/e,n/e,0,,n/e,n/e,n/e,n/e,73,
20:00 - 21:00,31,,n/e,n/e,n/e,n/e,0,,n/e,n/e,n/e,n/e,n/e,n/e,n/e,n/e,n/e,n/e,n/e,n/e,13,,n/e,n/e,n/e,n/e,n/e,n/e,0,,n/e,n/e,0,,n/e,n/e,n/e,n/e,76,
21:00 - 22:00,31,,n/e,n/e,n/e,n/e,0,,n/e,n/e,n/e,n/e,n/e,n/e,n/e,n/e,n/e,n/e,n/e,n/e,2,,n/e,n/e,n/e,n/e,n/e,n/e,0,,n/e,n/e,0,,n/e,n/e,n/e,n/e,66,
22:00 - 23:00,33,,n/e,n/e,n/e,n/e,0,,n/e,n/e,n/e,n/e,n/e,n/e,n/e,n/e,n/e,n/e,n/e,n/e,14,,n/e,n/e,n/e,n/e,n/e,n/e,0,,n/e,n/e,0,,n/e,n/e,n/e,n/e,60,
23:00 - 00:00,33,,n/e,n/e,n/e,n/e,0,,n/e,n/e,n/e,n/e,n/e,n/e,n/e,n/e,n/e,n/e,n/e,n/e,1,,n/e,n/e,n/e,n/e,n/e,n/e,0,,n/e,n/e,0,,n/e,n/e,n/e,n/e,50,
00:00 - 01:00,34,,n/e,n/e,n/e,n/e,0,,n/e,n/e,n/e,n/e,n/e,n/e,n/e,n/e,n/e,n/e,n/e,n/e,6,,n/e,n/e,n/e,n/e,n/e,n/e,0,,n/e,n/e,0,,n/e,n/e,n/e,n/e,32,
01:00 - 02:00,37,,n/e,n/e,n/e,n/e,0,,n/e,n/e,n/e,n/e,n/e,n/e,n/e,n/e,n/e,n/e,n/e,n/e,6,,n/e,n/e,n/e,n/e,n/e,n/e,0,,n/e,n/e,0,,n/e,n/e,n/e,n/e,27,
02:00 - 03:00,37,,n/e,n/e,n/e,n/e,0,,n/e,n/e,n/e,n/e,n/e,n/e,n/e,n/e,n/e,n/e,n/e,n/e,5,,n/e,n/e,n/e,n/e,n/e,n/e,0,,n/e,n/e,0,,n/e,n/e,n/e,n/e,13,
03:00 - 04:00,38,,n/e,n/e,n/e,n/e,1,,n/e,n/e,n/e,n/e,n/e,n/e,n/e,n/e,n/e,n/e,n/e,n/e,8,,n/e,n/e,n/e,n/e,n/e,n/e,0,,n/e,n/e,0,,n/e,n/e,n/e,n/e,23,
04:00 - 05:00,47,,n/e,n/e,n/e,n/e,8,,n/e,n/e,n/e,n/e,n/e,n/e,n/e,n/e,n/e,n/e,n/e,n/e,115,,n/e,n/e,n/e,n/e,n/e,n/e,0,,n/e,n/e,0,,n/e,n/e,n/e,n/e,30,
05:00 - 06:00,53,,n/e,n/e,n/e,n/e,10,,n/e,n/e,n/e,n/e,n/e,n/e,n/e,n/e,n/e,n/e,n/e,n/e,284,,n/e,n/e,n/e,n/e,n/e,n/e,0,,n/e,n/e,2,,n/e,n/e,n/e,n/e,31,
06:00 - 07:00,56,,n/e,n/e,n/e,n/e,10,,n/e,n/e,n/e,n/e,n/e,n/e,n/e,n/e,n/e,n/e,n/e,n/e,314,,n/e,n/e,n/e,n/e,n/e,n/e,0,,n/e,n/e,15,,n/e,n/e,n/e,n/e,30,
07:00 - 08:00,58,,n/e,n/e,n/e,n/e,10,,n/e,n/e,n/e,n/e,n/e,n/e,n/e,n/e,n/e,n/e,n/e,n/e,338,,n/e,n/e,n/e,n/e,n/e,n/e,0,,n/e,n/e,39,,n/e,n/e,n/e,n/e,37,
08:00 - 09:00,57,,n/e,n/e,n/e,n/e,4,,n/e,n/e,n/e,n/e,n/e,n/e,n/e,n/e,n/e,n/e,n/e,n/e,260,,n/e,n/e,n/e,n/e,n/e,n/e,0,,n/e,n/e,63,,n/e,n/e,n/e,n/e,36,
09:00 - 10:00,54,,n/e,n/e,n/e,n/e,3,,n/e,n/e,n/e,n/e,n/e,n/e,n/e,n/e,n/e,n/e,n/e,n/e,173,,n/e,n/e,n/e,n/e,n/e,n/e,0,,n/e,n/e,78,,n/e,n/e,n/e,n/e,50,
10:00 - 11:00,53,,n/e,n/e,n/e,n/e,4,,n/e,n/e,n/e,n/e,n/e,n/e,n/e,n/e,n/e,n/e,n/e,n/e,173,,n/e,n/e,n/e,n/e,n/e,n/e,0,,n/e,n/e,83,,n/e,n/e,n/e,n/e,42,
11:00 - 12:00,50,,n/e,n/e,n/e,n/e,4,,n/e,n/e,n/e,n/e,n/e,n/e,n/e,n/e,n/e,n/e,n/e,n/e,155,,n/e,n/e,n/e,n/e,n/e,n/e,0,,n/e,n/e,53,,n/e,n/e,n/e,n/e,56,
12:00 - 13:00,50,,n/e,n/e,n/e,n/e,3,,n/e,n/e,n/e,n/e,n/e,n/e,n/e,n/e,n/e,n/e,n/e,n/e,55,,n/e,n/e,n/e,n/e,n/e,n/e,0,,n/e,n/e,27,,n/e,n/e,n/e,n/e,68,
13:00 - 14:00,51,,n/e,n/e,n/e,n/e,3,,n/e,n/e,n/e,n/e,n/e,n/e,n/e,n/e,n/e,n/e,n/e,n/e,47,,n/e,n/e,n/e,n/e,n/e,n/e,0,,n/e,n/e,10,,n/e,n/e,n/e,n/e,101,
14:00 - 15:00,54,,n/e,n/e,n/e,n/e,3,,n/e,n/e,n/e,n/e,n/e,n/e,n/e,n/e,n/e,n/e,n/e,n/e,25,,n/e,n/e,n/e,n/e,n/e,n/e,0,,n/e,n/e,1,,n/e,n/e,n/e,n/e,103,
15:00 - 16:00,52,,n/e,n/e,n/e,n/e,3,,n/e,n/e,n/e,n/e,n/e,n/e,n/e,n/e,n/e,n/e,n/e,n/e,55,,n/e,n/e,n/e,n/e,n/e,n/e,0,,n/e,n/e,1,,n/e,n/e,n/e,n/e,106,
16:00 - 17:00,49,,n/e,n/e,n/e,n/e,4,,n/e,n/e,n/e,n/e,n/e,n/e,n/e,n/e,n/e,n/e,n/e,n/e,38,,n/e,n/e,n/e,n/e,n/e,n/e,0,,n/e,n/e,1,,n/e,n/e,n/e,n/e,105,
17:00 - 18:00,41,,n/e,n/e,n/e,n/e,0,,n/e,n/e,n/e,n/e,n/e,n/e,n/e,n/e,n/e,n/e,n/e,n/e,3,,n/e,n/e,n/e,n/e,n/e,n/e,0,,n/e,n/e,1,,n/e,n/e,n/e,n/e,109,
18:00 - 19:00,39,,n/e,n/e,n/e,n/e,0,,n/e,n/e,n/e,n/e,n/e,n/e,n/e,n/e,n/e,n/e,n/e,n/e,2,,n/e,n/e,n/e,n/e,n/e,n/e,0,,n/e,n/e,1,,n/e,n/e,n/e,n/e,109,
19:00 - 20:00,35,,n/e,n/e,n/e,n/e,0,,n/e,n/e,n/e,n/e,n/e,n/e,n/e,n/e,n/e,n/e,n/e,n/e,2,,n/e,n/e,n/e,n/e,n/e,n/e,0,,n/e,n/e,1,,n/e,n/e,n/e,n/e,105,
20:00 - 21:00,32,,n/e,n/e,n/e,n/e,0,,n/e,n/e,n/e,n/e,n/e,n/e,n/e,n/e,n/e,n/e,n/e,n/e,1,,n/e,n/e,n/e,n/e,n/e,n/e,0,,n/e,n/e,1,,n/e,n/e,n/e,n/e,104,
21:00 - 22:00,33,,n/e,n/e,n/e,n/e,0,,n/e,n/e,n/e,n/e,n/e,n/e,n/e,n/e,n/e,n/e,n/e,n/e,1,,n/e,n/e,n/e,n/e,n/e,n/e,0,,n/e,n/e,0,,n/e,n/e,n/e,n/e,104,
22:00 - 23:00,32,,n/e,n/e,n/e,n/e,0,,n/e,n/e,n/e,n/e,n/e,n/e,n/e,n/e,n/e,n/e,n/e,n/e,9,,n/e,n/e,n/e,n/e,n/e,n/e,0,,n/e,n/e,0,,n/e,n/e,n/e,n/e,103,
23:00 - 00:00,30,,n/e,n/e,n/e,n/e,0,,n/e,n/e,n/e,n/e,n/e,n/e,n/e,n/e,n/e,n/e,n/e,n/e,5,,n/e,n/e,n/e,n/e,n/e,n/e,0,,n/e,n/e,0,,n/e,n/e,n/e,n/e,106,
00:00 - 01:00,31,,n/e,n/e,n/e,n/e,0,,n/e,n/e,n/e,n/e,n/e,n/e,n/e,n/e,n/e,n/e,n/e,n/e,10,,n/e,n/e,n/e,n/e,n/e,n/e,0,,n/e,n/e,0,,n/e,n/e,n/e,n/e,65,
01:00 - 02:00,31,,n/e,n/e,n/e,n/e,0,,n/e,n/e,n/e,n/e,n/e,n/e,n/e,n/e,n/e,n/e,n/e,n/e,15,,n/e,n/e,n/e,n/e,n/e,n/e,0,,n/e,n/e,0,,n/e,n/e,n/e,n/e,60,
02:00 - 03:00,31,,n/e,n/e,n/e,n/e,0,,n/e,n/e,n/e,n/e,n/e,n/e,n/e,n/e,n/e,n/e,n/e,n/e,1,,n/e,n/e,n/e,n/e,n/e,n/e,0,,n/e,n/e,0,,n/e,n/e,n/e,n/e,61,
03:00 - 04:00,31,,n/e,n/e,n/e,n/e,0,,n/e,n/e,n/e,n/e,n/e,n/e,n/e,n/e,n/e,n/e,n/e,n/e,1,,n/e,n/e,n/e,n/e,n/e,n/e,0,,n/e,n/e,0,,n/e,n/e,n/e,n/e,61,
04:00 - 05:00,31,,n/e,n/e,n/e,n/e,0,,n/e,n/e,n/e,n/e,n/e,n/e,n/e,n/e,n/e,n/e,n/e,n/e,1,,n/e,n/e,n/e,n/e,n/e,n/e,0,,n/e,n/e,0,,n/e,n/e,n/e,n/e,111,
05:00 - 06:00,31,,n/e,n/e,n/e,n/e,0,,n/e,n/e,n/e,n/e,n/e,n/e,n/e,n/e,n/e,n/e,n/e,n/e,173,,n/e,n/e,n/e,n/e,n/e,n/e,0,,n/e,n/e,1,,n/e,n/e,n/e,n/e,112,
06:00 - 07:00,33,,n/e,n/e,n/e,n/e,0,,n/e,n/e,n/e,n/e,n/e,n/e,n/e,n/e,n/e,n/e,n/e,n/e,330,,n/e,n/e,n/e,n/e,n/e,n/e,0,,n/e,n/e,5,,n/e,n/e,n/e,n/e,110,
07:00 - 08:00,34,,n/e,n/e,n/e,n/e,0,,n/e,n/e,n/e,n/e,n/e,n/e,n/e,n/e,n/e,n/e,n/e,n/e,418,,n/e,n/e,n/e,n/e,n/e,n/e,0,,n/e,n/e,12,,n/e,n/e,n/e,n/e,107,
08:00 - 09:00,34,,n/e,n/e,n/e,n/e,0,,n/e,n/e,n/e,n/e,n/e,n/e,n/e,n/e,n/e,n/e,n/e,n/e,441,,n/e,n/e,n/e,n/e,n/e,n/e,0,,n/e,n/e,21,,n/e,n/e,n/e,n/e,112,
09:00 - 10:00,36,,n/e,n/e,n/e,n/e,0,,n/e,n/e,n/e,n/e,n/e,n/e,n/e,n/e,n/e,n/e,n/e,n/e,437,,n/e,n/e,n/e,n/e,n/e,n/e,0,,n/e,n/e,24,,n/e,n/e,n/e,n/e,112,
10:00 - 11:00,33,,n/e,n/e,n/e,n/e,0,,n/e,n/e,n/e,n/e,n/e,n/e,n/e,n/e,n/e,n/e,n/e,n/e,285,,n/e,n/e,n/e,n/e,n/e,n/e,0,,n/e,n/e,25,,n/e,n/e,n/e,n/e,112,
11:00 - 12:00,31,,n/e,n/e,n/e,n/e,0,,n/e,n/e,n/e,n/e,n/e,n/e,n/e,n/e,n/e,n/e,n/e,n/e,285,,n/e,n/e,n/e,n/e,n/e,n/e,0,,n/e,n/e,23,,n/e,n/e,n/e,n/e,105,
12:00 - 13:00,31,,n/e,n/e,n/e,n/e,0,,n/e,n/e,n/e,n/e,n/e,n/e,n/e,n/e,n/e,n/e,n/e,n/e,273,,n/e,n/e,n/e,n/e,n/e,n/e,0,,n/e,n/e,27,,n/e,n/e,n/e,n/e,106,
13:00 - 14:00,32,,n/e,n/e,n/e,n/e,0,,n/e,n/e,n/e,n/e,n/e,n/e,n/e,n/e,n/e,n/e,n/e,n/e,68,,n/e,n/e,n/e,n/e,n/e,n/e,0,,n/e,n/e,13,,n/e,n/e,n/e,n/e,109,
14:00 - 15:00,32,,n/e,n/e,n/e,n/e,0,,n/e,n/e,n/e,n/e,n/e,n/e,n/e,n/e,n/e,n/e,n/e,n/e,41,,n/e,n/e,n/e,n/e,n/e,n/e,0,,n/e,n/e,2,,n/e,n/e,n/e,n/e,110,
15:00 - 16:00,33,,n/e,n/e,n/e,n/e,0,,n/e,n/e,n/e,n/e,n/e,n/e,n/e,n/e,n/e,n/e,n/e,n/e,17,,n/e,n/e,n/e,n/e,n/e,n/e,0,,n/e,n/e,1,,n/e,n/e,n/e,n/e,108,
16:00 - 17:00,34,,n/e,n/e,n/e,n/e,0,,n/e,n/e,n/e,n/e,n/e,n/e,n/e,n/e,n/e,n/e,n/e,n/e,7,,n/e,n/e,n/e,n/e,n/e,n/e,0,,n/e,n/e,1,,n/e,n/e,n/e,n/e,108,
17:00 - 18:00,34,,n/e,n/e,n/e,n/e,0,,n/e,n/e,n/e,n/e,n/e,n/e,n/e,n/e,n/e,n/e,n/e,n/e,4,,n/e,n/e,n/e,n/e,n/e,n/e,0,,n/e,n/e,1,,n/e,n/e,n/e,n/e,108,
18:00 - 19:00,32,,n/e,n/e,n/e,n/e,0,,n/e,n/e,n/e,n/e,n/e,n/e,n/e,n/e,n/e,n/e,n/e,n/e,18,,n/e,n/e,n/e,n/e,n/e,n/e,0,,n/e,n/e,0,,n/e,n/e,n/e,n/e,111,
19:00 - 20:00,33,,n/e,n/e,n/e,n/e,0,,n/e,n/e,n/e,n/e,n/e,n/e,n/e,n/e,n/e,n/e,n/e,n/e,11,,n/e,n/e,n/e,n/e,n/e,n/e,0,,n/e,n/e,0,,n/e,n/e,n/e,n/e,62,
20:00 - 21:00,34,,n/e,n/e,n/e,n/e,0,,n/e,n/e,n/e,n/e,n/e,n/e,n/e,n/e,n/e,n/e,n/e,n/e,2,,n/e,n/e,n/e,n/e,n/e,n/e,0,,n/e,n/e,0,,n/e,n/e,n/e,n/e,45,
21:00 - 22:00,31,,n/e,n/e,n/e,n/e,0,,n/e,n/e,n/e,n/e,n/e,n/e,n/e,n/e,n/e,n/e,n/e,n/e,6,,n/e,n/e,n/e,n/e,n/e,n/e,0,,n/e,n/e,0,,n/e,n/e,n/e,n/e,44,
22:00 - 23:00,32,,n/e,n/e,n/e,n/e,0,,n/e,n/e,n/e,n/e,n/e,n/e,n/e,n/e,n/e,n/e,n/e,n/e,8,,n/e,n/e,n/e,n/e,n/e,n/e,0,,n/e,n/e,0,,n/e,n/e,n/e,n/e,48,
23:00 - 00:00,30,,n/e,n/e,n/e,n/e,0,,n/e,n/e,n/e,n/e,n/e,n/e,n/e,n/e,n/e,n/e,n/e,n/e,4,,n/e,n/e,n/e,n/e,n/e,n/e,0,,n/e,n/e,0,,n/e,n/e,n/e,n/e,29,
00:00 - 01:00,32,,n/e,n/e,n/e,n/e,0,,n/e,n/e,n/e,n/e,n/e,n/e,n/e,n/e,n/e,n/e,n/e,n/e,4,,n/e,n/e,n/e,n/e,n/e,n/e,0,,n/e,n/e,0,,n/e,n/e,n/e,n/e,28,
01:00 - 02:00,32,,n/e,n/e,n/e,n/e,0,,n/e,n/e,n/e,n/e,n/e,n/e,n/e,n/e,n/e,n/e,n/e,n/e,3,,n/e,n/e,n/e,n/e,n/e,n/e,0,,n/e,n/e,0,,n/e,n/e,n/e,n/e,44,
02:00 - 03:00,32,,n/e,n/e,n/e,n/e,0,,n/e,n/e,n/e,n/e,n/e,n/e,n/e,n/e,n/e,n/e,n/e,n/e,4,,n/e,n/e,n/e,n/e,n/e,n/e,0,,n/e,n/e,0,,n/e,n/e,n/e,n/e,44,
03:00 - 04:00,32,,n/e,n/e,n/e,n/e,0,,n/e,n/e,n/e,n/e,n/e,n/e,n/e,n/e,n/e,n/e,n/e,n/e,4,,n/e,n/e,n/e,n/e,n/e,n/e,0,,n/e,n/e,0,,n/e,n/e,n/e,n/e,43,
04:00 - 05:00,31,,n/e,n/e,n/e,n/e,0,,n/e,n/e,n/e,n/e,n/e,n/e,n/e,n/e,n/e,n/e,n/e,n/e,2,,n/e,n/e,n/e,n/e,n/e,n/e,0,,n/e,n/e,0,,n/e,n/e,n/e,n/e,87,
05:00 - 06:00,29,,n/e,n/e,n/e,n/e,0,,n/e,n/e,n/e,n/e,n/e,n/e,n/e,n/e,n/e,n/e,n/e,n/e,2,,n/e,n/e,n/e,n/e,n/e,n/e,0,,n/e,n/e,1,,n/e,n/e,n/e,n/e,102,
06:00 - 07:00,30,,n/e,n/e,n/e,n/e,0,,n/e,n/e,n/e,n/e,n/e,n/e,n/e,n/e,n/e,n/e,n/e,n/e,2,,n/e,n/e,n/e,n/e,n/e,n/e,0,,n/e,n/e,13,,n/e,n/e,n/e,n/e,104,
07:00 - 08:00,31,,n/e,n/e,n/e,n/e,0,,n/e,n/e,n/e,n/e,n/e,n/e,n/e,n/e,n/e,n/e,n/e,n/e,2,,n/e,n/e,n/e,n/e,n/e,n/e,0,,n/e,n/e,44,,n/e,n/e,n/e,n/e,101,
08:00 - 09:00,31,,n/e,n/e,n/e,n/e,0,,n/e,n/e,n/e,n/e,n/e,n/e,n/e,n/e,n/e,n/e,n/e,n/e,2,,n/e,n/e,n/e,n/e,n/e,n/e,0,,n/e,n/e,86,,n/e,n/e,n/e,n/e,103,
09:00 - 10:00,30,,n/e,n/e,n/e,n/e,0,,n/e,n/e,n/e,n/e,n/e,n/e,n/e,n/e,n/e,n/e,n/e,n/e,2,,n/e,n/e,n/e,n/e,n/e,n/e,0,,n/e,n/e,106,,n/e,n/e,n/e,n/e,100,
10:00 - 11:00,33,,n/e,n/e,n/e,n/e,0,,n/e,n/e,n/e,n/e,n/e,n/e,n/e,n/e,n/e,n/e,n/e,n/e,5,,n/e,n/e,n/e,n/e,n/e,n/e,0,,n/e,n/e,107,,n/e,n/e,n/e,n/e,99,
11:00 - 12:00,34,,n/e,n/e,n/e,n/e,0,,n/e,n/e,n/e,n/e,n/e,n/e,n/e,n/e,n/e,n/e,n/e,n/e,38,,n/e,n/e,n/e,n/e,n/e,n/e,0,,n/e,n/e,96,,n/e,n/e,n/e,n/e,98,
12:00 - 13:00,33,,n/e,n/e,n/e,n/e,0,,n/e,n/e,n/e,n/e,n/e,n/e,n/e,n/e,n/e,n/e,n/e,n/e,137,,n/e,n/e,n/e,n/e,n/e,n/e,0,,n/e,n/e,64,,n/e,n/e,n/e,n/e,100,
13:00 - 14:00,33,,n/e,n/e,n/e,n/e,0,,n/e,n/e,n/e,n/e,n/e,n/e,n/e,n/e,n/e,n/e,n/e,n/e,253,,n/e,n/e,n/e,n/e,n/e,n/e,0,,n/e,n/e,26,,n/e,n/e,n/e,n/e,101,
14:00 - 15:00,35,,n/e,n/e,n/e,n/e,0,,n/e,n/e,n/e,n/e,n/e,n/e,n/e,n/e,n/e,n/e,n/e,n/e,352,,n/e,n/e,n/e,n/e,n/e,n/e,0,,n/e,n/e,2,,n/e,n/e,n/e,n/e,96,
15:00 - 16:00,35,,n/e,n/e,n/e,n/e,0,,n/e,n/e,n/e,n/e,n/e,n/e,n/e,n/e,n/e,n/e,n/e,n/e,367,,n/e,n/e,n/e,n/e,n/e,n/e,0,,n/e,n/e,0,,n/e,n/e,n/e,n/e,93,
16:00 - 17:00,36,,n/e,n/e,n/e,n/e,0,,n/e,n/e,n/e,n/e,n/e,n/e,n/e,n/e,n/e,n/e,n/e,n/e,355,,n/e,n/e,n/e,n/e,n/e,n/e,0,,n/e,n/e,0,,n/e,n/e,n/e,n/e,90,
17:00 - 18:00,34,,n/e,n/e,n/e,n/e,0,,n/e,n/e,n/e,n/e,n/e,n/e,n/e,n/e,n/e,n/e,n/e,n/e,327,,n/e,n/e,n/e,n/e,n/e,n/e,0,,n/e,n/e,0,,n/e,n/e,n/e,n/e,79,
18:00 - 19:00,32,,n/e,n/e,n/e,n/e,0,,n/e,n/e,n/e,n/e,n/e,n/e,n/e,n/e,n/e,n/e,n/e,n/e,351,,n/e,n/e,n/e,n/e,n/e,n/e,0,,n/e,n/e,0,,n/e,n/e,n/e,n/e,71,
19:00 - 20:00,31,,n/e,n/e,n/e,n/e,0,,n/e,n/e,n/e,n/e,n/e,n/e,n/e,n/e,n/e,n/e,n/e,n/e,60,,n/e,n/e,n/e,n/e,n/e,n/e,0,,n/e,n/e,0,,n/e,n/e,n/e,n/e,61,
20:00 - 21:00,31,,n/e,n/e,n/e,n/e,0,,n/e,n/e,n/e,n/e,n/e,n/e,n/e,n/e,n/e,n/e,n/e,n/e,19,,n/e,n/e,n/e,n/e,n/e,n/e,0,,n/e,n/e,0,,n/e,n/e,n/e,n/e,49,
21:00 - 22:00,32,,n/e,n/e,n/e,n/e,0,,n/e,n/e,n/e,n/e,n/e,n/e,n/e,n/e,n/e,n/e,n/e,n/e,4,,n/e,n/e,n/e,n/e,n/e,n/e,0,,n/e,n/e,0,,n/e,n/e,n/e,n/e,49,
22:00 - 23:00,34,,n/e,n/e,n/e,n/e,0,,n/e,n/e,n/e,n/e,n/e,n/e,n/e,n/e,n/e,n/e,n/e,n/e,2,,n/e,n/e,n/e,n/e,n/e,n/e,0,,n/e,n/e,0,,n/e,n/e,n/e,n/e,49,
23:00 - 00:00,35,,n/e,n/e,n/e,n/e,0,,n/e,n/e,n/e,n/e,n/e,n/e,n/e,n/e,n/e,n/e,n/e,n/e,2,,n/e,n/e,n/e,n/e,n/e,n/e,0,,n/e,n/e,0,,n/e,n/e,n/e,n/e,61,
00:00 - 01:00,34,,n/e,n/e,n/e,n/e,0,,n/e,n/e,n/e,n/e,n/e,n/e,n/e,n/e,n/e,n/e,n/e,n/e,2,,n/e,n/e,n/e,n/e,n/e,n/e,0,,n/e,n/e,0,,n/e,n/e,n/e,n/e,38,
01:00 - 02:00,33,,n/e,n/e,n/e,n/e,0,,n/e,n/e,n/e,n/e,n/e,n/e,n/e,n/e,n/e,n/e,n/e,n/e,4,,n/e,n/e,n/e,n/e,n/e,n/e,0,,n/e,n/e,0,,n/e,n/e,n/e,n/e,30,
02:00 - 03:00,34,,n/e,n/e,n/e,n/e,0,,n/e,n/e,n/e,n/e,n/e,n/e,n/e,n/e,n/e,n/e,n/e,n/e,2,,n/e,n/e,n/e,n/e,n/e,n/e,0,,n/e,n/e,0,,n/e,n/e,n/e,n/e,43,
03:00 - 04:00,34,,n/e,n/e,n/e,n/e,0,,n/e,n/e,n/e,n/e,n/e,n/e,n/e,n/e,n/e,n/e,n/e,n/e,2,,n/e,n/e,n/e,n/e,n/e,n/e,0,,n/e,n/e,0,,n/e,n/e,n/e,n/e,82,
04:00 - 05:00,34,,n/e,n/e,n/e,n/e,0,,n/e,n/e,n/e,n/e,n/e,n/e,n/e,n/e,n/e,n/e,n/e,n/e,2,,n/e,n/e,n/e,n/e,n/e,n/e,0,,n/e,n/e,0,,n/e,n/e,n/e,n/e,90,
05:00 - 06:00,34,,n/e,n/e,n/e,n/e,0,,n/e,n/e,n/e,n/e,n/e,n/e,n/e,n/e,n/e,n/e,n/e,n/e,2,,n/e,n/e,n/e,n/e,n/e,n/e,0,,n/e,n/e,1,,n/e,n/e,n/e,n/e,95,
06:00 - 07:00,34,,n/e,n/e,n/e,n/e,0,,n/e,n/e,n/e,n/e,n/e,n/e,n/e,n/e,n/e,n/e,n/e,n/e,3,,n/e,n/e,n/e,n/e,n/e,n/e,0,,n/e,n/e,7,,n/e,n/e,n/e,n/e,100,
07:00 - 08:00,37,,n/e,n/e,n/e,n/e,0,,n/e,n/e,n/e,n/e,n/e,n/e,n/e,n/e,n/e,n/e,n/e,n/e,3,,n/e,n/e,n/e,n/e,n/e,n/e,0,,n/e,n/e,15,,n/e,n/e,n/e,n/e,101,
08:00 - 09:00,36,,n/e,n/e,n/e,n/e,0,,n/e,n/e,n/e,n/e,n/e,n/e,n/e,n/e,n/e,n/e,n/e,n/e,10,,n/e,n/e,n/e,n/e,n/e,n/e,0,,n/e,n/e,18,,n/e,n/e,n/e,n/e,108,
09:00 - 10:00,36,,n/e,n/e,n/e,n/e,0,,n/e,n/e,n/e,n/e,n/e,n/e,n/e,n/e,n/e,n/e,n/e,n/e,143,,n/e,n/e,n/e,n/e,n/e,n/e,0,,n/e,n/e,19,,n/e,n/e,n/e,n/e,109,
10:00 - 11:00,35,,n/e,n/e,n/e,n/e,0,,n/e,n/e,n/e,n/e,n/e,n/e,n/e,n/e,n/e,n/e,n/e,n/e,277,,n/e,n/e,n/e,n/e,n/e,n/e,0,,n/e,n/e,16,,n/e,n/e,n/e,n/e,111,
11:00 - 12:00,35,,n/e,n/e,n/e,n/e,0,,n/e,n/e,n/e,n/e,n/e,n/e,n/e,n/e,n/e,n/e,n/e,n/e,259,,n/e,n/e,n/e,n/e,n/e,n/e,0,,n/e,n/e,18,,n/e,n/e,n/e,n/e,109,
12:00 - 13:00,36,,n/e,n/e,n/e,n/e,0,,n/e,n/e,n/e,n/e,n/e,n/e,n/e,n/e,n/e,n/e,n/e,n/e,328,,n/e,n/e,n/e,n/e,n/e,n/e,0,,n/e,n/e,10,,n/e,n/e,n/e,n/e,110,
13:00 - 14:00,36,,n/e,n/e,n/e,n/e,0,,n/e,n/e,n/e,n/e,n/e,n/e,n/e,n/e,n/e,n/e,n/e,n/e,283,,n/e,n/e,n/e,n/e,n/e,n/e,0,,n/e,n/e,5,,n/e,n/e,n/e,n/e,112,
14:00 - 15:00,38,,n/e,n/e,n/e,n/e,0,,n/e,n/e,n/e,n/e,n/e,n/e,n/e,n/e,n/e,n/e,n/e,n/e,280,,n/e,n/e,n/e,n/e,n/e,n/e,0,,n/e,n/e,1,,n/e,n/e,n/e,n/e,112,
15:00 - 16:00,40,,n/e,n/e,n/e,n/e,0,,n/e,n/e,n/e,n/e,n/e,n/e,n/e,n/e,n/e,n/e,n/e,n/e,287,,n/e,n/e,n/e,n/e,n/e,n/e,0,,n/e,n/e,0,,n/e,n/e,n/e,n/e,111,
16:00 - 17:00,31,,n/e,n/e,n/e,n/e,0,,n/e,n/e,n/e,n/e,n/e,n/e,n/e,n/e,n/e,n/e,n/e,n/e,5,,n/e,n/e,n/e,n/e,n/e,n/e,0,,n/e,n/e,0,,n/e,n/e,n/e,n/e,109,
17:00 - 18:00,33,,n/e,n/e,n/e,n/e,0,,n/e,n/e,n/e,n/e,n/e,n/e,n/e,n/e,n/e,n/e,n/e,n/e,3,,n/e,n/e,n/e,n/e,n/e,n/e,0,,n/e,n/e,0,,n/e,n/e,n/e,n/e,111,
18:00 - 19:00,36,,n/e,n/e,n/e,n/e,0,,n/e,n/e,n/e,n/e,n/e,n/e,n/e,n/e,n/e,n/e,n/e,n/e,3,,n/e,n/e,n/e,n/e,n/e,n/e,0,,n/e,n/e,0,,n/e,n/e,n/e,n/e,112,
19:00 - 20:00,34,,n/e,n/e,n/e,n/e,0,,n/e,n/e,n/e,n/e,n/e,n/e,n/e,n/e,n/e,n/e,n/e,n/e,2,,n/e,n/e,n/e,n/e,n/e,n/e,0,,n/e,n/e,0,,n/e,n/e,n/e,n/e,107,
20:00 - 21:00,34,,n/e,n/e,n/e,n/e,0,,n/e,n/e,n/e,n/e,n/e,n/e,n/e,n/e,n/e,n/e,n/e,n/e,14,,n/e,n/e,n/e,n/e,n/e,n/e,0,,n/e,n/e,0,,n/e,n/e,n/e,n/e,102,
21:00 - 22:00,34,,n/e,n/e,n/e,n/e,8,,n/e,n/e,n/e,n/e,n/e,n/e,n/e,n/e,n/e,n/e,n/e,n/e,2,,n/e,n/e,n/e,n/e,n/e,n/e,0,,n/e,n/e,0,,n/e,n/e,n/e,n/e,98,
22:00 - 23:00,35,,n/e,n/e,n/e,n/e,35,,n/e,n/e,n/e,n/e,n/e,n/e,n/e,n/e,n/e,n/e,n/e,n/e,2,,n/e,n/e,n/e,n/e,n/e,n/e,0,,n/e,n/e,0,,n/e,n/e,n/e,n/e,96,
23:00 - 00:00,34,,n/e,n/e,n/e,n/e,50,,n/e,n/e,n/e,n/e,n/e,n/e,n/e,n/e,n/e,n/e,n/e,n/e,36,,n/e,n/e,n/e,n/e,n/e,n/e,0,,n/e,n/e,0,,n/e,n/e,n/e,n/e,80,
00:00 - 01:00,36,,n/e,n/e,n/e,n/e,51,,n/e,n/e,n/e,n/e,n/e,n/e,n/e,n/e,n/e,n/e,n/e,n/e,2,,n/e,n/e,n/e,n/e,n/e,n/e,0,,n/e,n/e,0,,n/e,n/e,n/e,n/e,65,
01:00 - 02:00,36,,n/e,n/e,n/e,n/e,51,,n/e,n/e,n/e,n/e,n/e,n/e,n/e,n/e,n/e,n/e,n/e,n/e,2,,n/e,n/e,n/e,n/e,n/e,n/e,0,,n/e,n/e,0,,n/e,n/e,n/e,n/e,39,
02:00 - 03:00,35,,n/e,n/e,n/e,n/e,50,,n/e,n/e,n/e,n/e,n/e,n/e,n/e,n/e,n/e,n/e,n/e,n/e,3,,n/e,n/e,n/e,n/e,n/e,n/e,0,,n/e,n/e,0,,n/e,n/e,n/e,n/e,37,
03:00 - 04:00,37,,n/e,n/e,n/e,n/e,53,,n/e,n/e,n/e,n/e,n/e,n/e,n/e,n/e,n/e,n/e,n/e,n/e,3,,n/e,n/e,n/e,n/e,n/e,n/e,0,,n/e,n/e,0,,n/e,n/e,n/e,n/e,31,
04:00 - 05:00,41,,n/e,n/e,n/e,n/e,79,,n/e,n/e,n/e,n/e,n/e,n/e,n/e,n/e,n/e,n/e,n/e,n/e,8,,n/e,n/e,n/e,n/e,n/e,n/e,0,,n/e,n/e,0,,n/e,n/e,n/e,n/e,28,
05:00 - 06:00,51,,n/e,n/e,n/e,n/e,81,,n/e,n/e,n/e,n/e,n/e,n/e,n/e,n/e,n/e,n/e,n/e,n/e,171,,n/e,n/e,n/e,n/e,n/e,n/e,0,,n/e,n/e,1,,n/e,n/e,n/e,n/e,31,
06:00 - 07:00,57,,n/e,n/e,n/e,n/e,103,,n/e,n/e,n/e,n/e,n/e,n/e,n/e,n/e,n/e,n/e,n/e,n/e,190,,n/e,n/e,n/e,n/e,n/e,n/e,0,,n/e,n/e,27,,n/e,n/e,n/e,n/e,18,
07:00 - 08:00,59,,n/e,n/e,n/e,n/e,209,,n/e,n/e,n/e,n/e,n/e,n/e,n/e,n/e,n/e,n/e,n/e,n/e,165,,n/e,n/e,n/e,n/e,n/e,n/e,0,,n/e,n/e,96,,n/e,n/e,n/e,n/e,8,
08:00 - 09:00,61,,n/e,n/e,n/e,n/e,228,,n/e,n/e,n/e,n/e,n/e,n/e,n/e,n/e,n/e,n/e,n/e,n/e,130,,n/e,n/e,n/e,n/e,n/e,n/e,0,,n/e,n/e,157,,n/e,n/e,n/e,n/e,9,
09:00 - 10:00,62,,n/e,n/e,n/e,n/e,259,,n/e,n/e,n/e,n/e,n/e,n/e,n/e,n/e,n/e,n/e,n/e,n/e,51,,n/e,n/e,n/e,n/e,n/e,n/e,0,,n/e,n/e,191,,n/e,n/e,n/e,n/e,8,
10:00 - 11:00,61,,n/e,n/e,n/e,n/e,259,,n/e,n/e,n/e,n/e,n/e,n/e,n/e,n/e,n/e,n/e,n/e,n/e,55,,n/e,n/e,n/e,n/e,n/e,n/e,0,,n/e,n/e,200,,n/e,n/e,n/e,n/e,8,
11:00 - 12:00,58,,n/e,n/e,n/e,n/e,278,,n/e,n/e,n/e,n/e,n/e,n/e,n/e,n/e,n/e,n/e,n/e,n/e,63,,n/e,n/e,n/e,n/e,n/e,n/e,0,,n/e,n/e,173,,n/e,n/e,n/e,n/e,7,
12:00 - 13:00,56,,n/e,n/e,n/e,n/e,346,,n/e,n/e,n/e,n/e,n/e,n/e,n/e,n/e,n/e,n/e,n/e,n/e,46,,n/e,n/e,n/e,n/e,n/e,n/e,0,,n/e,n/e,115,,n/e,n/e,n/e,n/e,12,
13:00 - 14:00,56,,n/e,n/e,n/e,n/e,344,,n/e,n/e,n/e,n/e,n/e,n/e,n/e,n/e,n/e,n/e,n/e,n/e,193,,n/e,n/e,n/e,n/e,n/e,n/e,0,,n/e,n/e,39,,n/e,n/e,n/e,n/e,16,
14:00 - 15:00,58,,n/e,n/e,n/e,n/e,298,,n/e,n/e,n/e,n/e,n/e,n/e,n/e,n/e,n/e,n/e,n/e,n/e,349,,n/e,n/e,n/e,n/e,n/e,n/e,0,,n/e,n/e,3,,n/e,n/e,n/e,n/e,21,
15:00 - 16:00,58,,n/e,n/e,n/e,n/e,285,,n/e,n/e,n/e,n/e,n/e,n/e,n/e,n/e,n/e,n/e,n/e,n/e,382,,n/e,n/e,n/e,n/e,n/e,n/e,0,,n/e,n/e,0,,n/e,n/e,n/e,n/e,18,
16:00 - 17:00,60,,n/e,n/e,n/e,n/e,270,,n/e,n/e,n/e,n/e,n/e,n/e,n/e,n/e,n/e,n/e,n/e,n/e,516,,n/e,n/e,n/e,n/e,n/e,n/e,0,,n/e,n/e,0,,n/e,n/e,n/e,n/e,27,
17:00 - 18:00,60,,n/e,n/e,n/e,n/e,267,,n/e,n/e,n/e,n/e,n/e,n/e,n/e,n/e,n/e,n/e,n/e,n/e,490,,n/e,n/e,n/e,n/e,n/e,n/e,0,,n/e,n/e,0,,n/e,n/e,n/e,n/e,39,
18:00 - 19:00,60,,n/e,n/e,n/e,n/e,264,,n/e,n/e,n/e,n/e,n/e,n/e,n/e,n/e,n/e,n/e,n/e,n/e,419,,n/e,n/e,n/e,n/e,n/e,n/e,0,,n/e,n/e,0,,n/e,n/e,n/e,n/e,32,
19:00 - 20:00,59,,n/e,n/e,n/e,n/e,260,,n/e,n/e,n/e,n/e,n/e,n/e,n/e,n/e,n/e,n/e,n/e,n/e,408,,n/e,n/e,n/e,n/e,n/e,n/e,0,,n/e,n/e,0,,n/e,n/e,n/e,n/e,34,
20:00 - 21:00,56,,n/e,n/e,n/e,n/e,254,,n/e,n/e,n/e,n/e,n/e,n/e,n/e,n/e,n/e,n/e,n/e,n/e,126,,n/e,n/e,n/e,n/e,n/e,n/e,0,,n/e,n/e,0,,n/e,n/e,n/e,n/e,30,
21:00 - 22:00,54,,n/e,n/e,n/e,n/e,247,,n/e,n/e,n/e,n/e,n/e,n/e,n/e,n/e,n/e,n/e,n/e,n/e,4,,n/e,n/e,n/e,n/e,n/e,n/e,0,,n/e,n/e,0,,n/e,n/e,n/e,n/e,36,
22:00 - 23:00,46,,n/e,n/e,n/e,n/e,201,,n/e,n/e,n/e,n/e,n/e,n/e,n/e,n/e,n/e,n/e,n/e,n/e,21,,n/e,n/e,n/e,n/e,n/e,n/e,0,,n/e,n/e,0,,n/e,n/e,n/e,n/e,48,
23:00 - 00:00,41,,n/e,n/e,n/e,n/e,201,,n/e,n/e,n/e,n/e,n/e,n/e,n/e,n/e,n/e,n/e,n/e,n/e,3,,n/e,n/e,n/e,n/e,n/e,n/e,0,,n/e,n/e,0,,n/e,n/e,n/e,n/e,70,
00:00 - 01:00,40,,n/e,n/e,n/e,n/e,201,,n/e,n/e,n/e,n/e,n/e,n/e,n/e,n/e,n/e,n/e,n/e,n/e,3,,n/e,n/e,n/e,n/e,n/e,n/e,0,,n/e,n/e,0,,n/e,n/e,n/e,n/e,72,
01:00 - 02:00,39,,n/e,n/e,n/e,n/e,201,,n/e,n/e,n/e,n/e,n/e,n/e,n/e,n/e,n/e,n/e,n/e,n/e,3,,n/e,n/e,n/e,n/e,n/e,n/e,0,,n/e,n/e,0,,n/e,n/e,n/e,n/e,77,
02:00 - 03:00,38,,n/e,n/e,n/e,n/e,200,,n/e,n/e,n/e,n/e,n/e,n/e,n/e,n/e,n/e,n/e,n/e,n/e,3,,n/e,n/e,n/e,n/e,n/e,n/e,0,,n/e,n/e,0,,n/e,n/e,n/e,n/e,77,
03:00 - 04:00,39,,n/e,n/e,n/e,n/e,202,,n/e,n/e,n/e,n/e,n/e,n/e,n/e,n/e,n/e,n/e,n/e,n/e,3,,n/e,n/e,n/e,n/e,n/e,n/e,0,,n/e,n/e,0,,n/e,n/e,n/e,n/e,67,
04:00 - 05:00,44,,n/e,n/e,n/e,n/e,257,,n/e,n/e,n/e,n/e,n/e,n/e,n/e,n/e,n/e,n/e,n/e,n/e,3,,n/e,n/e,n/e,n/e,n/e,n/e,0,,n/e,n/e,0,,n/e,n/e,n/e,n/e,63,
05:00 - 06:00,50,,n/e,n/e,n/e,n/e,261,,n/e,n/e,n/e,n/e,n/e,n/e,n/e,n/e,n/e,n/e,n/e,n/e,95,,n/e,n/e,n/e,n/e,n/e,n/e,0,,n/e,n/e,0,,n/e,n/e,n/e,n/e,53,
06:00 - 07:00,51,,n/e,n/e,n/e,n/e,261,,n/e,n/e,n/e,n/e,n/e,n/e,n/e,n/e,n/e,n/e,n/e,n/e,107,,n/e,n/e,n/e,n/e,n/e,n/e,0,,n/e,n/e,8,,n/e,n/e,n/e,n/e,53,
07:00 - 08:00,56,,n/e,n/e,n/e,n/e,254,,n/e,n/e,n/e,n/e,n/e,n/e,n/e,n/e,n/e,n/e,n/e,n/e,106,,n/e,n/e,n/e,n/e,n/e,n/e,0,,n/e,n/e,20,,n/e,n/e,n/e,n/e,43,
08:00 - 09:00,58,,n/e,n/e,n/e,n/e,251,,n/e,n/e,n/e,n/e,n/e,n/e,n/e,n/e,n/e,n/e,n/e,n/e,109,,n/e,n/e,n/e,n/e,n/e,n/e,0,,n/e,n/e,38,,n/e,n/e,n/e,n/e,49,
09:00 - 10:00,59,,n/e,n/e,n/e,n/e,250,,n/e,n/e,n/e,n/e,n/e,n/e,n/e,n/e,n/e,n/e,n/e,n/e,154,,n/e,n/e,n/e,n/e,n/e,n/e,0,,n/e,n/e,46,,n/e,n/e,n/e,n/e,51,
10:00 - 11:00,57,,n/e,n/e,n/e,n/e,250,,n/e,n/e,n/e,n/e,n/e,n/e,n/e,n/e,n/e,n/e,n/e,n/e,159,,n/e,n/e,n/e,n/e,n/e,n/e,0,,n/e,n/e,43,,n/e,n/e,n/e,n/e,54,
11:00 - 12:00,57,,n/e,n/e,n/e,n/e,249,,n/e,n/e,n/e,n/e,n/e,n/e,n/e,n/e,n/e,n/e,n/e,n/e,50,,n/e,n/e,n/e,n/e,n/e,n/e,0,,n/e,n/e,38,,n/e,n/e,n/e,n/e,54,
12:00 - 13:00,57,,n/e,n/e,n/e,n/e,344,,n/e,n/e,n/e,n/e,n/e,n/e,n/e,n/e,n/e,n/e,n/e,n/e,49,,n/e,n/e,n/e,n/e,n/e,n/e,0,,n/e,n/e,21,,n/e,n/e,n/e,n/e,47,
13:00 - 14:00,60,,n/e,n/e,n/e,n/e,438,,n/e,n/e,n/e,n/e,n/e,n/e,n/e,n/e,n/e,n/e,n/e,n/e,267,,n/e,n/e,n/e,n/e,n/e,n/e,0,,n/e,n/e,8,,n/e,n/e,n/e,n/e,38,
14:00 - 15:00,60,,n/e,n/e,n/e,n/e,443,,n/e,n/e,n/e,n/e,n/e,n/e,n/e,n/e,n/e,n/e,n/e,n/e,248,,n/e,n/e,n/e,n/e,n/e,n/e,0,,n/e,n/e,1,,n/e,n/e,n/e,n/e,32,
15:00 - 16:00,62,,n/e,n/e,n/e,n/e,444,,n/e,n/e,n/e,n/e,n/e,n/e,n/e,n/e,n/e,n/e,n/e,n/e,251,,n/e,n/e,n/e,n/e,n/e,n/e,0,,n/e,n/e,0,,n/e,n/e,n/e,n/e,27,
16:00 - 17:00,62,,n/e,n/e,n/e,n/e,407,,n/e,n/e,n/e,n/e,n/e,n/e,n/e,n/e,n/e,n/e,n/e,n/e,313,,n/e,n/e,n/e,n/e,n/e,n/e,0,,n/e,n/e,0,,n/e,n/e,n/e,n/e,33,
17:00 - 18:00,61,,n/e,n/e,n/e,n/e,367,,n/e,n/e,n/e,n/e,n/e,n/e,n/e,n/e,n/e,n/e,n/e,n/e,321,,n/e,n/e,n/e,n/e,n/e,n/e,0,,n/e,n/e,0,,n/e,n/e,n/e,n/e,35,
18:00 - 19:00,60,,n/e,n/e,n/e,n/e,352,,n/e,n/e,n/e,n/e,n/e,n/e,n/e,n/e,n/e,n/e,n/e,n/e,318,,n/e,n/e,n/e,n/e,n/e,n/e,0,,n/e,n/e,0,,n/e,n/e,n/e,n/e,28,
19:00 - 20:00,56,,n/e,n/e,n/e,n/e,267,,n/e,n/e,n/e,n/e,n/e,n/e,n/e,n/e,n/e,n/e,n/e,n/e,185,,n/e,n/e,n/e,n/e,n/e,n/e,0,,n/e,n/e,0,,n/e,n/e,n/e,n/e,29,
20:00 - 21:00,54,,n/e,n/e,n/e,n/e,241,,n/e,n/e,n/e,n/e,n/e,n/e,n/e,n/e,n/e,n/e,n/e,n/e,6,,n/e,n/e,n/e,n/e,n/e,n/e,0,,n/e,n/e,0,,n/e,n/e,n/e,n/e,24,
21:00 - 22:00,47,,n/e,n/e,n/e,n/e,201,,n/e,n/e,n/e,n/e,n/e,n/e,n/e,n/e,n/e,n/e,n/e,n/e,5,,n/e,n/e,n/e,n/e,n/e,n/e,0,,n/e,n/e,0,,n/e,n/e,n/e,n/e,21,
22:00 - 23:00,45,,n/e,n/e,n/e,n/e,161,,n/e,n/e,n/e,n/e,n/e,n/e,n/e,n/e,n/e,n/e,n/e,n/e,20,,n/e,n/e,n/e,n/e,n/e,n/e,0,,n/e,n/e,0,,n/e,n/e,n/e,n/e,21,
23:00 - 00:00,43,,n/e,n/e,n/e,n/e,150,,n/e,n/e,n/e,n/e,n/e,n/e,n/e,n/e,n/e,n/e,n/e,n/e,4,,n/e,n/e,n/e,n/e,n/e,n/e,0,,n/e,n/e,0,,n/e,n/e,n/e,n/e,12,
00:00 - 01:00,42,,n/e,n/e,n/e,n/e,150,,n/e,n/e,n/e,n/e,n/e,n/e,n/e,n/e,n/e,n/e,n/e,n/e,4,,n/e,n/e,n/e,n/e,n/e,n/e,0,,n/e,n/e,0,,n/e,n/e,n/e,n/e,13,
01:00 - 02:00,46,,n/e,n/e,n/e,n/e,150,,n/e,n/e,n/e,n/e,n/e,n/e,n/e,n/e,n/e,n/e,n/e,n/e,4,,n/e,n/e,n/e,n/e,n/e,n/e,0,,n/e,n/e,0,,n/e,n/e,n/e,n/e,13,
02:00 - 03:00,48,,n/e,n/e,n/e,n/e,152,,n/e,n/e,n/e,n/e,n/e,n/e,n/e,n/e,n/e,n/e,n/e,n/e,8,,n/e,n/e,n/e,n/e,n/e,n/e,0,,n/e,n/e,0,,n/e,n/e,n/e,n/e,13,
03:00 - 04:00,51,,n/e,n/e,n/e,n/e,158,,n/e,n/e,n/e,n/e,n/e,n/e,n/e,n/e,n/e,n/e,n/e,n/e,8,,n/e,n/e,n/e,n/e,n/e,n/e,0,,n/e,n/e,0,,n/e,n/e,n/e,n/e,15,
04:00 - 05:00,57,,n/e,n/e,n/e,n/e,223,,n/e,n/e,n/e,n/e,n/e,n/e,n/e,n/e,n/e,n/e,n/e,n/e,9,,n/e,n/e,n/e,n/e,n/e,n/e,0,,n/e,n/e,0,,n/e,n/e,n/e,n/e,16,
05:00 - 06:00,57,,n/e,n/e,n/e,n/e,311,,n/e,n/e,n/e,n/e,n/e,n/e,n/e,n/e,n/e,n/e,n/e,n/e,95,,n/e,n/e,n/e,n/e,n/e,n/e,0,,n/e,n/e,0,,n/e,n/e,n/e,n/e,16,
06:00 - 07:00,59,,n/e,n/e,n/e,n/e,313,,n/e,n/e,n/e,n/e,n/e,n/e,n/e,n/e,n/e,n/e,n/e,n/e,28,,n/e,n/e,n/e,n/e,n/e,n/e,0,,n/e,n/e,4,,n/e,n/e,n/e,n/e,19,
07:00 - 08:00,59,,n/e,n/e,n/e,n/e,314,,n/e,n/e,n/e,n/e,n/e,n/e,n/e,n/e,n/e,n/e,n/e,n/e,33,,n/e,n/e,n/e,n/e,n/e,n/e,0,,n/e,n/e,13,,n/e,n/e,n/e,n/e,18,
08:00 - 09:00,58,,n/e,n/e,n/e,n/e,313,,n/e,n/e,n/e,n/e,n/e,n/e,n/e,n/e,n/e,n/e,n/e,n/e,14,,n/e,n/e,n/e,n/e,n/e,n/e,0,,n/e,n/e,23,,n/e,n/e,n/e,n/e,24,
09:00 - 10:00,54,,n/e,n/e,n/e,n/e,311,,n/e,n/e,n/e,n/e,n/e,n/e,n/e,n/e,n/e,n/e,n/e,n/e,48,,n/e,n/e,n/e,n/e,n/e,n/e,0,,n/e,n/e,28,,n/e,n/e,n/e,n/e,30,
10:00 - 11:00,54,,n/e,n/e,n/e,n/e,311,,n/e,n/e,n/e,n/e,n/e,n/e,n/e,n/e,n/e,n/e,n/e,n/e,46,,n/e,n/e,n/e,n/e,n/e,n/e,0,,n/e,n/e,27,,n/e,n/e,n/e,n/e,36,
11:00 - 12:00,53,,n/e,n/e,n/e,n/e,311,,n/e,n/e,n/e,n/e,n/e,n/e,n/e,n/e,n/e,n/e,n/e,n/e,51,,n/e,n/e,n/e,n/e,n/e,n/e,0,,n/e,n/e,21,,n/e,n/e,n/e,n/e,26,
12:00 - 13:00,52,,n/e,n/e,n/e,n/e,311,,n/e,n/e,n/e,n/e,n/e,n/e,n/e,n/e,n/e,n/e,n/e,n/e,117,,n/e,n/e,n/e,n/e,n/e,n/e,0,,n/e,n/e,13,,n/e,n/e,n/e,n/e,21,
13:00 - 14:00,55,,n/e,n/e,n/e,n/e,325,,n/e,n/e,n/e,n/e,n/e,n/e,n/e,n/e,n/e,n/e,n/e,n/e,291,,n/e,n/e,n/e,n/e,n/e,n/e,0,,n/e,n/e,5,,n/e,n/e,n/e,n/e,25,
14:00 - 15:00,55,,n/e,n/e,n/e,n/e,374,,n/e,n/e,n/e,n/e,n/e,n/e,n/e,n/e,n/e,n/e,n/e,n/e,387,,n/e,n/e,n/e,n/e,n/e,n/e,0,,n/e,n/e,1,,n/e,n/e,n/e,n/e,24,
15:00 - 16:00,58,,n/e,n/e,n/e,n/e,406,,n/e,n/e,n/e,n/e,n/e,n/e,n/e,n/e,n/e,n/e,n/e,n/e,366,,n/e,n/e,n/e,n/e,n/e,n/e,0,,n/e,n/e,0,,n/e,n/e,n/e,n/e,21,
16:00 - 17:00,61,,n/e,n/e,n/e,n/e,407,,n/e,n/e,n/e,n/e,n/e,n/e,n/e,n/e,n/e,n/e,n/e,n/e,435,,n/e,n/e,n/e,n/e,n/e,n/e,0,,n/e,n/e,0,,n/e,n/e,n/e,n/e,28,
17:00 - 18:00,59,,n/e,n/e,n/e,n/e,407,,n/e,n/e,n/e,n/e,n/e,n/e,n/e,n/e,n/e,n/e,n/e,n/e,341,,n/e,n/e,n/e,n/e,n/e,n/e,0,,n/e,n/e,0,,n/e,n/e,n/e,n/e,31,
18:00 - 19:00,58,,n/e,n/e,n/e,n/e,363,,n/e,n/e,n/e,n/e,n/e,n/e,n/e,n/e,n/e,n/e,n/e,n/e,309,,n/e,n/e,n/e,n/e,n/e,n/e,0,,n/e,n/e,0,,n/e,n/e,n/e,n/e,21,
19:00 - 20:00,56,,n/e,n/e,n/e,n/e,214,,n/e,n/e,n/e,n/e,n/e,n/e,n/e,n/e,n/e,n/e,n/e,n/e,18,,n/e,n/e,n/e,n/e,n/e,n/e,0,,n/e,n/e,0,,n/e,n/e,n/e,n/e,21,
20:00 - 21:00,54,,n/e,n/e,n/e,n/e,202,,n/e,n/e,n/e,n/e,n/e,n/e,n/e,n/e,n/e,n/e,n/e,n/e,13,,n/e,n/e,n/e,n/e,n/e,n/e,0,,n/e,n/e,0,,n/e,n/e,n/e,n/e,21,
21:00 - 22:00,50,,n/e,n/e,n/e,n/e,201,,n/e,n/e,n/e,n/e,n/e,n/e,n/e,n/e,n/e,n/e,n/e,n/e,4,,n/e,n/e,n/e,n/e,n/e,n/e,0,,n/e,n/e,0,,n/e,n/e,n/e,n/e,22,
22:00 - 23:00,47,,n/e,n/e,n/e,n/e,154,,n/e,n/e,n/e,n/e,n/e,n/e,n/e,n/e,n/e,n/e,n/e,n/e,4,,n/e,n/e,n/e,n/e,n/e,n/e,0,,n/e,n/e,0,,n/e,n/e,n/e,n/e,23,
23:00 - 00:00,45,,n/e,n/e,n/e,n/e,150,,n/e,n/e,n/e,n/e,n/e,n/e,n/e,n/e,n/e,n/e,n/e,n/e,4,,n/e,n/e,n/e,n/e,n/e,n/e,0,,n/e,n/e,0,,n/e,n/e,n/e,n/e,16,
00:00 - 01:00,44,,n/e,n/e,n/e,n/e,150,,n/e,n/e,n/e,n/e,n/e,n/e,n/e,n/e,n/e,n/e,n/e,n/e,4,,n/e,n/e,n/e,n/e,n/e,n/e,0,,n/e,n/e,0,,n/e,n/e,n/e,n/e,17,
01:00 - 02:00,44,,n/e,n/e,n/e,n/e,150,,n/e,n/e,n/e,n/e,n/e,n/e,n/e,n/e,n/e,n/e,n/e,n/e,4,,n/e,n/e,n/e,n/e,n/e,n/e,0,,n/e,n/e,0,,n/e,n/e,n/e,n/e,21,
02:00 - 03:00,47,,n/e,n/e,n/e,n/e,150,,n/e,n/e,n/e,n/e,n/e,n/e,n/e,n/e,n/e,n/e,n/e,n/e,4,,n/e,n/e,n/e,n/e,n/e,n/e,0,,n/e,n/e,0,,n/e,n/e,n/e,n/e,20,
03:00 - 04:00,50,,n/e,n/e,n/e,n/e,155,,n/e,n/e,n/e,n/e,n/e,n/e,n/e,n/e,n/e,n/e,n/e,n/e,13,,n/e,n/e,n/e,n/e,n/e,n/e,0,,n/e,n/e,0,,n/e,n/e,n/e,n/e,16,
04:00 - 05:00,56,,n/e,n/e,n/e,n/e,224,,n/e,n/e,n/e,n/e,n/e,n/e,n/e,n/e,n/e,n/e,n/e,n/e,5,,n/e,n/e,n/e,n/e,n/e,n/e,0,,n/e,n/e,0,,n/e,n/e,n/e,n/e,22,
05:00 - 06:00,58,,n/e,n/e,n/e,n/e,311,,n/e,n/e,n/e,n/e,n/e,n/e,n/e,n/e,n/e,n/e,n/e,n/e,101,,n/e,n/e,n/e,n/e,n/e,n/e,0,,n/e,n/e,0,,n/e,n/e,n/e,n/e,24,
06:00 - 07:00,59,,n/e,n/e,n/e,n/e,315,,n/e,n/e,n/e,n/e,n/e,n/e,n/e,n/e,n/e,n/e,n/e,n/e,73,,n/e,n/e,n/e,n/e,n/e,n/e,0,,n/e,n/e,4,,n/e,n/e,n/e,n/e,18,
07:00 - 08:00,58,,n/e,n/e,n/e,n/e,315,,n/e,n/e,n/e,n/e,n/e,n/e,n/e,n/e,n/e,n/e,n/e,n/e,32,,n/e,n/e,n/e,n/e,n/e,n/e,0,,n/e,n/e,17,,n/e,n/e,n/e,n/e,9,
08:00 - 09:00,57,,n/e,n/e,n/e,n/e,314,,n/e,n/e,n/e,n/e,n/e,n/e,n/e,n/e,n/e,n/e,n/e,n/e,12,,n/e,n/e,n/e,n/e,n/e,n/e,0,,n/e,n/e,34,,n/e,n/e,n/e,n/e,4,
09:00 - 10:00,57,,n/e,n/e,n/e,n/e,311,,n/e,n/e,n/e,n/e,n/e,n/e,n/e,n/e,n/e,n/e,n/e,n/e,53,,n/e,n/e,n/e,n/e,n/e,n/e,0,,n/e,n/e,44,,n/e,n/e,n/e,n/e,6,
10:00 - 11:00,57,,n/e,n/e,n/e,n/e,311,,n/e,n/e,n/e,n/e,n/e,n/e,n/e,n/e,n/e,n/e,n/e,n/e,127,,n/e,n/e,n/e,n/e,n/e,n/e,0,,n/e,n/e,40,,n/e,n/e,n/e,n/e,3,
11:00 - 12:00,57,,n/e,n/e,n/e,n/e,311,,n/e,n/e,n/e,n/e,n/e,n/e,n/e,n/e,n/e,n/e,n/e,n/e,299,,n/e,n/e,n/e,n/e,n/e,n/e,0,,n/e,n/e,26,,n/e,n/e,n/e,n/e,6,
12:00 - 13:00,55,,n/e,n/e,n/e,n/e,315,,n/e,n/e,n/e,n/e,n/e,n/e,n/e,n/e,n/e,n/e,n/e,n/e,303,,n/e,n/e,n/e,n/e,n/e,n/e,0,,n/e,n/e,17,,n/e,n/e,n/e,n/e,3,
13:00 - 14:00,56,,n/e,n/e,n/e,n/e,400,,n/e,n/e,n/e,n/e,n/e,n/e,n/e,n/e,n/e,n/e,n/e,n/e,296,,n/e,n/e,n/e,n/e,n/e,n/e,0,,n/e,n/e,5,,n/e,n/e,n/e,n/e,2,
14:00 - 15:00,56,,n/e,n/e,n/e,n/e,401,,n/e,n/e,n/e,n/e,n/e,n/e,n/e,n/e,n/e,n/e,n/e,n/e,299,,n/e,n/e,n/e,n/e,n/e,n/e,0,,n/e,n/e,0,,n/e,n/e,n/e,n/e,3,
15:00 - 16:00,58,,n/e,n/e,n/e,n/e,377,,n/e,n/e,n/e,n/e,n/e,n/e,n/e,n/e,n/e,n/e,n/e,n/e,350,,n/e,n/e,n/e,n/e,n/e,n/e,0,,n/e,n/e,0,,n/e,n/e,n/e,n/e,5,
16:00 - 17:00,59,,n/e,n/e,n/e,n/e,376,,n/e,n/e,n/e,n/e,n/e,n/e,n/e,n/e,n/e,n/e,n/e,n/e,390,,n/e,n/e,n/e,n/e,n/e,n/e,0,,n/e,n/e,0,,n/e,n/e,n/e,n/e,9,
17:00 - 18:00,60,,n/e,n/e,n/e,n/e,373,,n/e,n/e,n/e,n/e,n/e,n/e,n/e,n/e,n/e,n/e,n/e,n/e,361,,n/e,n/e,n/e,n/e,n/e,n/e,0,,n/e,n/e,0,,n/e,n/e,n/e,n/e,5,
18:00 - 19:00,59,,n/e,n/e,n/e,n/e,308,,n/e,n/e,n/e,n/e,n/e,n/e,n/e,n/e,n/e,n/e,n/e,n/e,144,,n/e,n/e,n/e,n/e,n/e,n/e,0,,n/e,n/e,0,,n/e,n/e,n/e,n/e,3,
19:00 - 20:00,58,,n/e,n/e,n/e,n/e,241,,n/e,n/e,n/e,n/e,n/e,n/e,n/e,n/e,n/e,n/e,n/e,n/e,23,,n/e,n/e,n/e,n/e,n/e,n/e,0,,n/e,n/e,0,,n/e,n/e,n/e,n/e,1,
20:00 - 21:00,55,,n/e,n/e,n/e,n/e,241,,n/e,n/e,n/e,n/e,n/e,n/e,n/e,n/e,n/e,n/e,n/e,n/e,22,,n/e,n/e,n/e,n/e,n/e,n/e,0,,n/e,n/e,0,,n/e,n/e,n/e,n/e,1,
21:00 - 22:00,54,,n/e,n/e,n/e,n/e,235,,n/e,n/e,n/e,n/e,n/e,n/e,n/e,n/e,n/e,n/e,n/e,n/e,11,,n/e,n/e,n/e,n/e,n/e,n/e,0,,n/e,n/e,0,,n/e,n/e,n/e,n/e,2,
22:00 - 23:00,52,,n/e,n/e,n/e,n/e,208,,n/e,n/e,n/e,n/e,n/e,n/e,n/e,n/e,n/e,n/e,n/e,n/e,4,,n/e,n/e,n/e,n/e,n/e,n/e,0,,n/e,n/e,0,,n/e,n/e,n/e,n/e,2,
23:00 - 00:00,51,,n/e,n/e,n/e,n/e,207,,n/e,n/e,n/e,n/e,n/e,n/e,n/e,n/e,n/e,n/e,n/e,n/e,4,,n/e,n/e,n/e,n/e,n/e,n/e,0,,n/e,n/e,0,,n/e,n/e,n/e,n/e,2,
00:00 - 01:00,52,,n/e,n/e,n/e,n/e,207,,n/e,n/e,n/e,n/e,n/e,n/e,n/e,n/e,n/e,n/e,n/e,n/e,4,,n/e,n/e,n/e,n/e,n/e,n/e,0,,n/e,n/e,0,,n/e,n/e,n/e,n/e,2,
01:00 - 02:00,53,,n/e,n/e,n/e,n/e,207,,n/e,n/e,n/e,n/e,n/e,n/e,n/e,n/e,n/e,n/e,n/e,n/e,4,,n/e,n/e,n/e,n/e,n/e,n/e,0,,n/e,n/e,0,,n/e,n/e,n/e,n/e,1,
02:00 - 03:00,54,,n/e,n/e,n/e,n/e,207,,n/e,n/e,n/e,n/e,n/e,n/e,n/e,n/e,n/e,n/e,n/e,n/e,4,,n/e,n/e,n/e,n/e,n/e,n/e,0,,n/e,n/e,0,,n/e,n/e,n/e,n/e,3,
03:00 - 04:00,55,,n/e,n/e,n/e,n/e,212,,n/e,n/e,n/e,n/e,n/e,n/e,n/e,n/e,n/e,n/e,n/e,n/e,5,,n/e,n/e,n/e,n/e,n/e,n/e,0,,n/e,n/e,0,,n/e,n/e,n/e,n/e,3,
04:00 - 05:00,57,,n/e,n/e,n/e,n/e,309,,n/e,n/e,n/e,n/e,n/e,n/e,n/e,n/e,n/e,n/e,n/e,n/e,258,,n/e,n/e,n/e,n/e,n/e,n/e,0,,n/e,n/e,0,,n/e,n/e,n/e,n/e,2,
05:00 - 06:00,60,,n/e,n/e,n/e,n/e,312,,n/e,n/e,n/e,n/e,n/e,n/e,n/e,n/e,n/e,n/e,n/e,n/e,280,,n/e,n/e,n/e,n/e,n/e,n/e,0,,n/e,n/e,0,,n/e,n/e,n/e,n/e,1,
06:00 - 07:00,61,,n/e,n/e,n/e,n/e,313,,n/e,n/e,n/e,n/e,n/e,n/e,n/e,n/e,n/e,n/e,n/e,n/e,329,,n/e,n/e,n/e,n/e,n/e,n/e,0,,n/e,n/e,5,,n/e,n/e,n/e,n/e,5,
07:00 - 08:00,60,,n/e,n/e,n/e,n/e,313,,n/e,n/e,n/e,n/e,n/e,n/e,n/e,n/e,n/e,n/e,n/e,n/e,312,,n/e,n/e,n/e,n/e,n/e,n/e,0,,n/e,n/e,22,,n/e,n/e,n/e,n/e,2,
08:00 - 09:00,59,,n/e,n/e,n/e,n/e,311,,n/e,n/e,n/e,n/e,n/e,n/e,n/e,n/e,n/e,n/e,n/e,n/e,315,,n/e,n/e,n/e,n/e,n/e,n/e,0,,n/e,n/e,44,,n/e,n/e,n/e,n/e,3,
09:00 - 10:00,58,,n/e,n/e,n/e,n/e,310,,n/e,n/e,n/e,n/e,n/e,n/e,n/e,n/e,n/e,n/e,n/e,n/e,317,,n/e,n/e,n/e,n/e,n/e,n/e,0,,n/e,n/e,54,,n/e,n/e,n/e,n/e,5,
10:00 - 11:00,57,,n/e,n/e,n/e,n/e,311,,n/e,n/e,n/e,n/e,n/e,n/e,n/e,n/e,n/e,n/e,n/e,n/e,241,,n/e,n/e,n/e,n/e,n/e,n/e,0,,n/e,n/e,55,,n/e,n/e,n/e,n/e,4,
11:00 - 12:00,56,,n/e,n/e,n/e,n/e,311,,n/e,n/e,n/e,n/e,n/e,n/e,n/e,n/e,n/e,n/e,n/e,n/e,155,,n/e,n/e,n/e,n/e,n/e,n/e,0,,n/e,n/e,41,,n/e,n/e,n/e,n/e,3,
12:00 - 13:00,55,,n/e,n/e,n/e,n/e,311,,n/e,n/e,n/e,n/e,n/e,n/e,n/e,n/e,n/e,n/e,n/e,n/e,59,,n/e,n/e,n/e,n/e,n/e,n/e,0,,n/e,n/e,24,,n/e,n/e,n/e,n/e,5,
13:00 - 14:00,56,,n/e,n/e,n/e,n/e,311,,n/e,n/e,n/e,n/e,n/e,n/e,n/e,n/e,n/e,n/e,n/e,n/e,96,,n/e,n/e,n/e,n/e,n/e,n/e,0,,n/e,n/e,9,,n/e,n/e,n/e,n/e,5,
14:00 - 15:00,57,,n/e,n/e,n/e,n/e,311,,n/e,n/e,n/e,n/e,n/e,n/e,n/e,n/e,n/e,n/e,n/e,n/e,94,,n/e,n/e,n/e,n/e,n/e,n/e,0,,n/e,n/e,1,,n/e,n/e,n/e,n/e,4,
15:00 - 16:00,57,,n/e,n/e,n/e,n/e,355,,n/e,n/e,n/e,n/e,n/e,n/e,n/e,n/e,n/e,n/e,n/e,n/e,102,,n/e,n/e,n/e,n/e,n/e,n/e,0,,n/e,n/e,0,,n/e,n/e,n/e,n/e,4,
16:00 - 17:00,58,,n/e,n/e,n/e,n/e,361,,n/e,n/e,n/e,n/e,n/e,n/e,n/e,n/e,n/e,n/e,n/e,n/e,10,,n/e,n/e,n/e,n/e,n/e,n/e,0,,n/e,n/e,0,,n/e,n/e,n/e,n/e,5,
17:00 - 18:00,59,,n/e,n/e,n/e,n/e,360,,n/e,n/e,n/e,n/e,n/e,n/e,n/e,n/e,n/e,n/e,n/e,n/e,5,,n/e,n/e,n/e,n/e,n/e,n/e,0,,n/e,n/e,0,,n/e,n/e,n/e,n/e,4,
18:00 - 19:00,60,,n/e,n/e,n/e,n/e,360,,n/e,n/e,n/e,n/e,n/e,n/e,n/e,n/e,n/e,n/e,n/e,n/e,5,,n/e,n/e,n/e,n/e,n/e,n/e,0,,n/e,n/e,0,,n/e,n/e,n/e,n/e,5,
19:00 - 20:00,60,,n/e,n/e,n/e,n/e,360,,n/e,n/e,n/e,n/e,n/e,n/e,n/e,n/e,n/e,n/e,n/e,n/e,4,,n/e,n/e,n/e,n/e,n/e,n/e,0,,n/e,n/e,0,,n/e,n/e,n/e,n/e,7,
20:00 - 21:00,60,,n/e,n/e,n/e,n/e,358,,n/e,n/e,n/e,n/e,n/e,n/e,n/e,n/e,n/e,n/e,n/e,n/e,6,,n/e,n/e,n/e,n/e,n/e,n/e,0,,n/e,n/e,0,,n/e,n/e,n/e,n/e,5,
21:00 - 22:00,58,,n/e,n/e,n/e,n/e,313,,n/e,n/e,n/e,n/e,n/e,n/e,n/e,n/e,n/e,n/e,n/e,n/e,14,,n/e,n/e,n/e,n/e,n/e,n/e,0,,n/e,n/e,0,,n/e,n/e,n/e,n/e,7,
22:00 - 23:00,55,,n/e,n/e,n/e,n/e,219,,n/e,n/e,n/e,n/e,n/e,n/e,n/e,n/e,n/e,n/e,n/e,n/e,4,,n/e,n/e,n/e,n/e,n/e,n/e,0,,n/e,n/e,0,,n/e,n/e,n/e,n/e,7,
23:00 - 00:00,55,,n/e,n/e,n/e,n/e,218,,n/e,n/e,n/e,n/e,n/e,n/e,n/e,n/e,n/e,n/e,n/e,n/e,4,,n/e,n/e,n/e,n/e,n/e,n/e,0,,n/e,n/e,0,,n/e,n/e,n/e,n/e,7,
00:00 - 01:00,57,,n/e,n/e,n/e,n/e,219,,n/e,n/e,n/e,n/e,n/e,n/e,n/e,n/e,n/e,n/e,n/e,n/e,4,,n/e,n/e,n/e,n/e,n/e,n/e,0,,n/e,n/e,0,,n/e,n/e,n/e,n/e,5,
01:00 - 02:00,57,,n/e,n/e,n/e,n/e,257,,n/e,n/e,n/e,n/e,n/e,n/e,n/e,n/e,n/e,n/e,n/e,n/e,4,,n/e,n/e,n/e,n/e,n/e,n/e,0,,n/e,n/e,0,,n/e,n/e,n/e,n/e,9,
02:00 - 03:00,56,,n/e,n/e,n/e,n/e,259,,n/e,n/e,n/e,n/e,n/e,n/e,n/e,n/e,n/e,n/e,n/e,n/e,3,,n/e,n/e,n/e,n/e,n/e,n/e,0,,n/e,n/e,0,,n/e,n/e,n/e,n/e,9,
03:00 - 04:00,56,,n/e,n/e,n/e,n/e,259,,n/e,n/e,n/e,n/e,n/e,n/e,n/e,n/e,n/e,n/e,n/e,n/e,4,,n/e,n/e,n/e,n/e,n/e,n/e,0,,n/e,n/e,0,,n/e,n/e,n/e,n/e,5,
04:00 - 05:00,58,,n/e,n/e,n/e,n/e,259,,n/e,n/e,n/e,n/e,n/e,n/e,n/e,n/e,n/e,n/e,n/e,n/e,8,,n/e,n/e,n/e,n/e,n/e,n/e,0,,n/e,n/e,0,,n/e,n/e,n/e,n/e,6,
05:00 - 06:00,58,,n/e,n/e,n/e,n/e,259,,n/e,n/e,n/e,n/e,n/e,n/e,n/e,n/e,n/e,n/e,n/e,n/e,99,,n/e,n/e,n/e,n/e,n/e,n/e,0,,n/e,n/e,0,,n/e,n/e,n/e,n/e,3,
06:00 - 07:00,59,,n/e,n/e,n/e,n/e,259,,n/e,n/e,n/e,n/e,n/e,n/e,n/e,n/e,n/e,n/e,n/e,n/e,103,,n/e,n/e,n/e,n/e,n/e,n/e,0,,n/e,n/e,2,,n/e,n/e,n/e,n/e,5,
07:00 - 08:00,59,,n/e,n/e,n/e,n/e,259,,n/e,n/e,n/e,n/e,n/e,n/e,n/e,n/e,n/e,n/e,n/e,n/e,108,,n/e,n/e,n/e,n/e,n/e,n/e,0,,n/e,n/e,8,,n/e,n/e,n/e,n/e,2,
08:00 - 09:00,59,,n/e,n/e,n/e,n/e,261,,n/e,n/e,n/e,n/e,n/e,n/e,n/e,n/e,n/e,n/e,n/e,n/e,112,,n/e,n/e,n/e,n/e,n/e,n/e,0,,n/e,n/e,18,,n/e,n/e,n/e,n/e,1,
09:00 - 10:00,59,,n/e,n/e,n/e,n/e,319,,n/e,n/e,n/e,n/e,n/e,n/e,n/e,n/e,n/e,n/e,n/e,n/e,109,,n/e,n/e,n/e,n/e,n/e,n/e,0,,n/e,n/e,25,,n/e,n/e,n/e,n/e,1,
10:00 - 11:00,59,,n/e,n/e,n/e,n/e,318,,n/e,n/e,n/e,n/e,n/e,n/e,n/e,n/e,n/e,n/e,n/e,n/e,56,,n/e,n/e,n/e,n/e,n/e,n/e,0,,n/e,n/e,27,,n/e,n/e,n/e,n/e,1,
11:00 - 12:00,60,,n/e,n/e,n/e,n/e,319,,n/e,n/e,n/e,n/e,n/e,n/e,n/e,n/e,n/e,n/e,n/e,n/e,57,,n/e,n/e,n/e,n/e,n/e,n/e,0,,n/e,n/e,21,,n/e,n/e,n/e,n/e,2,
12:00 - 13:00,59,,n/e,n/e,n/e,n/e,345,,n/e,n/e,n/e,n/e,n/e,n/e,n/e,n/e,n/e,n/e,n/e,n/e,54,,n/e,n/e,n/e,n/e,n/e,n/e,0,,n/e,n/e,12,,n/e,n/e,n/e,n/e,1,
13:00 - 14:00,57,,n/e,n/e,n/e,n/e,349,,n/e,n/e,n/e,n/e,n/e,n/e,n/e,n/e,n/e,n/e,n/e,n/e,32,,n/e,n/e,n/e,n/e,n/e,n/e,0,,n/e,n/e,4,,n/e,n/e,n/e,n/e,0,
14:00 - 15:00,56,,n/e,n/e,n/e,n/e,349,,n/e,n/e,n/e,n/e,n/e,n/e,n/e,n/e,n/e,n/e,n/e,n/e,175,,n/e,n/e,n/e,n/e,n/e,n/e,0,,n/e,n/e,0,,n/e,n/e,n/e,n/e,0,
15:00 - 16:00,56,,n/e,n/e,n/e,n/e,349,,n/e,n/e,n/e,n/e,n/e,n/e,n/e,n/e,n/e,n/e,n/e,n/e,350,,n/e,n/e,n/e,n/e,n/e,n/e,0,,n/e,n/e,0,,n/e,n/e,n/e,n/e,3,
16:00 - 17:00,55,,n/e,n/e,n/e,n/e,349,,n/e,n/e,n/e,n/e,n/e,n/e,n/e,n/e,n/e,n/e,n/e,n/e,355,,n/e,n/e,n/e,n/e,n/e,n/e,0,,n/e,n/e,0,,n/e,n/e,n/e,n/e,3,
17:00 - 18:00,58,,n/e,n/e,n/e,n/e,349,,n/e,n/e,n/e,n/e,n/e,n/e,n/e,n/e,n/e,n/e,n/e,n/e,355,,n/e,n/e,n/e,n/e,n/e,n/e,0,,n/e,n/e,0,,n/e,n/e,n/e,n/e,0,
18:00 - 19:00,58,,n/e,n/e,n/e,n/e,349,,n/e,n/e,n/e,n/e,n/e,n/e,n/e,n/e,n/e,n/e,n/e,n/e,352,,n/e,n/e,n/e,n/e,n/e,n/e,0,,n/e,n/e,0,,n/e,n/e,n/e,n/e,1,
19:00 - 20:00,57,,n/e,n/e,n/e,n/e,349,,n/e,n/e,n/e,n/e,n/e,n/e,n/e,n/e,n/e,n/e,n/e,n/e,275,,n/e,n/e,n/e,n/e,n/e,n/e,0,,n/e,n/e,0,,n/e,n/e,n/e,n/e,1,
20:00 - 21:00,56,,n/e,n/e,n/e,n/e,285,,n/e,n/e,n/e,n/e,n/e,n/e,n/e,n/e,n/e,n/e,n/e,n/e,268,,n/e,n/e,n/e,n/e,n/e,n/e,0,,n/e,n/e,0,,n/e,n/e,n/e,n/e,1,
21:00 - 22:00,54,,n/e,n/e,n/e,n/e,246,,n/e,n/e,n/e,n/e,n/e,n/e,n/e,n/e,n/e,n/e,n/e,n/e,184,,n/e,n/e,n/e,n/e,n/e,n/e,0,,n/e,n/e,0,,n/e,n/e,n/e,n/e,0,
22:00 - 23:00,52,,n/e,n/e,n/e,n/e,197,,n/e,n/e,n/e,n/e,n/e,n/e,n/e,n/e,n/e,n/e,n/e,n/e,179,,n/e,n/e,n/e,n/e,n/e,n/e,0,,n/e,n/e,0,,n/e,n/e,n/e,n/e,0,
23:00 - 00:00,51,,n/e,n/e,n/e,n/e,197,,n/e,n/e,n/e,n/e,n/e,n/e,n/e,n/e,n/e,n/e,n/e,n/e,4,,n/e,n/e,n/e,n/e,n/e,n/e,0,,n/e,n/e,0,,n/e,n/e,n/e,n/e,0,
00:00 - 01:00,53,,n/e,n/e,n/e,n/e,197,,n/e,n/e,n/e,n/e,n/e,n/e,n/e,n/e,n/e,n/e,n/e,n/e,4,,n/e,n/e,n/e,n/e,n/e,n/e,0,,n/e,n/e,0,,n/e,n/e,n/e,n/e,0,
01:00 - 02:00,56,,n/e,n/e,n/e,n/e,197,,n/e,n/e,n/e,n/e,n/e,n/e,n/e,n/e,n/e,n/e,n/e,n/e,3,,n/e,n/e,n/e,n/e,n/e,n/e,0,,n/e,n/e,0,,n/e,n/e,n/e,n/e,0,
02:00 - 03:00,58,,n/e,n/e,n/e,n/e,199,,n/e,n/e,n/e,n/e,n/e,n/e,n/e,n/e,n/e,n/e,n/e,n/e,6,,n/e,n/e,n/e,n/e,n/e,n/e,0,,n/e,n/e,0,,n/e,n/e,n/e,n/e,0,
03:00 - 04:00,58,,n/e,n/e,n/e,n/e,199,,n/e,n/e,n/e,n/e,n/e,n/e,n/e,n/e,n/e,n/e,n/e,n/e,3,,n/e,n/e,n/e,n/e,n/e,n/e,0,,n/e,n/e,0,,n/e,n/e,n/e,n/e,0,
04:00 - 05:00,59,,n/e,n/e,n/e,n/e,251,,n/e,n/e,n/e,n/e,n/e,n/e,n/e,n/e,n/e,n/e,n/e,n/e,6,,n/e,n/e,n/e,n/e,n/e,n/e,0,,n/e,n/e,0,,n/e,n/e,n/e,n/e,0,
05:00 - 06:00,59,,n/e,n/e,n/e,n/e,248,,n/e,n/e,n/e,n/e,n/e,n/e,n/e,n/e,n/e,n/e,n/e,n/e,4,,n/e,n/e,n/e,n/e,n/e,n/e,0,,n/e,n/e,0,,n/e,n/e,n/e,n/e,1,
06:00 - 07:00,59,,n/e,n/e,n/e,n/e,249,,n/e,n/e,n/e,n/e,n/e,n/e,n/e,n/e,n/e,n/e,n/e,n/e,4,,n/e,n/e,n/e,n/e,n/e,n/e,0,,n/e,n/e,6,,n/e,n/e,n/e,n/e,1,
07:00 - 08:00,59,,n/e,n/e,n/e,n/e,249,,n/e,n/e,n/e,n/e,n/e,n/e,n/e,n/e,n/e,n/e,n/e,n/e,4,,n/e,n/e,n/e,n/e,n/e,n/e,0,,n/e,n/e,20,,n/e,n/e,n/e,n/e,3,
08:00 - 09:00,60,,n/e,n/e,n/e,n/e,249,,n/e,n/e,n/e,n/e,n/e,n/e,n/e,n/e,n/e,n/e,n/e,n/e,4,,n/e,n/e,n/e,n/e,n/e,n/e,0,,n/e,n/e,33,,n/e,n/e,n/e,n/e,4,
09:00 - 10:00,60,,n/e,n/e,n/e,n/e,249,,n/e,n/e,n/e,n/e,n/e,n/e,n/e,n/e,n/e,n/e,n/e,n/e,11,,n/e,n/e,n/e,n/e,n/e,n/e,0,,n/e,n/e,39,,n/e,n/e,n/e,n/e,2,
10:00 - 11:00,61,,n/e,n/e,n/e,n/e,249,,n/e,n/e,n/e,n/e,n/e,n/e,n/e,n/e,n/e,n/e,n/e,n/e,21,,n/e,n/e,n/e,n/e,n/e,n/e,0,,n/e,n/e,34,,n/e,n/e,n/e,n/e,2,
11:00 - 12:00,59,,n/e,n/e,n/e,n/e,249,,n/e,n/e,n/e,n/e,n/e,n/e,n/e,n/e,n/e,n/e,n/e,n/e,165,,n/e,n/e,n/e,n/e,n/e,n/e,0,,n/e,n/e,24,,n/e,n/e,n/e,n/e,3,
12:00 - 13:00,58,,n/e,n/e,n/e,n/e,249,,n/e,n/e,n/e,n/e,n/e,n/e,n/e,n/e,n/e,n/e,n/e,n/e,208,,n/e,n/e,n/e,n/e,n/e,n/e,0,,n/e,n/e,13,,n/e,n/e,n/e,n/e,3,
13:00 - 14:00,59,,n/e,n/e,n/e,n/e,259,,n/e,n/e,n/e,n/e,n/e,n/e,n/e,n/e,n/e,n/e,n/e,n/e,294,,n/e,n/e,n/e,n/e,n/e,n/e,0,,n/e,n/e,4,,n/e,n/e,n/e,n/e,3,
14:00 - 15:00,59,,n/e,n/e,n/e,n/e,259,,n/e,n/e,n/e,n/e,n/e,n/e,n/e,n/e,n/e,n/e,n/e,n/e,428,,n/e,n/e,n/e,n/e,n/e,n/e,0,,n/e,n/e,0,,n/e,n/e,n/e,n/e,1,
15:00 - 16:00,59,,n/e,n/e,n/e,n/e,259,,n/e,n/e,n/e,n/e,n/e,n/e,n/e,n/e,n/e,n/e,n/e,n/e,469,,n/e,n/e,n/e,n/e,n/e,n/e,0,,n/e,n/e,0,,n/e,n/e,n/e,n/e,1,
16:00 - 17:00,59,,n/e,n/e,n/e,n/e,268,,n/e,n/e,n/e,n/e,n/e,n/e,n/e,n/e,n/e,n/e,n/e,n/e,473,,n/e,n/e,n/e,n/e,n/e,n/e,0,,n/e,n/e,0,,n/e,n/e,n/e,n/e,2,
17:00 - 18:00,60,,n/e,n/e,n/e,n/e,348,,n/e,n/e,n/e,n/e,n/e,n/e,n/e,n/e,n/e,n/e,n/e,n/e,450,,n/e,n/e,n/e,n/e,n/e,n/e,0,,n/e,n/e,0,,n/e,n/e,n/e,n/e,4,
18:00 - 19:00,60,,n/e,n/e,n/e,n/e,345,,n/e,n/e,n/e,n/e,n/e,n/e,n/e,n/e,n/e,n/e,n/e,n/e,361,,n/e,n/e,n/e,n/e,n/e,n/e,0,,n/e,n/e,0,,n/e,n/e,n/e,n/e,6,
19:00 - 20:00,59,,n/e,n/e,n/e,n/e,251,,n/e,n/e,n/e,n/e,n/e,n/e,n/e,n/e,n/e,n/e,n/e,n/e,306,,n/e,n/e,n/e,n/e,n/e,n/e,0,,n/e,n/e,0,,n/e,n/e,n/e,n/e,4,
20:00 - 21:00,58,,n/e,n/e,n/e,n/e,249,,n/e,n/e,n/e,n/e,n/e,n/e,n/e,n/e,n/e,n/e,n/e,n/e,132,,n/e,n/e,n/e,n/e,n/e,n/e,0,,n/e,n/e,0,,n/e,n/e,n/e,n/e,4,
21:00 - 22:00,55,,n/e,n/e,n/e,n/e,247,,n/e,n/e,n/e,n/e,n/e,n/e,n/e,n/e,n/e,n/e,n/e,n/e,20,,n/e,n/e,n/e,n/e,n/e,n/e,0,,n/e,n/e,0,,n/e,n/e,n/e,n/e,4,
22:00 - 23:00,53,,n/e,n/e,n/e,n/e,192,,n/e,n/e,n/e,n/e,n/e,n/e,n/e,n/e,n/e,n/e,n/e,n/e,3,,n/e,n/e,n/e,n/e,n/e,n/e,0,,n/e,n/e,0,,n/e,n/e,n/e,n/e,5,
23:00 - 00:00,49,,n/e,n/e,n/e,n/e,192,,n/e,n/e,n/e,n/e,n/e,n/e,n/e,n/e,n/e,n/e,n/e,n/e,3,,n/e,n/e,n/e,n/e,n/e,n/e,0,,n/e,n/e,0,,n/e,n/e,n/e,n/e,4,
00:00 - 01:00,49,,n/e,n/e,n/e,n/e,192,,n/e,n/e,n/e,n/e,n/e,n/e,n/e,n/e,n/e,n/e,n/e,n/e,3,,n/e,n/e,n/e,n/e,n/e,n/e,0,,n/e,n/e,0,,n/e,n/e,n/e,n/e,8,
01:00 - 02:00,51,,n/e,n/e,n/e,n/e,192,,n/e,n/e,n/e,n/e,n/e,n/e,n/e,n/e,n/e,n/e,n/e,n/e,3,,n/e,n/e,n/e,n/e,n/e,n/e,0,,n/e,n/e,0,,n/e,n/e,n/e,n/e,9,
02:00 - 03:00,51,,n/e,n/e,n/e,n/e,192,,n/e,n/e,n/e,n/e,n/e,n/e,n/e,n/e,n/e,n/e,n/e,n/e,11,,n/e,n/e,n/e,n/e,n/e,n/e,0,,n/e,n/e,0,,n/e,n/e,n/e,n/e,9,
03:00 - 04:00,55,,n/e,n/e,n/e,n/e,198,,n/e,n/e,n/e,n/e,n/e,n/e,n/e,n/e,n/e,n/e,n/e,n/e,7,,n/e,n/e,n/e,n/e,n/e,n/e,0,,n/e,n/e,0,,n/e,n/e,n/e,n/e,9,
04:00 - 05:00,56,,n/e,n/e,n/e,n/e,275,,n/e,n/e,n/e,n/e,n/e,n/e,n/e,n/e,n/e,n/e,n/e,n/e,4,,n/e,n/e,n/e,n/e,n/e,n/e,0,,n/e,n/e,0,,n/e,n/e,n/e,n/e,13,
05:00 - 06:00,57,,n/e,n/e,n/e,n/e,297,,n/e,n/e,n/e,n/e,n/e,n/e,n/e,n/e,n/e,n/e,n/e,n/e,95,,n/e,n/e,n/e,n/e,n/e,n/e,0,,n/e,n/e,0,,n/e,n/e,n/e,n/e,14,
06:00 - 07:00,58,,n/e,n/e,n/e,n/e,311,,n/e,n/e,n/e,n/e,n/e,n/e,n/e,n/e,n/e,n/e,n/e,n/e,102,,n/e,n/e,n/e,n/e,n/e,n/e,0,,n/e,n/e,2,,n/e,n/e,n/e,n/e,16,
07:00 - 08:00,60,,n/e,n/e,n/e,n/e,315,,n/e,n/e,n/e,n/e,n/e,n/e,n/e,n/e,n/e,n/e,n/e,n/e,75,,n/e,n/e,n/e,n/e,n/e,n/e,0,,n/e,n/e,6,,n/e,n/e,n/e,n/e,18,
08:00 - 09:00,60,,n/e,n/e,n/e,n/e,332,,n/e,n/e,n/e,n/e,n/e,n/e,n/e,n/e,n/e,n/e,n/e,n/e,87,,n/e,n/e,n/e,n/e,n/e,n/e,0,,n/e,n/e,12,,n/e,n/e,n/e,n/e,19,
09:00 - 10:00,60,,n/e,n/e,n/e,n/e,397,,n/e,n/e,n/e,n/e,n/e,n/e,n/e,n/e,n/e,n/e,n/e,n/e,85,,n/e,n/e,n/e,n/e,n/e,n/e,0,,n/e,n/e,15,,n/e,n/e,n/e,n/e,19,
10:00 - 11:00,60,,n/e,n/e,n/e,n/e,355,,n/e,n/e,n/e,n/e,n/e,n/e,n/e,n/e,n/e,n/e,n/e,n/e,13,,n/e,n/e,n/e,n/e,n/e,n/e,0,,n/e,n/e,18,,n/e,n/e,n/e,n/e,19,
11:00 - 12:00,59,,n/e,n/e,n/e,n/e,358,,n/e,n/e,n/e,n/e,n/e,n/e,n/e,n/e,n/e,n/e,n/e,n/e,21,,n/e,n/e,n/e,n/e,n/e,n/e,0,,n/e,n/e,15,,n/e,n/e,n/e,n/e,19,
12:00 - 13:00,58,,n/e,n/e,n/e,n/e,353,,n/e,n/e,n/e,n/e,n/e,n/e,n/e,n/e,n/e,n/e,n/e,n/e,104,,n/e,n/e,n/e,n/e,n/e,n/e,0,,n/e,n/e,9,,n/e,n/e,n/e,n/e,20,
13:00 - 14:00,59,,n/e,n/e,n/e,n/e,353,,n/e,n/e,n/e,n/e,n/e,n/e,n/e,n/e,n/e,n/e,n/e,n/e,198,,n/e,n/e,n/e,n/e,n/e,n/e,0,,n/e,n/e,3,,n/e,n/e,n/e,n/e,17,
14:00 - 15:00,58,,n/e,n/e,n/e,n/e,353,,n/e,n/e,n/e,n/e,n/e,n/e,n/e,n/e,n/e,n/e,n/e,n/e,384,,n/e,n/e,n/e,n/e,n/e,n/e,0,,n/e,n/e,0,,n/e,n/e,n/e,n/e,15,
15:00 - 16:00,58,,n/e,n/e,n/e,n/e,353,,n/e,n/e,n/e,n/e,n/e,n/e,n/e,n/e,n/e,n/e,n/e,n/e,394,,n/e,n/e,n/e,n/e,n/e,n/e,0,,n/e,n/e,0,,n/e,n/e,n/e,n/e,11,
16:00 - 17:00,58,,n/e,n/e,n/e,n/e,354,,n/e,n/e,n/e,n/e,n/e,n/e,n/e,n/e,n/e,n/e,n/e,n/e,379,,n/e,n/e,n/e,n/e,n/e,n/e,0,,n/e,n/e,0,,n/e,n/e,n/e,n/e,14,
17:00 - 18:00,59,,n/e,n/e,n/e,n/e,354,,n/e,n/e,n/e,n/e,n/e,n/e,n/e,n/e,n/e,n/e,n/e,n/e,373,,n/e,n/e,n/e,n/e,n/e,n/e,0,,n/e,n/e,0,,n/e,n/e,n/e,n/e,12,
18:00 - 19:00,59,,n/e,n/e,n/e,n/e,354,,n/e,n/e,n/e,n/e,n/e,n/e,n/e,n/e,n/e,n/e,n/e,n/e,283,,n/e,n/e,n/e,n/e,n/e,n/e,0,,n/e,n/e,0,,n/e,n/e,n/e,n/e,10,
19:00 - 20:00,58,,n/e,n/e,n/e,n/e,351,,n/e,n/e,n/e,n/e,n/e,n/e,n/e,n/e,n/e,n/e,n/e,n/e,74,,n/e,n/e,n/e,n/e,n/e,n/e,0,,n/e,n/e,0,,n/e,n/e,n/e,n/e,9,
20:00 - 21:00,57,,n/e,n/e,n/e,n/e,351,,n/e,n/e,n/e,n/e,n/e,n/e,n/e,n/e,n/e,n/e,n/e,n/e,3,,n/e,n/e,n/e,n/e,n/e,n/e,0,,n/e,n/e,0,,n/e,n/e,n/e,n/e,14,
21:00 - 22:00,56,,n/e,n/e,n/e,n/e,354,,n/e,n/e,n/e,n/e,n/e,n/e,n/e,n/e,n/e,n/e,n/e,n/e,3,,n/e,n/e,n/e,n/e,n/e,n/e,0,,n/e,n/e,0,,n/e,n/e,n/e,n/e,18,
22:00 - 23:00,53,,n/e,n/e,n/e,n/e,491,,n/e,n/e,n/e,n/e,n/e,n/e,n/e,n/e,n/e,n/e,n/e,n/e,8,,n/e,n/e,n/e,n/e,n/e,n/e,0,,n/e,n/e,0,,n/e,n/e,n/e,n/e,18,
23:00 - 00:00,53,,n/e,n/e,n/e,n/e,579,,n/e,n/e,n/e,n/e,n/e,n/e,n/e,n/e,n/e,n/e,n/e,n/e,193,,n/e,n/e,n/e,n/e,n/e,n/e,0,,n/e,n/e,0,,n/e,n/e,n/e,n/e,21,
00:00 - 01:00,54,,n/e,n/e,n/e,n/e,579,,n/e,n/e,n/e,n/e,n/e,n/e,n/e,n/e,n/e,n/e,n/e,n/e,106,,n/e,n/e,n/e,n/e,n/e,n/e,0,,n/e,n/e,0,,n/e,n/e,n/e,n/e,16,
01:00 - 02:00,55,,n/e,n/e,n/e,n/e,579,,n/e,n/e,n/e,n/e,n/e,n/e,n/e,n/e,n/e,n/e,n/e,n/e,109,,n/e,n/e,n/e,n/e,n/e,n/e,0,,n/e,n/e,0,,n/e,n/e,n/e,n/e,12,
02:00 - 03:00,57,,n/e,n/e,n/e,n/e,581,,n/e,n/e,n/e,n/e,n/e,n/e,n/e,n/e,n/e,n/e,n/e,n/e,159,,n/e,n/e,n/e,n/e,n/e,n/e,0,,n/e,n/e,0,,n/e,n/e,n/e,n/e,10,
03:00 - 04:00,59,,n/e,n/e,n/e,n/e,586,,n/e,n/e,n/e,n/e,n/e,n/e,n/e,n/e,n/e,n/e,n/e,n/e,160,,n/e,n/e,n/e,n/e,n/e,n/e,0,,n/e,n/e,0,,n/e,n/e,n/e,n/e,14,
04:00 - 05:00,59,,n/e,n/e,n/e,n/e,728,,n/e,n/e,n/e,n/e,n/e,n/e,n/e,n/e,n/e,n/e,n/e,n/e,168,,n/e,n/e,n/e,n/e,n/e,n/e,0,,n/e,n/e,0,,n/e,n/e,n/e,n/e,21,
05:00 - 06:00,59,,n/e,n/e,n/e,n/e,732,,n/e,n/e,n/e,n/e,n/e,n/e,n/e,n/e,n/e,n/e,n/e,n/e,161,,n/e,n/e,n/e,n/e,n/e,n/e,0,,n/e,n/e,0,,n/e,n/e,n/e,n/e,22,
06:00 - 07:00,60,,n/e,n/e,n/e,n/e,737,,n/e,n/e,n/e,n/e,n/e,n/e,n/e,n/e,n/e,n/e,n/e,n/e,160,,n/e,n/e,n/e,n/e,n/e,n/e,0,,n/e,n/e,2,,n/e,n/e,n/e,n/e,10,
07:00 - 08:00,61,,n/e,n/e,n/e,n/e,736,,n/e,n/e,n/e,n/e,n/e,n/e,n/e,n/e,n/e,n/e,n/e,n/e,119,,n/e,n/e,n/e,n/e,n/e,n/e,0,,n/e,n/e,11,,n/e,n/e,n/e,n/e,9,
08:00 - 09:00,62,,n/e,n/e,n/e,n/e,738,,n/e,n/e,n/e,n/e,n/e,n/e,n/e,n/e,n/e,n/e,n/e,n/e,144,,n/e,n/e,n/e,n/e,n/e,n/e,0,,n/e,n/e,19,,n/e,n/e,n/e,n/e,10,
09:00 - 10:00,62,,n/e,n/e,n/e,n/e,737,,n/e,n/e,n/e,n/e,n/e,n/e,n/e,n/e,n/e,n/e,n/e,n/e,38,,n/e,n/e,n/e,n/e,n/e,n/e,0,,n/e,n/e,25,,n/e,n/e,n/e,n/e,13,
10:00 - 11:00,61,,n/e,n/e,n/e,n/e,736,,n/e,n/e,n/e,n/e,n/e,n/e,n/e,n/e,n/e,n/e,n/e,n/e,39,,n/e,n/e,n/e,n/e,n/e,n/e,0,,n/e,n/e,27,,n/e,n/e,n/e,n/e,8,
11:00 - 12:00,60,,n/e,n/e,n/e,n/e,755,,n/e,n/e,n/e,n/e,n/e,n/e,n/e,n/e,n/e,n/e,n/e,n/e,23,,n/e,n/e,n/e,n/e,n/e,n/e,0,,n/e,n/e,22,,n/e,n/e,n/e,n/e,9,
12:00 - 13:00,59,,n/e,n/e,n/e,n/e,755,,n/e,n/e,n/e,n/e,n/e,n/e,n/e,n/e,n/e,n/e,n/e,n/e,109,,n/e,n/e,n/e,n/e,n/e,n/e,0,,n/e,n/e,13,,n/e,n/e,n/e,n/e,11,
13:00 - 14:00,61,,n/e,n/e,n/e,n/e,756,,n/e,n/e,n/e,n/e,n/e,n/e,n/e,n/e,n/e,n/e,n/e,n/e,217,,n/e,n/e,n/e,n/e,n/e,n/e,0,,n/e,n/e,4,,n/e,n/e,n/e,n/e,9,
14:00 - 15:00,63,,n/e,n/e,n/e,n/e,778,,n/e,n/e,n/e,n/e,n/e,n/e,n/e,n/e,n/e,n/e,n/e,n/e,285,,n/e,n/e,n/e,n/e,n/e,n/e,0,,n/e,n/e,0,,n/e,n/e,n/e,n/e,6,
15:00 - 16:00,65,,n/e,n/e,n/e,n/e,779,,n/e,n/e,n/e,n/e,n/e,n/e,n/e,n/e,n/e,n/e,n/e,n/e,375,,n/e,n/e,n/e,n/e,n/e,n/e,0,,n/e,n/e,0,,n/e,n/e,n/e,n/e,3,
16:00 - 17:00,67,,n/e,n/e,n/e,n/e,779,,n/e,n/e,n/e,n/e,n/e,n/e,n/e,n/e,n/e,n/e,n/e,n/e,441,,n/e,n/e,n/e,n/e,n/e,n/e,0,,n/e,n/e,0,,n/e,n/e,n/e,n/e,7,
17:00 - 18:00,67,,n/e,n/e,n/e,n/e,774,,n/e,n/e,n/e,n/e,n/e,n/e,n/e,n/e,n/e,n/e,n/e,n/e,376,,n/e,n/e,n/e,n/e,n/e,n/e,0,,n/e,n/e,0,,n/e,n/e,n/e,n/e,2,
18:00 - 19:00,63,,n/e,n/e,n/e,n/e,682,,n/e,n/e,n/e,n/e,n/e,n/e,n/e,n/e,n/e,n/e,n/e,n/e,244,,n/e,n/e,n/e,n/e,n/e,n/e,0,,n/e,n/e,0,,n/e,n/e,n/e,n/e,1,
19:00 - 20:00,62,,n/e,n/e,n/e,n/e,611,,n/e,n/e,n/e,n/e,n/e,n/e,n/e,n/e,n/e,n/e,n/e,n/e,139,,n/e,n/e,n/e,n/e,n/e,n/e,0,,n/e,n/e,0,,n/e,n/e,n/e,n/e,1,
20:00 - 21:00,61,,n/e,n/e,n/e,n/e,592,,n/e,n/e,n/e,n/e,n/e,n/e,n/e,n/e,n/e,n/e,n/e,n/e,94,,n/e,n/e,n/e,n/e,n/e,n/e,0,,n/e,n/e,0,,n/e,n/e,n/e,n/e,1,
21:00 - 22:00,59,,n/e,n/e,n/e,n/e,460,,n/e,n/e,n/e,n/e,n/e,n/e,n/e,n/e,n/e,n/e,n/e,n/e,110,,n/e,n/e,n/e,n/e,n/e,n/e,0,,n/e,n/e,0,,n/e,n/e,n/e,n/e,1,
22:00 - 23:00,58,,n/e,n/e,n/e,n/e,306,,n/e,n/e,n/e,n/e,n/e,n/e,n/e,n/e,n/e,n/e,n/e,n/e,168,,n/e,n/e,n/e,n/e,n/e,n/e,0,,n/e,n/e,0,,n/e,n/e,n/e,n/e,1,
23:00 - 00:00,57,,n/e,n/e,n/e,n/e,300,,n/e,n/e,n/e,n/e,n/e,n/e,n/e,n/e,n/e,n/e,n/e,n/e,26,,n/e,n/e,n/e,n/e,n/e,n/e,0,,n/e,n/e,0,,n/e,n/e,n/e,n/e,1,
00:00 - 01:00,57,,n/e,n/e,n/e,n/e,302,,n/e,n/e,n/e,n/e,n/e,n/e,n/e,n/e,n/e,n/e,n/e,n/e,3,,n/e,n/e,n/e,n/e,n/e,n/e,0,,n/e,n/e,0,,n/e,n/e,n/e,n/e,1,
01:00 - 02:00,58,,n/e,n/e,n/e,n/e,360,,n/e,n/e,n/e,n/e,n/e,n/e,n/e,n/e,n/e,n/e,n/e,n/e,3,,n/e,n/e,n/e,n/e,n/e,n/e,0,,n/e,n/e,0,,n/e,n/e,n/e,n/e,1,
02:00 - 03:00,59,,n/e,n/e,n/e,n/e,400,,n/e,n/e,n/e,n/e,n/e,n/e,n/e,n/e,n/e,n/e,n/e,n/e,3,,n/e,n/e,n/e,n/e,n/e,n/e,0,,n/e,n/e,0,,n/e,n/e,n/e,n/e,1,
03:00 - 04:00,59,,n/e,n/e,n/e,n/e,402,,n/e,n/e,n/e,n/e,n/e,n/e,n/e,n/e,n/e,n/e,n/e,n/e,108,,n/e,n/e,n/e,n/e,n/e,n/e,0,,n/e,n/e,0,,n/e,n/e,n/e,n/e,1,
04:00 - 05:00,59,,n/e,n/e,n/e,n/e,402,,n/e,n/e,n/e,n/e,n/e,n/e,n/e,n/e,n/e,n/e,n/e,n/e,118,,n/e,n/e,n/e,n/e,n/e,n/e,0,,n/e,n/e,0,,n/e,n/e,n/e,n/e,2,
05:00 - 06:00,61,,n/e,n/e,n/e,n/e,402,,n/e,n/e,n/e,n/e,n/e,n/e,n/e,n/e,n/e,n/e,n/e,n/e,378,,n/e,n/e,n/e,n/e,n/e,n/e,0,,n/e,n/e,0,,n/e,n/e,n/e,n/e,1,
06:00 - 07:00,61,,n/e,n/e,n/e,n/e,406,,n/e,n/e,n/e,n/e,n/e,n/e,n/e,n/e,n/e,n/e,n/e,n/e,406,,n/e,n/e,n/e,n/e,n/e,n/e,0,,n/e,n/e,3,,n/e,n/e,n/e,n/e,2,
07:00 - 08:00,62,,n/e,n/e,n/e,n/e,406,,n/e,n/e,n/e,n/e,n/e,n/e,n/e,n/e,n/e,n/e,n/e,n/e,440,,n/e,n/e,n/e,n/e,n/e,n/e,0,,n/e,n/e,13,,n/e,n/e,n/e,n/e,3,
08:00 - 09:00,63,,n/e,n/e,n/e,n/e,406,,n/e,n/e,n/e,n/e,n/e,n/e,n/e,n/e,n/e,n/e,n/e,n/e,403,,n/e,n/e,n/e,n/e,n/e,n/e,0,,n/e,n/e,24,,n/e,n/e,n/e,n/e,7,
09:00 - 10:00,63,,n/e,n/e,n/e,n/e,404,,n/e,n/e,n/e,n/e,n/e,n/e,n/e,n/e,n/e,n/e,n/e,n/e,360,,n/e,n/e,n/e,n/e,n/e,n/e,0,,n/e,n/e,29,,n/e,n/e,n/e,n/e,11,
10:00 - 11:00,62,,n/e,n/e,n/e,n/e,404,,n/e,n/e,n/e,n/e,n/e,n/e,n/e,n/e,n/e,n/e,n/e,n/e,357,,n/e,n/e,n/e,n/e,n/e,n/e,0,,n/e,n/e,28,,n/e,n/e,n/e,n/e,10,
11:00 - 12:00,61,,n/e,n/e,n/e,n/e,405,,n/e,n/e,n/e,n/e,n/e,n/e,n/e,n/e,n/e,n/e,n/e,n/e,294,,n/e,n/e,n/e,n/e,n/e,n/e,0,,n/e,n/e,21,,n/e,n/e,n/e,n/e,11,
12:00 - 13:00,59,,n/e,n/e,n/e,n/e,406,,n/e,n/e,n/e,n/e,n/e,n/e,n/e,n/e,n/e,n/e,n/e,n/e,256,,n/e,n/e,n/e,n/e,n/e,n/e,0,,n/e,n/e,13,,n/e,n/e,n/e,n/e,14,
13:00 - 14:00,59,,n/e,n/e,n/e,n/e,406,,n/e,n/e,n/e,n/e,n/e,n/e,n/e,n/e,n/e,n/e,n/e,n/e,282,,n/e,n/e,n/e,n/e,n/e,n/e,0,,n/e,n/e,4,,n/e,n/e,n/e,n/e,17,
14:00 - 15:00,60,,n/e,n/e,n/e,n/e,402,,n/e,n/e,n/e,n/e,n/e,n/e,n/e,n/e,n/e,n/e,n/e,n/e,280,,n/e,n/e,n/e,n/e,n/e,n/e,0,,n/e,n/e,0,,n/e,n/e,n/e,n/e,27,
15:00 - 16:00,63,,n/e,n/e,n/e,n/e,401,,n/e,n/e,n/e,n/e,n/e,n/e,n/e,n/e,n/e,n/e,n/e,n/e,253,,n/e,n/e,n/e,n/e,n/e,n/e,0,,n/e,n/e,0,,n/e,n/e,n/e,n/e,27,
16:00 - 17:00,63,,n/e,n/e,n/e,n/e,400,,n/e,n/e,n/e,n/e,n/e,n/e,n/e,n/e,n/e,n/e,n/e,n/e,182,,n/e,n/e,n/e,n/e,n/e,n/e,0,,n/e,n/e,0,,n/e,n/e,n/e,n/e,24,
17:00 - 18:00,62,,n/e,n/e,n/e,n/e,397,,n/e,n/e,n/e,n/e,n/e,n/e,n/e,n/e,n/e,n/e,n/e,n/e,33,,n/e,n/e,n/e,n/e,n/e,n/e,0,,n/e,n/e,0,,n/e,n/e,n/e,n/e,22,
18:00 - 19:00,59,,n/e,n/e,n/e,n/e,393,,n/e,n/e,n/e,n/e,n/e,n/e,n/e,n/e,n/e,n/e,n/e,n/e,21,,n/e,n/e,n/e,n/e,n/e,n/e,0,,n/e,n/e,0,,n/e,n/e,n/e,n/e,24,
19:00 - 20:00,53,,n/e,n/e,n/e,n/e,381,,n/e,n/e,n/e,n/e,n/e,n/e,n/e,n/e,n/e,n/e,n/e,n/e,20,,n/e,n/e,n/e,n/e,n/e,n/e,0,,n/e,n/e,0,,n/e,n/e,n/e,n/e,28,
20:00 - 21:00,52,,n/e,n/e,n/e,n/e,323,,n/e,n/e,n/e,n/e,n/e,n/e,n/e,n/e,n/e,n/e,n/e,n/e,7,,n/e,n/e,n/e,n/e,n/e,n/e,0,,n/e,n/e,0,,n/e,n/e,n/e,n/e,43,
21:00 - 22:00,51,,n/e,n/e,n/e,n/e,306,,n/e,n/e,n/e,n/e,n/e,n/e,n/e,n/e,n/e,n/e,n/e,n/e,7,,n/e,n/e,n/e,n/e,n/e,n/e,0,,n/e,n/e,0,,n/e,n/e,n/e,n/e,58,
22:00 - 23:00,51,,n/e,n/e,n/e,n/e,212,,n/e,n/e,n/e,n/e,n/e,n/e,n/e,n/e,n/e,n/e,n/e,n/e,3,,n/e,n/e,n/e,n/e,n/e,n/e,0,,n/e,n/e,0,,n/e,n/e,n/e,n/e,54,
23:00 - 00:00,48,,n/e,n/e,n/e,n/e,211,,n/e,n/e,n/e,n/e,n/e,n/e,n/e,n/e,n/e,n/e,n/e,n/e,3,,n/e,n/e,n/e,n/e,n/e,n/e,0,,n/e,n/e,0,,n/e,n/e,n/e,n/e,58,
00:00 - 01:00,48,,n/e,n/e,n/e,n/e,211,,n/e,n/e,n/e,n/e,n/e,n/e,n/e,n/e,n/e,n/e,n/e,n/e,3,,n/e,n/e,n/e,n/e,n/e,n/e,0,,n/e,n/e,0,,n/e,n/e,n/e,n/e,67,
01:00 - 02:00,49,,n/e,n/e,n/e,n/e,211,,n/e,n/e,n/e,n/e,n/e,n/e,n/e,n/e,n/e,n/e,n/e,n/e,3,,n/e,n/e,n/e,n/e,n/e,n/e,0,,n/e,n/e,0,,n/e,n/e,n/e,n/e,64,
02:00 - 03:00,49,,n/e,n/e,n/e,n/e,211,,n/e,n/e,n/e,n/e,n/e,n/e,n/e,n/e,n/e,n/e,n/e,n/e,12,,n/e,n/e,n/e,n/e,n/e,n/e,0,,n/e,n/e,0,,n/e,n/e,n/e,n/e,53,
03:00 - 04:00,50,,n/e,n/e,n/e,n/e,213,,n/e,n/e,n/e,n/e,n/e,n/e,n/e,n/e,n/e,n/e,n/e,n/e,12,,n/e,n/e,n/e,n/e,n/e,n/e,0,,n/e,n/e,0,,n/e,n/e,n/e,n/e,31,
04:00 - 05:00,52,,n/e,n/e,n/e,n/e,314,,n/e,n/e,n/e,n/e,n/e,n/e,n/e,n/e,n/e,n/e,n/e,n/e,19,,n/e,n/e,n/e,n/e,n/e,n/e,0,,n/e,n/e,0,,n/e,n/e,n/e,n/e,25,
05:00 - 06:00,52,,n/e,n/e,n/e,n/e,319,,n/e,n/e,n/e,n/e,n/e,n/e,n/e,n/e,n/e,n/e,n/e,n/e,263,,n/e,n/e,n/e,n/e,n/e,n/e,0,,n/e,n/e,0,,n/e,n/e,n/e,n/e,40,
06:00 - 07:00,54,,n/e,n/e,n/e,n/e,399,,n/e,n/e,n/e,n/e,n/e,n/e,n/e,n/e,n/e,n/e,n/e,n/e,285,,n/e,n/e,n/e,n/e,n/e,n/e,0,,n/e,n/e,2,,n/e,n/e,n/e,n/e,34,
07:00 - 08:00,53,,n/e,n/e,n/e,n/e,403,,n/e,n/e,n/e,n/e,n/e,n/e,n/e,n/e,n/e,n/e,n/e,n/e,287,,n/e,n/e,n/e,n/e,n/e,n/e,0,,n/e,n/e,6,,n/e,n/e,n/e,n/e,18,
08:00 - 09:00,49,,n/e,n/e,n/e,n/e,402,,n/e,n/e,n/e,n/e,n/e,n/e,n/e,n/e,n/e,n/e,n/e,n/e,289,,n/e,n/e,n/e,n/e,n/e,n/e,0,,n/e,n/e,11,,n/e,n/e,n/e,n/e,11,
09:00 - 10:00,46,,n/e,n/e,n/e,n/e,399,,n/e,n/e,n/e,n/e,n/e,n/e,n/e,n/e,n/e,n/e,n/e,n/e,279,,n/e,n/e,n/e,n/e,n/e,n/e,0,,n/e,n/e,14,,n/e,n/e,n/e,n/e,10,
10:00 - 11:00,44,,n/e,n/e,n/e,n/e,400,,n/e,n/e,n/e,n/e,n/e,n/e,n/e,n/e,n/e,n/e,n/e,n/e,365,,n/e,n/e,n/e,n/e,n/e,n/e,0,,n/e,n/e,15,,n/e,n/e,n/e,n/e,14,
11:00 - 12:00,43,,n/e,n/e,n/e,n/e,397,,n/e,n/e,n/e,n/e,n/e,n/e,n/e,n/e,n/e,n/e,n/e,n/e,467,,n/e,n/e,n/e,n/e,n/e,n/e,0,,n/e,n/e,14,,n/e,n/e,n/e,n/e,21,
12:00 - 13:00,42,,n/e,n/e,n/e,n/e,369,,n/e,n/e,n/e,n/e,n/e,n/e,n/e,n/e,n/e,n/e,n/e,n/e,467,,n/e,n/e,n/e,n/e,n/e,n/e,0,,n/e,n/e,11,,n/e,n/e,n/e,n/e,29,
13:00 - 14:00,44,,n/e,n/e,n/e,n/e,368,,n/e,n/e,n/e,n/e,n/e,n/e,n/e,n/e,n/e,n/e,n/e,n/e,460,,n/e,n/e,n/e,n/e,n/e,n/e,0,,n/e,n/e,5,,n/e,n/e,n/e,n/e,32,
14:00 - 15:00,47,,n/e,n/e,n/e,n/e,371,,n/e,n/e,n/e,n/e,n/e,n/e,n/e,n/e,n/e,n/e,n/e,n/e,394,,n/e,n/e,n/e,n/e,n/e,n/e,0,,n/e,n/e,0,,n/e,n/e,n/e,n/e,29,
15:00 - 16:00,51,,n/e,n/e,n/e,n/e,343,,n/e,n/e,n/e,n/e,n/e,n/e,n/e,n/e,n/e,n/e,n/e,n/e,265,,n/e,n/e,n/e,n/e,n/e,n/e,0,,n/e,n/e,0,,n/e,n/e,n/e,n/e,36,
16:00 - 17:00,55,,n/e,n/e,n/e,n/e,297,,n/e,n/e,n/e,n/e,n/e,n/e,n/e,n/e,n/e,n/e,n/e,n/e,186,,n/e,n/e,n/e,n/e,n/e,n/e,0,,n/e,n/e,0,,n/e,n/e,n/e,n/e,36,
17:00 - 18:00,58,,n/e,n/e,n/e,n/e,256,,n/e,n/e,n/e,n/e,n/e,n/e,n/e,n/e,n/e,n/e,n/e,n/e,158,,n/e,n/e,n/e,n/e,n/e,n/e,0,,n/e,n/e,0,,n/e,n/e,n/e,n/e,33,
18:00 - 19:00,58,,n/e,n/e,n/e,n/e,253,,n/e,n/e,n/e,n/e,n/e,n/e,n/e,n/e,n/e,n/e,n/e,n/e,196,,n/e,n/e,n/e,n/e,n/e,n/e,0,,n/e,n/e,0,,n/e,n/e,n/e,n/e,34,
19:00 - 20:00,52,,n/e,n/e,n/e,n/e,221,,n/e,n/e,n/e,n/e,n/e,n/e,n/e,n/e,n/e,n/e,n/e,n/e,191,,n/e,n/e,n/e,n/e,n/e,n/e,0,,n/e,n/e,0,,n/e,n/e,n/e,n/e,35,
20:00 - 21:00,52,,n/e,n/e,n/e,n/e,126,,n/e,n/e,n/e,n/e,n/e,n/e,n/e,n/e,n/e,n/e,n/e,n/e,74,,n/e,n/e,n/e,n/e,n/e,n/e,0,,n/e,n/e,0,,n/e,n/e,n/e,n/e,23,
21:00 - 22:00,50,,n/e,n/e,n/e,n/e,37,,n/e,n/e,n/e,n/e,n/e,n/e,n/e,n/e,n/e,n/e,n/e,n/e,164,,n/e,n/e,n/e,n/e,n/e,n/e,0,,n/e,n/e,0,,n/e,n/e,n/e,n/e,27,
22:00 - 23:00,49,,n/e,n/e,n/e,n/e,0,,n/e,n/e,n/e,n/e,n/e,n/e,n/e,n/e,n/e,n/e,n/e,n/e,259,,n/e,n/e,n/e,n/e,n/e,n/e,0,,n/e,n/e,0,,n/e,n/e,n/e,n/e,33,
23:00 - 00:00,49,,n/e,n/e,n/e,n/e,0,,n/e,n/e,n/e,n/e,n/e,n/e,n/e,n/e,n/e,n/e,n/e,n/e,9,,n/e,n/e,n/e,n/e,n/e,n/e,0,,n/e,n/e,0,,n/e,n/e,n/e,n/e,38,
00:00 - 01:00,49,,n/e,n/e,n/e,n/e,0,,n/e,n/e,n/e,n/e,n/e,n/e,n/e,n/e,n/e,n/e,n/e,n/e,3,,n/e,n/e,n/e,n/e,n/e,n/e,0,,n/e,n/e,0,,n/e,n/e,n/e,n/e,39,
01:00 - 02:00,50,,n/e,n/e,n/e,n/e,0,,n/e,n/e,n/e,n/e,n/e,n/e,n/e,n/e,n/e,n/e,n/e,n/e,3,,n/e,n/e,n/e,n/e,n/e,n/e,0,,n/e,n/e,0,,n/e,n/e,n/e,n/e,39,
02:00 - 03:00,51,,n/e,n/e,n/e,n/e,0,,n/e,n/e,n/e,n/e,n/e,n/e,n/e,n/e,n/e,n/e,n/e,n/e,54,,n/e,n/e,n/e,n/e,n/e,n/e,0,,n/e,n/e,0,,n/e,n/e,n/e,n/e,36,
03:00 - 04:00,55,,n/e,n/e,n/e,n/e,4,,n/e,n/e,n/e,n/e,n/e,n/e,n/e,n/e,n/e,n/e,n/e,n/e,55,,n/e,n/e,n/e,n/e,n/e,n/e,0,,n/e,n/e,0,,n/e,n/e,n/e,n/e,33,
04:00 - 05:00,61,,n/e,n/e,n/e,n/e,6,,n/e,n/e,n/e,n/e,n/e,n/e,n/e,n/e,n/e,n/e,n/e,n/e,164,,n/e,n/e,n/e,n/e,n/e,n/e,0,,n/e,n/e,0,,n/e,n/e,n/e,n/e,37,
05:00 - 06:00,62,,n/e,n/e,n/e,n/e,12,,n/e,n/e,n/e,n/e,n/e,n/e,n/e,n/e,n/e,n/e,n/e,n/e,266,,n/e,n/e,n/e,n/e,n/e,n/e,0,,n/e,n/e,0,,n/e,n/e,n/e,n/e,35,
06:00 - 07:00,62,,n/e,n/e,n/e,n/e,12,,n/e,n/e,n/e,n/e,n/e,n/e,n/e,n/e,n/e,n/e,n/e,n/e,358,,n/e,n/e,n/e,n/e,n/e,n/e,0,,n/e,n/e,8,,n/e,n/e,n/e,n/e,36,
07:00 - 08:00,64,,n/e,n/e,n/e,n/e,12,,n/e,n/e,n/e,n/e,n/e,n/e,n/e,n/e,n/e,n/e,n/e,n/e,395,,n/e,n/e,n/e,n/e,n/e,n/e,0,,n/e,n/e,40,,n/e,n/e,n/e,n/e,23,
08:00 - 09:00,65,,n/e,n/e,n/e,n/e,12,,n/e,n/e,n/e,n/e,n/e,n/e,n/e,n/e,n/e,n/e,n/e,n/e,407,,n/e,n/e,n/e,n/e,n/e,n/e,0,,n/e,n/e,96,,n/e,n/e,n/e,n/e,18,
09:00 - 10:00,66,,n/e,n/e,n/e,n/e,12,,n/e,n/e,n/e,n/e,n/e,n/e,n/e,n/e,n/e,n/e,n/e,n/e,324,,n/e,n/e,n/e,n/e,n/e,n/e,0,,n/e,n/e,111,,n/e,n/e,n/e,n/e,25,
10:00 - 11:00,66,,n/e,n/e,n/e,n/e,12,,n/e,n/e,n/e,n/e,n/e,n/e,n/e,n/e,n/e,n/e,n/e,n/e,326,,n/e,n/e,n/e,n/e,n/e,n/e,0,,n/e,n/e,122,,n/e,n/e,n/e,n/e,28,
11:00 - 12:00,65,,n/e,n/e,n/e,n/e,12,,n/e,n/e,n/e,n/e,n/e,n/e,n/e,n/e,n/e,n/e,n/e,n/e,238,,n/e,n/e,n/e,n/e,n/e,n/e,0,,n/e,n/e,102,,n/e,n/e,n/e,n/e,24,
12:00 - 13:00,62,,n/e,n/e,n/e,n/e,12,,n/e,n/e,n/e,n/e,n/e,n/e,n/e,n/e,n/e,n/e,n/e,n/e,235,,n/e,n/e,n/e,n/e,n/e,n/e,0,,n/e,n/e,66,,n/e,n/e,n/e,n/e,29,
13:00 - 14:00,63,,n/e,n/e,n/e,n/e,12,,n/e,n/e,n/e,n/e,n/e,n/e,n/e,n/e,n/e,n/e,n/e,n/e,171,,n/e,n/e,n/e,n/e,n/e,n/e,0,,n/e,n/e,17,,n/e,n/e,n/e,n/e,23,
14:00 - 15:00,62,,n/e,n/e,n/e,n/e,12,,n/e,n/e,n/e,n/e,n/e,n/e,n/e,n/e,n/e,n/e,n/e,n/e,324,,n/e,n/e,n/e,n/e,n/e,n/e,0,,n/e,n/e,1,,n/e,n/e,n/e,n/e,46,
15:00 - 16:00,60,,n/e,n/e,n/e,n/e,12,,n/e,n/e,n/e,n/e,n/e,n/e,n/e,n/e,n/e,n/e,n/e,n/e,312,,n/e,n/e,n/e,n/e,n/e,n/e,0,,n/e,n/e,1,,n/e,n/e,n/e,n/e,32,
16:00 - 17:00,60,,n/e,n/e,n/e,n/e,12,,n/e,n/e,n/e,n/e,n/e,n/e,n/e,n/e,n/e,n/e,n/e,n/e,271,,n/e,n/e,n/e,n/e,n/e,n/e,0,,n/e,n/e,0,,n/e,n/e,n/e,n/e,26,
17:00 - 18:00,59,,n/e,n/e,n/e,n/e,6,,n/e,n/e,n/e,n/e,n/e,n/e,n/e,n/e,n/e,n/e,n/e,n/e,195,,n/e,n/e,n/e,n/e,n/e,n/e,0,,n/e,n/e,1,,n/e,n/e,n/e,n/e,21,
18:00 - 19:00,51,,n/e,n/e,n/e,n/e,1,,n/e,n/e,n/e,n/e,n/e,n/e,n/e,n/e,n/e,n/e,n/e,n/e,174,,n/e,n/e,n/e,n/e,n/e,n/e,0,,n/e,n/e,1,,n/e,n/e,n/e,n/e,26,
19:00 - 20:00,40,,n/e,n/e,n/e,n/e,0,,n/e,n/e,n/e,n/e,n/e,n/e,n/e,n/e,n/e,n/e,n/e,n/e,167,,n/e,n/e,n/e,n/e,n/e,n/e,0,,n/e,n/e,0,,n/e,n/e,n/e,n/e,31,
20:00 - 21:00,36,,n/e,n/e,n/e,n/e,0,,n/e,n/e,n/e,n/e,n/e,n/e,n/e,n/e,n/e,n/e,n/e,n/e,21,,n/e,n/e,n/e,n/e,n/e,n/e,0,,n/e,n/e,0,,n/e,n/e,n/e,n/e,50,
21:00 - 22:00,36,,n/e,n/e,n/e,n/e,0,,n/e,n/e,n/e,n/e,n/e,n/e,n/e,n/e,n/e,n/e,n/e,n/e,20,,n/e,n/e,n/e,n/e,n/e,n/e,0,,n/e,n/e,0,,n/e,n/e,n/e,n/e,64,
22:00 - 23:00,37,,n/e,n/e,n/e,n/e,0,,n/e,n/e,n/e,n/e,n/e,n/e,n/e,n/e,n/e,n/e,n/e,n/e,3,,n/e,n/e,n/e,n/e,n/e,n/e,0,,n/e,n/e,0,,n/e,n/e,n/e,n/e,72,
23:00 - 00:00,36,,n/e,n/e,n/e,n/e,0,,n/e,n/e,n/e,n/e,n/e,n/e,n/e,n/e,n/e,n/e,n/e,n/e,2,,n/e,n/e,n/e,n/e,n/e,n/e,0,,n/e,n/e,0,,n/e,n/e,n/e,n/e,67,
00:00 - 01:00,36,,n/e,n/e,n/e,n/e,0,,n/e,n/e,n/e,n/e,n/e,n/e,n/e,n/e,n/e,n/e,n/e,n/e,2,,n/e,n/e,n/e,n/e,n/e,n/e,0,,n/e,n/e,0,,n/e,n/e,n/e,n/e,40,
01:00 - 02:00,35,,n/e,n/e,n/e,n/e,0,,n/e,n/e,n/e,n/e,n/e,n/e,n/e,n/e,n/e,n/e,n/e,n/e,2,,n/e,n/e,n/e,n/e,n/e,n/e,0,,n/e,n/e,0,,n/e,n/e,n/e,n/e,42,
02:00 - 03:00,35,,n/e,n/e,n/e,n/e,0,,n/e,n/e,n/e,n/e,n/e,n/e,n/e,n/e,n/e,n/e,n/e,n/e,2,,n/e,n/e,n/e,n/e,n/e,n/e,0,,n/e,n/e,0,,n/e,n/e,n/e,n/e,40,
03:00 - 04:00,35,,n/e,n/e,n/e,n/e,0,,n/e,n/e,n/e,n/e,n/e,n/e,n/e,n/e,n/e,n/e,n/e,n/e,2,,n/e,n/e,n/e,n/e,n/e,n/e,0,,n/e,n/e,0,,n/e,n/e,n/e,n/e,45,
04:00 - 05:00,35,,n/e,n/e,n/e,n/e,0,,n/e,n/e,n/e,n/e,n/e,n/e,n/e,n/e,n/e,n/e,n/e,n/e,2,,n/e,n/e,n/e,n/e,n/e,n/e,0,,n/e,n/e,0,,n/e,n/e,n/e,n/e,49,
05:00 - 06:00,34,,n/e,n/e,n/e,n/e,0,,n/e,n/e,n/e,n/e,n/e,n/e,n/e,n/e,n/e,n/e,n/e,n/e,6,,n/e,n/e,n/e,n/e,n/e,n/e,0,,n/e,n/e,0,,n/e,n/e,n/e,n/e,100,
06:00 - 07:00,33,,n/e,n/e,n/e,n/e,0,,n/e,n/e,n/e,n/e,n/e,n/e,n/e,n/e,n/e,n/e,n/e,n/e,18,,n/e,n/e,n/e,n/e,n/e,n/e,0,,n/e,n/e,3,,n/e,n/e,n/e,n/e,108,
07:00 - 08:00,33,,n/e,n/e,n/e,n/e,0,,n/e,n/e,n/e,n/e,n/e,n/e,n/e,n/e,n/e,n/e,n/e,n/e,35,,n/e,n/e,n/e,n/e,n/e,n/e,0,,n/e,n/e,12,,n/e,n/e,n/e,n/e,110,
08:00 - 09:00,33,,n/e,n/e,n/e,n/e,0,,n/e,n/e,n/e,n/e,n/e,n/e,n/e,n/e,n/e,n/e,n/e,n/e,132,,n/e,n/e,n/e,n/e,n/e,n/e,0,,n/e,n/e,18,,n/e,n/e,n/e,n/e,102,
09:00 - 10:00,33,,n/e,n/e,n/e,n/e,0,,n/e,n/e,n/e,n/e,n/e,n/e,n/e,n/e,n/e,n/e,n/e,n/e,133,,n/e,n/e,n/e,n/e,n/e,n/e,0,,n/e,n/e,17,,n/e,n/e,n/e,n/e,96,
10:00 - 11:00,33,,n/e,n/e,n/e,n/e,0,,n/e,n/e,n/e,n/e,n/e,n/e,n/e,n/e,n/e,n/e,n/e,n/e,139,,n/e,n/e,n/e,n/e,n/e,n/e,0,,n/e,n/e,17,,n/e,n/e,n/e,n/e,98,
11:00 - 12:00,33,,n/e,n/e,n/e,n/e,0,,n/e,n/e,n/e,n/e,n/e,n/e,n/e,n/e,n/e,n/e,n/e,n/e,270,,n/e,n/e,n/e,n/e,n/e,n/e,0,,n/e,n/e,14,,n/e,n/e,n/e,n/e,109,
12:00 - 13:00,33,,n/e,n/e,n/e,n/e,0,,n/e,n/e,n/e,n/e,n/e,n/e,n/e,n/e,n/e,n/e,n/e,n/e,265,,n/e,n/e,n/e,n/e,n/e,n/e,0,,n/e,n/e,9,,n/e,n/e,n/e,n/e,110,
13:00 - 14:00,34,,n/e,n/e,n/e,n/e,0,,n/e,n/e,n/e,n/e,n/e,n/e,n/e,n/e,n/e,n/e,n/e,n/e,256,,n/e,n/e,n/e,n/e,n/e,n/e,0,,n/e,n/e,2,,n/e,n/e,n/e,n/e,111,
14:00 - 15:00,34,,n/e,n/e,n/e,n/e,0,,n/e,n/e,n/e,n/e,n/e,n/e,n/e,n/e,n/e,n/e,n/e,n/e,257,,n/e,n/e,n/e,n/e,n/e,n/e,0,,n/e,n/e,0,,n/e,n/e,n/e,n/e,98,
15:00 - 16:00,34,,n/e,n/e,n/e,n/e,0,,n/e,n/e,n/e,n/e,n/e,n/e,n/e,n/e,n/e,n/e,n/e,n/e,276,,n/e,n/e,n/e,n/e,n/e,n/e,0,,n/e,n/e,0,,n/e,n/e,n/e,n/e,103,
16:00 - 17:00,34,,n/e,n/e,n/e,n/e,0,,n/e,n/e,n/e,n/e,n/e,n/e,n/e,n/e,n/e,n/e,n/e,n/e,248,,n/e,n/e,n/e,n/e,n/e,n/e,0,,n/e,n/e,0,,n/e,n/e,n/e,n/e,107,
17:00 - 18:00,34,,n/e,n/e,n/e,n/e,0,,n/e,n/e,n/e,n/e,n/e,n/e,n/e,n/e,n/e,n/e,n/e,n/e,247,,n/e,n/e,n/e,n/e,n/e,n/e,0,,n/e,n/e,0,,n/e,n/e,n/e,n/e,107,
18:00 - 19:00,33,,n/e,n/e,n/e,n/e,0,,n/e,n/e,n/e,n/e,n/e,n/e,n/e,n/e,n/e,n/e,n/e,n/e,172,,n/e,n/e,n/e,n/e,n/e,n/e,0,,n/e,n/e,0,,n/e,n/e,n/e,n/e,105,
19:00 - 20:00,33,,n/e,n/e,n/e,n/e,0,,n/e,n/e,n/e,n/e,n/e,n/e,n/e,n/e,n/e,n/e,n/e,n/e,166,,n/e,n/e,n/e,n/e,n/e,n/e,0,,n/e,n/e,0,,n/e,n/e,n/e,n/e,53,
20:00 - 21:00,32,,n/e,n/e,n/e,n/e,0,,n/e,n/e,n/e,n/e,n/e,n/e,n/e,n/e,n/e,n/e,n/e,n/e,3,,n/e,n/e,n/e,n/e,n/e,n/e,0,,n/e,n/e,0,,n/e,n/e,n/e,n/e,50,
21:00 - 22:00,32,,n/e,n/e,n/e,n/e,0,,n/e,n/e,n/e,n/e,n/e,n/e,n/e,n/e,n/e,n/e,n/e,n/e,14,,n/e,n/e,n/e,n/e,n/e,n/e,0,,n/e,n/e,0,,n/e,n/e,n/e,n/e,48,
22:00 - 23:00,34,,n/e,n/e,n/e,n/e,0,,n/e,n/e,n/e,n/e,n/e,n/e,n/e,n/e,n/e,n/e,n/e,n/e,2,,n/e,n/e,n/e,n/e,n/e,n/e,0,,n/e,n/e,0,,n/e,n/e,n/e,n/e,46,
23:00 - 00:00,35,,n/e,n/e,n/e,n/e,0,,n/e,n/e,n/e,n/e,n/e,n/e,n/e,n/e,n/e,n/e,n/e,n/e,2,,n/e,n/e,n/e,n/e,n/e,n/e,0,,n/e,n/e,0,,n/e,n/e,n/e,n/e,44,
00:00 - 01:00,35,,n/e,n/e,n/e,n/e,0,,n/e,n/e,n/e,n/e,n/e,n/e,n/e,n/e,n/e,n/e,n/e,n/e,2,,n/e,n/e,n/e,n/e,n/e,n/e,0,,n/e,n/e,0,,n/e,n/e,n/e,n/e,43,
01:00 - 02:00,34,,n/e,n/e,n/e,n/e,0,,n/e,n/e,n/e,n/e,n/e,n/e,n/e,n/e,n/e,n/e,n/e,n/e,2,,n/e,n/e,n/e,n/e,n/e,n/e,0,,n/e,n/e,0,,n/e,n/e,n/e,n/e,46,
02:00 - 03:00,34,,n/e,n/e,n/e,n/e,0,,n/e,n/e,n/e,n/e,n/e,n/e,n/e,n/e,n/e,n/e,n/e,n/e,2,,n/e,n/e,n/e,n/e,n/e,n/e,0,,n/e,n/e,0,,n/e,n/e,n/e,n/e,46,
03:00 - 04:00,34,,n/e,n/e,n/e,n/e,0,,n/e,n/e,n/e,n/e,n/e,n/e,n/e,n/e,n/e,n/e,n/e,n/e,2,,n/e,n/e,n/e,n/e,n/e,n/e,0,,n/e,n/e,0,,n/e,n/e,n/e,n/e,47,
04:00 - 05:00,34,,n/e,n/e,n/e,n/e,0,,n/e,n/e,n/e,n/e,n/e,n/e,n/e,n/e,n/e,n/e,n/e,n/e,2,,n/e,n/e,n/e,n/e,n/e,n/e,0,,n/e,n/e,0,,n/e,n/e,n/e,n/e,47,
05:00 - 06:00,33,,n/e,n/e,n/e,n/e,0,,n/e,n/e,n/e,n/e,n/e,n/e,n/e,n/e,n/e,n/e,n/e,n/e,5,,n/e,n/e,n/e,n/e,n/e,n/e,0,,n/e,n/e,0,,n/e,n/e,n/e,n/e,99,
06:00 - 07:00,32,,n/e,n/e,n/e,n/e,0,,n/e,n/e,n/e,n/e,n/e,n/e,n/e,n/e,n/e,n/e,n/e,n/e,7,,n/e,n/e,n/e,n/e,n/e,n/e,0,,n/e,n/e,4,,n/e,n/e,n/e,n/e,106,
07:00 - 08:00,32,,n/e,n/e,n/e,n/e,0,,n/e,n/e,n/e,n/e,n/e,n/e,n/e,n/e,n/e,n/e,n/e,n/e,4,,n/e,n/e,n/e,n/e,n/e,n/e,0,,n/e,n/e,28,,n/e,n/e,n/e,n/e,104,
08:00 - 09:00,32,,n/e,n/e,n/e,n/e,0,,n/e,n/e,n/e,n/e,n/e,n/e,n/e,n/e,n/e,n/e,n/e,n/e,61,,n/e,n/e,n/e,n/e,n/e,n/e,0,,n/e,n/e,56,,n/e,n/e,n/e,n/e,94,
09:00 - 10:00,31,,n/e,n/e,n/e,n/e,0,,n/e,n/e,n/e,n/e,n/e,n/e,n/e,n/e,n/e,n/e,n/e,n/e,116,,n/e,n/e,n/e,n/e,n/e,n/e,0,,n/e,n/e,58,,n/e,n/e,n/e,n/e,89,
10:00 - 11:00,30,,n/e,n/e,n/e,n/e,0,,n/e,n/e,n/e,n/e,n/e,n/e,n/e,n/e,n/e,n/e,n/e,n/e,109,,n/e,n/e,n/e,n/e,n/e,n/e,0,,n/e,n/e,50,,n/e,n/e,n/e,n/e,95,
11:00 - 12:00,32,,n/e,n/e,n/e,n/e,0,,n/e,n/e,n/e,n/e,n/e,n/e,n/e,n/e,n/e,n/e,n/e,n/e,121,,n/e,n/e,n/e,n/e,n/e,n/e,0,,n/e,n/e,32,,n/e,n/e,n/e,n/e,98,
12:00 - 13:00,34,,n/e,n/e,n/e,n/e,0,,n/e,n/e,n/e,n/e,n/e,n/e,n/e,n/e,n/e,n/e,n/e,n/e,140,,n/e,n/e,n/e,n/e,n/e,n/e,0,,n/e,n/e,19,,n/e,n/e,n/e,n/e,98,
13:00 - 14:00,36,,n/e,n/e,n/e,n/e,0,,n/e,n/e,n/e,n/e,n/e,n/e,n/e,n/e,n/e,n/e,n/e,n/e,372,,n/e,n/e,n/e,n/e,n/e,n/e,0,,n/e,n/e,9,,n/e,n/e,n/e,n/e,104,
14:00 - 15:00,41,,n/e,n/e,n/e,n/e,0,,n/e,n/e,n/e,n/e,n/e,n/e,n/e,n/e,n/e,n/e,n/e,n/e,351,,n/e,n/e,n/e,n/e,n/e,n/e,0,,n/e,n/e,1,,n/e,n/e,n/e,n/e,107,
15:00 - 16:00,42,,n/e,n/e,n/e,n/e,0,,n/e,n/e,n/e,n/e,n/e,n/e,n/e,n/e,n/e,n/e,n/e,n/e,354,,n/e,n/e,n/e,n/e,n/e,n/e,0,,n/e,n/e,0,,n/e,n/e,n/e,n/e,107,
16:00 - 17:00,44,,n/e,n/e,n/e,n/e,0,,n/e,n/e,n/e,n/e,n/e,n/e,n/e,n/e,n/e,n/e,n/e,n/e,375,,n/e,n/e,n/e,n/e,n/e,n/e,0,,n/e,n/e,0,,n/e,n/e,n/e,n/e,99,
17:00 - 18:00,46,,n/e,n/e,n/e,n/e,0,,n/e,n/e,n/e,n/e,n/e,n/e,n/e,n/e,n/e,n/e,n/e,n/e,376,,n/e,n/e,n/e,n/e,n/e,n/e,0,,n/e,n/e,1,,n/e,n/e,n/e,n/e,91,
18:00 - 19:00,46,,n/e,n/e,n/e,n/e,0,,n/e,n/e,n/e,n/e,n/e,n/e,n/e,n/e,n/e,n/e,n/e,n/e,377,,n/e,n/e,n/e,n/e,n/e,n/e,0,,n/e,n/e,1,,n/e,n/e,n/e,n/e,99,
19:00 - 20:00,44,,n/e,n/e,n/e,n/e,0,,n/e,n/e,n/e,n/e,n/e,n/e,n/e,n/e,n/e,n/e,n/e,n/e,348,,n/e,n/e,n/e,n/e,n/e,n/e,0,,n/e,n/e,1,,n/e,n/e,n/e,n/e,98,
20:00 - 21:00,43,,n/e,n/e,n/e,n/e,3,,n/e,n/e,n/e,n/e,n/e,n/e,n/e,n/e,n/e,n/e,n/e,n/e,335,,n/e,n/e,n/e,n/e,n/e,n/e,0,,n/e,n/e,0,,n/e,n/e,n/e,n/e,98,
21:00 - 22:00,41,,n/e,n/e,n/e,n/e,21,,n/e,n/e,n/e,n/e,n/e,n/e,n/e,n/e,n/e,n/e,n/e,n/e,362,,n/e,n/e,n/e,n/e,n/e,n/e,0,,n/e,n/e,0,,n/e,n/e,n/e,n/e,107,
22:00 - 23:00,41,,n/e,n/e,n/e,n/e,41,,n/e,n/e,n/e,n/e,n/e,n/e,n/e,n/e,n/e,n/e,n/e,n/e,221,,n/e,n/e,n/e,n/e,n/e,n/e,0,,n/e,n/e,0,,n/e,n/e,n/e,n/e,110,
23:00 - 00:00,38,,n/e,n/e,n/e,n/e,61,,n/e,n/e,n/e,n/e,n/e,n/e,n/e,n/e,n/e,n/e,n/e,n/e,35,,n/e,n/e,n/e,n/e,n/e,n/e,0,,n/e,n/e,0,,n/e,n/e,n/e,n/e,94,
00:00 - 01:00,38,,n/e,n/e,n/e,n/e,61,,n/e,n/e,n/e,n/e,n/e,n/e,n/e,n/e,n/e,n/e,n/e,n/e,3,,n/e,n/e,n/e,n/e,n/e,n/e,0,,n/e,n/e,0,,n/e,n/e,n/e,n/e,90,
01:00 - 02:00,38,,n/e,n/e,n/e,n/e,61,,n/e,n/e,n/e,n/e,n/e,n/e,n/e,n/e,n/e,n/e,n/e,n/e,3,,n/e,n/e,n/e,n/e,n/e,n/e,0,,n/e,n/e,0,,n/e,n/e,n/e,n/e,84,
02:00 - 03:00,38,,n/e,n/e,n/e,n/e,61,,n/e,n/e,n/e,n/e,n/e,n/e,n/e,n/e,n/e,n/e,n/e,n/e,5,,n/e,n/e,n/e,n/e,n/e,n/e,0,,n/e,n/e,0,,n/e,n/e,n/e,n/e,76,
03:00 - 04:00,40,,n/e,n/e,n/e,n/e,62,,n/e,n/e,n/e,n/e,n/e,n/e,n/e,n/e,n/e,n/e,n/e,n/e,4,,n/e,n/e,n/e,n/e,n/e,n/e,0,,n/e,n/e,0,,n/e,n/e,n/e,n/e,56,
04:00 - 05:00,42,,n/e,n/e,n/e,n/e,64,,n/e,n/e,n/e,n/e,n/e,n/e,n/e,n/e,n/e,n/e,n/e,n/e,112,,n/e,n/e,n/e,n/e,n/e,n/e,0,,n/e,n/e,0,,n/e,n/e,n/e,n/e,52,
05:00 - 06:00,50,,n/e,n/e,n/e,n/e,70,,n/e,n/e,n/e,n/e,n/e,n/e,n/e,n/e,n/e,n/e,n/e,n/e,171,,n/e,n/e,n/e,n/e,n/e,n/e,0,,n/e,n/e,1,,n/e,n/e,n/e,n/e,54,
06:00 - 07:00,55,,n/e,n/e,n/e,n/e,72,,n/e,n/e,n/e,n/e,n/e,n/e,n/e,n/e,n/e,n/e,n/e,n/e,193,,n/e,n/e,n/e,n/e,n/e,n/e,0,,n/e,n/e,5,,n/e,n/e,n/e,n/e,55,
07:00 - 08:00,61,,n/e,n/e,n/e,n/e,74,,n/e,n/e,n/e,n/e,n/e,n/e,n/e,n/e,n/e,n/e,n/e,n/e,177,,n/e,n/e,n/e,n/e,n/e,n/e,0,,n/e,n/e,28,,n/e,n/e,n/e,n/e,51,
08:00 - 09:00,62,,n/e,n/e,n/e,n/e,74,,n/e,n/e,n/e,n/e,n/e,n/e,n/e,n/e,n/e,n/e,n/e,n/e,168,,n/e,n/e,n/e,n/e,n/e,n/e,0,,n/e,n/e,44,,n/e,n/e,n/e,n/e,60,
09:00 - 10:00,60,,n/e,n/e,n/e,n/e,74,,n/e,n/e,n/e,n/e,n/e,n/e,n/e,n/e,n/e,n/e,n/e,n/e,162,,n/e,n/e,n/e,n/e,n/e,n/e,0,,n/e,n/e,49,,n/e,n/e,n/e,n/e,47,
10:00 - 11:00,60,,n/e,n/e,n/e,n/e,74,,n/e,n/e,n/e,n/e,n/e,n/e,n/e,n/e,n/e,n/e,n/e,n/e,171,,n/e,n/e,n/e,n/e,n/e,n/e,0,,n/e,n/e,49,,n/e,n/e,n/e,n/e,51,
11:00 - 12:00,59,,n/e,n/e,n/e,n/e,74,,n/e,n/e,n/e,n/e,n/e,n/e,n/e,n/e,n/e,n/e,n/e,n/e,237,,n/e,n/e,n/e,n/e,n/e,n/e,0,,n/e,n/e,45,,n/e,n/e,n/e,n/e,47,
12:00 - 13:00,57,,n/e,n/e,n/e,n/e,74,,n/e,n/e,n/e,n/e,n/e,n/e,n/e,n/e,n/e,n/e,n/e,n/e,303,,n/e,n/e,n/e,n/e,n/e,n/e,0,,n/e,n/e,25,,n/e,n/e,n/e,n/e,33,
13:00 - 14:00,60,,n/e,n/e,n/e,n/e,74,,n/e,n/e,n/e,n/e,n/e,n/e,n/e,n/e,n/e,n/e,n/e,n/e,373,,n/e,n/e,n/e,n/e,n/e,n/e,0,,n/e,n/e,8,,n/e,n/e,n/e,n/e,27,
14:00 - 15:00,61,,n/e,n/e,n/e,n/e,74,,n/e,n/e,n/e,n/e,n/e,n/e,n/e,n/e,n/e,n/e,n/e,n/e,466,,n/e,n/e,n/e,n/e,n/e,n/e,0,,n/e,n/e,0,,n/e,n/e,n/e,n/e,22,
15:00 - 16:00,62,,n/e,n/e,n/e,n/e,74,,n/e,n/e,n/e,n/e,n/e,n/e,n/e,n/e,n/e,n/e,n/e,n/e,553,,n/e,n/e,n/e,n/e,n/e,n/e,0,,n/e,n/e,0,,n/e,n/e,n/e,n/e,26,
16:00 - 17:00,62,,n/e,n/e,n/e,n/e,74,,n/e,n/e,n/e,n/e,n/e,n/e,n/e,n/e,n/e,n/e,n/e,n/e,509,,n/e,n/e,n/e,n/e,n/e,n/e,0,,n/e,n/e,0,,n/e,n/e,n/e,n/e,20,
17:00 - 18:00,62,,n/e,n/e,n/e,n/e,74,,n/e,n/e,n/e,n/e,n/e,n/e,n/e,n/e,n/e,n/e,n/e,n/e,512,,n/e,n/e,n/e,n/e,n/e,n/e,0,,n/e,n/e,0,,n/e,n/e,n/e,n/e,13,
18:00 - 19:00,64,,n/e,n/e,n/e,n/e,72,,n/e,n/e,n/e,n/e,n/e,n/e,n/e,n/e,n/e,n/e,n/e,n/e,470,,n/e,n/e,n/e,n/e,n/e,n/e,0,,n/e,n/e,0,,n/e,n/e,n/e,n/e,9,
19:00 - 20:00,64,,n/e,n/e,n/e,n/e,96,,n/e,n/e,n/e,n/e,n/e,n/e,n/e,n/e,n/e,n/e,n/e,n/e,234,,n/e,n/e,n/e,n/e,n/e,n/e,0,,n/e,n/e,0,,n/e,n/e,n/e,n/e,7,
20:00 - 21:00,63,,n/e,n/e,n/e,n/e,97,,n/e,n/e,n/e,n/e,n/e,n/e,n/e,n/e,n/e,n/e,n/e,n/e,128,,n/e,n/e,n/e,n/e,n/e,n/e,0,,n/e,n/e,0,,n/e,n/e,n/e,n/e,6,
21:00 - 22:00,61,,n/e,n/e,n/e,n/e,123,,n/e,n/e,n/e,n/e,n/e,n/e,n/e,n/e,n/e,n/e,n/e,n/e,25,,n/e,n/e,n/e,n/e,n/e,n/e,0,,n/e,n/e,0,,n/e,n/e,n/e,n/e,10,
22:00 - 23:00,58,,n/e,n/e,n/e,n/e,157,,n/e,n/e,n/e,n/e,n/e,n/e,n/e,n/e,n/e,n/e,n/e,n/e,4,,n/e,n/e,n/e,n/e,n/e,n/e,0,,n/e,n/e,0,,n/e,n/e,n/e,n/e,12,
23:00 - 00:00,55,,n/e,n/e,n/e,n/e,221,,n/e,n/e,n/e,n/e,n/e,n/e,n/e,n/e,n/e,n/e,n/e,n/e,69,,n/e,n/e,n/e,n/e,n/e,n/e,0,,n/e,n/e,0,,n/e,n/e,n/e,n/e,12,
00:00 - 01:00,56,,n/e,n/e,n/e,n/e,221,,n/e,n/e,n/e,n/e,n/e,n/e,n/e,n/e,n/e,n/e,n/e,n/e,4,,n/e,n/e,n/e,n/e,n/e,n/e,0,,n/e,n/e,0,,n/e,n/e,n/e,n/e,14,
01:00 - 02:00,61,,n/e,n/e,n/e,n/e,221,,n/e,n/e,n/e,n/e,n/e,n/e,n/e,n/e,n/e,n/e,n/e,n/e,4,,n/e,n/e,n/e,n/e,n/e,n/e,0,,n/e,n/e,0,,n/e,n/e,n/e,n/e,13,
02:00 - 03:00,63,,n/e,n/e,n/e,n/e,250,,n/e,n/e,n/e,n/e,n/e,n/e,n/e,n/e,n/e,n/e,n/e,n/e,33,,n/e,n/e,n/e,n/e,n/e,n/e,0,,n/e,n/e,0,,n/e,n/e,n/e,n/e,10,
03:00 - 04:00,62,,n/e,n/e,n/e,n/e,252,,n/e,n/e,n/e,n/e,n/e,n/e,n/e,n/e,n/e,n/e,n/e,n/e,41,,n/e,n/e,n/e,n/e,n/e,n/e,0,,n/e,n/e,0,,n/e,n/e,n/e,n/e,10,
04:00 - 05:00,61,,n/e,n/e,n/e,n/e,331,,n/e,n/e,n/e,n/e,n/e,n/e,n/e,n/e,n/e,n/e,n/e,n/e,134,,n/e,n/e,n/e,n/e,n/e,n/e,0,,n/e,n/e,0,,n/e,n/e,n/e,n/e,9,
05:00 - 06:00,63,,n/e,n/e,n/e,n/e,435,,n/e,n/e,n/e,n/e,n/e,n/e,n/e,n/e,n/e,n/e,n/e,n/e,323,,n/e,n/e,n/e,n/e,n/e,n/e,0,,n/e,n/e,0,,n/e,n/e,n/e,n/e,9,
06:00 - 07:00,64,,n/e,n/e,n/e,n/e,441,,n/e,n/e,n/e,n/e,n/e,n/e,n/e,n/e,n/e,n/e,n/e,n/e,333,,n/e,n/e,n/e,n/e,n/e,n/e,0,,n/e,n/e,2,,n/e,n/e,n/e,n/e,14,
07:00 - 08:00,63,,n/e,n/e,n/e,n/e,450,,n/e,n/e,n/e,n/e,n/e,n/e,n/e,n/e,n/e,n/e,n/e,n/e,403,,n/e,n/e,n/e,n/e,n/e,n/e,0,,n/e,n/e,10,,n/e,n/e,n/e,n/e,14,
08:00 - 09:00,62,,n/e,n/e,n/e,n/e,455,,n/e,n/e,n/e,n/e,n/e,n/e,n/e,n/e,n/e,n/e,n/e,n/e,504,,n/e,n/e,n/e,n/e,n/e,n/e,0,,n/e,n/e,23,,n/e,n/e,n/e,n/e,13,
09:00 - 10:00,61,,n/e,n/e,n/e,n/e,455,,n/e,n/e,n/e,n/e,n/e,n/e,n/e,n/e,n/e,n/e,n/e,n/e,478,,n/e,n/e,n/e,n/e,n/e,n/e,0,,n/e,n/e,27,,n/e,n/e,n/e,n/e,8,
10:00 - 11:00,62,,n/e,n/e,n/e,n/e,455,,n/e,n/e,n/e,n/e,n/e,n/e,n/e,n/e,n/e,n/e,n/e,n/e,488,,n/e,n/e,n/e,n/e,n/e,n/e,0,,n/e,n/e,30,,n/e,n/e,n/e,n/e,4,
11:00 - 12:00,60,,n/e,n/e,n/e,n/e,453,,n/e,n/e,n/e,n/e,n/e,n/e,n/e,n/e,n/e,n/e,n/e,n/e,354,,n/e,n/e,n/e,n/e,n/e,n/e,0,,n/e,n/e,19,,n/e,n/e,n/e,n/e,9,
12:00 - 13:00,58,,n/e,n/e,n/e,n/e,338,,n/e,n/e,n/e,n/e,n/e,n/e,n/e,n/e,n/e,n/e,n/e,n/e,357,,n/e,n/e,n/e,n/e,n/e,n/e,0,,n/e,n/e,11,,n/e,n/e,n/e,n/e,11,
13:00 - 14:00,61,,n/e,n/e,n/e,n/e,277,,n/e,n/e,n/e,n/e,n/e,n/e,n/e,n/e,n/e,n/e,n/e,n/e,421,,n/e,n/e,n/e,n/e,n/e,n/e,0,,n/e,n/e,3,,n/e,n/e,n/e,n/e,6,
14:00 - 15:00,61,,n/e,n/e,n/e,n/e,279,,n/e,n/e,n/e,n/e,n/e,n/e,n/e,n/e,n/e,n/e,n/e,n/e,307,,n/e,n/e,n/e,n/e,n/e,n/e,0,,n/e,n/e,0,,n/e,n/e,n/e,n/e,8,
15:00 - 16:00,61,,n/e,n/e,n/e,n/e,271,,n/e,n/e,n/e,n/e,n/e,n/e,n/e,n/e,n/e,n/e,n/e,n/e,302,,n/e,n/e,n/e,n/e,n/e,n/e,0,,n/e,n/e,0,,n/e,n/e,n/e,n/e,16,
16:00 - 17:00,62,,n/e,n/e,n/e,n/e,256,,n/e,n/e,n/e,n/e,n/e,n/e,n/e,n/e,n/e,n/e,n/e,n/e,201,,n/e,n/e,n/e,n/e,n/e,n/e,0,,n/e,n/e,0,,n/e,n/e,n/e,n/e,22,
17:00 - 18:00,62,,n/e,n/e,n/e,n/e,253,,n/e,n/e,n/e,n/e,n/e,n/e,n/e,n/e,n/e,n/e,n/e,n/e,205,,n/e,n/e,n/e,n/e,n/e,n/e,0,,n/e,n/e,0,,n/e,n/e,n/e,n/e,19,
18:00 - 19:00,61,,n/e,n/e,n/e,n/e,280,,n/e,n/e,n/e,n/e,n/e,n/e,n/e,n/e,n/e,n/e,n/e,n/e,199,,n/e,n/e,n/e,n/e,n/e,n/e,0,,n/e,n/e,0,,n/e,n/e,n/e,n/e,28,
19:00 - 20:00,61,,n/e,n/e,n/e,n/e,371,,n/e,n/e,n/e,n/e,n/e,n/e,n/e,n/e,n/e,n/e,n/e,n/e,201,,n/e,n/e,n/e,n/e,n/e,n/e,0,,n/e,n/e,0,,n/e,n/e,n/e,n/e,23,
20:00 - 21:00,59,,n/e,n/e,n/e,n/e,370,,n/e,n/e,n/e,n/e,n/e,n/e,n/e,n/e,n/e,n/e,n/e,n/e,42,,n/e,n/e,n/e,n/e,n/e,n/e,0,,n/e,n/e,0,,n/e,n/e,n/e,n/e,23,
21:00 - 22:00,56,,n/e,n/e,n/e,n/e,250,,n/e,n/e,n/e,n/e,n/e,n/e,n/e,n/e,n/e,n/e,n/e,n/e,6,,n/e,n/e,n/e,n/e,n/e,n/e,0,,n/e,n/e,1,,n/e,n/e,n/e,n/e,32,
22:00 - 23:00,53,,n/e,n/e,n/e,n/e,214,,n/e,n/e,n/e,n/e,n/e,n/e,n/e,n/e,n/e,n/e,n/e,n/e,4,,n/e,n/e,n/e,n/e,n/e,n/e,0,,n/e,n/e,1,,n/e,n/e,n/e,n/e,31,
23:00 - 00:00,51,,n/e,n/e,n/e,n/e,212,,n/e,n/e,n/e,n/e,n/e,n/e,n/e,n/e,n/e,n/e,n/e,n/e,4,,n/e,n/e,n/e,n/e,n/e,n/e,0,,n/e,n/e,1,,n/e,n/e,n/e,n/e,46,
00:00 - 01:00,52,,n/e,n/e,n/e,n/e,212,,n/e,n/e,n/e,n/e,n/e,n/e,n/e,n/e,n/e,n/e,n/e,n/e,5,,n/e,n/e,n/e,n/e,n/e,n/e,0,,n/e,n/e,1,,n/e,n/e,n/e,n/e,55,
01:00 - 02:00,53,,n/e,n/e,n/e,n/e,212,,n/e,n/e,n/e,n/e,n/e,n/e,n/e,n/e,n/e,n/e,n/e,n/e,5,,n/e,n/e,n/e,n/e,n/e,n/e,0,,n/e,n/e,1,,n/e,n/e,n/e,n/e,79,
02:00 - 03:00,54,,n/e,n/e,n/e,n/e,214,,n/e,n/e,n/e,n/e,n/e,n/e,n/e,n/e,n/e,n/e,n/e,n/e,104,,n/e,n/e,n/e,n/e,n/e,n/e,0,,n/e,n/e,0,,n/e,n/e,n/e,n/e,92,
03:00 - 04:00,53,,n/e,n/e,n/e,n/e,323,,n/e,n/e,n/e,n/e,n/e,n/e,n/e,n/e,n/e,n/e,n/e,n/e,105,,n/e,n/e,n/e,n/e,n/e,n/e,0,,n/e,n/e,0,,n/e,n/e,n/e,n/e,92,
04:00 - 05:00,56,,n/e,n/e,n/e,n/e,446,,n/e,n/e,n/e,n/e,n/e,n/e,n/e,n/e,n/e,n/e,n/e,n/e,112,,n/e,n/e,n/e,n/e,n/e,n/e,0,,n/e,n/e,0,,n/e,n/e,n/e,n/e,88,
05:00 - 06:00,59,,n/e,n/e,n/e,n/e,449,,n/e,n/e,n/e,n/e,n/e,n/e,n/e,n/e,n/e,n/e,n/e,n/e,215,,n/e,n/e,n/e,n/e,n/e,n/e,0,,n/e,n/e,1,,n/e,n/e,n/e,n/e,83,
06:00 - 07:00,61,,n/e,n/e,n/e,n/e,453,,n/e,n/e,n/e,n/e,n/e,n/e,n/e,n/e,n/e,n/e,n/e,n/e,212,,n/e,n/e,n/e,n/e,n/e,n/e,0,,n/e,n/e,1,,n/e,n/e,n/e,n/e,67,
07:00 - 08:00,61,,n/e,n/e,n/e,n/e,444,,n/e,n/e,n/e,n/e,n/e,n/e,n/e,n/e,n/e,n/e,n/e,n/e,117,,n/e,n/e,n/e,n/e,n/e,n/e,0,,n/e,n/e,5,,n/e,n/e,n/e,n/e,78,
08:00 - 09:00,60,,n/e,n/e,n/e,n/e,445,,n/e,n/e,n/e,n/e,n/e,n/e,n/e,n/e,n/e,n/e,n/e,n/e,122,,n/e,n/e,n/e,n/e,n/e,n/e,0,,n/e,n/e,16,,n/e,n/e,n/e,n/e,79,
09:00 - 10:00,59,,n/e,n/e,n/e,n/e,450,,n/e,n/e,n/e,n/e,n/e,n/e,n/e,n/e,n/e,n/e,n/e,n/e,125,,n/e,n/e,n/e,n/e,n/e,n/e,0,,n/e,n/e,33,,n/e,n/e,n/e,n/e,64,
10:00 - 11:00,59,,n/e,n/e,n/e,n/e,456,,n/e,n/e,n/e,n/e,n/e,n/e,n/e,n/e,n/e,n/e,n/e,n/e,133,,n/e,n/e,n/e,n/e,n/e,n/e,0,,n/e,n/e,40,,n/e,n/e,n/e,n/e,59,
11:00 - 12:00,57,,n/e,n/e,n/e,n/e,456,,n/e,n/e,n/e,n/e,n/e,n/e,n/e,n/e,n/e,n/e,n/e,n/e,133,,n/e,n/e,n/e,n/e,n/e,n/e,0,,n/e,n/e,34,,n/e,n/e,n/e,n/e,56,
12:00 - 13:00,58,,n/e,n/e,n/e,n/e,453,,n/e,n/e,n/e,n/e,n/e,n/e,n/e,n/e,n/e,n/e,n/e,n/e,155,,n/e,n/e,n/e,n/e,n/e,n/e,0,,n/e,n/e,20,,n/e,n/e,n/e,n/e,107,
13:00 - 14:00,61,,n/e,n/e,n/e,n/e,431,,n/e,n/e,n/e,n/e,n/e,n/e,n/e,n/e,n/e,n/e,n/e,n/e,246,,n/e,n/e,n/e,n/e,n/e,n/e,0,,n/e,n/e,6,,n/e,n/e,n/e,n/e,112,
14:00 - 15:00,61,,n/e,n/e,n/e,n/e,420,,n/e,n/e,n/e,n/e,n/e,n/e,n/e,n/e,n/e,n/e,n/e,n/e,421,,n/e,n/e,n/e,n/e,n/e,n/e,0,,n/e,n/e,1,,n/e,n/e,n/e,n/e,108,
15:00 - 16:00,61,,n/e,n/e,n/e,n/e,384,,n/e,n/e,n/e,n/e,n/e,n/e,n/e,n/e,n/e,n/e,n/e,n/e,425,,n/e,n/e,n/e,n/e,n/e,n/e,0,,n/e,n/e,1,,n/e,n/e,n/e,n/e,108,
16:00 - 17:00,62,,n/e,n/e,n/e,n/e,373,,n/e,n/e,n/e,n/e,n/e,n/e,n/e,n/e,n/e,n/e,n/e,n/e,555,,n/e,n/e,n/e,n/e,n/e,n/e,0,,n/e,n/e,1,,n/e,n/e,n/e,n/e,103,
17:00 - 18:00,61,,n/e,n/e,n/e,n/e,371,,n/e,n/e,n/e,n/e,n/e,n/e,n/e,n/e,n/e,n/e,n/e,n/e,381,,n/e,n/e,n/e,n/e,n/e,n/e,0,,n/e,n/e,1,,n/e,n/e,n/e,n/e,105,
18:00 - 19:00,58,,n/e,n/e,n/e,n/e,317,,n/e,n/e,n/e,n/e,n/e,n/e,n/e,n/e,n/e,n/e,n/e,n/e,284,,n/e,n/e,n/e,n/e,n/e,n/e,0,,n/e,n/e,1,,n/e,n/e,n/e,n/e,108,
19:00 - 20:00,55,,n/e,n/e,n/e,n/e,312,,n/e,n/e,n/e,n/e,n/e,n/e,n/e,n/e,n/e,n/e,n/e,n/e,18,,n/e,n/e,n/e,n/e,n/e,n/e,0,,n/e,n/e,0,,n/e,n/e,n/e,n/e,108,
20:00 - 21:00,53,,n/e,n/e,n/e,n/e,312,,n/e,n/e,n/e,n/e,n/e,n/e,n/e,n/e,n/e,n/e,n/e,n/e,45,,n/e,n/e,n/e,n/e,n/e,n/e,0,,n/e,n/e,1,,n/e,n/e,n/e,n/e,102,
21:00 - 22:00,50,,n/e,n/e,n/e,n/e,306,,n/e,n/e,n/e,n/e,n/e,n/e,n/e,n/e,n/e,n/e,n/e,n/e,6,,n/e,n/e,n/e,n/e,n/e,n/e,0,,n/e,n/e,0,,n/e,n/e,n/e,n/e,99,
22:00 - 23:00,50,,n/e,n/e,n/e,n/e,213,,n/e,n/e,n/e,n/e,n/e,n/e,n/e,n/e,n/e,n/e,n/e,n/e,6,,n/e,n/e,n/e,n/e,n/e,n/e,0,,n/e,n/e,0,,n/e,n/e,n/e,n/e,94,
23:00 - 00:00,52,,n/e,n/e,n/e,n/e,212,,n/e,n/e,n/e,n/e,n/e,n/e,n/e,n/e,n/e,n/e,n/e,n/e,7,,n/e,n/e,n/e,n/e,n/e,n/e,0,,n/e,n/e,0,,n/e,n/e,n/e,n/e,84,
00:00 - 01:00,52,,n/e,n/e,n/e,n/e,212,,n/e,n/e,n/e,n/e,n/e,n/e,n/e,n/e,n/e,n/e,n/e,n/e,6,,n/e,n/e,n/e,n/e,n/e,n/e,0,,n/e,n/e,0,,n/e,n/e,n/e,n/e,90,
01:00 - 02:00,54,,n/e,n/e,n/e,n/e,212,,n/e,n/e,n/e,n/e,n/e,n/e,n/e,n/e,n/e,n/e,n/e,n/e,6,,n/e,n/e,n/e,n/e,n/e,n/e,0,,n/e,n/e,0,,n/e,n/e,n/e,n/e,85,
02:00 - 03:00,55,,n/e,n/e,n/e,n/e,212,,n/e,n/e,n/e,n/e,n/e,n/e,n/e,n/e,n/e,n/e,n/e,n/e,6,,n/e,n/e,n/e,n/e,n/e,n/e,0,,n/e,n/e,0,,n/e,n/e,n/e,n/e,84,
03:00 - 04:00,55,,n/e,n/e,n/e,n/e,216,,n/e,n/e,n/e,n/e,n/e,n/e,n/e,n/e,n/e,n/e,n/e,n/e,10,,n/e,n/e,n/e,n/e,n/e,n/e,0,,n/e,n/e,0,,n/e,n/e,n/e,n/e,82,
04:00 - 05:00,59,,n/e,n/e,n/e,n/e,371,,n/e,n/e,n/e,n/e,n/e,n/e,n/e,n/e,n/e,n/e,n/e,n/e,135,,n/e,n/e,n/e,n/e,n/e,n/e,0,,n/e,n/e,0,,n/e,n/e,n/e,n/e,86,
05:00 - 06:00,60,,n/e,n/e,n/e,n/e,391,,n/e,n/e,n/e,n/e,n/e,n/e,n/e,n/e,n/e,n/e,n/e,n/e,157,,n/e,n/e,n/e,n/e,n/e,n/e,0,,n/e,n/e,0,,n/e,n/e,n/e,n/e,88,
06:00 - 07:00,62,,n/e,n/e,n/e,n/e,391,,n/e,n/e,n/e,n/e,n/e,n/e,n/e,n/e,n/e,n/e,n/e,n/e,192,,n/e,n/e,n/e,n/e,n/e,n/e,0,,n/e,n/e,3,,n/e,n/e,n/e,n/e,90,
07:00 - 08:00,65,,n/e,n/e,n/e,n/e,392,,n/e,n/e,n/e,n/e,n/e,n/e,n/e,n/e,n/e,n/e,n/e,n/e,205,,n/e,n/e,n/e,n/e,n/e,n/e,0,,n/e,n/e,22,,n/e,n/e,n/e,n/e,83,
08:00 - 09:00,65,,n/e,n/e,n/e,n/e,392,,n/e,n/e,n/e,n/e,n/e,n/e,n/e,n/e,n/e,n/e,n/e,n/e,182,,n/e,n/e,n/e,n/e,n/e,n/e,0,,n/e,n/e,43,,n/e,n/e,n/e,n/e,60,
09:00 - 10:00,67,,n/e,n/e,n/e,n/e,393,,n/e,n/e,n/e,n/e,n/e,n/e,n/e,n/e,n/e,n/e,n/e,n/e,156,,n/e,n/e,n/e,n/e,n/e,n/e,0,,n/e,n/e,63,,n/e,n/e,n/e,n/e,81,
10:00 - 11:00,66,,n/e,n/e,n/e,n/e,393,,n/e,n/e,n/e,n/e,n/e,n/e,n/e,n/e,n/e,n/e,n/e,n/e,150,,n/e,n/e,n/e,n/e,n/e,n/e,0,,n/e,n/e,63,,n/e,n/e,n/e,n/e,84,
11:00 - 12:00,64,,n/e,n/e,n/e,n/e,393,,n/e,n/e,n/e,n/e,n/e,n/e,n/e,n/e,n/e,n/e,n/e,n/e,159,,n/e,n/e,n/e,n/e,n/e,n/e,0,,n/e,n/e,45,,n/e,n/e,n/e,n/e,83,
12:00 - 13:00,63,,n/e,n/e,n/e,n/e,393,,n/e,n/e,n/e,n/e,n/e,n/e,n/e,n/e,n/e,n/e,n/e,n/e,158,,n/e,n/e,n/e,n/e,n/e,n/e,0,,n/e,n/e,23,,n/e,n/e,n/e,n/e,82,
13:00 - 14:00,64,,n/e,n/e,n/e,n/e,393,,n/e,n/e,n/e,n/e,n/e,n/e,n/e,n/e,n/e,n/e,n/e,n/e,331,,n/e,n/e,n/e,n/e,n/e,n/e,0,,n/e,n/e,4,,n/e,n/e,n/e,n/e,75,
14:00 - 15:00,63,,n/e,n/e,n/e,n/e,395,,n/e,n/e,n/e,n/e,n/e,n/e,n/e,n/e,n/e,n/e,n/e,n/e,466,,n/e,n/e,n/e,n/e,n/e,n/e,0,,n/e,n/e,0,,n/e,n/e,n/e,n/e,78,
15:00 - 16:00,64,,n/e,n/e,n/e,n/e,397,,n/e,n/e,n/e,n/e,n/e,n/e,n/e,n/e,n/e,n/e,n/e,n/e,518,,n/e,n/e,n/e,n/e,n/e,n/e,0,,n/e,n/e,0,,n/e,n/e,n/e,n/e,70,
16:00 - 17:00,64,,n/e,n/e,n/e,n/e,397,,n/e,n/e,n/e,n/e,n/e,n/e,n/e,n/e,n/e,n/e,n/e,n/e,493,,n/e,n/e,n/e,n/e,n/e,n/e,0,,n/e,n/e,0,,n/e,n/e,n/e,n/e,58,
17:00 - 18:00,65,,n/e,n/e,n/e,n/e,394,,n/e,n/e,n/e,n/e,n/e,n/e,n/e,n/e,n/e,n/e,n/e,n/e,473,,n/e,n/e,n/e,n/e,n/e,n/e,0,,n/e,n/e,0,,n/e,n/e,n/e,n/e,37,
18:00 - 19:00,64,,n/e,n/e,n/e,n/e,393,,n/e,n/e,n/e,n/e,n/e,n/e,n/e,n/e,n/e,n/e,n/e,n/e,448,,n/e,n/e,n/e,n/e,n/e,n/e,0,,n/e,n/e,0,,n/e,n/e,n/e,n/e,54,
19:00 - 20:00,63,,n/e,n/e,n/e,n/e,391,,n/e,n/e,n/e,n/e,n/e,n/e,n/e,n/e,n/e,n/e,n/e,n/e,95,,n/e,n/e,n/e,n/e,n/e,n/e,0,,n/e,n/e,0,,n/e,n/e,n/e,n/e,43,
20:00 - 21:00,63,,n/e,n/e,n/e,n/e,391,,n/e,n/e,n/e,n/e,n/e,n/e,n/e,n/e,n/e,n/e,n/e,n/e,34,,n/e,n/e,n/e,n/e,n/e,n/e,0,,n/e,n/e,0,,n/e,n/e,n/e,n/e,53,
21:00 - 22:00,63,,n/e,n/e,n/e,n/e,391,,n/e,n/e,n/e,n/e,n/e,n/e,n/e,n/e,n/e,n/e,n/e,n/e,25,,n/e,n/e,n/e,n/e,n/e,n/e,0,,n/e,n/e,0,,n/e,n/e,n/e,n/e,65,
22:00 - 23:00,62,,n/e,n/e,n/e,n/e,455,,n/e,n/e,n/e,n/e,n/e,n/e,n/e,n/e,n/e,n/e,n/e,n/e,7,,n/e,n/e,n/e,n/e,n/e,n/e,0,,n/e,n/e,0,,n/e,n/e,n/e,n/e,76,
23:00 - 00:00,60,,n/e,n/e,n/e,n/e,455,,n/e,n/e,n/e,n/e,n/e,n/e,n/e,n/e,n/e,n/e,n/e,n/e,7,,n/e,n/e,n/e,n/e,n/e,n/e,0,,n/e,n/e,0,,n/e,n/e,n/e,n/e,62,
00:00 - 01:00,59,,n/e,n/e,n/e,n/e,454,,n/e,n/e,n/e,n/e,n/e,n/e,n/e,n/e,n/e,n/e,n/e,n/e,7,,n/e,n/e,n/e,n/e,n/e,n/e,0,,n/e,n/e,0,,n/e,n/e,n/e,n/e,51,
01:00 - 02:00,62,,n/e,n/e,n/e,n/e,340,,n/e,n/e,n/e,n/e,n/e,n/e,n/e,n/e,n/e,n/e,n/e,n/e,7,,n/e,n/e,n/e,n/e,n/e,n/e,0,,n/e,n/e,0,,n/e,n/e,n/e,n/e,58,
02:00 - 03:00,63,,n/e,n/e,n/e,n/e,334,,n/e,n/e,n/e,n/e,n/e,n/e,n/e,n/e,n/e,n/e,n/e,n/e,11,,n/e,n/e,n/e,n/e,n/e,n/e,0,,n/e,n/e,0,,n/e,n/e,n/e,n/e,58,
03:00 - 04:00,62,,n/e,n/e,n/e,n/e,454,,n/e,n/e,n/e,n/e,n/e,n/e,n/e,n/e,n/e,n/e,n/e,n/e,9,,n/e,n/e,n/e,n/e,n/e,n/e,0,,n/e,n/e,0,,n/e,n/e,n/e,n/e,51,
04:00 - 05:00,62,,n/e,n/e,n/e,n/e,461,,n/e,n/e,n/e,n/e,n/e,n/e,n/e,n/e,n/e,n/e,n/e,n/e,61,,n/e,n/e,n/e,n/e,n/e,n/e,0,,n/e,n/e,0,,n/e,n/e,n/e,n/e,55,
05:00 - 06:00,63,,n/e,n/e,n/e,n/e,471,,n/e,n/e,n/e,n/e,n/e,n/e,n/e,n/e,n/e,n/e,n/e,n/e,186,,n/e,n/e,n/e,n/e,n/e,n/e,0,,n/e,n/e,0,,n/e,n/e,n/e,n/e,57,
06:00 - 07:00,62,,n/e,n/e,n/e,n/e,471,,n/e,n/e,n/e,n/e,n/e,n/e,n/e,n/e,n/e,n/e,n/e,n/e,282,,n/e,n/e,n/e,n/e,n/e,n/e,0,,n/e,n/e,1,,n/e,n/e,n/e,n/e,51,
07:00 - 08:00,63,,n/e,n/e,n/e,n/e,483,,n/e,n/e,n/e,n/e,n/e,n/e,n/e,n/e,n/e,n/e,n/e,n/e,338,,n/e,n/e,n/e,n/e,n/e,n/e,0,,n/e,n/e,7,,n/e,n/e,n/e,n/e,52,
08:00 - 09:00,64,,n/e,n/e,n/e,n/e,524,,n/e,n/e,n/e,n/e,n/e,n/e,n/e,n/e,n/e,n/e,n/e,n/e,353,,n/e,n/e,n/e,n/e,n/e,n/e,0,,n/e,n/e,12,,n/e,n/e,n/e,n/e,70,
09:00 - 10:00,63,,n/e,n/e,n/e,n/e,532,,n/e,n/e,n/e,n/e,n/e,n/e,n/e,n/e,n/e,n/e,n/e,n/e,314,,n/e,n/e,n/e,n/e,n/e,n/e,0,,n/e,n/e,20,,n/e,n/e,n/e,n/e,71,
10:00 - 11:00,64,,n/e,n/e,n/e,n/e,536,,n/e,n/e,n/e,n/e,n/e,n/e,n/e,n/e,n/e,n/e,n/e,n/e,303,,n/e,n/e,n/e,n/e,n/e,n/e,0,,n/e,n/e,25,,n/e,n/e,n/e,n/e,57,
11:00 - 12:00,62,,n/e,n/e,n/e,n/e,497,,n/e,n/e,n/e,n/e,n/e,n/e,n/e,n/e,n/e,n/e,n/e,n/e,278,,n/e,n/e,n/e,n/e,n/e,n/e,0,,n/e,n/e,23,,n/e,n/e,n/e,n/e,83,
12:00 - 13:00,62,,n/e,n/e,n/e,n/e,477,,n/e,n/e,n/e,n/e,n/e,n/e,n/e,n/e,n/e,n/e,n/e,n/e,290,,n/e,n/e,n/e,n/e,n/e,n/e,0,,n/e,n/e,16,,n/e,n/e,n/e,n/e,90,
13:00 - 14:00,64,,n/e,n/e,n/e,n/e,477,,n/e,n/e,n/e,n/e,n/e,n/e,n/e,n/e,n/e,n/e,n/e,n/e,275,,n/e,n/e,n/e,n/e,n/e,n/e,0,,n/e,n/e,5,,n/e,n/e,n/e,n/e,73,
14:00 - 15:00,64,,n/e,n/e,n/e,n/e,477,,n/e,n/e,n/e,n/e,n/e,n/e,n/e,n/e,n/e,n/e,n/e,n/e,342,,n/e,n/e,n/e,n/e,n/e,n/e,0,,n/e,n/e,0,,n/e,n/e,n/e,n/e,87,
15:00 - 16:00,64,,n/e,n/e,n/e,n/e,477,,n/e,n/e,n/e,n/e,n/e,n/e,n/e,n/e,n/e,n/e,n/e,n/e,378,,n/e,n/e,n/e,n/e,n/e,n/e,0,,n/e,n/e,0,,n/e,n/e,n/e,n/e,93,
16:00 - 17:00,63,,n/e,n/e,n/e,n/e,476,,n/e,n/e,n/e,n/e,n/e,n/e,n/e,n/e,n/e,n/e,n/e,n/e,341,,n/e,n/e,n/e,n/e,n/e,n/e,0,,n/e,n/e,0,,n/e,n/e,n/e,n/e,88,
17:00 - 18:00,63,,n/e,n/e,n/e,n/e,408,,n/e,n/e,n/e,n/e,n/e,n/e,n/e,n/e,n/e,n/e,n/e,n/e,312,,n/e,n/e,n/e,n/e,n/e,n/e,0,,n/e,n/e,0,,n/e,n/e,n/e,n/e,76,
18:00 - 19:00,62,,n/e,n/e,n/e,n/e,348,,n/e,n/e,n/e,n/e,n/e,n/e,n/e,n/e,n/e,n/e,n/e,n/e,375,,n/e,n/e,n/e,n/e,n/e,n/e,0,,n/e,n/e,0,,n/e,n/e,n/e,n/e,81,
19:00 - 20:00,62,,n/e,n/e,n/e,n/e,219,,n/e,n/e,n/e,n/e,n/e,n/e,n/e,n/e,n/e,n/e,n/e,n/e,230,,n/e,n/e,n/e,n/e,n/e,n/e,0,,n/e,n/e,0,,n/e,n/e,n/e,n/e,71,
20:00 - 21:00,61,,n/e,n/e,n/e,n/e,170,,n/e,n/e,n/e,n/e,n/e,n/e,n/e,n/e,n/e,n/e,n/e,n/e,124,,n/e,n/e,n/e,n/e,n/e,n/e,0,,n/e,n/e,0,,n/e,n/e,n/e,n/e,45,
21:00 - 22:00,60,,n/e,n/e,n/e,n/e,77,,n/e,n/e,n/e,n/e,n/e,n/e,n/e,n/e,n/e,n/e,n/e,n/e,200,,n/e,n/e,n/e,n/e,n/e,n/e,0,,n/e,n/e,0,,n/e,n/e,n/e,n/e,24,
22:00 - 23:00,59,,n/e,n/e,n/e,n/e,3,,n/e,n/e,n/e,n/e,n/e,n/e,n/e,n/e,n/e,n/e,n/e,n/e,235,,n/e,n/e,n/e,n/e,n/e,n/e,0,,n/e,n/e,0,,n/e,n/e,n/e,n/e,15,
23:00 - 00:00,58,,n/e,n/e,n/e,n/e,1,,n/e,n/e,n/e,n/e,n/e,n/e,n/e,n/e,n/e,n/e,n/e,n/e,7,,n/e,n/e,n/e,n/e,n/e,n/e,0,,n/e,n/e,1,,n/e,n/e,n/e,n/e,15,
00:00 - 01:00,57,,n/e,n/e,n/e,n/e,0,,n/e,n/e,n/e,n/e,n/e,n/e,n/e,n/e,n/e,n/e,n/e,n/e,7,,n/e,n/e,n/e,n/e,n/e,n/e,0,,n/e,n/e,1,,n/e,n/e,n/e,n/e,11,
01:00 - 02:00,58,,n/e,n/e,n/e,n/e,0,,n/e,n/e,n/e,n/e,n/e,n/e,n/e,n/e,n/e,n/e,n/e,n/e,8,,n/e,n/e,n/e,n/e,n/e,n/e,0,,n/e,n/e,1,,n/e,n/e,n/e,n/e,8,
02:00 - 03:00,59,,n/e,n/e,n/e,n/e,1,,n/e,n/e,n/e,n/e,n/e,n/e,n/e,n/e,n/e,n/e,n/e,n/e,13,,n/e,n/e,n/e,n/e,n/e,n/e,0,,n/e,n/e,1,,n/e,n/e,n/e,n/e,13,
03:00 - 04:00,59,,n/e,n/e,n/e,n/e,0,,n/e,n/e,n/e,n/e,n/e,n/e,n/e,n/e,n/e,n/e,n/e,n/e,7,,n/e,n/e,n/e,n/e,n/e,n/e,0,,n/e,n/e,1,,n/e,n/e,n/e,n/e,22,
04:00 - 05:00,60,,n/e,n/e,n/e,n/e,0,,n/e,n/e,n/e,n/e,n/e,n/e,n/e,n/e,n/e,n/e,n/e,n/e,9,,n/e,n/e,n/e,n/e,n/e,n/e,0,,n/e,n/e,0,,n/e,n/e,n/e,n/e,14,
05:00 - 06:00,57,,n/e,n/e,n/e,n/e,5,,n/e,n/e,n/e,n/e,n/e,n/e,n/e,n/e,n/e,n/e,n/e,n/e,39,,n/e,n/e,n/e,n/e,n/e,n/e,0,,n/e,n/e,0,,n/e,n/e,n/e,n/e,14,
06:00 - 07:00,56,,n/e,n/e,n/e,n/e,5,,n/e,n/e,n/e,n/e,n/e,n/e,n/e,n/e,n/e,n/e,n/e,n/e,101,,n/e,n/e,n/e,n/e,n/e,n/e,0,,n/e,n/e,2,,n/e,n/e,n/e,n/e,18,
07:00 - 08:00,61,,n/e,n/e,n/e,n/e,6,,n/e,n/e,n/e,n/e,n/e,n/e,n/e,n/e,n/e,n/e,n/e,n/e,193,,n/e,n/e,n/e,n/e,n/e,n/e,0,,n/e,n/e,9,,n/e,n/e,n/e,n/e,26,
08:00 - 09:00,62,,n/e,n/e,n/e,n/e,7,,n/e,n/e,n/e,n/e,n/e,n/e,n/e,n/e,n/e,n/e,n/e,n/e,198,,n/e,n/e,n/e,n/e,n/e,n/e,0,,n/e,n/e,21,,n/e,n/e,n/e,n/e,33,
09:00 - 10:00,65,,n/e,n/e,n/e,n/e,10,,n/e,n/e,n/e,n/e,n/e,n/e,n/e,n/e,n/e,n/e,n/e,n/e,376,,n/e,n/e,n/e,n/e,n/e,n/e,0,,n/e,n/e,34,,n/e,n/e,n/e,n/e,51,
10:00 - 11:00,65,,n/e,n/e,n/e,n/e,10,,n/e,n/e,n/e,n/e,n/e,n/e,n/e,n/e,n/e,n/e,n/e,n/e,365,,n/e,n/e,n/e,n/e,n/e,n/e,0,,n/e,n/e,49,,n/e,n/e,n/e,n/e,75,
11:00 - 12:00,64,,n/e,n/e,n/e,n/e,8,,n/e,n/e,n/e,n/e,n/e,n/e,n/e,n/e,n/e,n/e,n/e,n/e,428,,n/e,n/e,n/e,n/e,n/e,n/e,0,,n/e,n/e,55,,n/e,n/e,n/e,n/e,78,
12:00 - 13:00,63,,n/e,n/e,n/e,n/e,8,,n/e,n/e,n/e,n/e,n/e,n/e,n/e,n/e,n/e,n/e,n/e,n/e,408,,n/e,n/e,n/e,n/e,n/e,n/e,0,,n/e,n/e,37,,n/e,n/e,n/e,n/e,74,
13:00 - 14:00,64,,n/e,n/e,n/e,n/e,8,,n/e,n/e,n/e,n/e,n/e,n/e,n/e,n/e,n/e,n/e,n/e,n/e,340,,n/e,n/e,n/e,n/e,n/e,n/e,0,,n/e,n/e,8,,n/e,n/e,n/e,n/e,73,
14:00 - 15:00,64,,n/e,n/e,n/e,n/e,8,,n/e,n/e,n/e,n/e,n/e,n/e,n/e,n/e,n/e,n/e,n/e,n/e,266,,n/e,n/e,n/e,n/e,n/e,n/e,0,,n/e,n/e,0,,n/e,n/e,n/e,n/e,68,
15:00 - 16:00,64,,n/e,n/e,n/e,n/e,8,,n/e,n/e,n/e,n/e,n/e,n/e,n/e,n/e,n/e,n/e,n/e,n/e,265,,n/e,n/e,n/e,n/e,n/e,n/e,0,,n/e,n/e,0,,n/e,n/e,n/e,n/e,72,
16:00 - 17:00,64,,n/e,n/e,n/e,n/e,8,,n/e,n/e,n/e,n/e,n/e,n/e,n/e,n/e,n/e,n/e,n/e,n/e,188,,n/e,n/e,n/e,n/e,n/e,n/e,0,,n/e,n/e,0,,n/e,n/e,n/e,n/e,65,
17:00 - 18:00,63,,n/e,n/e,n/e,n/e,5,,n/e,n/e,n/e,n/e,n/e,n/e,n/e,n/e,n/e,n/e,n/e,n/e,179,,n/e,n/e,n/e,n/e,n/e,n/e,0,,n/e,n/e,0,,n/e,n/e,n/e,n/e,59,
18:00 - 19:00,62,,n/e,n/e,n/e,n/e,1,,n/e,n/e,n/e,n/e,n/e,n/e,n/e,n/e,n/e,n/e,n/e,n/e,145,,n/e,n/e,n/e,n/e,n/e,n/e,0,,n/e,n/e,0,,n/e,n/e,n/e,n/e,64,
19:00 - 20:00,58,,n/e,n/e,n/e,n/e,1,,n/e,n/e,n/e,n/e,n/e,n/e,n/e,n/e,n/e,n/e,n/e,n/e,104,,n/e,n/e,n/e,n/e,n/e,n/e,0,,n/e,n/e,0,,n/e,n/e,n/e,n/e,62,
20:00 - 21:00,58,,n/e,n/e,n/e,n/e,0,,n/e,n/e,n/e,n/e,n/e,n/e,n/e,n/e,n/e,n/e,n/e,n/e,7,,n/e,n/e,n/e,n/e,n/e,n/e,0,,n/e,n/e,0,,n/e,n/e,n/e,n/e,50,
21:00 - 22:00,54,,n/e,n/e,n/e,n/e,0,,n/e,n/e,n/e,n/e,n/e,n/e,n/e,n/e,n/e,n/e,n/e,n/e,7,,n/e,n/e,n/e,n/e,n/e,n/e,0,,n/e,n/e,0,,n/e,n/e,n/e,n/e,48,
22:00 - 23:00,54,,n/e,n/e,n/e,n/e,0,,n/e,n/e,n/e,n/e,n/e,n/e,n/e,n/e,n/e,n/e,n/e,n/e,6,,n/e,n/e,n/e,n/e,n/e,n/e,0,,n/e,n/e,0,,n/e,n/e,n/e,n/e,42,
23:00 - 00:00,49,,n/e,n/e,n/e,n/e,0,,n/e,n/e,n/e,n/e,n/e,n/e,n/e,n/e,n/e,n/e,n/e,n/e,5,,n/e,n/e,n/e,n/e,n/e,n/e,0,,n/e,n/e,0,,n/e,n/e,n/e,n/e,35,
00:00 - 01:00,44,,n/e,n/e,n/e,n/e,0,,n/e,n/e,n/e,n/e,n/e,n/e,n/e,n/e,n/e,n/e,n/e,n/e,5,,n/e,n/e,n/e,n/e,n/e,n/e,0,,n/e,n/e,0,,n/e,n/e,n/e,n/e,35,
01:00 - 02:00,43,,n/e,n/e,n/e,n/e,0,,n/e,n/e,n/e,n/e,n/e,n/e,n/e,n/e,n/e,n/e,n/e,n/e,5,,n/e,n/e,n/e,n/e,n/e,n/e,0,,n/e,n/e,0,,n/e,n/e,n/e,n/e,49,
02:00 - 03:00,40,,n/e,n/e,n/e,n/e,0,,n/e,n/e,n/e,n/e,n/e,n/e,n/e,n/e,n/e,n/e,n/e,n/e,5,,n/e,n/e,n/e,n/e,n/e,n/e,0,,n/e,n/e,0,,n/e,n/e,n/e,n/e,42,
03:00 - 04:00,41,,n/e,n/e,n/e,n/e,0,,n/e,n/e,n/e,n/e,n/e,n/e,n/e,n/e,n/e,n/e,n/e,n/e,5,,n/e,n/e,n/e,n/e,n/e,n/e,0,,n/e,n/e,0,,n/e,n/e,n/e,n/e,31,
04:00 - 05:00,42,,n/e,n/e,n/e,n/e,0,,n/e,n/e,n/e,n/e,n/e,n/e,n/e,n/e,n/e,n/e,n/e,n/e,70,,n/e,n/e,n/e,n/e,n/e,n/e,0,,n/e,n/e,0,,n/e,n/e,n/e,n/e,16,
05:00 - 06:00,44,,n/e,n/e,n/e,n/e,0,,n/e,n/e,n/e,n/e,n/e,n/e,n/e,n/e,n/e,n/e,n/e,n/e,180,,n/e,n/e,n/e,n/e,n/e,n/e,0,,n/e,n/e,0,,n/e,n/e,n/e,n/e,43,
06:00 - 07:00,48,,n/e,n/e,n/e,n/e,0,,n/e,n/e,n/e,n/e,n/e,n/e,n/e,n/e,n/e,n/e,n/e,n/e,197,,n/e,n/e,n/e,n/e,n/e,n/e,0,,n/e,n/e,2,,n/e,n/e,n/e,n/e,63,
07:00 - 08:00,48,,n/e,n/e,n/e,n/e,0,,n/e,n/e,n/e,n/e,n/e,n/e,n/e,n/e,n/e,n/e,n/e,n/e,200,,n/e,n/e,n/e,n/e,n/e,n/e,0,,n/e,n/e,12,,n/e,n/e,n/e,n/e,48,
08:00 - 09:00,46,,n/e,n/e,n/e,n/e,0,,n/e,n/e,n/e,n/e,n/e,n/e,n/e,n/e,n/e,n/e,n/e,n/e,257,,n/e,n/e,n/e,n/e,n/e,n/e,0,,n/e,n/e,27,,n/e,n/e,n/e,n/e,58,
09:00 - 10:00,45,,n/e,n/e,n/e,n/e,0,,n/e,n/e,n/e,n/e,n/e,n/e,n/e,n/e,n/e,n/e,n/e,n/e,252,,n/e,n/e,n/e,n/e,n/e,n/e,0,,n/e,n/e,46,,n/e,n/e,n/e,n/e,34,
10:00 - 11:00,41,,n/e,n/e,n/e,n/e,0,,n/e,n/e,n/e,n/e,n/e,n/e,n/e,n/e,n/e,n/e,n/e,n/e,179,,n/e,n/e,n/e,n/e,n/e,n/e,0,,n/e,n/e,58,,n/e,n/e,n/e,n/e,28,
11:00 - 12:00,41,,n/e,n/e,n/e,n/e,0,,n/e,n/e,n/e,n/e,n/e,n/e,n/e,n/e,n/e,n/e,n/e,n/e,200,,n/e,n/e,n/e,n/e,n/e,n/e,0,,n/e,n/e,65,,n/e,n/e,n/e,n/e,31,
12:00 - 13:00,37,,n/e,n/e,n/e,n/e,0,,n/e,n/e,n/e,n/e,n/e,n/e,n/e,n/e,n/e,n/e,n/e,n/e,266,,n/e,n/e,n/e,n/e,n/e,n/e,0,,n/e,n/e,41,,n/e,n/e,n/e,n/e,43,
13:00 - 14:00,39,,n/e,n/e,n/e,n/e,0,,n/e,n/e,n/e,n/e,n/e,n/e,n/e,n/e,n/e,n/e,n/e,n/e,260,,n/e,n/e,n/e,n/e,n/e,n/e,0,,n/e,n/e,7,,n/e,n/e,n/e,n/e,47,
14:00 - 15:00,43,,n/e,n/e,n/e,n/e,0,,n/e,n/e,n/e,n/e,n/e,n/e,n/e,n/e,n/e,n/e,n/e,n/e,257,,n/e,n/e,n/e,n/e,n/e,n/e,0,,n/e,n/e,0,,n/e,n/e,n/e,n/e,52,
15:00 - 16:00,44,,n/e,n/e,n/e,n/e,0,,n/e,n/e,n/e,n/e,n/e,n/e,n/e,n/e,n/e,n/e,n/e,n/e,283,,n/e,n/e,n/e,n/e,n/e,n/e,0,,n/e,n/e,1,,n/e,n/e,n/e,n/e,60,
16:00 - 17:00,43,,n/e,n/e,n/e,n/e,0,,n/e,n/e,n/e,n/e,n/e,n/e,n/e,n/e,n/e,n/e,n/e,n/e,211,,n/e,n/e,n/e,n/e,n/e,n/e,0,,n/e,n/e,0,,n/e,n/e,n/e,n/e,73,
17:00 - 18:00,40,,n/e,n/e,n/e,n/e,0,,n/e,n/e,n/e,n/e,n/e,n/e,n/e,n/e,n/e,n/e,n/e,n/e,194,,n/e,n/e,n/e,n/e,n/e,n/e,0,,n/e,n/e,0,,n/e,n/e,n/e,n/e,74,
18:00 - 19:00,38,,n/e,n/e,n/e,n/e,0,,n/e,n/e,n/e,n/e,n/e,n/e,n/e,n/e,n/e,n/e,n/e,n/e,105,,n/e,n/e,n/e,n/e,n/e,n/e,0,,n/e,n/e,0,,n/e,n/e,n/e,n/e,76,
19:00 - 20:00,38,,n/e,n/e,n/e,n/e,0,,n/e,n/e,n/e,n/e,n/e,n/e,n/e,n/e,n/e,n/e,n/e,n/e,104,,n/e,n/e,n/e,n/e,n/e,n/e,0,,n/e,n/e,0,,n/e,n/e,n/e,n/e,76,
20:00 - 21:00,38,,n/e,n/e,n/e,n/e,0,,n/e,n/e,n/e,n/e,n/e,n/e,n/e,n/e,n/e,n/e,n/e,n/e,7,,n/e,n/e,n/e,n/e,n/e,n/e,0,,n/e,n/e,0,,n/e,n/e,n/e,n/e,79,
21:00 - 22:00,41,,n/e,n/e,n/e,n/e,0,,n/e,n/e,n/e,n/e,n/e,n/e,n/e,n/e,n/e,n/e,n/e,n/e,6,,n/e,n/e,n/e,n/e,n/e,n/e,0,,n/e,n/e,0,,n/e,n/e,n/e,n/e,90,
22:00 - 23:00,43,,n/e,n/e,n/e,n/e,0,,n/e,n/e,n/e,n/e,n/e,n/e,n/e,n/e,n/e,n/e,n/e,n/e,4,,n/e,n/e,n/e,n/e,n/e,n/e,0,,n/e,n/e,0,,n/e,n/e,n/e,n/e,91,
23:00 - 00:00,45,,n/e,n/e,n/e,n/e,0,,n/e,n/e,n/e,n/e,n/e,n/e,n/e,n/e,n/e,n/e,n/e,n/e,4,,n/e,n/e,n/e,n/e,n/e,n/e,0,,n/e,n/e,0,,n/e,n/e,n/e,n/e,33,
00:00 - 01:00,44,,n/e,n/e,n/e,n/e,0,,n/e,n/e,n/e,n/e,n/e,n/e,n/e,n/e,n/e,n/e,n/e,n/e,3,,n/e,n/e,n/e,n/e,n/e,n/e,0,,n/e,n/e,0,,n/e,n/e,n/e,n/e,32,
01:00 - 02:00,42,,n/e,n/e,n/e,n/e,0,,n/e,n/e,n/e,n/e,n/e,n/e,n/e,n/e,n/e,n/e,n/e,n/e,4,,n/e,n/e,n/e,n/e,n/e,n/e,0,,n/e,n/e,0,,n/e,n/e,n/e,n/e,32,
02:00 - 03:00,41,,n/e,n/e,n/e,n/e,0,,n/e,n/e,n/e,n/e,n/e,n/e,n/e,n/e,n/e,n/e,n/e,n/e,13,,n/e,n/e,n/e,n/e,n/e,n/e,0,,n/e,n/e,0,,n/e,n/e,n/e,n/e,32,
03:00 - 04:00,39,,n/e,n/e,n/e,n/e,0,,n/e,n/e,n/e,n/e,n/e,n/e,n/e,n/e,n/e,n/e,n/e,n/e,8,,n/e,n/e,n/e,n/e,n/e,n/e,0,,n/e,n/e,0,,n/e,n/e,n/e,n/e,45,
04:00 - 05:00,38,,n/e,n/e,n/e,n/e,0,,n/e,n/e,n/e,n/e,n/e,n/e,n/e,n/e,n/e,n/e,n/e,n/e,18,,n/e,n/e,n/e,n/e,n/e,n/e,0,,n/e,n/e,0,,n/e,n/e,n/e,n/e,41,
05:00 - 06:00,38,,n/e,n/e,n/e,n/e,0,,n/e,n/e,n/e,n/e,n/e,n/e,n/e,n/e,n/e,n/e,n/e,n/e,178,,n/e,n/e,n/e,n/e,n/e,n/e,0,,n/e,n/e,0,,n/e,n/e,n/e,n/e,81,
06:00 - 07:00,41,,n/e,n/e,n/e,n/e,0,,n/e,n/e,n/e,n/e,n/e,n/e,n/e,n/e,n/e,n/e,n/e,n/e,282,,n/e,n/e,n/e,n/e,n/e,n/e,0,,n/e,n/e,1,,n/e,n/e,n/e,n/e,87,
07:00 - 08:00,44,,n/e,n/e,n/e,n/e,0,,n/e,n/e,n/e,n/e,n/e,n/e,n/e,n/e,n/e,n/e,n/e,n/e,306,,n/e,n/e,n/e,n/e,n/e,n/e,0,,n/e,n/e,12,,n/e,n/e,n/e,n/e,88,
08:00 - 09:00,47,,n/e,n/e,n/e,n/e,0,,n/e,n/e,n/e,n/e,n/e,n/e,n/e,n/e,n/e,n/e,n/e,n/e,245,,n/e,n/e,n/e,n/e,n/e,n/e,0,,n/e,n/e,38,,n/e,n/e,n/e,n/e,98,
09:00 - 10:00,50,,n/e,n/e,n/e,n/e,0,,n/e,n/e,n/e,n/e,n/e,n/e,n/e,n/e,n/e,n/e,n/e,n/e,235,,n/e,n/e,n/e,n/e,n/e,n/e,0,,n/e,n/e,67,,n/e,n/e,n/e,n/e,75,
10:00 - 11:00,50,,n/e,n/e,n/e,n/e,0,,n/e,n/e,n/e,n/e,n/e,n/e,n/e,n/e,n/e,n/e,n/e,n/e,166,,n/e,n/e,n/e,n/e,n/e,n/e,0,,n/e,n/e,69,,n/e,n/e,n/e,n/e,71,
11:00 - 12:00,49,,n/e,n/e,n/e,n/e,0,,n/e,n/e,n/e,n/e,n/e,n/e,n/e,n/e,n/e,n/e,n/e,n/e,256,,n/e,n/e,n/e,n/e,n/e,n/e,0,,n/e,n/e,57,,n/e,n/e,n/e,n/e,79,
12:00 - 13:00,50,,n/e,n/e,n/e,n/e,0,,n/e,n/e,n/e,n/e,n/e,n/e,n/e,n/e,n/e,n/e,n/e,n/e,272,,n/e,n/e,n/e,n/e,n/e,n/e,0,,n/e,n/e,37,,n/e,n/e,n/e,n/e,84,
13:00 - 14:00,52,,n/e,n/e,n/e,n/e,0,,n/e,n/e,n/e,n/e,n/e,n/e,n/e,n/e,n/e,n/e,n/e,n/e,339,,n/e,n/e,n/e,n/e,n/e,n/e,0,,n/e,n/e,10,,n/e,n/e,n/e,n/e,87,
14:00 - 15:00,51,,n/e,n/e,n/e,n/e,0,,n/e,n/e,n/e,n/e,n/e,n/e,n/e,n/e,n/e,n/e,n/e,n/e,332,,n/e,n/e,n/e,n/e,n/e,n/e,0,,n/e,n/e,1,,n/e,n/e,n/e,n/e,93,
15:00 - 16:00,48,,n/e,n/e,n/e,n/e,0,,n/e,n/e,n/e,n/e,n/e,n/e,n/e,n/e,n/e,n/e,n/e,n/e,314,,n/e,n/e,n/e,n/e,n/e,n/e,0,,n/e,n/e,1,,n/e,n/e,n/e,n/e,107,
16:00 - 17:00,48,,n/e,n/e,n/e,n/e,0,,n/e,n/e,n/e,n/e,n/e,n/e,n/e,n/e,n/e,n/e,n/e,n/e,324,,n/e,n/e,n/e,n/e,n/e,n/e,0,,n/e,n/e,1,,n/e,n/e,n/e,n/e,109,
17:00 - 18:00,46,,n/e,n/e,n/e,n/e,0,,n/e,n/e,n/e,n/e,n/e,n/e,n/e,n/e,n/e,n/e,n/e,n/e,296,,n/e,n/e,n/e,n/e,n/e,n/e,0,,n/e,n/e,0,,n/e,n/e,n/e,n/e,109,
18:00 - 19:00,44,,n/e,n/e,n/e,n/e,0,,n/e,n/e,n/e,n/e,n/e,n/e,n/e,n/e,n/e,n/e,n/e,n/e,190,,n/e,n/e,n/e,n/e,n/e,n/e,0,,n/e,n/e,1,,n/e,n/e,n/e,n/e,108,
19:00 - 20:00,41,,n/e,n/e,n/e,n/e,0,,n/e,n/e,n/e,n/e,n/e,n/e,n/e,n/e,n/e,n/e,n/e,n/e,206,,n/e,n/e,n/e,n/e,n/e,n/e,0,,n/e,n/e,1,,n/e,n/e,n/e,n/e,110,
20:00 - 21:00,38,,n/e,n/e,n/e,n/e,0,,n/e,n/e,n/e,n/e,n/e,n/e,n/e,n/e,n/e,n/e,n/e,n/e,12,,n/e,n/e,n/e,n/e,n/e,n/e,0,,n/e,n/e,0,,n/e,n/e,n/e,n/e,92,
21:00 - 22:00,40,,n/e,n/e,n/e,n/e,0,,n/e,n/e,n/e,n/e,n/e,n/e,n/e,n/e,n/e,n/e,n/e,n/e,4,,n/e,n/e,n/e,n/e,n/e,n/e,0,,n/e,n/e,0,,n/e,n/e,n/e,n/e,89,
22:00 - 23:00,43,,n/e,n/e,n/e,n/e,15,,n/e,n/e,n/e,n/e,n/e,n/e,n/e,n/e,n/e,n/e,n/e,n/e,4,,n/e,n/e,n/e,n/e,n/e,n/e,0,,n/e,n/e,0,,n/e,n/e,n/e,n/e,88,
23:00 - 00:00,41,,n/e,n/e,n/e,n/e,36,,n/e,n/e,n/e,n/e,n/e,n/e,n/e,n/e,n/e,n/e,n/e,n/e,25,,n/e,n/e,n/e,n/e,n/e,n/e,0,,n/e,n/e,0,,n/e,n/e,n/e,n/e,47,
00:00 - 01:00,40,,n/e,n/e,n/e,n/e,52,,n/e,n/e,n/e,n/e,n/e,n/e,n/e,n/e,n/e,n/e,n/e,n/e,14,,n/e,n/e,n/e,n/e,n/e,n/e,0,,n/e,n/e,0,,n/e,n/e,n/e,n/e,45,
01:00 - 02:00,40,,n/e,n/e,n/e,n/e,52,,n/e,n/e,n/e,n/e,n/e,n/e,n/e,n/e,n/e,n/e,n/e,n/e,4,,n/e,n/e,n/e,n/e,n/e,n/e,0,,n/e,n/e,0,,n/e,n/e,n/e,n/e,41,
02:00 - 03:00,39,,n/e,n/e,n/e,n/e,52,,n/e,n/e,n/e,n/e,n/e,n/e,n/e,n/e,n/e,n/e,n/e,n/e,3,,n/e,n/e,n/e,n/e,n/e,n/e,0,,n/e,n/e,0,,n/e,n/e,n/e,n/e,38,
03:00 - 04:00,39,,n/e,n/e,n/e,n/e,52,,n/e,n/e,n/e,n/e,n/e,n/e,n/e,n/e,n/e,n/e,n/e,n/e,4,,n/e,n/e,n/e,n/e,n/e,n/e,0,,n/e,n/e,0,,n/e,n/e,n/e,n/e,34,
04:00 - 05:00,39,,n/e,n/e,n/e,n/e,83,,n/e,n/e,n/e,n/e,n/e,n/e,n/e,n/e,n/e,n/e,n/e,n/e,13,,n/e,n/e,n/e,n/e,n/e,n/e,0,,n/e,n/e,0,,n/e,n/e,n/e,n/e,64,
05:00 - 06:00,43,,n/e,n/e,n/e,n/e,116,,n/e,n/e,n/e,n/e,n/e,n/e,n/e,n/e,n/e,n/e,n/e,n/e,141,,n/e,n/e,n/e,n/e,n/e,n/e,0,,n/e,n/e,0,,n/e,n/e,n/e,n/e,61,
06:00 - 07:00,55,,n/e,n/e,n/e,n/e,163,,n/e,n/e,n/e,n/e,n/e,n/e,n/e,n/e,n/e,n/e,n/e,n/e,241,,n/e,n/e,n/e,n/e,n/e,n/e,0,,n/e,n/e,2,,n/e,n/e,n/e,n/e,65,
07:00 - 08:00,58,,n/e,n/e,n/e,n/e,178,,n/e,n/e,n/e,n/e,n/e,n/e,n/e,n/e,n/e,n/e,n/e,n/e,277,,n/e,n/e,n/e,n/e,n/e,n/e,0,,n/e,n/e,7,,n/e,n/e,n/e,n/e,48,
08:00 - 09:00,60,,n/e,n/e,n/e,n/e,178,,n/e,n/e,n/e,n/e,n/e,n/e,n/e,n/e,n/e,n/e,n/e,n/e,276,,n/e,n/e,n/e,n/e,n/e,n/e,0,,n/e,n/e,13,,n/e,n/e,n/e,n/e,36,
09:00 - 10:00,62,,n/e,n/e,n/e,n/e,224,,n/e,n/e,n/e,n/e,n/e,n/e,n/e,n/e,n/e,n/e,n/e,n/e,360,,n/e,n/e,n/e,n/e,n/e,n/e,0,,n/e,n/e,20,,n/e,n/e,n/e,n/e,27,
10:00 - 11:00,63,,n/e,n/e,n/e,n/e,307,,n/e,n/e,n/e,n/e,n/e,n/e,n/e,n/e,n/e,n/e,n/e,n/e,449,,n/e,n/e,n/e,n/e,n/e,n/e,0,,n/e,n/e,21,,n/e,n/e,n/e,n/e,20,
11:00 - 12:00,63,,n/e,n/e,n/e,n/e,372,,n/e,n/e,n/e,n/e,n/e,n/e,n/e,n/e,n/e,n/e,n/e,n/e,547,,n/e,n/e,n/e,n/e,n/e,n/e,0,,n/e,n/e,16,,n/e,n/e,n/e,n/e,16,
12:00 - 13:00,63,,n/e,n/e,n/e,n/e,406,,n/e,n/e,n/e,n/e,n/e,n/e,n/e,n/e,n/e,n/e,n/e,n/e,545,,n/e,n/e,n/e,n/e,n/e,n/e,0,,n/e,n/e,9,,n/e,n/e,n/e,n/e,13,
13:00 - 14:00,65,,n/e,n/e,n/e,n/e,405,,n/e,n/e,n/e,n/e,n/e,n/e,n/e,n/e,n/e,n/e,n/e,n/e,546,,n/e,n/e,n/e,n/e,n/e,n/e,0,,n/e,n/e,2,,n/e,n/e,n/e,n/e,15,
14:00 - 15:00,65,,n/e,n/e,n/e,n/e,402,,n/e,n/e,n/e,n/e,n/e,n/e,n/e,n/e,n/e,n/e,n/e,n/e,571,,n/e,n/e,n/e,n/e,n/e,n/e,0,,n/e,n/e,0,,n/e,n/e,n/e,n/e,27,
15:00 - 16:00,66,,n/e,n/e,n/e,n/e,337,,n/e,n/e,n/e,n/e,n/e,n/e,n/e,n/e,n/e,n/e,n/e,n/e,573,,n/e,n/e,n/e,n/e,n/e,n/e,0,,n/e,n/e,0,,n/e,n/e,n/e,n/e,31,
16:00 - 17:00,65,,n/e,n/e,n/e,n/e,338,,n/e,n/e,n/e,n/e,n/e,n/e,n/e,n/e,n/e,n/e,n/e,n/e,620,,n/e,n/e,n/e,n/e,n/e,n/e,0,,n/e,n/e,0,,n/e,n/e,n/e,n/e,30,
17:00 - 18:00,64,,n/e,n/e,n/e,n/e,352,,n/e,n/e,n/e,n/e,n/e,n/e,n/e,n/e,n/e,n/e,n/e,n/e,504,,n/e,n/e,n/e,n/e,n/e,n/e,0,,n/e,n/e,0,,n/e,n/e,n/e,n/e,22,
18:00 - 19:00,63,,n/e,n/e,n/e,n/e,302,,n/e,n/e,n/e,n/e,n/e,n/e,n/e,n/e,n/e,n/e,n/e,n/e,399,,n/e,n/e,n/e,n/e,n/e,n/e,0,,n/e,n/e,0,,n/e,n/e,n/e,n/e,26,
19:00 - 20:00,63,,n/e,n/e,n/e,n/e,298,,n/e,n/e,n/e,n/e,n/e,n/e,n/e,n/e,n/e,n/e,n/e,n/e,326,,n/e,n/e,n/e,n/e,n/e,n/e,0,,n/e,n/e,0,,n/e,n/e,n/e,n/e,30,
20:00 - 21:00,60,,n/e,n/e,n/e,n/e,296,,n/e,n/e,n/e,n/e,n/e,n/e,n/e,n/e,n/e,n/e,n/e,n/e,36,,n/e,n/e,n/e,n/e,n/e,n/e,0,,n/e,n/e,0,,n/e,n/e,n/e,n/e,34,
21:00 - 22:00,53,,n/e,n/e,n/e,n/e,280,,n/e,n/e,n/e,n/e,n/e,n/e,n/e,n/e,n/e,n/e,n/e,n/e,36,,n/e,n/e,n/e,n/e,n/e,n/e,0,,n/e,n/e,0,,n/e,n/e,n/e,n/e,41,
22:00 - 23:00,51,,n/e,n/e,n/e,n/e,332,,n/e,n/e,n/e,n/e,n/e,n/e,n/e,n/e,n/e,n/e,n/e,n/e,8,,n/e,n/e,n/e,n/e,n/e,n/e,0,,n/e,n/e,0,,n/e,n/e,n/e,n/e,49,
23:00 - 00:00,48,,n/e,n/e,n/e,n/e,340,,n/e,n/e,n/e,n/e,n/e,n/e,n/e,n/e,n/e,n/e,n/e,n/e,8,,n/e,n/e,n/e,n/e,n/e,n/e,0,,n/e,n/e,0,,n/e,n/e,n/e,n/e,39,
00:00 - 01:00,48,,n/e,n/e,n/e,n/e,340,,n/e,n/e,n/e,n/e,n/e,n/e,n/e,n/e,n/e,n/e,n/e,n/e,7,,n/e,n/e,n/e,n/e,n/e,n/e,0,,n/e,n/e,0,,n/e,n/e,n/e,n/e,38,
01:00 - 02:00,49,,n/e,n/e,n/e,n/e,340,,n/e,n/e,n/e,n/e,n/e,n/e,n/e,n/e,n/e,n/e,n/e,n/e,7,,n/e,n/e,n/e,n/e,n/e,n/e,0,,n/e,n/e,0,,n/e,n/e,n/e,n/e,37,
02:00 - 03:00,51,,n/e,n/e,n/e,n/e,341,,n/e,n/e,n/e,n/e,n/e,n/e,n/e,n/e,n/e,n/e,n/e,n/e,7,,n/e,n/e,n/e,n/e,n/e,n/e,0,,n/e,n/e,0,,n/e,n/e,n/e,n/e,36,
03:00 - 04:00,54,,n/e,n/e,n/e,n/e,399,,n/e,n/e,n/e,n/e,n/e,n/e,n/e,n/e,n/e,n/e,n/e,n/e,8,,n/e,n/e,n/e,n/e,n/e,n/e,0,,n/e,n/e,0,,n/e,n/e,n/e,n/e,30,
04:00 - 05:00,62,,n/e,n/e,n/e,n/e,493,,n/e,n/e,n/e,n/e,n/e,n/e,n/e,n/e,n/e,n/e,n/e,n/e,20,,n/e,n/e,n/e,n/e,n/e,n/e,0,,n/e,n/e,0,,n/e,n/e,n/e,n/e,24,
05:00 - 06:00,61,,n/e,n/e,n/e,n/e,505,,n/e,n/e,n/e,n/e,n/e,n/e,n/e,n/e,n/e,n/e,n/e,n/e,150,,n/e,n/e,n/e,n/e,n/e,n/e,0,,n/e,n/e,0,,n/e,n/e,n/e,n/e,21,
06:00 - 07:00,63,,n/e,n/e,n/e,n/e,506,,n/e,n/e,n/e,n/e,n/e,n/e,n/e,n/e,n/e,n/e,n/e,n/e,194,,n/e,n/e,n/e,n/e,n/e,n/e,0,,n/e,n/e,1,,n/e,n/e,n/e,n/e,23,
07:00 - 08:00,64,,n/e,n/e,n/e,n/e,507,,n/e,n/e,n/e,n/e,n/e,n/e,n/e,n/e,n/e,n/e,n/e,n/e,193,,n/e,n/e,n/e,n/e,n/e,n/e,0,,n/e,n/e,10,,n/e,n/e,n/e,n/e,22,
08:00 - 09:00,64,,n/e,n/e,n/e,n/e,485,,n/e,n/e,n/e,n/e,n/e,n/e,n/e,n/e,n/e,n/e,n/e,n/e,266,,n/e,n/e,n/e,n/e,n/e,n/e,0,,n/e,n/e,21,,n/e,n/e,n/e,n/e,13,
09:00 - 10:00,64,,n/e,n/e,n/e,n/e,472,,n/e,n/e,n/e,n/e,n/e,n/e,n/e,n/e,n/e,n/e,n/e,n/e,278,,n/e,n/e,n/e,n/e,n/e,n/e,0,,n/e,n/e,29,,n/e,n/e,n/e,n/e,15,
10:00 - 11:00,64,,n/e,n/e,n/e,n/e,463,,n/e,n/e,n/e,n/e,n/e,n/e,n/e,n/e,n/e,n/e,n/e,n/e,313,,n/e,n/e,n/e,n/e,n/e,n/e,0,,n/e,n/e,23,,n/e,n/e,n/e,n/e,12,
11:00 - 12:00,64,,n/e,n/e,n/e,n/e,464,,n/e,n/e,n/e,n/e,n/e,n/e,n/e,n/e,n/e,n/e,n/e,n/e,327,,n/e,n/e,n/e,n/e,n/e,n/e,0,,n/e,n/e,17,,n/e,n/e,n/e,n/e,25,
12:00 - 13:00,63,,n/e,n/e,n/e,n/e,466,,n/e,n/e,n/e,n/e,n/e,n/e,n/e,n/e,n/e,n/e,n/e,n/e,332,,n/e,n/e,n/e,n/e,n/e,n/e,0,,n/e,n/e,9,,n/e,n/e,n/e,n/e,20,
13:00 - 14:00,69,,n/e,n/e,n/e,n/e,468,,n/e,n/e,n/e,n/e,n/e,n/e,n/e,n/e,n/e,n/e,n/e,n/e,444,,n/e,n/e,n/e,n/e,n/e,n/e,0,,n/e,n/e,2,,n/e,n/e,n/e,n/e,16,
14:00 - 15:00,68,,n/e,n/e,n/e,n/e,468,,n/e,n/e,n/e,n/e,n/e,n/e,n/e,n/e,n/e,n/e,n/e,n/e,487,,n/e,n/e,n/e,n/e,n/e,n/e,0,,n/e,n/e,0,,n/e,n/e,n/e,n/e,13,
15:00 - 16:00,68,,n/e,n/e,n/e,n/e,468,,n/e,n/e,n/e,n/e,n/e,n/e,n/e,n/e,n/e,n/e,n/e,n/e,470,,n/e,n/e,n/e,n/e,n/e,n/e,0,,n/e,n/e,0,,n/e,n/e,n/e,n/e,15,
16:00 - 17:00,67,,n/e,n/e,n/e,n/e,468,,n/e,n/e,n/e,n/e,n/e,n/e,n/e,n/e,n/e,n/e,n/e,n/e,379,,n/e,n/e,n/e,n/e,n/e,n/e,0,,n/e,n/e,0,,n/e,n/e,n/e,n/e,9,
17:00 - 18:00,67,,n/e,n/e,n/e,n/e,465,,n/e,n/e,n/e,n/e,n/e,n/e,n/e,n/e,n/e,n/e,n/e,n/e,241,,n/e,n/e,n/e,n/e,n/e,n/e,0,,n/e,n/e,0,,n/e,n/e,n/e,n/e,13,
18:00 - 19:00,66,,n/e,n/e,n/e,n/e,408,,n/e,n/e,n/e,n/e,n/e,n/e,n/e,n/e,n/e,n/e,n/e,n/e,215,,n/e,n/e,n/e,n/e,n/e,n/e,0,,n/e,n/e,0,,n/e,n/e,n/e,n/e,12,
19:00 - 20:00,66,,n/e,n/e,n/e,n/e,305,,n/e,n/e,n/e,n/e,n/e,n/e,n/e,n/e,n/e,n/e,n/e,n/e,218,,n/e,n/e,n/e,n/e,n/e,n/e,0,,n/e,n/e,0,,n/e,n/e,n/e,n/e,15,
20:00 - 21:00,65,,n/e,n/e,n/e,n/e,302,,n/e,n/e,n/e,n/e,n/e,n/e,n/e,n/e,n/e,n/e,n/e,n/e,15,,n/e,n/e,n/e,n/e,n/e,n/e,0,,n/e,n/e,0,,n/e,n/e,n/e,n/e,14,
21:00 - 22:00,59,,n/e,n/e,n/e,n/e,271,,n/e,n/e,n/e,n/e,n/e,n/e,n/e,n/e,n/e,n/e,n/e,n/e,8,,n/e,n/e,n/e,n/e,n/e,n/e,0,,n/e,n/e,0,,n/e,n/e,n/e,n/e,14,
22:00 - 23:00,58,,n/e,n/e,n/e,n/e,218,,n/e,n/e,n/e,n/e,n/e,n/e,n/e,n/e,n/e,n/e,n/e,n/e,27,,n/e,n/e,n/e,n/e,n/e,n/e,0,,n/e,n/e,0,,n/e,n/e,n/e,n/e,15,
23:00 - 00:00,56,,n/e,n/e,n/e,n/e,218,,n/e,n/e,n/e,n/e,n/e,n/e,n/e,n/e,n/e,n/e,n/e,n/e,9,,n/e,n/e,n/e,n/e,n/e,n/e,0,,n/e,n/e,0,,n/e,n/e,n/e,n/e,22,
00:00 - 01:00,55,,n/e,n/e,n/e,n/e,219,,n/e,n/e,n/e,n/e,n/e,n/e,n/e,n/e,n/e,n/e,n/e,n/e,8,,n/e,n/e,n/e,n/e,n/e,n/e,0,,n/e,n/e,0,,n/e,n/e,n/e,n/e,21,
01:00 - 02:00,54,,n/e,n/e,n/e,n/e,221,,n/e,n/e,n/e,n/e,n/e,n/e,n/e,n/e,n/e,n/e,n/e,n/e,8,,n/e,n/e,n/e,n/e,n/e,n/e,0,,n/e,n/e,0,,n/e,n/e,n/e,n/e,19,
02:00 - 03:00,56,,n/e,n/e,n/e,n/e,227,,n/e,n/e,n/e,n/e,n/e,n/e,n/e,n/e,n/e,n/e,n/e,n/e,8,,n/e,n/e,n/e,n/e,n/e,n/e,0,,n/e,n/e,0,,n/e,n/e,n/e,n/e,17,
03:00 - 04:00,60,,n/e,n/e,n/e,n/e,302,,n/e,n/e,n/e,n/e,n/e,n/e,n/e,n/e,n/e,n/e,n/e,n/e,10,,n/e,n/e,n/e,n/e,n/e,n/e,0,,n/e,n/e,0,,n/e,n/e,n/e,n/e,11,
04:00 - 05:00,62,,n/e,n/e,n/e,n/e,419,,n/e,n/e,n/e,n/e,n/e,n/e,n/e,n/e,n/e,n/e,n/e,n/e,97,,n/e,n/e,n/e,n/e,n/e,n/e,0,,n/e,n/e,0,,n/e,n/e,n/e,n/e,11,
05:00 - 06:00,64,,n/e,n/e,n/e,n/e,431,,n/e,n/e,n/e,n/e,n/e,n/e,n/e,n/e,n/e,n/e,n/e,n/e,196,,n/e,n/e,n/e,n/e,n/e,n/e,0,,n/e,n/e,0,,n/e,n/e,n/e,n/e,12,
06:00 - 07:00,64,,n/e,n/e,n/e,n/e,441,,n/e,n/e,n/e,n/e,n/e,n/e,n/e,n/e,n/e,n/e,n/e,n/e,204,,n/e,n/e,n/e,n/e,n/e,n/e,0,,n/e,n/e,1,,n/e,n/e,n/e,n/e,13,
07:00 - 08:00,64,,n/e,n/e,n/e,n/e,438,,n/e,n/e,n/e,n/e,n/e,n/e,n/e,n/e,n/e,n/e,n/e,n/e,193,,n/e,n/e,n/e,n/e,n/e,n/e,0,,n/e,n/e,9,,n/e,n/e,n/e,n/e,13,
08:00 - 09:00,65,,n/e,n/e,n/e,n/e,424,,n/e,n/e,n/e,n/e,n/e,n/e,n/e,n/e,n/e,n/e,n/e,n/e,215,,n/e,n/e,n/e,n/e,n/e,n/e,0,,n/e,n/e,21,,n/e,n/e,n/e,n/e,11,
09:00 - 10:00,65,,n/e,n/e,n/e,n/e,423,,n/e,n/e,n/e,n/e,n/e,n/e,n/e,n/e,n/e,n/e,n/e,n/e,235,,n/e,n/e,n/e,n/e,n/e,n/e,0,,n/e,n/e,28,,n/e,n/e,n/e,n/e,10,
10:00 - 11:00,66,,n/e,n/e,n/e,n/e,422,,n/e,n/e,n/e,n/e,n/e,n/e,n/e,n/e,n/e,n/e,n/e,n/e,358,,n/e,n/e,n/e,n/e,n/e,n/e,0,,n/e,n/e,28,,n/e,n/e,n/e,n/e,10,
11:00 - 12:00,66,,n/e,n/e,n/e,n/e,420,,n/e,n/e,n/e,n/e,n/e,n/e,n/e,n/e,n/e,n/e,n/e,n/e,330,,n/e,n/e,n/e,n/e,n/e,n/e,0,,n/e,n/e,21,,n/e,n/e,n/e,n/e,13,
12:00 - 13:00,63,,n/e,n/e,n/e,n/e,415,,n/e,n/e,n/e,n/e,n/e,n/e,n/e,n/e,n/e,n/e,n/e,n/e,358,,n/e,n/e,n/e,n/e,n/e,n/e,0,,n/e,n/e,11,,n/e,n/e,n/e,n/e,13,
13:00 - 14:00,66,,n/e,n/e,n/e,n/e,413,,n/e,n/e,n/e,n/e,n/e,n/e,n/e,n/e,n/e,n/e,n/e,n/e,337,,n/e,n/e,n/e,n/e,n/e,n/e,0,,n/e,n/e,1,,n/e,n/e,n/e,n/e,18,
14:00 - 15:00,67,,n/e,n/e,n/e,n/e,413,,n/e,n/e,n/e,n/e,n/e,n/e,n/e,n/e,n/e,n/e,n/e,n/e,388,,n/e,n/e,n/e,n/e,n/e,n/e,0,,n/e,n/e,0,,n/e,n/e,n/e,n/e,26,
15:00 - 16:00,67,,n/e,n/e,n/e,n/e,411,,n/e,n/e,n/e,n/e,n/e,n/e,n/e,n/e,n/e,n/e,n/e,n/e,402,,n/e,n/e,n/e,n/e,n/e,n/e,0,,n/e,n/e,0,,n/e,n/e,n/e,n/e,23,
16:00 - 17:00,67,,n/e,n/e,n/e,n/e,411,,n/e,n/e,n/e,n/e,n/e,n/e,n/e,n/e,n/e,n/e,n/e,n/e,452,,n/e,n/e,n/e,n/e,n/e,n/e,0,,n/e,n/e,0,,n/e,n/e,n/e,n/e,24,
17:00 - 18:00,68,,n/e,n/e,n/e,n/e,412,,n/e,n/e,n/e,n/e,n/e,n/e,n/e,n/e,n/e,n/e,n/e,n/e,441,,n/e,n/e,n/e,n/e,n/e,n/e,0,,n/e,n/e,0,,n/e,n/e,n/e,n/e,22,
18:00 - 19:00,67,,n/e,n/e,n/e,n/e,407,,n/e,n/e,n/e,n/e,n/e,n/e,n/e,n/e,n/e,n/e,n/e,n/e,337,,n/e,n/e,n/e,n/e,n/e,n/e,0,,n/e,n/e,0,,n/e,n/e,n/e,n/e,19,
19:00 - 20:00,67,,n/e,n/e,n/e,n/e,316,,n/e,n/e,n/e,n/e,n/e,n/e,n/e,n/e,n/e,n/e,n/e,n/e,347,,n/e,n/e,n/e,n/e,n/e,n/e,0,,n/e,n/e,0,,n/e,n/e,n/e,n/e,17,
20:00 - 21:00,68,,n/e,n/e,n/e,n/e,328,,n/e,n/e,n/e,n/e,n/e,n/e,n/e,n/e,n/e,n/e,n/e,n/e,30,,n/e,n/e,n/e,n/e,n/e,n/e,0,,n/e,n/e,0,,n/e,n/e,n/e,n/e,10,
21:00 - 22:00,63,,n/e,n/e,n/e,n/e,334,,n/e,n/e,n/e,n/e,n/e,n/e,n/e,n/e,n/e,n/e,n/e,n/e,21,,n/e,n/e,n/e,n/e,n/e,n/e,0,,n/e,n/e,0,,n/e,n/e,n/e,n/e,7,
22:00 - 23:00,60,,n/e,n/e,n/e,n/e,335,,n/e,n/e,n/e,n/e,n/e,n/e,n/e,n/e,n/e,n/e,n/e,n/e,8,,n/e,n/e,n/e,n/e,n/e,n/e,0,,n/e,n/e,0,,n/e,n/e,n/e,n/e,6,
23:00 - 00:00,60,,n/e,n/e,n/e,n/e,335,,n/e,n/e,n/e,n/e,n/e,n/e,n/e,n/e,n/e,n/e,n/e,n/e,8,,n/e,n/e,n/e,n/e,n/e,n/e,0,,n/e,n/e,0,,n/e,n/e,n/e,n/e,3,
00:00 - 01:00,61,,n/e,n/e,n/e,n/e,335,,n/e,n/e,n/e,n/e,n/e,n/e,n/e,n/e,n/e,n/e,n/e,n/e,9,,n/e,n/e,n/e,n/e,n/e,n/e,0,,n/e,n/e,0,,n/e,n/e,n/e,n/e,5,
01:00 - 02:00,63,,n/e,n/e,n/e,n/e,335,,n/e,n/e,n/e,n/e,n/e,n/e,n/e,n/e,n/e,n/e,n/e,n/e,8,,n/e,n/e,n/e,n/e,n/e,n/e,0,,n/e,n/e,0,,n/e,n/e,n/e,n/e,10,
02:00 - 03:00,65,,n/e,n/e,n/e,n/e,338,,n/e,n/e,n/e,n/e,n/e,n/e,n/e,n/e,n/e,n/e,n/e,n/e,8,,n/e,n/e,n/e,n/e,n/e,n/e,0,,n/e,n/e,0,,n/e,n/e,n/e,n/e,8,
03:00 - 04:00,66,,n/e,n/e,n/e,n/e,432,,n/e,n/e,n/e,n/e,n/e,n/e,n/e,n/e,n/e,n/e,n/e,n/e,8,,n/e,n/e,n/e,n/e,n/e,n/e,0,,n/e,n/e,0,,n/e,n/e,n/e,n/e,5,
04:00 - 05:00,65,,n/e,n/e,n/e,n/e,494,,n/e,n/e,n/e,n/e,n/e,n/e,n/e,n/e,n/e,n/e,n/e,n/e,69,,n/e,n/e,n/e,n/e,n/e,n/e,0,,n/e,n/e,0,,n/e,n/e,n/e,n/e,3,
05:00 - 06:00,66,,n/e,n/e,n/e,n/e,502,,n/e,n/e,n/e,n/e,n/e,n/e,n/e,n/e,n/e,n/e,n/e,n/e,209,,n/e,n/e,n/e,n/e,n/e,n/e,0,,n/e,n/e,0,,n/e,n/e,n/e,n/e,1,
06:00 - 07:00,68,,n/e,n/e,n/e,n/e,507,,n/e,n/e,n/e,n/e,n/e,n/e,n/e,n/e,n/e,n/e,n/e,n/e,342,,n/e,n/e,n/e,n/e,n/e,n/e,0,,n/e,n/e,1,,n/e,n/e,n/e,n/e,0,
07:00 - 08:00,71,,n/e,n/e,n/e,n/e,507,,n/e,n/e,n/e,n/e,n/e,n/e,n/e,n/e,n/e,n/e,n/e,n/e,344,,n/e,n/e,n/e,n/e,n/e,n/e,0,,n/e,n/e,18,,n/e,n/e,n/e,n/e,0,
08:00 - 09:00,68,,n/e,n/e,n/e,n/e,507,,n/e,n/e,n/e,n/e,n/e,n/e,n/e,n/e,n/e,n/e,n/e,n/e,316,,n/e,n/e,n/e,n/e,n/e,n/e,0,,n/e,n/e,49,,n/e,n/e,n/e,n/e,0,
09:00 - 10:00,69,,n/e,n/e,n/e,n/e,491,,n/e,n/e,n/e,n/e,n/e,n/e,n/e,n/e,n/e,n/e,n/e,n/e,322,,n/e,n/e,n/e,n/e,n/e,n/e,0,,n/e,n/e,69,,n/e,n/e,n/e,n/e,0,
10:00 - 11:00,69,,n/e,n/e,n/e,n/e,451,,n/e,n/e,n/e,n/e,n/e,n/e,n/e,n/e,n/e,n/e,n/e,n/e,309,,n/e,n/e,n/e,n/e,n/e,n/e,0,,n/e,n/e,71,,n/e,n/e,n/e,n/e,0,
11:00 - 12:00,68,,n/e,n/e,n/e,n/e,477,,n/e,n/e,n/e,n/e,n/e,n/e,n/e,n/e,n/e,n/e,n/e,n/e,379,,n/e,n/e,n/e,n/e,n/e,n/e,0,,n/e,n/e,53,,n/e,n/e,n/e,n/e,3,
12:00 - 13:00,67,,n/e,n/e,n/e,n/e,490,,n/e,n/e,n/e,n/e,n/e,n/e,n/e,n/e,n/e,n/e,n/e,n/e,397,,n/e,n/e,n/e,n/e,n/e,n/e,0,,n/e,n/e,27,,n/e,n/e,n/e,n/e,16,
13:00 - 14:00,68,,n/e,n/e,n/e,n/e,501,,n/e,n/e,n/e,n/e,n/e,n/e,n/e,n/e,n/e,n/e,n/e,n/e,437,,n/e,n/e,n/e,n/e,n/e,n/e,0,,n/e,n/e,5,,n/e,n/e,n/e,n/e,18,
14:00 - 15:00,68,,n/e,n/e,n/e,n/e,496,,n/e,n/e,n/e,n/e,n/e,n/e,n/e,n/e,n/e,n/e,n/e,n/e,456,,n/e,n/e,n/e,n/e,n/e,n/e,0,,n/e,n/e,0,,n/e,n/e,n/e,n/e,27,
15:00 - 16:00,68,,n/e,n/e,n/e,n/e,458,,n/e,n/e,n/e,n/e,n/e,n/e,n/e,n/e,n/e,n/e,n/e,n/e,419,,n/e,n/e,n/e,n/e,n/e,n/e,0,,n/e,n/e,0,,n/e,n/e,n/e,n/e,22,
16:00 - 17:00,68,,n/e,n/e,n/e,n/e,452,,n/e,n/e,n/e,n/e,n/e,n/e,n/e,n/e,n/e,n/e,n/e,n/e,445,,n/e,n/e,n/e,n/e,n/e,n/e,0,,n/e,n/e,0,,n/e,n/e,n/e,n/e,23,
17:00 - 18:00,68,,n/e,n/e,n/e,n/e,432,,n/e,n/e,n/e,n/e,n/e,n/e,n/e,n/e,n/e,n/e,n/e,n/e,339,,n/e,n/e,n/e,n/e,n/e,n/e,0,,n/e,n/e,0,,n/e,n/e,n/e,n/e,26,
18:00 - 19:00,67,,n/e,n/e,n/e,n/e,361,,n/e,n/e,n/e,n/e,n/e,n/e,n/e,n/e,n/e,n/e,n/e,n/e,292,,n/e,n/e,n/e,n/e,n/e,n/e,0,,n/e,n/e,0,,n/e,n/e,n/e,n/e,27,
19:00 - 20:00,65,,n/e,n/e,n/e,n/e,211,,n/e,n/e,n/e,n/e,n/e,n/e,n/e,n/e,n/e,n/e,n/e,n/e,327,,n/e,n/e,n/e,n/e,n/e,n/e,0,,n/e,n/e,0,,n/e,n/e,n/e,n/e,32,
20:00 - 21:00,63,,n/e,n/e,n/e,n/e,5,,n/e,n/e,n/e,n/e,n/e,n/e,n/e,n/e,n/e,n/e,n/e,n/e,310,,n/e,n/e,n/e,n/e,n/e,n/e,0,,n/e,n/e,0,,n/e,n/e,n/e,n/e,30,
21:00 - 22:00,60,,n/e,n/e,n/e,n/e,2,,n/e,n/e,n/e,n/e,n/e,n/e,n/e,n/e,n/e,n/e,n/e,n/e,343,,n/e,n/e,n/e,n/e,n/e,n/e,0,,n/e,n/e,0,,n/e,n/e,n/e,n/e,32,
22:00 - 23:00,61,,n/e,n/e,n/e,n/e,2,,n/e,n/e,n/e,n/e,n/e,n/e,n/e,n/e,n/e,n/e,n/e,n/e,375,,n/e,n/e,n/e,n/e,n/e,n/e,0,,n/e,n/e,0,,n/e,n/e,n/e,n/e,33,
23:00 - 00:00,55,,n/e,n/e,n/e,n/e,0,,n/e,n/e,n/e,n/e,n/e,n/e,n/e,n/e,n/e,n/e,n/e,n/e,12,,n/e,n/e,n/e,n/e,n/e,n/e,0,,n/e,n/e,0,,n/e,n/e,n/e,n/e,34,
00:00 - 01:00,56,,n/e,n/e,n/e,n/e,0,,n/e,n/e,n/e,n/e,n/e,n/e,n/e,n/e,n/e,n/e,n/e,n/e,7,,n/e,n/e,n/e,n/e,n/e,n/e,0,,n/e,n/e,0,,n/e,n/e,n/e,n/e,34,
01:00 - 02:00,56,,n/e,n/e,n/e,n/e,1,,n/e,n/e,n/e,n/e,n/e,n/e,n/e,n/e,n/e,n/e,n/e,n/e,7,,n/e,n/e,n/e,n/e,n/e,n/e,0,,n/e,n/e,0,,n/e,n/e,n/e,n/e,43,
02:00 - 03:00,57,,n/e,n/e,n/e,n/e,0,,n/e,n/e,n/e,n/e,n/e,n/e,n/e,n/e,n/e,n/e,n/e,n/e,7,,n/e,n/e,n/e,n/e,n/e,n/e,0,,n/e,n/e,0,,n/e,n/e,n/e,n/e,51,
03:00 - 04:00,56,,n/e,n/e,n/e,n/e,0,,n/e,n/e,n/e,n/e,n/e,n/e,n/e,n/e,n/e,n/e,n/e,n/e,8,,n/e,n/e,n/e,n/e,n/e,n/e,0,,n/e,n/e,0,,n/e,n/e,n/e,n/e,55,
04:00 - 05:00,60,,n/e,n/e,n/e,n/e,0,,n/e,n/e,n/e,n/e,n/e,n/e,n/e,n/e,n/e,n/e,n/e,n/e,49,,n/e,n/e,n/e,n/e,n/e,n/e,0,,n/e,n/e,0,,n/e,n/e,n/e,n/e,57,
05:00 - 06:00,63,,n/e,n/e,n/e,n/e,4,,n/e,n/e,n/e,n/e,n/e,n/e,n/e,n/e,n/e,n/e,n/e,n/e,236,,n/e,n/e,n/e,n/e,n/e,n/e,0,,n/e,n/e,0,,n/e,n/e,n/e,n/e,68,
06:00 - 07:00,64,,n/e,n/e,n/e,n/e,5,,n/e,n/e,n/e,n/e,n/e,n/e,n/e,n/e,n/e,n/e,n/e,n/e,399,,n/e,n/e,n/e,n/e,n/e,n/e,0,,n/e,n/e,1,,n/e,n/e,n/e,n/e,66,
07:00 - 08:00,65,,n/e,n/e,n/e,n/e,5,,n/e,n/e,n/e,n/e,n/e,n/e,n/e,n/e,n/e,n/e,n/e,n/e,382,,n/e,n/e,n/e,n/e,n/e,n/e,0,,n/e,n/e,7,,n/e,n/e,n/e,n/e,67,
08:00 - 09:00,65,,n/e,n/e,n/e,n/e,5,,n/e,n/e,n/e,n/e,n/e,n/e,n/e,n/e,n/e,n/e,n/e,n/e,344,,n/e,n/e,n/e,n/e,n/e,n/e,0,,n/e,n/e,14,,n/e,n/e,n/e,n/e,77,
09:00 - 10:00,65,,n/e,n/e,n/e,n/e,5,,n/e,n/e,n/e,n/e,n/e,n/e,n/e,n/e,n/e,n/e,n/e,n/e,250,,n/e,n/e,n/e,n/e,n/e,n/e,0,,n/e,n/e,20,,n/e,n/e,n/e,n/e,90,
10:00 - 11:00,65,,n/e,n/e,n/e,n/e,5,,n/e,n/e,n/e,n/e,n/e,n/e,n/e,n/e,n/e,n/e,n/e,n/e,225,,n/e,n/e,n/e,n/e,n/e,n/e,0,,n/e,n/e,21,,n/e,n/e,n/e,n/e,99,
11:00 - 12:00,61,,n/e,n/e,n/e,n/e,5,,n/e,n/e,n/e,n/e,n/e,n/e,n/e,n/e,n/e,n/e,n/e,n/e,213,,n/e,n/e,n/e,n/e,n/e,n/e,0,,n/e,n/e,16,,n/e,n/e,n/e,n/e,97,
12:00 - 13:00,59,,n/e,n/e,n/e,n/e,5,,n/e,n/e,n/e,n/e,n/e,n/e,n/e,n/e,n/e,n/e,n/e,n/e,173,,n/e,n/e,n/e,n/e,n/e,n/e,0,,n/e,n/e,8,,n/e,n/e,n/e,n/e,103,
13:00 - 14:00,58,,n/e,n/e,n/e,n/e,5,,n/e,n/e,n/e,n/e,n/e,n/e,n/e,n/e,n/e,n/e,n/e,n/e,150,,n/e,n/e,n/e,n/e,n/e,n/e,0,,n/e,n/e,2,,n/e,n/e,n/e,n/e,103,
14:00 - 15:00,58,,n/e,n/e,n/e,n/e,10,,n/e,n/e,n/e,n/e,n/e,n/e,n/e,n/e,n/e,n/e,n/e,n/e,148,,n/e,n/e,n/e,n/e,n/e,n/e,0,,n/e,n/e,1,,n/e,n/e,n/e,n/e,97,
15:00 - 16:00,57,,n/e,n/e,n/e,n/e,5,,n/e,n/e,n/e,n/e,n/e,n/e,n/e,n/e,n/e,n/e,n/e,n/e,140,,n/e,n/e,n/e,n/e,n/e,n/e,0,,n/e,n/e,0,,n/e,n/e,n/e,n/e,105,
16:00 - 17:00,54,,n/e,n/e,n/e,n/e,4,,n/e,n/e,n/e,n/e,n/e,n/e,n/e,n/e,n/e,n/e,n/e,n/e,133,,n/e,n/e,n/e,n/e,n/e,n/e,0,,n/e,n/e,1,,n/e,n/e,n/e,n/e,101,
17:00 - 18:00,50,,n/e,n/e,n/e,n/e,2,,n/e,n/e,n/e,n/e,n/e,n/e,n/e,n/e,n/e,n/e,n/e,n/e,140,,n/e,n/e,n/e,n/e,n/e,n/e,0,,n/e,n/e,1,,n/e,n/e,n/e,n/e,91,
18:00 - 19:00,49,,n/e,n/e,n/e,n/e,0,,n/e,n/e,n/e,n/e,n/e,n/e,n/e,n/e,n/e,n/e,n/e,n/e,160,,n/e,n/e,n/e,n/e,n/e,n/e,0,,n/e,n/e,0,,n/e,n/e,n/e,n/e,93,
19:00 - 20:00,50,,n/e,n/e,n/e,n/e,0,,n/e,n/e,n/e,n/e,n/e,n/e,n/e,n/e,n/e,n/e,n/e,n/e,146,,n/e,n/e,n/e,n/e,n/e,n/e,0,,n/e,n/e,0,,n/e,n/e,n/e,n/e,92,
20:00 - 21:00,49,,n/e,n/e,n/e,n/e,0,,n/e,n/e,n/e,n/e,n/e,n/e,n/e,n/e,n/e,n/e,n/e,n/e,24,,n/e,n/e,n/e,n/e,n/e,n/e,0,,n/e,n/e,0,,n/e,n/e,n/e,n/e,99,
21:00 - 22:00,49,,n/e,n/e,n/e,n/e,0,,n/e,n/e,n/e,n/e,n/e,n/e,n/e,n/e,n/e,n/e,n/e,n/e,26,,n/e,n/e,n/e,n/e,n/e,n/e,0,,n/e,n/e,0,,n/e,n/e,n/e,n/e,99,
22:00 - 23:00,49,,n/e,n/e,n/e,n/e,0,,n/e,n/e,n/e,n/e,n/e,n/e,n/e,n/e,n/e,n/e,n/e,n/e,72,,n/e,n/e,n/e,n/e,n/e,n/e,0,,n/e,n/e,0,,n/e,n/e,n/e,n/e,101,
23:00 - 00:00,46,,n/e,n/e,n/e,n/e,0,,n/e,n/e,n/e,n/e,n/e,n/e,n/e,n/e,n/e,n/e,n/e,n/e,7,,n/e,n/e,n/e,n/e,n/e,n/e,0,,n/e,n/e,0,,n/e,n/e,n/e,n/e,101,
00:00 - 01:00,44,,n/e,n/e,n/e,n/e,0,,n/e,n/e,n/e,n/e,n/e,n/e,n/e,n/e,n/e,n/e,n/e,n/e,7,,n/e,n/e,n/e,n/e,n/e,n/e,0,,n/e,n/e,0,,n/e,n/e,n/e,n/e,105,
01:00 - 02:00,43,,n/e,n/e,n/e,n/e,0,,n/e,n/e,n/e,n/e,n/e,n/e,n/e,n/e,n/e,n/e,n/e,n/e,10,,n/e,n/e,n/e,n/e,n/e,n/e,0,,n/e,n/e,0,,n/e,n/e,n/e,n/e,102,
02:00 - 03:00,42,,n/e,n/e,n/e,n/e,0,,n/e,n/e,n/e,n/e,n/e,n/e,n/e,n/e,n/e,n/e,n/e,n/e,11,,n/e,n/e,n/e,n/e,n/e,n/e,0,,n/e,n/e,0,,n/e,n/e,n/e,n/e,100,
03:00 - 04:00,40,,n/e,n/e,n/e,n/e,0,,n/e,n/e,n/e,n/e,n/e,n/e,n/e,n/e,n/e,n/e,n/e,n/e,6,,n/e,n/e,n/e,n/e,n/e,n/e,0,,n/e,n/e,0,,n/e,n/e,n/e,n/e,97,
04:00 - 05:00,40,,n/e,n/e,n/e,n/e,0,,n/e,n/e,n/e,n/e,n/e,n/e,n/e,n/e,n/e,n/e,n/e,n/e,6,,n/e,n/e,n/e,n/e,n/e,n/e,0,,n/e,n/e,0,,n/e,n/e,n/e,n/e,89,
05:00 - 06:00,43,,n/e,n/e,n/e,n/e,0,,n/e,n/e,n/e,n/e,n/e,n/e,n/e,n/e,n/e,n/e,n/e,n/e,12,,n/e,n/e,n/e,n/e,n/e,n/e,0,,n/e,n/e,0,,n/e,n/e,n/e,n/e,82,
06:00 - 07:00,42,,n/e,n/e,n/e,n/e,0,,n/e,n/e,n/e,n/e,n/e,n/e,n/e,n/e,n/e,n/e,n/e,n/e,107,,n/e,n/e,n/e,n/e,n/e,n/e,0,,n/e,n/e,1,,n/e,n/e,n/e,n/e,76,
07:00 - 08:00,41,,n/e,n/e,n/e,n/e,0,,n/e,n/e,n/e,n/e,n/e,n/e,n/e,n/e,n/e,n/e,n/e,n/e,106,,n/e,n/e,n/e,n/e,n/e,n/e,0,,n/e,n/e,9,,n/e,n/e,n/e,n/e,78,
08:00 - 09:00,45,,n/e,n/e,n/e,n/e,0,,n/e,n/e,n/e,n/e,n/e,n/e,n/e,n/e,n/e,n/e,n/e,n/e,106,,n/e,n/e,n/e,n/e,n/e,n/e,0,,n/e,n/e,21,,n/e,n/e,n/e,n/e,70,
09:00 - 10:00,48,,n/e,n/e,n/e,n/e,8,,n/e,n/e,n/e,n/e,n/e,n/e,n/e,n/e,n/e,n/e,n/e,n/e,136,,n/e,n/e,n/e,n/e,n/e,n/e,0,,n/e,n/e,29,,n/e,n/e,n/e,n/e,64,
10:00 - 11:00,49,,n/e,n/e,n/e,n/e,38,,n/e,n/e,n/e,n/e,n/e,n/e,n/e,n/e,n/e,n/e,n/e,n/e,132,,n/e,n/e,n/e,n/e,n/e,n/e,0,,n/e,n/e,36,,n/e,n/e,n/e,n/e,71,
11:00 - 12:00,57,,n/e,n/e,n/e,n/e,26,,n/e,n/e,n/e,n/e,n/e,n/e,n/e,n/e,n/e,n/e,n/e,n/e,162,,n/e,n/e,n/e,n/e,n/e,n/e,0,,n/e,n/e,32,,n/e,n/e,n/e,n/e,70,
12:00 - 13:00,59,,n/e,n/e,n/e,n/e,2,,n/e,n/e,n/e,n/e,n/e,n/e,n/e,n/e,n/e,n/e,n/e,n/e,298,,n/e,n/e,n/e,n/e,n/e,n/e,0,,n/e,n/e,14,,n/e,n/e,n/e,n/e,71,
13:00 - 14:00,63,,n/e,n/e,n/e,n/e,3,,n/e,n/e,n/e,n/e,n/e,n/e,n/e,n/e,n/e,n/e,n/e,n/e,342,,n/e,n/e,n/e,n/e,n/e,n/e,0,,n/e,n/e,3,,n/e,n/e,n/e,n/e,66,
14:00 - 15:00,62,,n/e,n/e,n/e,n/e,3,,n/e,n/e,n/e,n/e,n/e,n/e,n/e,n/e,n/e,n/e,n/e,n/e,449,,n/e,n/e,n/e,n/e,n/e,n/e,0,,n/e,n/e,0,,n/e,n/e,n/e,n/e,60,
15:00 - 16:00,62,,n/e,n/e,n/e,n/e,3,,n/e,n/e,n/e,n/e,n/e,n/e,n/e,n/e,n/e,n/e,n/e,n/e,491,,n/e,n/e,n/e,n/e,n/e,n/e,0,,n/e,n/e,0,,n/e,n/e,n/e,n/e,70,
16:00 - 17:00,62,,n/e,n/e,n/e,n/e,3,,n/e,n/e,n/e,n/e,n/e,n/e,n/e,n/e,n/e,n/e,n/e,n/e,487,,n/e,n/e,n/e,n/e,n/e,n/e,0,,n/e,n/e,0,,n/e,n/e,n/e,n/e,76,
17:00 - 18:00,60,,n/e,n/e,n/e,n/e,0,,n/e,n/e,n/e,n/e,n/e,n/e,n/e,n/e,n/e,n/e,n/e,n/e,431,,n/e,n/e,n/e,n/e,n/e,n/e,0,,n/e,n/e,0,,n/e,n/e,n/e,n/e,52,
18:00 - 19:00,57,,n/e,n/e,n/e,n/e,0,,n/e,n/e,n/e,n/e,n/e,n/e,n/e,n/e,n/e,n/e,n/e,n/e,272,,n/e,n/e,n/e,n/e,n/e,n/e,0,,n/e,n/e,0,,n/e,n/e,n/e,n/e,42,
19:00 - 20:00,51,,n/e,n/e,n/e,n/e,0,,n/e,n/e,n/e,n/e,n/e,n/e,n/e,n/e,n/e,n/e,n/e,n/e,166,,n/e,n/e,n/e,n/e,n/e,n/e,0,,n/e,n/e,0,,n/e,n/e,n/e,n/e,46,
20:00 - 21:00,48,,n/e,n/e,n/e,n/e,0,,n/e,n/e,n/e,n/e,n/e,n/e,n/e,n/e,n/e,n/e,n/e,n/e,20,,n/e,n/e,n/e,n/e,n/e,n/e,0,,n/e,n/e,0,,n/e,n/e,n/e,n/e,54,
21:00 - 22:00,49,,n/e,n/e,n/e,n/e,0,,n/e,n/e,n/e,n/e,n/e,n/e,n/e,n/e,n/e,n/e,n/e,n/e,18,,n/e,n/e,n/e,n/e,n/e,n/e,0,,n/e,n/e,0,,n/e,n/e,n/e,n/e,52,
22:00 - 23:00,50,,n/e,n/e,n/e,n/e,0,,n/e,n/e,n/e,n/e,n/e,n/e,n/e,n/e,n/e,n/e,n/e,n/e,23,,n/e,n/e,n/e,n/e,n/e,n/e,0,,n/e,n/e,0,,n/e,n/e,n/e,n/e,53,
23:00 - 00:00,51,,n/e,n/e,n/e,n/e,0,,n/e,n/e,n/e,n/e,n/e,n/e,n/e,n/e,n/e,n/e,n/e,n/e,7,,n/e,n/e,n/e,n/e,n/e,n/e,0,,n/e,n/e,0,,n/e,n/e,n/e,n/e,53,
00:00 - 01:00,51,,n/e,n/e,n/e,n/e,0,,n/e,n/e,n/e,n/e,n/e,n/e,n/e,n/e,n/e,n/e,n/e,n/e,6,,n/e,n/e,n/e,n/e,n/e,n/e,0,,n/e,n/e,0,,n/e,n/e,n/e,n/e,56,
01:00 - 02:00,51,,n/e,n/e,n/e,n/e,0,,n/e,n/e,n/e,n/e,n/e,n/e,n/e,n/e,n/e,n/e,n/e,n/e,6,,n/e,n/e,n/e,n/e,n/e,n/e,0,,n/e,n/e,0,,n/e,n/e,n/e,n/e,57,
02:00 - 03:00,52,,n/e,n/e,n/e,n/e,0,,n/e,n/e,n/e,n/e,n/e,n/e,n/e,n/e,n/e,n/e,n/e,n/e,27,,n/e,n/e,n/e,n/e,n/e,n/e,0,,n/e,n/e,0,,n/e,n/e,n/e,n/e,60,
03:00 - 04:00,51,,n/e,n/e,n/e,n/e,0,,n/e,n/e,n/e,n/e,n/e,n/e,n/e,n/e,n/e,n/e,n/e,n/e,164,,n/e,n/e,n/e,n/e,n/e,n/e,0,,n/e,n/e,0,,n/e,n/e,n/e,n/e,62,
04:00 - 05:00,54,,n/e,n/e,n/e,n/e,0,,n/e,n/e,n/e,n/e,n/e,n/e,n/e,n/e,n/e,n/e,n/e,n/e,167,,n/e,n/e,n/e,n/e,n/e,n/e,0,,n/e,n/e,0,,n/e,n/e,n/e,n/e,64,
05:00 - 06:00,61,,n/e,n/e,n/e,n/e,6,,n/e,n/e,n/e,n/e,n/e,n/e,n/e,n/e,n/e,n/e,n/e,n/e,327,,n/e,n/e,n/e,n/e,n/e,n/e,0,,n/e,n/e,0,,n/e,n/e,n/e,n/e,67,
06:00 - 07:00,65,,n/e,n/e,n/e,n/e,6,,n/e,n/e,n/e,n/e,n/e,n/e,n/e,n/e,n/e,n/e,n/e,n/e,344,,n/e,n/e,n/e,n/e,n/e,n/e,0,,n/e,n/e,1,,n/e,n/e,n/e,n/e,63,
07:00 - 08:00,66,,n/e,n/e,n/e,n/e,6,,n/e,n/e,n/e,n/e,n/e,n/e,n/e,n/e,n/e,n/e,n/e,n/e,344,,n/e,n/e,n/e,n/e,n/e,n/e,0,,n/e,n/e,6,,n/e,n/e,n/e,n/e,56,
08:00 - 09:00,65,,n/e,n/e,n/e,n/e,7,,n/e,n/e,n/e,n/e,n/e,n/e,n/e,n/e,n/e,n/e,n/e,n/e,327,,n/e,n/e,n/e,n/e,n/e,n/e,0,,n/e,n/e,19,,n/e,n/e,n/e,n/e,69,
09:00 - 10:00,63,,n/e,n/e,n/e,n/e,7,,n/e,n/e,n/e,n/e,n/e,n/e,n/e,n/e,n/e,n/e,n/e,n/e,345,,n/e,n/e,n/e,n/e,n/e,n/e,0,,n/e,n/e,35,,n/e,n/e,n/e,n/e,81,
10:00 - 11:00,62,,n/e,n/e,n/e,n/e,7,,n/e,n/e,n/e,n/e,n/e,n/e,n/e,n/e,n/e,n/e,n/e,n/e,351,,n/e,n/e,n/e,n/e,n/e,n/e,0,,n/e,n/e,47,,n/e,n/e,n/e,n/e,93,
11:00 - 12:00,59,,n/e,n/e,n/e,n/e,7,,n/e,n/e,n/e,n/e,n/e,n/e,n/e,n/e,n/e,n/e,n/e,n/e,362,,n/e,n/e,n/e,n/e,n/e,n/e,0,,n/e,n/e,32,,n/e,n/e,n/e,n/e,89,
12:00 - 13:00,59,,n/e,n/e,n/e,n/e,7,,n/e,n/e,n/e,n/e,n/e,n/e,n/e,n/e,n/e,n/e,n/e,n/e,416,,n/e,n/e,n/e,n/e,n/e,n/e,0,,n/e,n/e,11,,n/e,n/e,n/e,n/e,89,
13:00 - 14:00,64,,n/e,n/e,n/e,n/e,7,,n/e,n/e,n/e,n/e,n/e,n/e,n/e,n/e,n/e,n/e,n/e,n/e,408,,n/e,n/e,n/e,n/e,n/e,n/e,0,,n/e,n/e,2,,n/e,n/e,n/e,n/e,86,
14:00 - 15:00,62,,n/e,n/e,n/e,n/e,7,,n/e,n/e,n/e,n/e,n/e,n/e,n/e,n/e,n/e,n/e,n/e,n/e,407,,n/e,n/e,n/e,n/e,n/e,n/e,0,,n/e,n/e,0,,n/e,n/e,n/e,n/e,73,
15:00 - 16:00,61,,n/e,n/e,n/e,n/e,54,,n/e,n/e,n/e,n/e,n/e,n/e,n/e,n/e,n/e,n/e,n/e,n/e,301,,n/e,n/e,n/e,n/e,n/e,n/e,0,,n/e,n/e,0,,n/e,n/e,n/e,n/e,57,
16:00 - 17:00,61,,n/e,n/e,n/e,n/e,82,,n/e,n/e,n/e,n/e,n/e,n/e,n/e,n/e,n/e,n/e,n/e,n/e,253,,n/e,n/e,n/e,n/e,n/e,n/e,0,,n/e,n/e,0,,n/e,n/e,n/e,n/e,48,
17:00 - 18:00,60,,n/e,n/e,n/e,n/e,116,,n/e,n/e,n/e,n/e,n/e,n/e,n/e,n/e,n/e,n/e,n/e,n/e,234,,n/e,n/e,n/e,n/e,n/e,n/e,0,,n/e,n/e,0,,n/e,n/e,n/e,n/e,48,
18:00 - 19:00,59,,n/e,n/e,n/e,n/e,164,,n/e,n/e,n/e,n/e,n/e,n/e,n/e,n/e,n/e,n/e,n/e,n/e,136,,n/e,n/e,n/e,n/e,n/e,n/e,0,,n/e,n/e,0,,n/e,n/e,n/e,n/e,40,
19:00 - 20:00,58,,n/e,n/e,n/e,n/e,165,,n/e,n/e,n/e,n/e,n/e,n/e,n/e,n/e,n/e,n/e,n/e,n/e,25,,n/e,n/e,n/e,n/e,n/e,n/e,0,,n/e,n/e,0,,n/e,n/e,n/e,n/e,44,
20:00 - 21:00,52,,n/e,n/e,n/e,n/e,150,,n/e,n/e,n/e,n/e,n/e,n/e,n/e,n/e,n/e,n/e,n/e,n/e,25,,n/e,n/e,n/e,n/e,n/e,n/e,0,,n/e,n/e,0,,n/e,n/e,n/e,n/e,46,
21:00 - 22:00,50,,n/e,n/e,n/e,n/e,150,,n/e,n/e,n/e,n/e,n/e,n/e,n/e,n/e,n/e,n/e,n/e,n/e,59,,n/e,n/e,n/e,n/e,n/e,n/e,0,,n/e,n/e,0,,n/e,n/e,n/e,n/e,54,
22:00 - 23:00,51,,n/e,n/e,n/e,n/e,150,,n/e,n/e,n/e,n/e,n/e,n/e,n/e,n/e,n/e,n/e,n/e,n/e,44,,n/e,n/e,n/e,n/e,n/e,n/e,0,,n/e,n/e,0,,n/e,n/e,n/e,n/e,46,
23:00 - 00:00,48,,n/e,n/e,n/e,n/e,150,,n/e,n/e,n/e,n/e,n/e,n/e,n/e,n/e,n/e,n/e,n/e,n/e,7,,n/e,n/e,n/e,n/e,n/e,n/e,0,,n/e,n/e,0,,n/e,n/e,n/e,n/e,46,
00:00 - 01:00,48,,n/e,n/e,n/e,n/e,150,,n/e,n/e,n/e,n/e,n/e,n/e,n/e,n/e,n/e,n/e,n/e,n/e,6,,n/e,n/e,n/e,n/e,n/e,n/e,0,,n/e,n/e,0,,n/e,n/e,n/e,n/e,46,
01:00 - 02:00,49,,n/e,n/e,n/e,n/e,150,,n/e,n/e,n/e,n/e,n/e,n/e,n/e,n/e,n/e,n/e,n/e,n/e,8,,n/e,n/e,n/e,n/e,n/e,n/e,0,,n/e,n/e,0,,n/e,n/e,n/e,n/e,43,
02:00 - 03:00,49,,n/e,n/e,n/e,n/e,150,,n/e,n/e,n/e,n/e,n/e,n/e,n/e,n/e,n/e,n/e,n/e,n/e,104,,n/e,n/e,n/e,n/e,n/e,n/e,0,,n/e,n/e,0,,n/e,n/e,n/e,n/e,39,
03:00 - 04:00,49,,n/e,n/e,n/e,n/e,150,,n/e,n/e,n/e,n/e,n/e,n/e,n/e,n/e,n/e,n/e,n/e,n/e,168,,n/e,n/e,n/e,n/e,n/e,n/e,0,,n/e,n/e,0,,n/e,n/e,n/e,n/e,41,
04:00 - 05:00,55,,n/e,n/e,n/e,n/e,152,,n/e,n/e,n/e,n/e,n/e,n/e,n/e,n/e,n/e,n/e,n/e,n/e,165,,n/e,n/e,n/e,n/e,n/e,n/e,0,,n/e,n/e,0,,n/e,n/e,n/e,n/e,49,
05:00 - 06:00,59,,n/e,n/e,n/e,n/e,170,,n/e,n/e,n/e,n/e,n/e,n/e,n/e,n/e,n/e,n/e,n/e,n/e,188,,n/e,n/e,n/e,n/e,n/e,n/e,0,,n/e,n/e,0,,n/e,n/e,n/e,n/e,59,
06:00 - 07:00,62,,n/e,n/e,n/e,n/e,259,,n/e,n/e,n/e,n/e,n/e,n/e,n/e,n/e,n/e,n/e,n/e,n/e,443,,n/e,n/e,n/e,n/e,n/e,n/e,0,,n/e,n/e,1,,n/e,n/e,n/e,n/e,63,
07:00 - 08:00,64,,n/e,n/e,n/e,n/e,315,,n/e,n/e,n/e,n/e,n/e,n/e,n/e,n/e,n/e,n/e,n/e,n/e,444,,n/e,n/e,n/e,n/e,n/e,n/e,0,,n/e,n/e,3,,n/e,n/e,n/e,n/e,55,
08:00 - 09:00,65,,n/e,n/e,n/e,n/e,345,,n/e,n/e,n/e,n/e,n/e,n/e,n/e,n/e,n/e,n/e,n/e,n/e,437,,n/e,n/e,n/e,n/e,n/e,n/e,0,,n/e,n/e,7,,n/e,n/e,n/e,n/e,43,
09:00 - 10:00,68,,n/e,n/e,n/e,n/e,345,,n/e,n/e,n/e,n/e,n/e,n/e,n/e,n/e,n/e,n/e,n/e,n/e,431,,n/e,n/e,n/e,n/e,n/e,n/e,0,,n/e,n/e,10,,n/e,n/e,n/e,n/e,44,
10:00 - 11:00,68,,n/e,n/e,n/e,n/e,346,,n/e,n/e,n/e,n/e,n/e,n/e,n/e,n/e,n/e,n/e,n/e,n/e,487,,n/e,n/e,n/e,n/e,n/e,n/e,0,,n/e,n/e,10,,n/e,n/e,n/e,n/e,41,
11:00 - 12:00,67,,n/e,n/e,n/e,n/e,346,,n/e,n/e,n/e,n/e,n/e,n/e,n/e,n/e,n/e,n/e,n/e,n/e,576,,n/e,n/e,n/e,n/e,n/e,n/e,0,,n/e,n/e,7,,n/e,n/e,n/e,n/e,36,
12:00 - 13:00,66,,n/e,n/e,n/e,n/e,350,,n/e,n/e,n/e,n/e,n/e,n/e,n/e,n/e,n/e,n/e,n/e,n/e,570,,n/e,n/e,n/e,n/e,n/e,n/e,0,,n/e,n/e,4,,n/e,n/e,n/e,n/e,43,
13:00 - 14:00,67,,n/e,n/e,n/e,n/e,490,,n/e,n/e,n/e,n/e,n/e,n/e,n/e,n/e,n/e,n/e,n/e,n/e,357,,n/e,n/e,n/e,n/e,n/e,n/e,0,,n/e,n/e,1,,n/e,n/e,n/e,n/e,61,
14:00 - 15:00,66,,n/e,n/e,n/e,n/e,496,,n/e,n/e,n/e,n/e,n/e,n/e,n/e,n/e,n/e,n/e,n/e,n/e,380,,n/e,n/e,n/e,n/e,n/e,n/e,0,,n/e,n/e,0,,n/e,n/e,n/e,n/e,51,
15:00 - 16:00,65,,n/e,n/e,n/e,n/e,496,,n/e,n/e,n/e,n/e,n/e,n/e,n/e,n/e,n/e,n/e,n/e,n/e,462,,n/e,n/e,n/e,n/e,n/e,n/e,0,,n/e,n/e,0,,n/e,n/e,n/e,n/e,57,
16:00 - 17:00,65,,n/e,n/e,n/e,n/e,497,,n/e,n/e,n/e,n/e,n/e,n/e,n/e,n/e,n/e,n/e,n/e,n/e,468,,n/e,n/e,n/e,n/e,n/e,n/e,0,,n/e,n/e,0,,n/e,n/e,n/e,n/e,45,
17:00 - 18:00,67,,n/e,n/e,n/e,n/e,497,,n/e,n/e,n/e,n/e,n/e,n/e,n/e,n/e,n/e,n/e,n/e,n/e,476,,n/e,n/e,n/e,n/e,n/e,n/e,0,,n/e,n/e,1,,n/e,n/e,n/e,n/e,39,
18:00 - 19:00,65,,n/e,n/e,n/e,n/e,496,,n/e,n/e,n/e,n/e,n/e,n/e,n/e,n/e,n/e,n/e,n/e,n/e,449,,n/e,n/e,n/e,n/e,n/e,n/e,0,,n/e,n/e,1,,n/e,n/e,n/e,n/e,44,
19:00 - 20:00,63,,n/e,n/e,n/e,n/e,494,,n/e,n/e,n/e,n/e,n/e,n/e,n/e,n/e,n/e,n/e,n/e,n/e,364,,n/e,n/e,n/e,n/e,n/e,n/e,0,,n/e,n/e,1,,n/e,n/e,n/e,n/e,37,
20:00 - 21:00,62,,n/e,n/e,n/e,n/e,489,,n/e,n/e,n/e,n/e,n/e,n/e,n/e,n/e,n/e,n/e,n/e,n/e,147,,n/e,n/e,n/e,n/e,n/e,n/e,0,,n/e,n/e,0,,n/e,n/e,n/e,n/e,40,
21:00 - 22:00,61,,n/e,n/e,n/e,n/e,485,,n/e,n/e,n/e,n/e,n/e,n/e,n/e,n/e,n/e,n/e,n/e,n/e,73,,n/e,n/e,n/e,n/e,n/e,n/e,0,,n/e,n/e,0,,n/e,n/e,n/e,n/e,30,
22:00 - 23:00,57,,n/e,n/e,n/e,n/e,458,,n/e,n/e,n/e,n/e,n/e,n/e,n/e,n/e,n/e,n/e,n/e,n/e,76,,n/e,n/e,n/e,n/e,n/e,n/e,0,,n/e,n/e,0,,n/e,n/e,n/e,n/e,24,
23:00 - 00:00,54,,n/e,n/e,n/e,n/e,368,,n/e,n/e,n/e,n/e,n/e,n/e,n/e,n/e,n/e,n/e,n/e,n/e,13,,n/e,n/e,n/e,n/e,n/e,n/e,0,,n/e,n/e,0,,n/e,n/e,n/e,n/e,36,
00:00 - 01:00,54,,n/e,n/e,n/e,n/e,368,,n/e,n/e,n/e,n/e,n/e,n/e,n/e,n/e,n/e,n/e,n/e,n/e,9,,n/e,n/e,n/e,n/e,n/e,n/e,0,,n/e,n/e,0,,n/e,n/e,n/e,n/e,42,
01:00 - 02:00,55,,n/e,n/e,n/e,n/e,370,,n/e,n/e,n/e,n/e,n/e,n/e,n/e,n/e,n/e,n/e,n/e,n/e,6,,n/e,n/e,n/e,n/e,n/e,n/e,0,,n/e,n/e,0,,n/e,n/e,n/e,n/e,45,
02:00 - 03:00,55,,n/e,n/e,n/e,n/e,368,,n/e,n/e,n/e,n/e,n/e,n/e,n/e,n/e,n/e,n/e,n/e,n/e,6,,n/e,n/e,n/e,n/e,n/e,n/e,0,,n/e,n/e,0,,n/e,n/e,n/e,n/e,49,
03:00 - 04:00,57,,n/e,n/e,n/e,n/e,367,,n/e,n/e,n/e,n/e,n/e,n/e,n/e,n/e,n/e,n/e,n/e,n/e,6,,n/e,n/e,n/e,n/e,n/e,n/e,0,,n/e,n/e,0,,n/e,n/e,n/e,n/e,56,
04:00 - 05:00,59,,n/e,n/e,n/e,n/e,370,,n/e,n/e,n/e,n/e,n/e,n/e,n/e,n/e,n/e,n/e,n/e,n/e,9,,n/e,n/e,n/e,n/e,n/e,n/e,0,,n/e,n/e,0,,n/e,n/e,n/e,n/e,45,
05:00 - 06:00,64,,n/e,n/e,n/e,n/e,483,,n/e,n/e,n/e,n/e,n/e,n/e,n/e,n/e,n/e,n/e,n/e,n/e,237,,n/e,n/e,n/e,n/e,n/e,n/e,0,,n/e,n/e,1,,n/e,n/e,n/e,n/e,46,
06:00 - 07:00,69,,n/e,n/e,n/e,n/e,613,,n/e,n/e,n/e,n/e,n/e,n/e,n/e,n/e,n/e,n/e,n/e,n/e,598,,n/e,n/e,n/e,n/e,n/e,n/e,0,,n/e,n/e,1,,n/e,n/e,n/e,n/e,51,
07:00 - 08:00,71,,n/e,n/e,n/e,n/e,733,,n/e,n/e,n/e,n/e,n/e,n/e,n/e,n/e,n/e,n/e,n/e,n/e,496,,n/e,n/e,n/e,n/e,n/e,n/e,0,,n/e,n/e,13,,n/e,n/e,n/e,n/e,56,
08:00 - 09:00,72,,n/e,n/e,n/e,n/e,822,,n/e,n/e,n/e,n/e,n/e,n/e,n/e,n/e,n/e,n/e,n/e,n/e,413,,n/e,n/e,n/e,n/e,n/e,n/e,0,,n/e,n/e,46,,n/e,n/e,n/e,n/e,55,
09:00 - 10:00,74,,n/e,n/e,n/e,n/e,915,,n/e,n/e,n/e,n/e,n/e,n/e,n/e,n/e,n/e,n/e,n/e,n/e,323,,n/e,n/e,n/e,n/e,n/e,n/e,0,,n/e,n/e,73,,n/e,n/e,n/e,n/e,47,
10:00 - 11:00,73,,n/e,n/e,n/e,n/e,918,,n/e,n/e,n/e,n/e,n/e,n/e,n/e,n/e,n/e,n/e,n/e,n/e,326,,n/e,n/e,n/e,n/e,n/e,n/e,0,,n/e,n/e,65,,n/e,n/e,n/e,n/e,42,
11:00 - 12:00,70,,n/e,n/e,n/e,n/e,920,,n/e,n/e,n/e,n/e,n/e,n/e,n/e,n/e,n/e,n/e,n/e,n/e,270,,n/e,n/e,n/e,n/e,n/e,n/e,0,,n/e,n/e,38,,n/e,n/e,n/e,n/e,42,
12:00 - 13:00,69,,n/e,n/e,n/e,n/e,920,,n/e,n/e,n/e,n/e,n/e,n/e,n/e,n/e,n/e,n/e,n/e,n/e,272,,n/e,n/e,n/e,n/e,n/e,n/e,0,,n/e,n/e,18,,n/e,n/e,n/e,n/e,44,
13:00 - 14:00,72,,n/e,n/e,n/e,n/e,920,,n/e,n/e,n/e,n/e,n/e,n/e,n/e,n/e,n/e,n/e,n/e,n/e,347,,n/e,n/e,n/e,n/e,n/e,n/e,0,,n/e,n/e,4,,n/e,n/e,n/e,n/e,48,
14:00 - 15:00,71,,n/e,n/e,n/e,n/e,920,,n/e,n/e,n/e,n/e,n/e,n/e,n/e,n/e,n/e,n/e,n/e,n/e,338,,n/e,n/e,n/e,n/e,n/e,n/e,0,,n/e,n/e,1,,n/e,n/e,n/e,n/e,54,
15:00 - 16:00,70,,n/e,n/e,n/e,n/e,921,,n/e,n/e,n/e,n/e,n/e,n/e,n/e,n/e,n/e,n/e,n/e,n/e,338,,n/e,n/e,n/e,n/e,n/e,n/e,0,,n/e,n/e,1,,n/e,n/e,n/e,n/e,58,
16:00 - 17:00,70,,n/e,n/e,n/e,n/e,919,,n/e,n/e,n/e,n/e,n/e,n/e,n/e,n/e,n/e,n/e,n/e,n/e,334,,n/e,n/e,n/e,n/e,n/e,n/e,0,,n/e,n/e,1,,n/e,n/e,n/e,n/e,56,
17:00 - 18:00,70,,n/e,n/e,n/e,n/e,826,,n/e,n/e,n/e,n/e,n/e,n/e,n/e,n/e,n/e,n/e,n/e,n/e,259,,n/e,n/e,n/e,n/e,n/e,n/e,0,,n/e,n/e,0,,n/e,n/e,n/e,n/e,46,
18:00 - 19:00,67,,n/e,n/e,n/e,n/e,761,,n/e,n/e,n/e,n/e,n/e,n/e,n/e,n/e,n/e,n/e,n/e,n/e,256,,n/e,n/e,n/e,n/e,n/e,n/e,0,,n/e,n/e,0,,n/e,n/e,n/e,n/e,35,
19:00 - 20:00,66,,n/e,n/e,n/e,n/e,661,,n/e,n/e,n/e,n/e,n/e,n/e,n/e,n/e,n/e,n/e,n/e,n/e,341,,n/e,n/e,n/e,n/e,n/e,n/e,0,,n/e,n/e,0,,n/e,n/e,n/e,n/e,29,
20:00 - 21:00,65,,n/e,n/e,n/e,n/e,359,,n/e,n/e,n/e,n/e,n/e,n/e,n/e,n/e,n/e,n/e,n/e,n/e,267,,n/e,n/e,n/e,n/e,n/e,n/e,0,,n/e,n/e,1,,n/e,n/e,n/e,n/e,31,
21:00 - 22:00,63,,n/e,n/e,n/e,n/e,348,,n/e,n/e,n/e,n/e,n/e,n/e,n/e,n/e,n/e,n/e,n/e,n/e,267,,n/e,n/e,n/e,n/e,n/e,n/e,0,,n/e,n/e,0,,n/e,n/e,n/e,n/e,39,
22:00 - 23:00,60,,n/e,n/e,n/e,n/e,343,,n/e,n/e,n/e,n/e,n/e,n/e,n/e,n/e,n/e,n/e,n/e,n/e,267,,n/e,n/e,n/e,n/e,n/e,n/e,0,,n/e,n/e,0,,n/e,n/e,n/e,n/e,46,
23:00 - 00:00,60,,n/e,n/e,n/e,n/e,295,,n/e,n/e,n/e,n/e,n/e,n/e,n/e,n/e,n/e,n/e,n/e,n/e,11,,n/e,n/e,n/e,n/e,n/e,n/e,0,,n/e,n/e,0,,n/e,n/e,n/e,n/e,46,
00:00 - 01:00,61,,n/e,n/e,n/e,n/e,296,,n/e,n/e,n/e,n/e,n/e,n/e,n/e,n/e,n/e,n/e,n/e,n/e,5,,n/e,n/e,n/e,n/e,n/e,n/e,0,,n/e,n/e,0,,n/e,n/e,n/e,n/e,33,
01:00 - 02:00,65,,n/e,n/e,n/e,n/e,295,,n/e,n/e,n/e,n/e,n/e,n/e,n/e,n/e,n/e,n/e,n/e,n/e,5,,n/e,n/e,n/e,n/e,n/e,n/e,0,,n/e,n/e,0,,n/e,n/e,n/e,n/e,32,
02:00 - 03:00,65,,n/e,n/e,n/e,n/e,294,,n/e,n/e,n/e,n/e,n/e,n/e,n/e,n/e,n/e,n/e,n/e,n/e,5,,n/e,n/e,n/e,n/e,n/e,n/e,0,,n/e,n/e,0,,n/e,n/e,n/e,n/e,32,
03:00 - 04:00,66,,n/e,n/e,n/e,n/e,294,,n/e,n/e,n/e,n/e,n/e,n/e,n/e,n/e,n/e,n/e,n/e,n/e,9,,n/e,n/e,n/e,n/e,n/e,n/e,0,,n/e,n/e,0,,n/e,n/e,n/e,n/e,37,
04:00 - 05:00,66,,n/e,n/e,n/e,n/e,297,,n/e,n/e,n/e,n/e,n/e,n/e,n/e,n/e,n/e,n/e,n/e,n/e,114,,n/e,n/e,n/e,n/e,n/e,n/e,0,,n/e,n/e,0,,n/e,n/e,n/e,n/e,30,
05:00 - 06:00,66,,n/e,n/e,n/e,n/e,370,,n/e,n/e,n/e,n/e,n/e,n/e,n/e,n/e,n/e,n/e,n/e,n/e,258,,n/e,n/e,n/e,n/e,n/e,n/e,0,,n/e,n/e,0,,n/e,n/e,n/e,n/e,36,
06:00 - 07:00,67,,n/e,n/e,n/e,n/e,396,,n/e,n/e,n/e,n/e,n/e,n/e,n/e,n/e,n/e,n/e,n/e,n/e,339,,n/e,n/e,n/e,n/e,n/e,n/e,0,,n/e,n/e,0,,n/e,n/e,n/e,n/e,36,
07:00 - 08:00,66,,n/e,n/e,n/e,n/e,453,,n/e,n/e,n/e,n/e,n/e,n/e,n/e,n/e,n/e,n/e,n/e,n/e,381,,n/e,n/e,n/e,n/e,n/e,n/e,0,,n/e,n/e,3,,n/e,n/e,n/e,n/e,37,
08:00 - 09:00,65,,n/e,n/e,n/e,n/e,450,,n/e,n/e,n/e,n/e,n/e,n/e,n/e,n/e,n/e,n/e,n/e,n/e,396,,n/e,n/e,n/e,n/e,n/e,n/e,0,,n/e,n/e,8,,n/e,n/e,n/e,n/e,38,
09:00 - 10:00,66,,n/e,n/e,n/e,n/e,452,,n/e,n/e,n/e,n/e,n/e,n/e,n/e,n/e,n/e,n/e,n/e,n/e,375,,n/e,n/e,n/e,n/e,n/e,n/e,0,,n/e,n/e,14,,n/e,n/e,n/e,n/e,39,
10:00 - 11:00,67,,n/e,n/e,n/e,n/e,454,,n/e,n/e,n/e,n/e,n/e,n/e,n/e,n/e,n/e,n/e,n/e,n/e,550,,n/e,n/e,n/e,n/e,n/e,n/e,0,,n/e,n/e,17,,n/e,n/e,n/e,n/e,41,
11:00 - 12:00,67,,n/e,n/e,n/e,n/e,454,,n/e,n/e,n/e,n/e,n/e,n/e,n/e,n/e,n/e,n/e,n/e,n/e,538,,n/e,n/e,n/e,n/e,n/e,n/e,0,,n/e,n/e,13,,n/e,n/e,n/e,n/e,38,
12:00 - 13:00,66,,n/e,n/e,n/e,n/e,454,,n/e,n/e,n/e,n/e,n/e,n/e,n/e,n/e,n/e,n/e,n/e,n/e,553,,n/e,n/e,n/e,n/e,n/e,n/e,0,,n/e,n/e,6,,n/e,n/e,n/e,n/e,30,
13:00 - 14:00,67,,n/e,n/e,n/e,n/e,454,,n/e,n/e,n/e,n/e,n/e,n/e,n/e,n/e,n/e,n/e,n/e,n/e,464,,n/e,n/e,n/e,n/e,n/e,n/e,0,,n/e,n/e,1,,n/e,n/e,n/e,n/e,31,
14:00 - 15:00,67,,n/e,n/e,n/e,n/e,454,,n/e,n/e,n/e,n/e,n/e,n/e,n/e,n/e,n/e,n/e,n/e,n/e,457,,n/e,n/e,n/e,n/e,n/e,n/e,0,,n/e,n/e,0,,n/e,n/e,n/e,n/e,29,
15:00 - 16:00,63,,n/e,n/e,n/e,n/e,453,,n/e,n/e,n/e,n/e,n/e,n/e,n/e,n/e,n/e,n/e,n/e,n/e,454,,n/e,n/e,n/e,n/e,n/e,n/e,0,,n/e,n/e,0,,n/e,n/e,n/e,n/e,33,
16:00 - 17:00,65,,n/e,n/e,n/e,n/e,452,,n/e,n/e,n/e,n/e,n/e,n/e,n/e,n/e,n/e,n/e,n/e,n/e,208,,n/e,n/e,n/e,n/e,n/e,n/e,0,,n/e,n/e,0,,n/e,n/e,n/e,n/e,33,
17:00 - 18:00,66,,n/e,n/e,n/e,n/e,452,,n/e,n/e,n/e,n/e,n/e,n/e,n/e,n/e,n/e,n/e,n/e,n/e,232,,n/e,n/e,n/e,n/e,n/e,n/e,0,,n/e,n/e,0,,n/e,n/e,n/e,n/e,37,
18:00 - 19:00,65,,n/e,n/e,n/e,n/e,461,,n/e,n/e,n/e,n/e,n/e,n/e,n/e,n/e,n/e,n/e,n/e,n/e,227,,n/e,n/e,n/e,n/e,n/e,n/e,0,,n/e,n/e,0,,n/e,n/e,n/e,n/e,42,
19:00 - 20:00,63,,n/e,n/e,n/e,n/e,470,,n/e,n/e,n/e,n/e,n/e,n/e,n/e,n/e,n/e,n/e,n/e,n/e,190,,n/e,n/e,n/e,n/e,n/e,n/e,0,,n/e,n/e,0,,n/e,n/e,n/e,n/e,43,
20:00 - 21:00,62,,n/e,n/e,n/e,n/e,377,,n/e,n/e,n/e,n/e,n/e,n/e,n/e,n/e,n/e,n/e,n/e,n/e,7,,n/e,n/e,n/e,n/e,n/e,n/e,0,,n/e,n/e,0,,n/e,n/e,n/e,n/e,45,
21:00 - 22:00,58,,n/e,n/e,n/e,n/e,143,,n/e,n/e,n/e,n/e,n/e,n/e,n/e,n/e,n/e,n/e,n/e,n/e,184,,n/e,n/e,n/e,n/e,n/e,n/e,0,,n/e,n/e,0,,n/e,n/e,n/e,n/e,46,
22:00 - 23:00,60,,n/e,n/e,n/e,n/e,94,,n/e,n/e,n/e,n/e,n/e,n/e,n/e,n/e,n/e,n/e,n/e,n/e,260,,n/e,n/e,n/e,n/e,n/e,n/e,0,,n/e,n/e,0,,n/e,n/e,n/e,n/e,42,
23:00 - 00:00,59,,n/e,n/e,n/e,n/e,69,,n/e,n/e,n/e,n/e,n/e,n/e,n/e,n/e,n/e,n/e,n/e,n/e,9,,n/e,n/e,n/e,n/e,n/e,n/e,0,,n/e,n/e,0,,n/e,n/e,n/e,n/e,32,
00:00 - 01:00,58,,n/e,n/e,n/e,n/e,69,,n/e,n/e,n/e,n/e,n/e,n/e,n/e,n/e,n/e,n/e,n/e,n/e,5,,n/e,n/e,n/e,n/e,n/e,n/e,0,,n/e,n/e,0,,n/e,n/e,n/e,n/e,35,
01:00 - 02:00,59,,n/e,n/e,n/e,n/e,69,,n/e,n/e,n/e,n/e,n/e,n/e,n/e,n/e,n/e,n/e,n/e,n/e,5,,n/e,n/e,n/e,n/e,n/e,n/e,0,,n/e,n/e,0,,n/e,n/e,n/e,n/e,39,
02:00 - 03:00,60,,n/e,n/e,n/e,n/e,69,,n/e,n/e,n/e,n/e,n/e,n/e,n/e,n/e,n/e,n/e,n/e,n/e,5,,n/e,n/e,n/e,n/e,n/e,n/e,0,,n/e,n/e,0,,n/e,n/e,n/e,n/e,45,
03:00 - 04:00,60,,n/e,n/e,n/e,n/e,68,,n/e,n/e,n/e,n/e,n/e,n/e,n/e,n/e,n/e,n/e,n/e,n/e,8,,n/e,n/e,n/e,n/e,n/e,n/e,0,,n/e,n/e,0,,n/e,n/e,n/e,n/e,54,
04:00 - 05:00,60,,n/e,n/e,n/e,n/e,69,,n/e,n/e,n/e,n/e,n/e,n/e,n/e,n/e,n/e,n/e,n/e,n/e,87,,n/e,n/e,n/e,n/e,n/e,n/e,0,,n/e,n/e,1,,n/e,n/e,n/e,n/e,56,
05:00 - 06:00,61,,n/e,n/e,n/e,n/e,83,,n/e,n/e,n/e,n/e,n/e,n/e,n/e,n/e,n/e,n/e,n/e,n/e,181,,n/e,n/e,n/e,n/e,n/e,n/e,0,,n/e,n/e,0,,n/e,n/e,n/e,n/e,48,
06:00 - 07:00,64,,n/e,n/e,n/e,n/e,117,,n/e,n/e,n/e,n/e,n/e,n/e,n/e,n/e,n/e,n/e,n/e,n/e,231,,n/e,n/e,n/e,n/e,n/e,n/e,0,,n/e,n/e,0,,n/e,n/e,n/e,n/e,50,
07:00 - 08:00,65,,n/e,n/e,n/e,n/e,148,,n/e,n/e,n/e,n/e,n/e,n/e,n/e,n/e,n/e,n/e,n/e,n/e,203,,n/e,n/e,n/e,n/e,n/e,n/e,0,,n/e,n/e,2,,n/e,n/e,n/e,n/e,55,
08:00 - 09:00,64,,n/e,n/e,n/e,n/e,150,,n/e,n/e,n/e,n/e,n/e,n/e,n/e,n/e,n/e,n/e,n/e,n/e,217,,n/e,n/e,n/e,n/e,n/e,n/e,0,,n/e,n/e,7,,n/e,n/e,n/e,n/e,51,
09:00 - 10:00,64,,n/e,n/e,n/e,n/e,151,,n/e,n/e,n/e,n/e,n/e,n/e,n/e,n/e,n/e,n/e,n/e,n/e,219,,n/e,n/e,n/e,n/e,n/e,n/e,0,,n/e,n/e,11,,n/e,n/e,n/e,n/e,43,
10:00 - 11:00,64,,n/e,n/e,n/e,n/e,151,,n/e,n/e,n/e,n/e,n/e,n/e,n/e,n/e,n/e,n/e,n/e,n/e,308,,n/e,n/e,n/e,n/e,n/e,n/e,0,,n/e,n/e,13,,n/e,n/e,n/e,n/e,50,
11:00 - 12:00,60,,n/e,n/e,n/e,n/e,151,,n/e,n/e,n/e,n/e,n/e,n/e,n/e,n/e,n/e,n/e,n/e,n/e,397,,n/e,n/e,n/e,n/e,n/e,n/e,0,,n/e,n/e,12,,n/e,n/e,n/e,n/e,50,
12:00 - 13:00,59,,n/e,n/e,n/e,n/e,151,,n/e,n/e,n/e,n/e,n/e,n/e,n/e,n/e,n/e,n/e,n/e,n/e,397,,n/e,n/e,n/e,n/e,n/e,n/e,0,,n/e,n/e,6,,n/e,n/e,n/e,n/e,49,
13:00 - 14:00,62,,n/e,n/e,n/e,n/e,150,,n/e,n/e,n/e,n/e,n/e,n/e,n/e,n/e,n/e,n/e,n/e,n/e,421,,n/e,n/e,n/e,n/e,n/e,n/e,0,,n/e,n/e,1,,n/e,n/e,n/e,n/e,37,
14:00 - 15:00,62,,n/e,n/e,n/e,n/e,150,,n/e,n/e,n/e,n/e,n/e,n/e,n/e,n/e,n/e,n/e,n/e,n/e,429,,n/e,n/e,n/e,n/e,n/e,n/e,0,,n/e,n/e,1,,n/e,n/e,n/e,n/e,45,
15:00 - 16:00,62,,n/e,n/e,n/e,n/e,151,,n/e,n/e,n/e,n/e,n/e,n/e,n/e,n/e,n/e,n/e,n/e,n/e,323,,n/e,n/e,n/e,n/e,n/e,n/e,0,,n/e,n/e,0,,n/e,n/e,n/e,n/e,56,
16:00 - 17:00,63,,n/e,n/e,n/e,n/e,151,,n/e,n/e,n/e,n/e,n/e,n/e,n/e,n/e,n/e,n/e,n/e,n/e,280,,n/e,n/e,n/e,n/e,n/e,n/e,0,,n/e,n/e,0,,n/e,n/e,n/e,n/e,59,
17:00 - 18:00,65,,n/e,n/e,n/e,n/e,151,,n/e,n/e,n/e,n/e,n/e,n/e,n/e,n/e,n/e,n/e,n/e,n/e,279,,n/e,n/e,n/e,n/e,n/e,n/e,0,,n/e,n/e,1,,n/e,n/e,n/e,n/e,55,
18:00 - 19:00,64,,n/e,n/e,n/e,n/e,151,,n/e,n/e,n/e,n/e,n/e,n/e,n/e,n/e,n/e,n/e,n/e,n/e,249,,n/e,n/e,n/e,n/e,n/e,n/e,0,,n/e,n/e,1,,n/e,n/e,n/e,n/e,48,
19:00 - 20:00,61,,n/e,n/e,n/e,n/e,151,,n/e,n/e,n/e,n/e,n/e,n/e,n/e,n/e,n/e,n/e,n/e,n/e,254,,n/e,n/e,n/e,n/e,n/e,n/e,0,,n/e,n/e,0,,n/e,n/e,n/e,n/e,54,
20:00 - 21:00,61,,n/e,n/e,n/e,n/e,151,,n/e,n/e,n/e,n/e,n/e,n/e,n/e,n/e,n/e,n/e,n/e,n/e,69,,n/e,n/e,n/e,n/e,n/e,n/e,0,,n/e,n/e,0,,n/e,n/e,n/e,n/e,45,
21:00 - 22:00,62,,n/e,n/e,n/e,n/e,148,,n/e,n/e,n/e,n/e,n/e,n/e,n/e,n/e,n/e,n/e,n/e,n/e,5,,n/e,n/e,n/e,n/e,n/e,n/e,0,,n/e,n/e,0,,n/e,n/e,n/e,n/e,45,
22:00 - 23:00,63,,n/e,n/e,n/e,n/e,108,,n/e,n/e,n/e,n/e,n/e,n/e,n/e,n/e,n/e,n/e,n/e,n/e,26,,n/e,n/e,n/e,n/e,n/e,n/e,0,,n/e,n/e,0,,n/e,n/e,n/e,n/e,16,
23:00 - 00:00,62,,n/e,n/e,n/e,n/e,71,,n/e,n/e,n/e,n/e,n/e,n/e,n/e,n/e,n/e,n/e,n/e,n/e,17,,n/e,n/e,n/e,n/e,n/e,n/e,0,,n/e,n/e,0,,n/e,n/e,n/e,n/e,11,
00:00 - 01:00,62,,n/e,n/e,n/e,n/e,71,,n/e,n/e,n/e,n/e,n/e,n/e,n/e,n/e,n/e,n/e,n/e,n/e,11,,n/e,n/e,n/e,n/e,n/e,n/e,0,,n/e,n/e,0,,n/e,n/e,n/e,n/e,12,
01:00 - 02:00,64,,n/e,n/e,n/e,n/e,71,,n/e,n/e,n/e,n/e,n/e,n/e,n/e,n/e,n/e,n/e,n/e,n/e,14,,n/e,n/e,n/e,n/e,n/e,n/e,0,,n/e,n/e,0,,n/e,n/e,n/e,n/e,13,
02:00 - 03:00,64,,n/e,n/e,n/e,n/e,71,,n/e,n/e,n/e,n/e,n/e,n/e,n/e,n/e,n/e,n/e,n/e,n/e,18,,n/e,n/e,n/e,n/e,n/e,n/e,0,,n/e,n/e,0,,n/e,n/e,n/e,n/e,13,
03:00 - 04:00,64,,n/e,n/e,n/e,n/e,87,,n/e,n/e,n/e,n/e,n/e,n/e,n/e,n/e,n/e,n/e,n/e,n/e,5,,n/e,n/e,n/e,n/e,n/e,n/e,0,,n/e,n/e,0,,n/e,n/e,n/e,n/e,9,
04:00 - 05:00,63,,n/e,n/e,n/e,n/e,91,,n/e,n/e,n/e,n/e,n/e,n/e,n/e,n/e,n/e,n/e,n/e,n/e,5,,n/e,n/e,n/e,n/e,n/e,n/e,0,,n/e,n/e,0,,n/e,n/e,n/e,n/e,9,
05:00 - 06:00,62,,n/e,n/e,n/e,n/e,104,,n/e,n/e,n/e,n/e,n/e,n/e,n/e,n/e,n/e,n/e,n/e,n/e,113,,n/e,n/e,n/e,n/e,n/e,n/e,0,,n/e,n/e,0,,n/e,n/e,n/e,n/e,12,
06:00 - 07:00,63,,n/e,n/e,n/e,n/e,138,,n/e,n/e,n/e,n/e,n/e,n/e,n/e,n/e,n/e,n/e,n/e,n/e,359,,n/e,n/e,n/e,n/e,n/e,n/e,0,,n/e,n/e,0,,n/e,n/e,n/e,n/e,20,
07:00 - 08:00,63,,n/e,n/e,n/e,n/e,224,,n/e,n/e,n/e,n/e,n/e,n/e,n/e,n/e,n/e,n/e,n/e,n/e,351,,n/e,n/e,n/e,n/e,n/e,n/e,0,,n/e,n/e,3,,n/e,n/e,n/e,n/e,21,
08:00 - 09:00,63,,n/e,n/e,n/e,n/e,299,,n/e,n/e,n/e,n/e,n/e,n/e,n/e,n/e,n/e,n/e,n/e,n/e,282,,n/e,n/e,n/e,n/e,n/e,n/e,0,,n/e,n/e,8,,n/e,n/e,n/e,n/e,18,
09:00 - 10:00,64,,n/e,n/e,n/e,n/e,392,,n/e,n/e,n/e,n/e,n/e,n/e,n/e,n/e,n/e,n/e,n/e,n/e,199,,n/e,n/e,n/e,n/e,n/e,n/e,0,,n/e,n/e,12,,n/e,n/e,n/e,n/e,19,
10:00 - 11:00,62,,n/e,n/e,n/e,n/e,395,,n/e,n/e,n/e,n/e,n/e,n/e,n/e,n/e,n/e,n/e,n/e,n/e,196,,n/e,n/e,n/e,n/e,n/e,n/e,0,,n/e,n/e,12,,n/e,n/e,n/e,n/e,17,
11:00 - 12:00,62,,n/e,n/e,n/e,n/e,396,,n/e,n/e,n/e,n/e,n/e,n/e,n/e,n/e,n/e,n/e,n/e,n/e,167,,n/e,n/e,n/e,n/e,n/e,n/e,0,,n/e,n/e,8,,n/e,n/e,n/e,n/e,21,
12:00 - 13:00,62,,n/e,n/e,n/e,n/e,395,,n/e,n/e,n/e,n/e,n/e,n/e,n/e,n/e,n/e,n/e,n/e,n/e,169,,n/e,n/e,n/e,n/e,n/e,n/e,0,,n/e,n/e,4,,n/e,n/e,n/e,n/e,19,
13:00 - 14:00,64,,n/e,n/e,n/e,n/e,395,,n/e,n/e,n/e,n/e,n/e,n/e,n/e,n/e,n/e,n/e,n/e,n/e,220,,n/e,n/e,n/e,n/e,n/e,n/e,0,,n/e,n/e,1,,n/e,n/e,n/e,n/e,26,
14:00 - 15:00,63,,n/e,n/e,n/e,n/e,396,,n/e,n/e,n/e,n/e,n/e,n/e,n/e,n/e,n/e,n/e,n/e,n/e,292,,n/e,n/e,n/e,n/e,n/e,n/e,0,,n/e,n/e,0,,n/e,n/e,n/e,n/e,24,
15:00 - 16:00,64,,n/e,n/e,n/e,n/e,396,,n/e,n/e,n/e,n/e,n/e,n/e,n/e,n/e,n/e,n/e,n/e,n/e,289,,n/e,n/e,n/e,n/e,n/e,n/e,0,,n/e,n/e,0,,n/e,n/e,n/e,n/e,32,
16:00 - 17:00,64,,n/e,n/e,n/e,n/e,396,,n/e,n/e,n/e,n/e,n/e,n/e,n/e,n/e,n/e,n/e,n/e,n/e,221,,n/e,n/e,n/e,n/e,n/e,n/e,0,,n/e,n/e,0,,n/e,n/e,n/e,n/e,46,
17:00 - 18:00,65,,n/e,n/e,n/e,n/e,396,,n/e,n/e,n/e,n/e,n/e,n/e,n/e,n/e,n/e,n/e,n/e,n/e,89,,n/e,n/e,n/e,n/e,n/e,n/e,0,,n/e,n/e,0,,n/e,n/e,n/e,n/e,34,
18:00 - 19:00,64,,n/e,n/e,n/e,n/e,394,,n/e,n/e,n/e,n/e,n/e,n/e,n/e,n/e,n/e,n/e,n/e,n/e,73,,n/e,n/e,n/e,n/e,n/e,n/e,0,,n/e,n/e,0,,n/e,n/e,n/e,n/e,22,
19:00 - 20:00,64,,n/e,n/e,n/e,n/e,390,,n/e,n/e,n/e,n/e,n/e,n/e,n/e,n/e,n/e,n/e,n/e,n/e,70,,n/e,n/e,n/e,n/e,n/e,n/e,0,,n/e,n/e,0,,n/e,n/e,n/e,n/e,22,
20:00 - 21:00,63,,n/e,n/e,n/e,n/e,279,,n/e,n/e,n/e,n/e,n/e,n/e,n/e,n/e,n/e,n/e,n/e,n/e,5,,n/e,n/e,n/e,n/e,n/e,n/e,0,,n/e,n/e,0,,n/e,n/e,n/e,n/e,32,
21:00 - 22:00,63,,n/e,n/e,n/e,n/e,273,,n/e,n/e,n/e,n/e,n/e,n/e,n/e,n/e,n/e,n/e,n/e,n/e,5,,n/e,n/e,n/e,n/e,n/e,n/e,0,,n/e,n/e,0,,n/e,n/e,n/e,n/e,30,
22:00 - 23:00,63,,n/e,n/e,n/e,n/e,274,,n/e,n/e,n/e,n/e,n/e,n/e,n/e,n/e,n/e,n/e,n/e,n/e,5,,n/e,n/e,n/e,n/e,n/e,n/e,0,,n/e,n/e,0,,n/e,n/e,n/e,n/e,19,
23:00 - 00:00,60,,n/e,n/e,n/e,n/e,228,,n/e,n/e,n/e,n/e,n/e,n/e,n/e,n/e,n/e,n/e,n/e,n/e,5,,n/e,n/e,n/e,n/e,n/e,n/e,0,,n/e,n/e,0,,n/e,n/e,n/e,n/e,13,
00:00 - 01:00,61,,n/e,n/e,n/e,n/e,219,,n/e,n/e,n/e,n/e,n/e,n/e,n/e,n/e,n/e,n/e,n/e,n/e,5,,n/e,n/e,n/e,n/e,n/e,n/e,0,,n/e,n/e,0,,n/e,n/e,n/e,n/e,13,
01:00 - 02:00,65,,n/e,n/e,n/e,n/e,218,,n/e,n/e,n/e,n/e,n/e,n/e,n/e,n/e,n/e,n/e,n/e,n/e,4,,n/e,n/e,n/e,n/e,n/e,n/e,0,,n/e,n/e,0,,n/e,n/e,n/e,n/e,13,
02:00 - 03:00,66,,n/e,n/e,n/e,n/e,218,,n/e,n/e,n/e,n/e,n/e,n/e,n/e,n/e,n/e,n/e,n/e,n/e,5,,n/e,n/e,n/e,n/e,n/e,n/e,0,,n/e,n/e,0,,n/e,n/e,n/e,n/e,19,
03:00 - 04:00,67,,n/e,n/e,n/e,n/e,219,,n/e,n/e,n/e,n/e,n/e,n/e,n/e,n/e,n/e,n/e,n/e,n/e,5,,n/e,n/e,n/e,n/e,n/e,n/e,0,,n/e,n/e,0,,n/e,n/e,n/e,n/e,17,
04:00 - 05:00,65,,n/e,n/e,n/e,n/e,225,,n/e,n/e,n/e,n/e,n/e,n/e,n/e,n/e,n/e,n/e,n/e,n/e,7,,n/e,n/e,n/e,n/e,n/e,n/e,0,,n/e,n/e,0,,n/e,n/e,n/e,n/e,16,
05:00 - 06:00,62,,n/e,n/e,n/e,n/e,255,,n/e,n/e,n/e,n/e,n/e,n/e,n/e,n/e,n/e,n/e,n/e,n/e,95,,n/e,n/e,n/e,n/e,n/e,n/e,0,,n/e,n/e,0,,n/e,n/e,n/e,n/e,19,
06:00 - 07:00,61,,n/e,n/e,n/e,n/e,376,,n/e,n/e,n/e,n/e,n/e,n/e,n/e,n/e,n/e,n/e,n/e,n/e,101,,n/e,n/e,n/e,n/e,n/e,n/e,0,,n/e,n/e,0,,n/e,n/e,n/e,n/e,17,
07:00 - 08:00,61,,n/e,n/e,n/e,n/e,393,,n/e,n/e,n/e,n/e,n/e,n/e,n/e,n/e,n/e,n/e,n/e,n/e,96,,n/e,n/e,n/e,n/e,n/e,n/e,0,,n/e,n/e,3,,n/e,n/e,n/e,n/e,18,
08:00 - 09:00,63,,n/e,n/e,n/e,n/e,394,,n/e,n/e,n/e,n/e,n/e,n/e,n/e,n/e,n/e,n/e,n/e,n/e,99,,n/e,n/e,n/e,n/e,n/e,n/e,0,,n/e,n/e,11,,n/e,n/e,n/e,n/e,22,
09:00 - 10:00,65,,n/e,n/e,n/e,n/e,394,,n/e,n/e,n/e,n/e,n/e,n/e,n/e,n/e,n/e,n/e,n/e,n/e,128,,n/e,n/e,n/e,n/e,n/e,n/e,0,,n/e,n/e,18,,n/e,n/e,n/e,n/e,21,
10:00 - 11:00,65,,n/e,n/e,n/e,n/e,394,,n/e,n/e,n/e,n/e,n/e,n/e,n/e,n/e,n/e,n/e,n/e,n/e,193,,n/e,n/e,n/e,n/e,n/e,n/e,0,,n/e,n/e,19,,n/e,n/e,n/e,n/e,21,
11:00 - 12:00,64,,n/e,n/e,n/e,n/e,394,,n/e,n/e,n/e,n/e,n/e,n/e,n/e,n/e,n/e,n/e,n/e,n/e,251,,n/e,n/e,n/e,n/e,n/e,n/e,0,,n/e,n/e,14,,n/e,n/e,n/e,n/e,24,
12:00 - 13:00,61,,n/e,n/e,n/e,n/e,394,,n/e,n/e,n/e,n/e,n/e,n/e,n/e,n/e,n/e,n/e,n/e,n/e,289,,n/e,n/e,n/e,n/e,n/e,n/e,0,,n/e,n/e,6,,n/e,n/e,n/e,n/e,31,
13:00 - 14:00,63,,n/e,n/e,n/e,n/e,393,,n/e,n/e,n/e,n/e,n/e,n/e,n/e,n/e,n/e,n/e,n/e,n/e,345,,n/e,n/e,n/e,n/e,n/e,n/e,0,,n/e,n/e,1,,n/e,n/e,n/e,n/e,28,
14:00 - 15:00,63,,n/e,n/e,n/e,n/e,393,,n/e,n/e,n/e,n/e,n/e,n/e,n/e,n/e,n/e,n/e,n/e,n/e,402,,n/e,n/e,n/e,n/e,n/e,n/e,0,,n/e,n/e,0,,n/e,n/e,n/e,n/e,27,
15:00 - 16:00,63,,n/e,n/e,n/e,n/e,394,,n/e,n/e,n/e,n/e,n/e,n/e,n/e,n/e,n/e,n/e,n/e,n/e,489,,n/e,n/e,n/e,n/e,n/e,n/e,0,,n/e,n/e,0,,n/e,n/e,n/e,n/e,34,
16:00 - 17:00,64,,n/e,n/e,n/e,n/e,394,,n/e,n/e,n/e,n/e,n/e,n/e,n/e,n/e,n/e,n/e,n/e,n/e,485,,n/e,n/e,n/e,n/e,n/e,n/e,0,,n/e,n/e,0,,n/e,n/e,n/e,n/e,39,
17:00 - 18:00,65,,n/e,n/e,n/e,n/e,394,,n/e,n/e,n/e,n/e,n/e,n/e,n/e,n/e,n/e,n/e,n/e,n/e,411,,n/e,n/e,n/e,n/e,n/e,n/e,0,,n/e,n/e,0,,n/e,n/e,n/e,n/e,33,
18:00 - 19:00,64,,n/e,n/e,n/e,n/e,394,,n/e,n/e,n/e,n/e,n/e,n/e,n/e,n/e,n/e,n/e,n/e,n/e,267,,n/e,n/e,n/e,n/e,n/e,n/e,0,,n/e,n/e,0,,n/e,n/e,n/e,n/e,30,
19:00 - 20:00,63,,n/e,n/e,n/e,n/e,384,,n/e,n/e,n/e,n/e,n/e,n/e,n/e,n/e,n/e,n/e,n/e,n/e,225,,n/e,n/e,n/e,n/e,n/e,n/e,0,,n/e,n/e,0,,n/e,n/e,n/e,n/e,35,
20:00 - 21:00,61,,n/e,n/e,n/e,n/e,276,,n/e,n/e,n/e,n/e,n/e,n/e,n/e,n/e,n/e,n/e,n/e,n/e,6,,n/e,n/e,n/e,n/e,n/e,n/e,0,,n/e,n/e,0,,n/e,n/e,n/e,n/e,39,
21:00 - 22:00,59,,n/e,n/e,n/e,n/e,273,,n/e,n/e,n/e,n/e,n/e,n/e,n/e,n/e,n/e,n/e,n/e,n/e,4,,n/e,n/e,n/e,n/e,n/e,n/e,0,,n/e,n/e,0,,n/e,n/e,n/e,n/e,34,
22:00 - 23:00,59,,n/e,n/e,n/e,n/e,267,,n/e,n/e,n/e,n/e,n/e,n/e,n/e,n/e,n/e,n/e,n/e,n/e,26,,n/e,n/e,n/e,n/e,n/e,n/e,0,,n/e,n/e,0,,n/e,n/e,n/e,n/e,22,
23:00 - 00:00,58,,n/e,n/e,n/e,n/e,216,,n/e,n/e,n/e,n/e,n/e,n/e,n/e,n/e,n/e,n/e,n/e,n/e,5,,n/e,n/e,n/e,n/e,n/e,n/e,0,,n/e,n/e,0,,n/e,n/e,n/e,n/e,24,
00:00 - 01:00,59,,n/e,n/e,n/e,n/e,216,,n/e,n/e,n/e,n/e,n/e,n/e,n/e,n/e,n/e,n/e,n/e,n/e,4,,n/e,n/e,n/e,n/e,n/e,n/e,0,,n/e,n/e,0,,n/e,n/e,n/e,n/e,34,
01:00 - 02:00,59,,n/e,n/e,n/e,n/e,215,,n/e,n/e,n/e,n/e,n/e,n/e,n/e,n/e,n/e,n/e,n/e,n/e,4,,n/e,n/e,n/e,n/e,n/e,n/e,0,,n/e,n/e,0,,n/e,n/e,n/e,n/e,30,
02:00 - 03:00,60,,n/e,n/e,n/e,n/e,218,,n/e,n/e,n/e,n/e,n/e,n/e,n/e,n/e,n/e,n/e,n/e,n/e,4,,n/e,n/e,n/e,n/e,n/e,n/e,0,,n/e,n/e,0,,n/e,n/e,n/e,n/e,29,
03:00 - 04:00,61,,n/e,n/e,n/e,n/e,237,,n/e,n/e,n/e,n/e,n/e,n/e,n/e,n/e,n/e,n/e,n/e,n/e,94,,n/e,n/e,n/e,n/e,n/e,n/e,0,,n/e,n/e,0,,n/e,n/e,n/e,n/e,39,
04:00 - 05:00,62,,n/e,n/e,n/e,n/e,270,,n/e,n/e,n/e,n/e,n/e,n/e,n/e,n/e,n/e,n/e,n/e,n/e,128,,n/e,n/e,n/e,n/e,n/e,n/e,0,,n/e,n/e,0,,n/e,n/e,n/e,n/e,35,
05:00 - 06:00,63,,n/e,n/e,n/e,n/e,395,,n/e,n/e,n/e,n/e,n/e,n/e,n/e,n/e,n/e,n/e,n/e,n/e,148,,n/e,n/e,n/e,n/e,n/e,n/e,0,,n/e,n/e,1,,n/e,n/e,n/e,n/e,32,
06:00 - 07:00,66,,n/e,n/e,n/e,n/e,403,,n/e,n/e,n/e,n/e,n/e,n/e,n/e,n/e,n/e,n/e,n/e,n/e,220,,n/e,n/e,n/e,n/e,n/e,n/e,0,,n/e,n/e,0,,n/e,n/e,n/e,n/e,29,
07:00 - 08:00,67,,n/e,n/e,n/e,n/e,504,,n/e,n/e,n/e,n/e,n/e,n/e,n/e,n/e,n/e,n/e,n/e,n/e,401,,n/e,n/e,n/e,n/e,n/e,n/e,0,,n/e,n/e,3,,n/e,n/e,n/e,n/e,31,
08:00 - 09:00,70,,n/e,n/e,n/e,n/e,505,,n/e,n/e,n/e,n/e,n/e,n/e,n/e,n/e,n/e,n/e,n/e,n/e,502,,n/e,n/e,n/e,n/e,n/e,n/e,0,,n/e,n/e,10,,n/e,n/e,n/e,n/e,43,
09:00 - 10:00,70,,n/e,n/e,n/e,n/e,506,,n/e,n/e,n/e,n/e,n/e,n/e,n/e,n/e,n/e,n/e,n/e,n/e,482,,n/e,n/e,n/e,n/e,n/e,n/e,0,,n/e,n/e,16,,n/e,n/e,n/e,n/e,51,
10:00 - 11:00,70,,n/e,n/e,n/e,n/e,503,,n/e,n/e,n/e,n/e,n/e,n/e,n/e,n/e,n/e,n/e,n/e,n/e,481,,n/e,n/e,n/e,n/e,n/e,n/e,0,,n/e,n/e,17,,n/e,n/e,n/e,n/e,56,
11:00 - 12:00,67,,n/e,n/e,n/e,n/e,405,,n/e,n/e,n/e,n/e,n/e,n/e,n/e,n/e,n/e,n/e,n/e,n/e,460,,n/e,n/e,n/e,n/e,n/e,n/e,0,,n/e,n/e,16,,n/e,n/e,n/e,n/e,48,
12:00 - 13:00,66,,n/e,n/e,n/e,n/e,405,,n/e,n/e,n/e,n/e,n/e,n/e,n/e,n/e,n/e,n/e,n/e,n/e,382,,n/e,n/e,n/e,n/e,n/e,n/e,0,,n/e,n/e,8,,n/e,n/e,n/e,n/e,45,
13:00 - 14:00,67,,n/e,n/e,n/e,n/e,405,,n/e,n/e,n/e,n/e,n/e,n/e,n/e,n/e,n/e,n/e,n/e,n/e,279,,n/e,n/e,n/e,n/e,n/e,n/e,0,,n/e,n/e,2,,n/e,n/e,n/e,n/e,41,
14:00 - 15:00,65,,n/e,n/e,n/e,n/e,403,,n/e,n/e,n/e,n/e,n/e,n/e,n/e,n/e,n/e,n/e,n/e,n/e,251,,n/e,n/e,n/e,n/e,n/e,n/e,0,,n/e,n/e,0,,n/e,n/e,n/e,n/e,30,
15:00 - 16:00,64,,n/e,n/e,n/e,n/e,403,,n/e,n/e,n/e,n/e,n/e,n/e,n/e,n/e,n/e,n/e,n/e,n/e,228,,n/e,n/e,n/e,n/e,n/e,n/e,0,,n/e,n/e,0,,n/e,n/e,n/e,n/e,26,
16:00 - 17:00,64,,n/e,n/e,n/e,n/e,403,,n/e,n/e,n/e,n/e,n/e,n/e,n/e,n/e,n/e,n/e,n/e,n/e,240,,n/e,n/e,n/e,n/e,n/e,n/e,0,,n/e,n/e,0,,n/e,n/e,n/e,n/e,27,
17:00 - 18:00,63,,n/e,n/e,n/e,n/e,403,,n/e,n/e,n/e,n/e,n/e,n/e,n/e,n/e,n/e,n/e,n/e,n/e,205,,n/e,n/e,n/e,n/e,n/e,n/e,0,,n/e,n/e,0,,n/e,n/e,n/e,n/e,29,
18:00 - 19:00,63,,n/e,n/e,n/e,n/e,403,,n/e,n/e,n/e,n/e,n/e,n/e,n/e,n/e,n/e,n/e,n/e,n/e,216,,n/e,n/e,n/e,n/e,n/e,n/e,0,,n/e,n/e,0,,n/e,n/e,n/e,n/e,23,
19:00 - 20:00,62,,n/e,n/e,n/e,n/e,400,,n/e,n/e,n/e,n/e,n/e,n/e,n/e,n/e,n/e,n/e,n/e,n/e,214,,n/e,n/e,n/e,n/e,n/e,n/e,0,,n/e,n/e,0,,n/e,n/e,n/e,n/e,23,
20:00 - 21:00,60,,n/e,n/e,n/e,n/e,309,,n/e,n/e,n/e,n/e,n/e,n/e,n/e,n/e,n/e,n/e,n/e,n/e,10,,n/e,n/e,n/e,n/e,n/e,n/e,0,,n/e,n/e,0,,n/e,n/e,n/e,n/e,23,
21:00 - 22:00,60,,n/e,n/e,n/e,n/e,305,,n/e,n/e,n/e,n/e,n/e,n/e,n/e,n/e,n/e,n/e,n/e,n/e,8,,n/e,n/e,n/e,n/e,n/e,n/e,0,,n/e,n/e,0,,n/e,n/e,n/e,n/e,19,
22:00 - 23:00,61,,n/e,n/e,n/e,n/e,314,,n/e,n/e,n/e,n/e,n/e,n/e,n/e,n/e,n/e,n/e,n/e,n/e,8,,n/e,n/e,n/e,n/e,n/e,n/e,0,,n/e,n/e,0,,n/e,n/e,n/e,n/e,11,
23:00 - 00:00,61,,n/e,n/e,n/e,n/e,343,,n/e,n/e,n/e,n/e,n/e,n/e,n/e,n/e,n/e,n/e,n/e,n/e,5,,n/e,n/e,n/e,n/e,n/e,n/e,0,,n/e,n/e,0,,n/e,n/e,n/e,n/e,12,
00:00 - 01:00,62,,n/e,n/e,n/e,n/e,343,,n/e,n/e,n/e,n/e,n/e,n/e,n/e,n/e,n/e,n/e,n/e,n/e,4,,n/e,n/e,n/e,n/e,n/e,n/e,0,,n/e,n/e,0,,n/e,n/e,n/e,n/e,11,
01:00 - 02:00,64,,n/e,n/e,n/e,n/e,343,,n/e,n/e,n/e,n/e,n/e,n/e,n/e,n/e,n/e,n/e,n/e,n/e,13,,n/e,n/e,n/e,n/e,n/e,n/e,0,,n/e,n/e,0,,n/e,n/e,n/e,n/e,7,
02:00 - 03:00,64,,n/e,n/e,n/e,n/e,343,,n/e,n/e,n/e,n/e,n/e,n/e,n/e,n/e,n/e,n/e,n/e,n/e,38,,n/e,n/e,n/e,n/e,n/e,n/e,0,,n/e,n/e,0,,n/e,n/e,n/e,n/e,3,
03:00 - 04:00,64,,n/e,n/e,n/e,n/e,344,,n/e,n/e,n/e,n/e,n/e,n/e,n/e,n/e,n/e,n/e,n/e,n/e,131,,n/e,n/e,n/e,n/e,n/e,n/e,0,,n/e,n/e,0,,n/e,n/e,n/e,n/e,2,
04:00 - 05:00,64,,n/e,n/e,n/e,n/e,360,,n/e,n/e,n/e,n/e,n/e,n/e,n/e,n/e,n/e,n/e,n/e,n/e,265,,n/e,n/e,n/e,n/e,n/e,n/e,0,,n/e,n/e,0,,n/e,n/e,n/e,n/e,1,
05:00 - 06:00,65,,n/e,n/e,n/e,n/e,457,,n/e,n/e,n/e,n/e,n/e,n/e,n/e,n/e,n/e,n/e,n/e,n/e,321,,n/e,n/e,n/e,n/e,n/e,n/e,0,,n/e,n/e,0,,n/e,n/e,n/e,n/e,1,
06:00 - 07:00,65,,n/e,n/e,n/e,n/e,457,,n/e,n/e,n/e,n/e,n/e,n/e,n/e,n/e,n/e,n/e,n/e,n/e,313,,n/e,n/e,n/e,n/e,n/e,n/e,0,,n/e,n/e,0,,n/e,n/e,n/e,n/e,1,
07:00 - 08:00,69,,n/e,n/e,n/e,n/e,458,,n/e,n/e,n/e,n/e,n/e,n/e,n/e,n/e,n/e,n/e,n/e,n/e,58,,n/e,n/e,n/e,n/e,n/e,n/e,0,,n/e,n/e,4,,n/e,n/e,n/e,n/e,1,
08:00 - 09:00,68,,n/e,n/e,n/e,n/e,459,,n/e,n/e,n/e,n/e,n/e,n/e,n/e,n/e,n/e,n/e,n/e,n/e,61,,n/e,n/e,n/e,n/e,n/e,n/e,0,,n/e,n/e,13,,n/e,n/e,n/e,n/e,0,
09:00 - 10:00,69,,n/e,n/e,n/e,n/e,461,,n/e,n/e,n/e,n/e,n/e,n/e,n/e,n/e,n/e,n/e,n/e,n/e,77,,n/e,n/e,n/e,n/e,n/e,n/e,0,,n/e,n/e,18,,n/e,n/e,n/e,n/e,3,
10:00 - 11:00,70,,n/e,n/e,n/e,n/e,463,,n/e,n/e,n/e,n/e,n/e,n/e,n/e,n/e,n/e,n/e,n/e,n/e,205,,n/e,n/e,n/e,n/e,n/e,n/e,0,,n/e,n/e,19,,n/e,n/e,n/e,n/e,5,
11:00 - 12:00,69,,n/e,n/e,n/e,n/e,463,,n/e,n/e,n/e,n/e,n/e,n/e,n/e,n/e,n/e,n/e,n/e,n/e,207,,n/e,n/e,n/e,n/e,n/e,n/e,0,,n/e,n/e,17,,n/e,n/e,n/e,n/e,4,
12:00 - 13:00,67,,n/e,n/e,n/e,n/e,542,,n/e,n/e,n/e,n/e,n/e,n/e,n/e,n/e,n/e,n/e,n/e,n/e,216,,n/e,n/e,n/e,n/e,n/e,n/e,0,,n/e,n/e,9,,n/e,n/e,n/e,n/e,3,
13:00 - 14:00,70,,n/e,n/e,n/e,n/e,563,,n/e,n/e,n/e,n/e,n/e,n/e,n/e,n/e,n/e,n/e,n/e,n/e,182,,n/e,n/e,n/e,n/e,n/e,n/e,0,,n/e,n/e,1,,n/e,n/e,n/e,n/e,2,
14:00 - 15:00,69,,n/e,n/e,n/e,n/e,563,,n/e,n/e,n/e,n/e,n/e,n/e,n/e,n/e,n/e,n/e,n/e,n/e,183,,n/e,n/e,n/e,n/e,n/e,n/e,0,,n/e,n/e,0,,n/e,n/e,n/e,n/e,4,
15:00 - 16:00,68,,n/e,n/e,n/e,n/e,563,,n/e,n/e,n/e,n/e,n/e,n/e,n/e,n/e,n/e,n/e,n/e,n/e,235,,n/e,n/e,n/e,n/e,n/e,n/e,0,,n/e,n/e,0,,n/e,n/e,n/e,n/e,10,
16:00 - 17:00,65,,n/e,n/e,n/e,n/e,563,,n/e,n/e,n/e,n/e,n/e,n/e,n/e,n/e,n/e,n/e,n/e,n/e,308,,n/e,n/e,n/e,n/e,n/e,n/e,0,,n/e,n/e,0,,n/e,n/e,n/e,n/e,12,
17:00 - 18:00,65,,n/e,n/e,n/e,n/e,562,,n/e,n/e,n/e,n/e,n/e,n/e,n/e,n/e,n/e,n/e,n/e,n/e,286,,n/e,n/e,n/e,n/e,n/e,n/e,0,,n/e,n/e,0,,n/e,n/e,n/e,n/e,17,
18:00 - 19:00,64,,n/e,n/e,n/e,n/e,558,,n/e,n/e,n/e,n/e,n/e,n/e,n/e,n/e,n/e,n/e,n/e,n/e,213,,n/e,n/e,n/e,n/e,n/e,n/e,0,,n/e,n/e,0,,n/e,n/e,n/e,n/e,18,
19:00 - 20:00,64,,n/e,n/e,n/e,n/e,552,,n/e,n/e,n/e,n/e,n/e,n/e,n/e,n/e,n/e,n/e,n/e,n/e,206,,n/e,n/e,n/e,n/e,n/e,n/e,0,,n/e,n/e,0,,n/e,n/e,n/e,n/e,19,
20:00 - 21:00,63,,n/e,n/e,n/e,n/e,456,,n/e,n/e,n/e,n/e,n/e,n/e,n/e,n/e,n/e,n/e,n/e,n/e,4,,n/e,n/e,n/e,n/e,n/e,n/e,0,,n/e,n/e,0,,n/e,n/e,n/e,n/e,18,
21:00 - 22:00,62,,n/e,n/e,n/e,n/e,445,,n/e,n/e,n/e,n/e,n/e,n/e,n/e,n/e,n/e,n/e,n/e,n/e,4,,n/e,n/e,n/e,n/e,n/e,n/e,0,,n/e,n/e,0,,n/e,n/e,n/e,n/e,15,
22:00 - 23:00,63,,n/e,n/e,n/e,n/e,414,,n/e,n/e,n/e,n/e,n/e,n/e,n/e,n/e,n/e,n/e,n/e,n/e,3,,n/e,n/e,n/e,n/e,n/e,n/e,0,,n/e,n/e,0,,n/e,n/e,n/e,n/e,7,
23:00 - 00:00,62,,n/e,n/e,n/e,n/e,294,,n/e,n/e,n/e,n/e,n/e,n/e,n/e,n/e,n/e,n/e,n/e,n/e,4,,n/e,n/e,n/e,n/e,n/e,n/e,0,,n/e,n/e,0,,n/e,n/e,n/e,n/e,7,
00:00 - 01:00,61,,n/e,n/e,n/e,n/e,293,,n/e,n/e,n/e,n/e,n/e,n/e,n/e,n/e,n/e,n/e,n/e,n/e,3,,n/e,n/e,n/e,n/e,n/e,n/e,0,,n/e,n/e,0,,n/e,n/e,n/e,n/e,15,
01:00 - 02:00,62,,n/e,n/e,n/e,n/e,293,,n/e,n/e,n/e,n/e,n/e,n/e,n/e,n/e,n/e,n/e,n/e,n/e,4,,n/e,n/e,n/e,n/e,n/e,n/e,0,,n/e,n/e,0,,n/e,n/e,n/e,n/e,16,
02:00 - 03:00,62,,n/e,n/e,n/e,n/e,293,,n/e,n/e,n/e,n/e,n/e,n/e,n/e,n/e,n/e,n/e,n/e,n/e,3,,n/e,n/e,n/e,n/e,n/e,n/e,0,,n/e,n/e,0,,n/e,n/e,n/e,n/e,12,
03:00 - 04:00,61,,n/e,n/e,n/e,n/e,307,,n/e,n/e,n/e,n/e,n/e,n/e,n/e,n/e,n/e,n/e,n/e,n/e,3,,n/e,n/e,n/e,n/e,n/e,n/e,0,,n/e,n/e,0,,n/e,n/e,n/e,n/e,9,
04:00 - 05:00,62,,n/e,n/e,n/e,n/e,434,,n/e,n/e,n/e,n/e,n/e,n/e,n/e,n/e,n/e,n/e,n/e,n/e,5,,n/e,n/e,n/e,n/e,n/e,n/e,0,,n/e,n/e,0,,n/e,n/e,n/e,n/e,8,
05:00 - 06:00,65,,n/e,n/e,n/e,n/e,457,,n/e,n/e,n/e,n/e,n/e,n/e,n/e,n/e,n/e,n/e,n/e,n/e,158,,n/e,n/e,n/e,n/e,n/e,n/e,0,,n/e,n/e,0,,n/e,n/e,n/e,n/e,4,
06:00 - 07:00,70,,n/e,n/e,n/e,n/e,583,,n/e,n/e,n/e,n/e,n/e,n/e,n/e,n/e,n/e,n/e,n/e,n/e,448,,n/e,n/e,n/e,n/e,n/e,n/e,0,,n/e,n/e,0,,n/e,n/e,n/e,n/e,5,
07:00 - 08:00,75,,n/e,n/e,n/e,n/e,744,,n/e,n/e,n/e,n/e,n/e,n/e,n/e,n/e,n/e,n/e,n/e,n/e,421,,n/e,n/e,n/e,n/e,n/e,n/e,0,,n/e,n/e,5,,n/e,n/e,n/e,n/e,10,
08:00 - 09:00,76,,n/e,n/e,n/e,n/e,743,,n/e,n/e,n/e,n/e,n/e,n/e,n/e,n/e,n/e,n/e,n/e,n/e,423,,n/e,n/e,n/e,n/e,n/e,n/e,0,,n/e,n/e,21,,n/e,n/e,n/e,n/e,18,
09:00 - 10:00,77,,n/e,n/e,n/e,n/e,742,,n/e,n/e,n/e,n/e,n/e,n/e,n/e,n/e,n/e,n/e,n/e,n/e,425,,n/e,n/e,n/e,n/e,n/e,n/e,0,,n/e,n/e,44,,n/e,n/e,n/e,n/e,12,
10:00 - 11:00,74,,n/e,n/e,n/e,n/e,638,,n/e,n/e,n/e,n/e,n/e,n/e,n/e,n/e,n/e,n/e,n/e,n/e,438,,n/e,n/e,n/e,n/e,n/e,n/e,0,,n/e,n/e,58,,n/e,n/e,n/e,n/e,12,
11:00 - 12:00,73,,n/e,n/e,n/e,n/e,555,,n/e,n/e,n/e,n/e,n/e,n/e,n/e,n/e,n/e,n/e,n/e,n/e,605,,n/e,n/e,n/e,n/e,n/e,n/e,0,,n/e,n/e,54,,n/e,n/e,n/e,n/e,15,
12:00 - 13:00,74,,n/e,n/e,n/e,n/e,555,,n/e,n/e,n/e,n/e,n/e,n/e,n/e,n/e,n/e,n/e,n/e,n/e,610,,n/e,n/e,n/e,n/e,n/e,n/e,0,,n/e,n/e,26,,n/e,n/e,n/e,n/e,16,
13:00 - 14:00,77,,n/e,n/e,n/e,n/e,555,,n/e,n/e,n/e,n/e,n/e,n/e,n/e,n/e,n/e,n/e,n/e,n/e,644,,n/e,n/e,n/e,n/e,n/e,n/e,0,,n/e,n/e,4,,n/e,n/e,n/e,n/e,18,
14:00 - 15:00,77,,n/e,n/e,n/e,n/e,555,,n/e,n/e,n/e,n/e,n/e,n/e,n/e,n/e,n/e,n/e,n/e,n/e,645,,n/e,n/e,n/e,n/e,n/e,n/e,0,,n/e,n/e,0,,n/e,n/e,n/e,n/e,14,
15:00 - 16:00,77,,n/e,n/e,n/e,n/e,555,,n/e,n/e,n/e,n/e,n/e,n/e,n/e,n/e,n/e,n/e,n/e,n/e,593,,n/e,n/e,n/e,n/e,n/e,n/e,0,,n/e,n/e,0,,n/e,n/e,n/e,n/e,11,
16:00 - 17:00,76,,n/e,n/e,n/e,n/e,555,,n/e,n/e,n/e,n/e,n/e,n/e,n/e,n/e,n/e,n/e,n/e,n/e,560,,n/e,n/e,n/e,n/e,n/e,n/e,0,,n/e,n/e,0,,n/e,n/e,n/e,n/e,20,
17:00 - 18:00,75,,n/e,n/e,n/e,n/e,555,,n/e,n/e,n/e,n/e,n/e,n/e,n/e,n/e,n/e,n/e,n/e,n/e,511,,n/e,n/e,n/e,n/e,n/e,n/e,0,,n/e,n/e,0,,n/e,n/e,n/e,n/e,17,
18:00 - 19:00,73,,n/e,n/e,n/e,n/e,557,,n/e,n/e,n/e,n/e,n/e,n/e,n/e,n/e,n/e,n/e,n/e,n/e,418,,n/e,n/e,n/e,n/e,n/e,n/e,0,,n/e,n/e,0,,n/e,n/e,n/e,n/e,13,
19:00 - 20:00,66,,n/e,n/e,n/e,n/e,554,,n/e,n/e,n/e,n/e,n/e,n/e,n/e,n/e,n/e,n/e,n/e,n/e,336,,n/e,n/e,n/e,n/e,n/e,n/e,0,,n/e,n/e,0,,n/e,n/e,n/e,n/e,15,
20:00 - 21:00,64,,n/e,n/e,n/e,n/e,549,,n/e,n/e,n/e,n/e,n/e,n/e,n/e,n/e,n/e,n/e,n/e,n/e,117,,n/e,n/e,n/e,n/e,n/e,n/e,0,,n/e,n/e,0,,n/e,n/e,n/e,n/e,18,
21:00 - 22:00,63,,n/e,n/e,n/e,n/e,549,,n/e,n/e,n/e,n/e,n/e,n/e,n/e,n/e,n/e,n/e,n/e,n/e,6,,n/e,n/e,n/e,n/e,n/e,n/e,0,,n/e,n/e,0,,n/e,n/e,n/e,n/e,12,
22:00 - 23:00,62,,n/e,n/e,n/e,n/e,544,,n/e,n/e,n/e,n/e,n/e,n/e,n/e,n/e,n/e,n/e,n/e,n/e,3,,n/e,n/e,n/e,n/e,n/e,n/e,0,,n/e,n/e,0,,n/e,n/e,n/e,n/e,22,
23:00 - 00:00,60,,n/e,n/e,n/e,n/e,459,,n/e,n/e,n/e,n/e,n/e,n/e,n/e,n/e,n/e,n/e,n/e,n/e,3,,n/e,n/e,n/e,n/e,n/e,n/e,0,,n/e,n/e,0,,n/e,n/e,n/e,n/e,10,
00:00 - 01:00,59,,n/e,n/e,n/e,n/e,459,,n/e,n/e,n/e,n/e,n/e,n/e,n/e,n/e,n/e,n/e,n/e,n/e,3,,n/e,n/e,n/e,n/e,n/e,n/e,0,,n/e,n/e,0,,n/e,n/e,n/e,n/e,11,
01:00 - 02:00,61,,n/e,n/e,n/e,n/e,459,,n/e,n/e,n/e,n/e,n/e,n/e,n/e,n/e,n/e,n/e,n/e,n/e,3,,n/e,n/e,n/e,n/e,n/e,n/e,0,,n/e,n/e,0,,n/e,n/e,n/e,n/e,14,
02:00 - 03:00,62,,n/e,n/e,n/e,n/e,459,,n/e,n/e,n/e,n/e,n/e,n/e,n/e,n/e,n/e,n/e,n/e,n/e,3,,n/e,n/e,n/e,n/e,n/e,n/e,0,,n/e,n/e,0,,n/e,n/e,n/e,n/e,26,
03:00 - 04:00,63,,n/e,n/e,n/e,n/e,458,,n/e,n/e,n/e,n/e,n/e,n/e,n/e,n/e,n/e,n/e,n/e,n/e,4,,n/e,n/e,n/e,n/e,n/e,n/e,0,,n/e,n/e,0,,n/e,n/e,n/e,n/e,31,
04:00 - 05:00,63,,n/e,n/e,n/e,n/e,464,,n/e,n/e,n/e,n/e,n/e,n/e,n/e,n/e,n/e,n/e,n/e,n/e,4,,n/e,n/e,n/e,n/e,n/e,n/e,0,,n/e,n/e,0,,n/e,n/e,n/e,n/e,31,
05:00 - 06:00,65,,n/e,n/e,n/e,n/e,518,,n/e,n/e,n/e,n/e,n/e,n/e,n/e,n/e,n/e,n/e,n/e,n/e,106,,n/e,n/e,n/e,n/e,n/e,n/e,0,,n/e,n/e,0,,n/e,n/e,n/e,n/e,41,
06:00 - 07:00,76,,n/e,n/e,n/e,n/e,557,,n/e,n/e,n/e,n/e,n/e,n/e,n/e,n/e,n/e,n/e,n/e,n/e,350,,n/e,n/e,n/e,n/e,n/e,n/e,0,,n/e,n/e,1,,n/e,n/e,n/e,n/e,49,
07:00 - 08:00,77,,n/e,n/e,n/e,n/e,557,,n/e,n/e,n/e,n/e,n/e,n/e,n/e,n/e,n/e,n/e,n/e,n/e,438,,n/e,n/e,n/e,n/e,n/e,n/e,0,,n/e,n/e,7,,n/e,n/e,n/e,n/e,66,
08:00 - 09:00,77,,n/e,n/e,n/e,n/e,558,,n/e,n/e,n/e,n/e,n/e,n/e,n/e,n/e,n/e,n/e,n/e,n/e,339,,n/e,n/e,n/e,n/e,n/e,n/e,0,,n/e,n/e,15,,n/e,n/e,n/e,n/e,79,
09:00 - 10:00,75,,n/e,n/e,n/e,n/e,558,,n/e,n/e,n/e,n/e,n/e,n/e,n/e,n/e,n/e,n/e,n/e,n/e,271,,n/e,n/e,n/e,n/e,n/e,n/e,0,,n/e,n/e,19,,n/e,n/e,n/e,n/e,88,
10:00 - 11:00,74,,n/e,n/e,n/e,n/e,558,,n/e,n/e,n/e,n/e,n/e,n/e,n/e,n/e,n/e,n/e,n/e,n/e,321,,n/e,n/e,n/e,n/e,n/e,n/e,0,,n/e,n/e,18,,n/e,n/e,n/e,n/e,91,
11:00 - 12:00,75,,n/e,n/e,n/e,n/e,556,,n/e,n/e,n/e,n/e,n/e,n/e,n/e,n/e,n/e,n/e,n/e,n/e,318,,n/e,n/e,n/e,n/e,n/e,n/e,0,,n/e,n/e,21,,n/e,n/e,n/e,n/e,94,
12:00 - 13:00,74,,n/e,n/e,n/e,n/e,556,,n/e,n/e,n/e,n/e,n/e,n/e,n/e,n/e,n/e,n/e,n/e,n/e,270,,n/e,n/e,n/e,n/e,n/e,n/e,0,,n/e,n/e,9,,n/e,n/e,n/e,n/e,97,
13:00 - 14:00,76,,n/e,n/e,n/e,n/e,557,,n/e,n/e,n/e,n/e,n/e,n/e,n/e,n/e,n/e,n/e,n/e,n/e,270,,n/e,n/e,n/e,n/e,n/e,n/e,0,,n/e,n/e,1,,n/e,n/e,n/e,n/e,70,
14:00 - 15:00,74,,n/e,n/e,n/e,n/e,556,,n/e,n/e,n/e,n/e,n/e,n/e,n/e,n/e,n/e,n/e,n/e,n/e,209,,n/e,n/e,n/e,n/e,n/e,n/e,0,,n/e,n/e,0,,n/e,n/e,n/e,n/e,56,
15:00 - 16:00,72,,n/e,n/e,n/e,n/e,556,,n/e,n/e,n/e,n/e,n/e,n/e,n/e,n/e,n/e,n/e,n/e,n/e,210,,n/e,n/e,n/e,n/e,n/e,n/e,0,,n/e,n/e,0,,n/e,n/e,n/e,n/e,72,
16:00 - 17:00,73,,n/e,n/e,n/e,n/e,556,,n/e,n/e,n/e,n/e,n/e,n/e,n/e,n/e,n/e,n/e,n/e,n/e,195,,n/e,n/e,n/e,n/e,n/e,n/e,0,,n/e,n/e,0,,n/e,n/e,n/e,n/e,63,
17:00 - 18:00,73,,n/e,n/e,n/e,n/e,557,,n/e,n/e,n/e,n/e,n/e,n/e,n/e,n/e,n/e,n/e,n/e,n/e,310,,n/e,n/e,n/e,n/e,n/e,n/e,0,,n/e,n/e,0,,n/e,n/e,n/e,n/e,40,
18:00 - 19:00,70,,n/e,n/e,n/e,n/e,557,,n/e,n/e,n/e,n/e,n/e,n/e,n/e,n/e,n/e,n/e,n/e,n/e,315,,n/e,n/e,n/e,n/e,n/e,n/e,0,,n/e,n/e,0,,n/e,n/e,n/e,n/e,40,
19:00 - 20:00,68,,n/e,n/e,n/e,n/e,556,,n/e,n/e,n/e,n/e,n/e,n/e,n/e,n/e,n/e,n/e,n/e,n/e,178,,n/e,n/e,n/e,n/e,n/e,n/e,0,,n/e,n/e,0,,n/e,n/e,n/e,n/e,27,
20:00 - 21:00,63,,n/e,n/e,n/e,n/e,469,,n/e,n/e,n/e,n/e,n/e,n/e,n/e,n/e,n/e,n/e,n/e,n/e,3,,n/e,n/e,n/e,n/e,n/e,n/e,0,,n/e,n/e,0,,n/e,n/e,n/e,n/e,19,
21:00 - 22:00,60,,n/e,n/e,n/e,n/e,456,,n/e,n/e,n/e,n/e,n/e,n/e,n/e,n/e,n/e,n/e,n/e,n/e,3,,n/e,n/e,n/e,n/e,n/e,n/e,0,,n/e,n/e,0,,n/e,n/e,n/e,n/e,16,
22:00 - 23:00,59,,n/e,n/e,n/e,n/e,439,,n/e,n/e,n/e,n/e,n/e,n/e,n/e,n/e,n/e,n/e,n/e,n/e,3,,n/e,n/e,n/e,n/e,n/e,n/e,0,,n/e,n/e,0,,n/e,n/e,n/e,n/e,7,
23:00 - 00:00,58,,n/e,n/e,n/e,n/e,344,,n/e,n/e,n/e,n/e,n/e,n/e,n/e,n/e,n/e,n/e,n/e,n/e,2,,n/e,n/e,n/e,n/e,n/e,n/e,0,,n/e,n/e,0,,n/e,n/e,n/e,n/e,4,
00:00 - 01:00,56,,n/e,n/e,n/e,n/e,343,,n/e,n/e,n/e,n/e,n/e,n/e,n/e,n/e,n/e,n/e,n/e,n/e,2,,n/e,n/e,n/e,n/e,n/e,n/e,0,,n/e,n/e,0,,n/e,n/e,n/e,n/e,1,
01:00 - 02:00,60,,n/e,n/e,n/e,n/e,350,,n/e,n/e,n/e,n/e,n/e,n/e,n/e,n/e,n/e,n/e,n/e,n/e,2,,n/e,n/e,n/e,n/e,n/e,n/e,0,,n/e,n/e,0,,n/e,n/e,n/e,n/e,1,
02:00 - 03:00,60,,n/e,n/e,n/e,n/e,443,,n/e,n/e,n/e,n/e,n/e,n/e,n/e,n/e,n/e,n/e,n/e,n/e,2,,n/e,n/e,n/e,n/e,n/e,n/e,0,,n/e,n/e,0,,n/e,n/e,n/e,n/e,1,
03:00 - 04:00,62,,n/e,n/e,n/e,n/e,445,,n/e,n/e,n/e,n/e,n/e,n/e,n/e,n/e,n/e,n/e,n/e,n/e,2,,n/e,n/e,n/e,n/e,n/e,n/e,0,,n/e,n/e,0,,n/e,n/e,n/e,n/e,0,
04:00 - 05:00,63,,n/e,n/e,n/e,n/e,448,,n/e,n/e,n/e,n/e,n/e,n/e,n/e,n/e,n/e,n/e,n/e,n/e,6,,n/e,n/e,n/e,n/e,n/e,n/e,0,,n/e,n/e,0,,n/e,n/e,n/e,n/e,1,
05:00 - 06:00,64,,n/e,n/e,n/e,n/e,548,,n/e,n/e,n/e,n/e,n/e,n/e,n/e,n/e,n/e,n/e,n/e,n/e,127,,n/e,n/e,n/e,n/e,n/e,n/e,0,,n/e,n/e,0,,n/e,n/e,n/e,n/e,4,
06:00 - 07:00,70,,n/e,n/e,n/e,n/e,558,,n/e,n/e,n/e,n/e,n/e,n/e,n/e,n/e,n/e,n/e,n/e,n/e,456,,n/e,n/e,n/e,n/e,n/e,n/e,0,,n/e,n/e,1,,n/e,n/e,n/e,n/e,8,
07:00 - 08:00,70,,n/e,n/e,n/e,n/e,558,,n/e,n/e,n/e,n/e,n/e,n/e,n/e,n/e,n/e,n/e,n/e,n/e,435,,n/e,n/e,n/e,n/e,n/e,n/e,0,,n/e,n/e,9,,n/e,n/e,n/e,n/e,17,
08:00 - 09:00,68,,n/e,n/e,n/e,n/e,559,,n/e,n/e,n/e,n/e,n/e,n/e,n/e,n/e,n/e,n/e,n/e,n/e,406,,n/e,n/e,n/e,n/e,n/e,n/e,0,,n/e,n/e,27,,n/e,n/e,n/e,n/e,17,
09:00 - 10:00,68,,n/e,n/e,n/e,n/e,559,,n/e,n/e,n/e,n/e,n/e,n/e,n/e,n/e,n/e,n/e,n/e,n/e,416,,n/e,n/e,n/e,n/e,n/e,n/e,0,,n/e,n/e,42,,n/e,n/e,n/e,n/e,20,
10:00 - 11:00,66,,n/e,n/e,n/e,n/e,558,,n/e,n/e,n/e,n/e,n/e,n/e,n/e,n/e,n/e,n/e,n/e,n/e,312,,n/e,n/e,n/e,n/e,n/e,n/e,0,,n/e,n/e,39,,n/e,n/e,n/e,n/e,28,
11:00 - 12:00,63,,n/e,n/e,n/e,n/e,556,,n/e,n/e,n/e,n/e,n/e,n/e,n/e,n/e,n/e,n/e,n/e,n/e,193,,n/e,n/e,n/e,n/e,n/e,n/e,0,,n/e,n/e,25,,n/e,n/e,n/e,n/e,54,
12:00 - 13:00,60,,n/e,n/e,n/e,n/e,512,,n/e,n/e,n/e,n/e,n/e,n/e,n/e,n/e,n/e,n/e,n/e,n/e,173,,n/e,n/e,n/e,n/e,n/e,n/e,0,,n/e,n/e,11,,n/e,n/e,n/e,n/e,78,
13:00 - 14:00,63,,n/e,n/e,n/e,n/e,505,,n/e,n/e,n/e,n/e,n/e,n/e,n/e,n/e,n/e,n/e,n/e,n/e,141,,n/e,n/e,n/e,n/e,n/e,n/e,0,,n/e,n/e,2,,n/e,n/e,n/e,n/e,96,
14:00 - 15:00,67,,n/e,n/e,n/e,n/e,507,,n/e,n/e,n/e,n/e,n/e,n/e,n/e,n/e,n/e,n/e,n/e,n/e,263,,n/e,n/e,n/e,n/e,n/e,n/e,0,,n/e,n/e,1,,n/e,n/e,n/e,n/e,95,
15:00 - 16:00,68,,n/e,n/e,n/e,n/e,456,,n/e,n/e,n/e,n/e,n/e,n/e,n/e,n/e,n/e,n/e,n/e,n/e,231,,n/e,n/e,n/e,n/e,n/e,n/e,0,,n/e,n/e,1,,n/e,n/e,n/e,n/e,102,
16:00 - 17:00,64,,n/e,n/e,n/e,n/e,353,,n/e,n/e,n/e,n/e,n/e,n/e,n/e,n/e,n/e,n/e,n/e,n/e,228,,n/e,n/e,n/e,n/e,n/e,n/e,0,,n/e,n/e,1,,n/e,n/e,n/e,n/e,110,
17:00 - 18:00,64,,n/e,n/e,n/e,n/e,253,,n/e,n/e,n/e,n/e,n/e,n/e,n/e,n/e,n/e,n/e,n/e,n/e,180,,n/e,n/e,n/e,n/e,n/e,n/e,0,,n/e,n/e,0,,n/e,n/e,n/e,n/e,112,
18:00 - 19:00,62,,n/e,n/e,n/e,n/e,200,,n/e,n/e,n/e,n/e,n/e,n/e,n/e,n/e,n/e,n/e,n/e,n/e,229,,n/e,n/e,n/e,n/e,n/e,n/e,0,,n/e,n/e,0,,n/e,n/e,n/e,n/e,112,
19:00 - 20:00,62,,n/e,n/e,n/e,n/e,78,,n/e,n/e,n/e,n/e,n/e,n/e,n/e,n/e,n/e,n/e,n/e,n/e,254,,n/e,n/e,n/e,n/e,n/e,n/e,0,,n/e,n/e,1,,n/e,n/e,n/e,n/e,111,
20:00 - 21:00,60,,n/e,n/e,n/e,n/e,6,,n/e,n/e,n/e,n/e,n/e,n/e,n/e,n/e,n/e,n/e,n/e,n/e,273,,n/e,n/e,n/e,n/e,n/e,n/e,0,,n/e,n/e,1,,n/e,n/e,n/e,n/e,108,
21:00 - 22:00,56,,n/e,n/e,n/e,n/e,3,,n/e,n/e,n/e,n/e,n/e,n/e,n/e,n/e,n/e,n/e,n/e,n/e,266,,n/e,n/e,n/e,n/e,n/e,n/e,0,,n/e,n/e,1,,n/e,n/e,n/e,n/e,109,
22:00 - 23:00,55,,n/e,n/e,n/e,n/e,1,,n/e,n/e,n/e,n/e,n/e,n/e,n/e,n/e,n/e,n/e,n/e,n/e,268,,n/e,n/e,n/e,n/e,n/e,n/e,0,,n/e,n/e,1,,n/e,n/e,n/e,n/e,107,
23:00 - 00:00,53,,n/e,n/e,n/e,n/e,0,,n/e,n/e,n/e,n/e,n/e,n/e,n/e,n/e,n/e,n/e,n/e,n/e,5,,n/e,n/e,n/e,n/e,n/e,n/e,0,,n/e,n/e,1,,n/e,n/e,n/e,n/e,104,
00:00 - 01:00,53,,n/e,n/e,n/e,n/e,0,,n/e,n/e,n/e,n/e,n/e,n/e,n/e,n/e,n/e,n/e,n/e,n/e,9,,n/e,n/e,n/e,n/e,n/e,n/e,0,,n/e,n/e,1,,n/e,n/e,n/e,n/e,102,
01:00 - 02:00,54,,n/e,n/e,n/e,n/e,0,,n/e,n/e,n/e,n/e,n/e,n/e,n/e,n/e,n/e,n/e,n/e,n/e,14,,n/e,n/e,n/e,n/e,n/e,n/e,0,,n/e,n/e,1,,n/e,n/e,n/e,n/e,93,
02:00 - 03:00,53,,n/e,n/e,n/e,n/e,0,,n/e,n/e,n/e,n/e,n/e,n/e,n/e,n/e,n/e,n/e,n/e,n/e,20,,n/e,n/e,n/e,n/e,n/e,n/e,0,,n/e,n/e,1,,n/e,n/e,n/e,n/e,90,
03:00 - 04:00,53,,n/e,n/e,n/e,n/e,0,,n/e,n/e,n/e,n/e,n/e,n/e,n/e,n/e,n/e,n/e,n/e,n/e,20,,n/e,n/e,n/e,n/e,n/e,n/e,0,,n/e,n/e,1,,n/e,n/e,n/e,n/e,84,
04:00 - 05:00,52,,n/e,n/e,n/e,n/e,0,,n/e,n/e,n/e,n/e,n/e,n/e,n/e,n/e,n/e,n/e,n/e,n/e,20,,n/e,n/e,n/e,n/e,n/e,n/e,0,,n/e,n/e,1,,n/e,n/e,n/e,n/e,90,
05:00 - 06:00,52,,n/e,n/e,n/e,n/e,0,,n/e,n/e,n/e,n/e,n/e,n/e,n/e,n/e,n/e,n/e,n/e,n/e,24,,n/e,n/e,n/e,n/e,n/e,n/e,0,,n/e,n/e,1,,n/e,n/e,n/e,n/e,105,
06:00 - 07:00,54,,n/e,n/e,n/e,n/e,0,,n/e,n/e,n/e,n/e,n/e,n/e,n/e,n/e,n/e,n/e,n/e,n/e,242,,n/e,n/e,n/e,n/e,n/e,n/e,0,,n/e,n/e,1,,n/e,n/e,n/e,n/e,107,
07:00 - 08:00,57,,n/e,n/e,n/e,n/e,2,,n/e,n/e,n/e,n/e,n/e,n/e,n/e,n/e,n/e,n/e,n/e,n/e,288,,n/e,n/e,n/e,n/e,n/e,n/e,0,,n/e,n/e,2,,n/e,n/e,n/e,n/e,105,
08:00 - 09:00,56,,n/e,n/e,n/e,n/e,3,,n/e,n/e,n/e,n/e,n/e,n/e,n/e,n/e,n/e,n/e,n/e,n/e,310,,n/e,n/e,n/e,n/e,n/e,n/e,0,,n/e,n/e,6,,n/e,n/e,n/e,n/e,105,
09:00 - 10:00,56,,n/e,n/e,n/e,n/e,3,,n/e,n/e,n/e,n/e,n/e,n/e,n/e,n/e,n/e,n/e,n/e,n/e,298,,n/e,n/e,n/e,n/e,n/e,n/e,0,,n/e,n/e,10,,n/e,n/e,n/e,n/e,105,
10:00 - 11:00,56,,n/e,n/e,n/e,n/e,3,,n/e,n/e,n/e,n/e,n/e,n/e,n/e,n/e,n/e,n/e,n/e,n/e,281,,n/e,n/e,n/e,n/e,n/e,n/e,0,,n/e,n/e,10,,n/e,n/e,n/e,n/e,110,
11:00 - 12:00,58,,n/e,n/e,n/e,n/e,3,,n/e,n/e,n/e,n/e,n/e,n/e,n/e,n/e,n/e,n/e,n/e,n/e,294,,n/e,n/e,n/e,n/e,n/e,n/e,0,,n/e,n/e,7,,n/e,n/e,n/e,n/e,104,
12:00 - 13:00,59,,n/e,n/e,n/e,n/e,3,,n/e,n/e,n/e,n/e,n/e,n/e,n/e,n/e,n/e,n/e,n/e,n/e,241,,n/e,n/e,n/e,n/e,n/e,n/e,0,,n/e,n/e,3,,n/e,n/e,n/e,n/e,104,
13:00 - 14:00,60,,n/e,n/e,n/e,n/e,2,,n/e,n/e,n/e,n/e,n/e,n/e,n/e,n/e,n/e,n/e,n/e,n/e,379,,n/e,n/e,n/e,n/e,n/e,n/e,0,,n/e,n/e,1,,n/e,n/e,n/e,n/e,112,
14:00 - 15:00,60,,n/e,n/e,n/e,n/e,2,,n/e,n/e,n/e,n/e,n/e,n/e,n/e,n/e,n/e,n/e,n/e,n/e,375,,n/e,n/e,n/e,n/e,n/e,n/e,0,,n/e,n/e,1,,n/e,n/e,n/e,n/e,109,
15:00 - 16:00,59,,n/e,n/e,n/e,n/e,2,,n/e,n/e,n/e,n/e,n/e,n/e,n/e,n/e,n/e,n/e,n/e,n/e,333,,n/e,n/e,n/e,n/e,n/e,n/e,0,,n/e,n/e,1,,n/e,n/e,n/e,n/e,102,
16:00 - 17:00,61,,n/e,n/e,n/e,n/e,2,,n/e,n/e,n/e,n/e,n/e,n/e,n/e,n/e,n/e,n/e,n/e,n/e,152,,n/e,n/e,n/e,n/e,n/e,n/e,0,,n/e,n/e,1,,n/e,n/e,n/e,n/e,107,
17:00 - 18:00,53,,n/e,n/e,n/e,n/e,0,,n/e,n/e,n/e,n/e,n/e,n/e,n/e,n/e,n/e,n/e,n/e,n/e,187,,n/e,n/e,n/e,n/e,n/e,n/e,0,,n/e,n/e,1,,n/e,n/e,n/e,n/e,111,
18:00 - 19:00,49,,n/e,n/e,n/e,n/e,0,,n/e,n/e,n/e,n/e,n/e,n/e,n/e,n/e,n/e,n/e,n/e,n/e,189,,n/e,n/e,n/e,n/e,n/e,n/e,0,,n/e,n/e,1,,n/e,n/e,n/e,n/e,105,
19:00 - 20:00,47,,n/e,n/e,n/e,n/e,0,,n/e,n/e,n/e,n/e,n/e,n/e,n/e,n/e,n/e,n/e,n/e,n/e,21,,n/e,n/e,n/e,n/e,n/e,n/e,0,,n/e,n/e,1,,n/e,n/e,n/e,n/e,102,
20:00 - 21:00,45,,n/e,n/e,n/e,n/e,0,,n/e,n/e,n/e,n/e,n/e,n/e,n/e,n/e,n/e,n/e,n/e,n/e,21,,n/e,n/e,n/e,n/e,n/e,n/e,0,,n/e,n/e,0,,n/e,n/e,n/e,n/e,100,
21:00 - 22:00,47,,n/e,n/e,n/e,n/e,0,,n/e,n/e,n/e,n/e,n/e,n/e,n/e,n/e,n/e,n/e,n/e,n/e,20,,n/e,n/e,n/e,n/e,n/e,n/e,0,,n/e,n/e,0,,n/e,n/e,n/e,n/e,100,
22:00 - 23:00,49,,n/e,n/e,n/e,n/e,0,,n/e,n/e,n/e,n/e,n/e,n/e,n/e,n/e,n/e,n/e,n/e,n/e,9,,n/e,n/e,n/e,n/e,n/e,n/e,0,,n/e,n/e,0,,n/e,n/e,n/e,n/e,93,
23:00 - 00:00,50,,n/e,n/e,n/e,n/e,0,,n/e,n/e,n/e,n/e,n/e,n/e,n/e,n/e,n/e,n/e,n/e,n/e,3,,n/e,n/e,n/e,n/e,n/e,n/e,0,,n/e,n/e,1,,n/e,n/e,n/e,n/e,100,
00:00 - 01:00,48,,n/e,n/e,n/e,n/e,0,,n/e,n/e,n/e,n/e,n/e,n/e,n/e,n/e,n/e,n/e,n/e,n/e,3,,n/e,n/e,n/e,n/e,n/e,n/e,0,,n/e,n/e,0,,n/e,n/e,n/e,n/e,96,
01:00 - 02:00,47,,n/e,n/e,n/e,n/e,0,,n/e,n/e,n/e,n/e,n/e,n/e,n/e,n/e,n/e,n/e,n/e,n/e,3,,n/e,n/e,n/e,n/e,n/e,n/e,0,,n/e,n/e,0,,n/e,n/e,n/e,n/e,98,
02:00 - 03:00,45,,n/e,n/e,n/e,n/e,0,,n/e,n/e,n/e,n/e,n/e,n/e,n/e,n/e,n/e,n/e,n/e,n/e,3,,n/e,n/e,n/e,n/e,n/e,n/e,0,,n/e,n/e,0,,n/e,n/e,n/e,n/e,98,
03:00 - 04:00,44,,n/e,n/e,n/e,n/e,0,,n/e,n/e,n/e,n/e,n/e,n/e,n/e,n/e,n/e,n/e,n/e,n/e,3,,n/e,n/e,n/e,n/e,n/e,n/e,0,,n/e,n/e,0,,n/e,n/e,n/e,n/e,101,
04:00 - 05:00,43,,n/e,n/e,n/e,n/e,0,,n/e,n/e,n/e,n/e,n/e,n/e,n/e,n/e,n/e,n/e,n/e,n/e,3,,n/e,n/e,n/e,n/e,n/e,n/e,0,,n/e,n/e,0,,n/e,n/e,n/e,n/e,106,
05:00 - 06:00,44,,n/e,n/e,n/e,n/e,0,,n/e,n/e,n/e,n/e,n/e,n/e,n/e,n/e,n/e,n/e,n/e,n/e,3,,n/e,n/e,n/e,n/e,n/e,n/e,0,,n/e,n/e,0,,n/e,n/e,n/e,n/e,110,
06:00 - 07:00,46,,n/e,n/e,n/e,n/e,0,,n/e,n/e,n/e,n/e,n/e,n/e,n/e,n/e,n/e,n/e,n/e,n/e,4,,n/e,n/e,n/e,n/e,n/e,n/e,0,,n/e,n/e,1,,n/e,n/e,n/e,n/e,108,
07:00 - 08:00,50,,n/e,n/e,n/e,n/e,0,,n/e,n/e,n/e,n/e,n/e,n/e,n/e,n/e,n/e,n/e,n/e,n/e,4,,n/e,n/e,n/e,n/e,n/e,n/e,0,,n/e,n/e,3,,n/e,n/e,n/e,n/e,94,
08:00 - 09:00,53,,n/e,n/e,n/e,n/e,0,,n/e,n/e,n/e,n/e,n/e,n/e,n/e,n/e,n/e,n/e,n/e,n/e,4,,n/e,n/e,n/e,n/e,n/e,n/e,0,,n/e,n/e,10,,n/e,n/e,n/e,n/e,102,
09:00 - 10:00,55,,n/e,n/e,n/e,n/e,1,,n/e,n/e,n/e,n/e,n/e,n/e,n/e,n/e,n/e,n/e,n/e,n/e,6,,n/e,n/e,n/e,n/e,n/e,n/e,0,,n/e,n/e,14,,n/e,n/e,n/e,n/e,114,
10:00 - 11:00,61,,n/e,n/e,n/e,n/e,2,,n/e,n/e,n/e,n/e,n/e,n/e,n/e,n/e,n/e,n/e,n/e,n/e,77,,n/e,n/e,n/e,n/e,n/e,n/e,0,,n/e,n/e,17,,n/e,n/e,n/e,n/e,108,
11:00 - 12:00,60,,n/e,n/e,n/e,n/e,3,,n/e,n/e,n/e,n/e,n/e,n/e,n/e,n/e,n/e,n/e,n/e,n/e,66,,n/e,n/e,n/e,n/e,n/e,n/e,0,,n/e,n/e,13,,n/e,n/e,n/e,n/e,106,
12:00 - 13:00,60,,n/e,n/e,n/e,n/e,3,,n/e,n/e,n/e,n/e,n/e,n/e,n/e,n/e,n/e,n/e,n/e,n/e,100,,n/e,n/e,n/e,n/e,n/e,n/e,0,,n/e,n/e,6,,n/e,n/e,n/e,n/e,107,
13:00 - 14:00,61,,n/e,n/e,n/e,n/e,3,,n/e,n/e,n/e,n/e,n/e,n/e,n/e,n/e,n/e,n/e,n/e,n/e,102,,n/e,n/e,n/e,n/e,n/e,n/e,0,,n/e,n/e,1,,n/e,n/e,n/e,n/e,99,
14:00 - 15:00,62,,n/e,n/e,n/e,n/e,3,,n/e,n/e,n/e,n/e,n/e,n/e,n/e,n/e,n/e,n/e,n/e,n/e,218,,n/e,n/e,n/e,n/e,n/e,n/e,0,,n/e,n/e,0,,n/e,n/e,n/e,n/e,75,
15:00 - 16:00,62,,n/e,n/e,n/e,n/e,3,,n/e,n/e,n/e,n/e,n/e,n/e,n/e,n/e,n/e,n/e,n/e,n/e,289,,n/e,n/e,n/e,n/e,n/e,n/e,0,,n/e,n/e,0,,n/e,n/e,n/e,n/e,63,
16:00 - 17:00,62,,n/e,n/e,n/e,n/e,3,,n/e,n/e,n/e,n/e,n/e,n/e,n/e,n/e,n/e,n/e,n/e,n/e,378,,n/e,n/e,n/e,n/e,n/e,n/e,0,,n/e,n/e,0,,n/e,n/e,n/e,n/e,32,
17:00 - 18:00,63,,n/e,n/e,n/e,n/e,3,,n/e,n/e,n/e,n/e,n/e,n/e,n/e,n/e,n/e,n/e,n/e,n/e,409,,n/e,n/e,n/e,n/e,n/e,n/e,0,,n/e,n/e,0,,n/e,n/e,n/e,n/e,25,
18:00 - 19:00,62,,n/e,n/e,n/e,n/e,3,,n/e,n/e,n/e,n/e,n/e,n/e,n/e,n/e,n/e,n/e,n/e,n/e,289,,n/e,n/e,n/e,n/e,n/e,n/e,0,,n/e,n/e,0,,n/e,n/e,n/e,n/e,25,
19:00 - 20:00,59,,n/e,n/e,n/e,n/e,0,,n/e,n/e,n/e,n/e,n/e,n/e,n/e,n/e,n/e,n/e,n/e,n/e,211,,n/e,n/e,n/e,n/e,n/e,n/e,0,,n/e,n/e,0,,n/e,n/e,n/e,n/e,35,
20:00 - 21:00,51,,n/e,n/e,n/e,n/e,0,,n/e,n/e,n/e,n/e,n/e,n/e,n/e,n/e,n/e,n/e,n/e,n/e,14,,n/e,n/e,n/e,n/e,n/e,n/e,0,,n/e,n/e,0,,n/e,n/e,n/e,n/e,44,
21:00 - 22:00,50,,n/e,n/e,n/e,n/e,0,,n/e,n/e,n/e,n/e,n/e,n/e,n/e,n/e,n/e,n/e,n/e,n/e,5,,n/e,n/e,n/e,n/e,n/e,n/e,0,,n/e,n/e,0,,n/e,n/e,n/e,n/e,51,
22:00 - 23:00,53,,n/e,n/e,n/e,n/e,0,,n/e,n/e,n/e,n/e,n/e,n/e,n/e,n/e,n/e,n/e,n/e,n/e,6,,n/e,n/e,n/e,n/e,n/e,n/e,0,,n/e,n/e,0,,n/e,n/e,n/e,n/e,62,
23:00 - 00:00,50,,n/e,n/e,n/e,n/e,0,,n/e,n/e,n/e,n/e,n/e,n/e,n/e,n/e,n/e,n/e,n/e,n/e,3,,n/e,n/e,n/e,n/e,n/e,n/e,0,,n/e,n/e,0,,n/e,n/e,n/e,n/e,47,
00:00 - 01:00,49,,n/e,n/e,n/e,n/e,0,,n/e,n/e,n/e,n/e,n/e,n/e,n/e,n/e,n/e,n/e,n/e,n/e,3,,n/e,n/e,n/e,n/e,n/e,n/e,0,,n/e,n/e,0,,n/e,n/e,n/e,n/e,50,
01:00 - 02:00,48,,n/e,n/e,n/e,n/e,0,,n/e,n/e,n/e,n/e,n/e,n/e,n/e,n/e,n/e,n/e,n/e,n/e,3,,n/e,n/e,n/e,n/e,n/e,n/e,0,,n/e,n/e,0,,n/e,n/e,n/e,n/e,55,
02:00 - 03:00,48,,n/e,n/e,n/e,n/e,0,,n/e,n/e,n/e,n/e,n/e,n/e,n/e,n/e,n/e,n/e,n/e,n/e,3,,n/e,n/e,n/e,n/e,n/e,n/e,0,,n/e,n/e,0,,n/e,n/e,n/e,n/e,59,
03:00 - 04:00,49,,n/e,n/e,n/e,n/e,0,,n/e,n/e,n/e,n/e,n/e,n/e,n/e,n/e,n/e,n/e,n/e,n/e,3,,n/e,n/e,n/e,n/e,n/e,n/e,0,,n/e,n/e,0,,n/e,n/e,n/e,n/e,55,
04:00 - 05:00,47,,n/e,n/e,n/e,n/e,0,,n/e,n/e,n/e,n/e,n/e,n/e,n/e,n/e,n/e,n/e,n/e,n/e,6,,n/e,n/e,n/e,n/e,n/e,n/e,0,,n/e,n/e,0,,n/e,n/e,n/e,n/e,99,
05:00 - 06:00,49,,n/e,n/e,n/e,n/e,0,,n/e,n/e,n/e,n/e,n/e,n/e,n/e,n/e,n/e,n/e,n/e,n/e,158,,n/e,n/e,n/e,n/e,n/e,n/e,0,,n/e,n/e,0,,n/e,n/e,n/e,n/e,102,
06:00 - 07:00,60,,n/e,n/e,n/e,n/e,2,,n/e,n/e,n/e,n/e,n/e,n/e,n/e,n/e,n/e,n/e,n/e,n/e,265,,n/e,n/e,n/e,n/e,n/e,n/e,0,,n/e,n/e,1,,n/e,n/e,n/e,n/e,108,
07:00 - 08:00,60,,n/e,n/e,n/e,n/e,3,,n/e,n/e,n/e,n/e,n/e,n/e,n/e,n/e,n/e,n/e,n/e,n/e,276,,n/e,n/e,n/e,n/e,n/e,n/e,0,,n/e,n/e,7,,n/e,n/e,n/e,n/e,104,
08:00 - 09:00,56,,n/e,n/e,n/e,n/e,0,,n/e,n/e,n/e,n/e,n/e,n/e,n/e,n/e,n/e,n/e,n/e,n/e,245,,n/e,n/e,n/e,n/e,n/e,n/e,0,,n/e,n/e,28,,n/e,n/e,n/e,n/e,95,
09:00 - 10:00,57,,n/e,n/e,n/e,n/e,0,,n/e,n/e,n/e,n/e,n/e,n/e,n/e,n/e,n/e,n/e,n/e,n/e,266,,n/e,n/e,n/e,n/e,n/e,n/e,0,,n/e,n/e,45,,n/e,n/e,n/e,n/e,102,
10:00 - 11:00,57,,n/e,n/e,n/e,n/e,0,,n/e,n/e,n/e,n/e,n/e,n/e,n/e,n/e,n/e,n/e,n/e,n/e,163,,n/e,n/e,n/e,n/e,n/e,n/e,0,,n/e,n/e,62,,n/e,n/e,n/e,n/e,107,
11:00 - 12:00,57,,n/e,n/e,n/e,n/e,0,,n/e,n/e,n/e,n/e,n/e,n/e,n/e,n/e,n/e,n/e,n/e,n/e,231,,n/e,n/e,n/e,n/e,n/e,n/e,0,,n/e,n/e,69,,n/e,n/e,n/e,n/e,78,
12:00 - 13:00,58,,n/e,n/e,n/e,n/e,0,,n/e,n/e,n/e,n/e,n/e,n/e,n/e,n/e,n/e,n/e,n/e,n/e,293,,n/e,n/e,n/e,n/e,n/e,n/e,0,,n/e,n/e,33,,n/e,n/e,n/e,n/e,71,
13:00 - 14:00,57,,n/e,n/e,n/e,n/e,0,,n/e,n/e,n/e,n/e,n/e,n/e,n/e,n/e,n/e,n/e,n/e,n/e,395,,n/e,n/e,n/e,n/e,n/e,n/e,0,,n/e,n/e,5,,n/e,n/e,n/e,n/e,103,
14:00 - 15:00,59,,n/e,n/e,n/e,n/e,0,,n/e,n/e,n/e,n/e,n/e,n/e,n/e,n/e,n/e,n/e,n/e,n/e,367,,n/e,n/e,n/e,n/e,n/e,n/e,0,,n/e,n/e,1,,n/e,n/e,n/e,n/e,110,
15:00 - 16:00,60,,n/e,n/e,n/e,n/e,0,,n/e,n/e,n/e,n/e,n/e,n/e,n/e,n/e,n/e,n/e,n/e,n/e,352,,n/e,n/e,n/e,n/e,n/e,n/e,0,,n/e,n/e,1,,n/e,n/e,n/e,n/e,109,
16:00 - 17:00,60,,n/e,n/e,n/e,n/e,0,,n/e,n/e,n/e,n/e,n/e,n/e,n/e,n/e,n/e,n/e,n/e,n/e,358,,n/e,n/e,n/e,n/e,n/e,n/e,0,,n/e,n/e,1,,n/e,n/e,n/e,n/e,112,
17:00 - 18:00,60,,n/e,n/e,n/e,n/e,0,,n/e,n/e,n/e,n/e,n/e,n/e,n/e,n/e,n/e,n/e,n/e,n/e,359,,n/e,n/e,n/e,n/e,n/e,n/e,0,,n/e,n/e,1,,n/e,n/e,n/e,n/e,112,
18:00 - 19:00,59,,n/e,n/e,n/e,n/e,0,,n/e,n/e,n/e,n/e,n/e,n/e,n/e,n/e,n/e,n/e,n/e,n/e,166,,n/e,n/e,n/e,n/e,n/e,n/e,0,,n/e,n/e,1,,n/e,n/e,n/e,n/e,109,
19:00 - 20:00,52,,n/e,n/e,n/e,n/e,0,,n/e,n/e,n/e,n/e,n/e,n/e,n/e,n/e,n/e,n/e,n/e,n/e,5,,n/e,n/e,n/e,n/e,n/e,n/e,0,,n/e,n/e,1,,n/e,n/e,n/e,n/e,105,
20:00 - 21:00,45,,n/e,n/e,n/e,n/e,0,,n/e,n/e,n/e,n/e,n/e,n/e,n/e,n/e,n/e,n/e,n/e,n/e,4,,n/e,n/e,n/e,n/e,n/e,n/e,0,,n/e,n/e,1,,n/e,n/e,n/e,n/e,104,
21:00 - 22:00,43,,n/e,n/e,n/e,n/e,0,,n/e,n/e,n/e,n/e,n/e,n/e,n/e,n/e,n/e,n/e,n/e,n/e,8,,n/e,n/e,n/e,n/e,n/e,n/e,0,,n/e,n/e,0,,n/e,n/e,n/e,n/e,103,
22:00 - 23:00,44,,n/e,n/e,n/e,n/e,0,,n/e,n/e,n/e,n/e,n/e,n/e,n/e,n/e,n/e,n/e,n/e,n/e,3,,n/e,n/e,n/e,n/e,n/e,n/e,0,,n/e,n/e,0,,n/e,n/e,n/e,n/e,101,
23:00 - 00:00,43,,n/e,n/e,n/e,n/e,0,,n/e,n/e,n/e,n/e,n/e,n/e,n/e,n/e,n/e,n/e,n/e,n/e,11,,n/e,n/e,n/e,n/e,n/e,n/e,0,,n/e,n/e,0,,n/e,n/e,n/e,n/e,92,
00:00 - 01:00,43,,n/e,n/e,n/e,n/e,0,,n/e,n/e,n/e,n/e,n/e,n/e,n/e,n/e,n/e,n/e,n/e,n/e,8,,n/e,n/e,n/e,n/e,n/e,n/e,0,,n/e,n/e,0,,n/e,n/e,n/e,n/e,93,
01:00 - 02:00,45,,n/e,n/e,n/e,n/e,0,,n/e,n/e,n/e,n/e,n/e,n/e,n/e,n/e,n/e,n/e,n/e,n/e,16,,n/e,n/e,n/e,n/e,n/e,n/e,0,,n/e,n/e,0,,n/e,n/e,n/e,n/e,95,
02:00 - 03:00,47,,n/e,n/e,n/e,n/e,0,,n/e,n/e,n/e,n/e,n/e,n/e,n/e,n/e,n/e,n/e,n/e,n/e,18,,n/e,n/e,n/e,n/e,n/e,n/e,0,,n/e,n/e,0,,n/e,n/e,n/e,n/e,95,
03:00 - 04:00,46,,n/e,n/e,n/e,n/e,0,,n/e,n/e,n/e,n/e,n/e,n/e,n/e,n/e,n/e,n/e,n/e,n/e,17,,n/e,n/e,n/e,n/e,n/e,n/e,0,,n/e,n/e,0,,n/e,n/e,n/e,n/e,95,
04:00 - 05:00,46,,n/e,n/e,n/e,n/e,0,,n/e,n/e,n/e,n/e,n/e,n/e,n/e,n/e,n/e,n/e,n/e,n/e,20,,n/e,n/e,n/e,n/e,n/e,n/e,0,,n/e,n/e,1,,n/e,n/e,n/e,n/e,100,
05:00 - 06:00,54,,n/e,n/e,n/e,n/e,3,,n/e,n/e,n/e,n/e,n/e,n/e,n/e,n/e,n/e,n/e,n/e,n/e,131,,n/e,n/e,n/e,n/e,n/e,n/e,0,,n/e,n/e,1,,n/e,n/e,n/e,n/e,109,
06:00 - 07:00,60,,n/e,n/e,n/e,n/e,15,,n/e,n/e,n/e,n/e,n/e,n/e,n/e,n/e,n/e,n/e,n/e,n/e,130,,n/e,n/e,n/e,n/e,n/e,n/e,0,,n/e,n/e,1,,n/e,n/e,n/e,n/e,106,
07:00 - 08:00,63,,n/e,n/e,n/e,n/e,37,,n/e,n/e,n/e,n/e,n/e,n/e,n/e,n/e,n/e,n/e,n/e,n/e,163,,n/e,n/e,n/e,n/e,n/e,n/e,0,,n/e,n/e,9,,n/e,n/e,n/e,n/e,107,
08:00 - 09:00,64,,n/e,n/e,n/e,n/e,63,,n/e,n/e,n/e,n/e,n/e,n/e,n/e,n/e,n/e,n/e,n/e,n/e,159,,n/e,n/e,n/e,n/e,n/e,n/e,0,,n/e,n/e,29,,n/e,n/e,n/e,n/e,109,
09:00 - 10:00,66,,n/e,n/e,n/e,n/e,91,,n/e,n/e,n/e,n/e,n/e,n/e,n/e,n/e,n/e,n/e,n/e,n/e,218,,n/e,n/e,n/e,n/e,n/e,n/e,0,,n/e,n/e,37,,n/e,n/e,n/e,n/e,113,
10:00 - 11:00,65,,n/e,n/e,n/e,n/e,141,,n/e,n/e,n/e,n/e,n/e,n/e,n/e,n/e,n/e,n/e,n/e,n/e,175,,n/e,n/e,n/e,n/e,n/e,n/e,0,,n/e,n/e,40,,n/e,n/e,n/e,n/e,110,
11:00 - 12:00,66,,n/e,n/e,n/e,n/e,153,,n/e,n/e,n/e,n/e,n/e,n/e,n/e,n/e,n/e,n/e,n/e,n/e,205,,n/e,n/e,n/e,n/e,n/e,n/e,0,,n/e,n/e,32,,n/e,n/e,n/e,n/e,106,
12:00 - 13:00,66,,n/e,n/e,n/e,n/e,156,,n/e,n/e,n/e,n/e,n/e,n/e,n/e,n/e,n/e,n/e,n/e,n/e,200,,n/e,n/e,n/e,n/e,n/e,n/e,0,,n/e,n/e,18,,n/e,n/e,n/e,n/e,104,
13:00 - 14:00,68,,n/e,n/e,n/e,n/e,157,,n/e,n/e,n/e,n/e,n/e,n/e,n/e,n/e,n/e,n/e,n/e,n/e,346,,n/e,n/e,n/e,n/e,n/e,n/e,0,,n/e,n/e,4,,n/e,n/e,n/e,n/e,96,
14:00 - 15:00,70,,n/e,n/e,n/e,n/e,158,,n/e,n/e,n/e,n/e,n/e,n/e,n/e,n/e,n/e,n/e,n/e,n/e,575,,n/e,n/e,n/e,n/e,n/e,n/e,0,,n/e,n/e,1,,n/e,n/e,n/e,n/e,84,
15:00 - 16:00,70,,n/e,n/e,n/e,n/e,158,,n/e,n/e,n/e,n/e,n/e,n/e,n/e,n/e,n/e,n/e,n/e,n/e,515,,n/e,n/e,n/e,n/e,n/e,n/e,0,,n/e,n/e,1,,n/e,n/e,n/e,n/e,77,
16:00 - 17:00,70,,n/e,n/e,n/e,n/e,184,,n/e,n/e,n/e,n/e,n/e,n/e,n/e,n/e,n/e,n/e,n/e,n/e,500,,n/e,n/e,n/e,n/e,n/e,n/e,0,,n/e,n/e,0,,n/e,n/e,n/e,n/e,68,
17:00 - 18:00,69,,n/e,n/e,n/e,n/e,184,,n/e,n/e,n/e,n/e,n/e,n/e,n/e,n/e,n/e,n/e,n/e,n/e,505,,n/e,n/e,n/e,n/e,n/e,n/e,0,,n/e,n/e,1,,n/e,n/e,n/e,n/e,66,
18:00 - 19:00,69,,n/e,n/e,n/e,n/e,247,,n/e,n/e,n/e,n/e,n/e,n/e,n/e,n/e,n/e,n/e,n/e,n/e,388,,n/e,n/e,n/e,n/e,n/e,n/e,0,,n/e,n/e,0,,n/e,n/e,n/e,n/e,60,
19:00 - 20:00,68,,n/e,n/e,n/e,n/e,303,,n/e,n/e,n/e,n/e,n/e,n/e,n/e,n/e,n/e,n/e,n/e,n/e,35,,n/e,n/e,n/e,n/e,n/e,n/e,0,,n/e,n/e,0,,n/e,n/e,n/e,n/e,60,
20:00 - 21:00,66,,n/e,n/e,n/e,n/e,300,,n/e,n/e,n/e,n/e,n/e,n/e,n/e,n/e,n/e,n/e,n/e,n/e,19,,n/e,n/e,n/e,n/e,n/e,n/e,0,,n/e,n/e,0,,n/e,n/e,n/e,n/e,60,
21:00 - 22:00,64,,n/e,n/e,n/e,n/e,298,,n/e,n/e,n/e,n/e,n/e,n/e,n/e,n/e,n/e,n/e,n/e,n/e,6,,n/e,n/e,n/e,n/e,n/e,n/e,0,,n/e,n/e,0,,n/e,n/e,n/e,n/e,53,
22:00 - 23:00,62,,n/e,n/e,n/e,n/e,299,,n/e,n/e,n/e,n/e,n/e,n/e,n/e,n/e,n/e,n/e,n/e,n/e,6,,n/e,n/e,n/e,n/e,n/e,n/e,0,,n/e,n/e,0,,n/e,n/e,n/e,n/e,37,
23:00 - 00:00,59,,n/e,n/e,n/e,n/e,397,,n/e,n/e,n/e,n/e,n/e,n/e,n/e,n/e,n/e,n/e,n/e,n/e,6,,n/e,n/e,n/e,n/e,n/e,n/e,0,,n/e,n/e,0,,n/e,n/e,n/e,n/e,36,
00:00 - 01:00,58,,n/e,n/e,n/e,n/e,398,,n/e,n/e,n/e,n/e,n/e,n/e,n/e,n/e,n/e,n/e,n/e,n/e,5,,n/e,n/e,n/e,n/e,n/e,n/e,0,,n/e,n/e,0,,n/e,n/e,n/e,n/e,27,
01:00 - 02:00,58,,n/e,n/e,n/e,n/e,400,,n/e,n/e,n/e,n/e,n/e,n/e,n/e,n/e,n/e,n/e,n/e,n/e,29,,n/e,n/e,n/e,n/e,n/e,n/e,0,,n/e,n/e,0,,n/e,n/e,n/e,n/e,10,
02:00 - 03:00,59,,n/e,n/e,n/e,n/e,523,,n/e,n/e,n/e,n/e,n/e,n/e,n/e,n/e,n/e,n/e,n/e,n/e,32,,n/e,n/e,n/e,n/e,n/e,n/e,0,,n/e,n/e,0,,n/e,n/e,n/e,n/e,4,
03:00 - 04:00,61,,n/e,n/e,n/e,n/e,532,,n/e,n/e,n/e,n/e,n/e,n/e,n/e,n/e,n/e,n/e,n/e,n/e,114,,n/e,n/e,n/e,n/e,n/e,n/e,0,,n/e,n/e,0,,n/e,n/e,n/e,n/e,4,
04:00 - 05:00,68,,n/e,n/e,n/e,n/e,538,,n/e,n/e,n/e,n/e,n/e,n/e,n/e,n/e,n/e,n/e,n/e,n/e,339,,n/e,n/e,n/e,n/e,n/e,n/e,0,,n/e,n/e,0,,n/e,n/e,n/e,n/e,4,
05:00 - 06:00,71,,n/e,n/e,n/e,n/e,538,,n/e,n/e,n/e,n/e,n/e,n/e,n/e,n/e,n/e,n/e,n/e,n/e,437,,n/e,n/e,n/e,n/e,n/e,n/e,0,,n/e,n/e,0,,n/e,n/e,n/e,n/e,2,
06:00 - 07:00,75,,n/e,n/e,n/e,n/e,538,,n/e,n/e,n/e,n/e,n/e,n/e,n/e,n/e,n/e,n/e,n/e,n/e,454,,n/e,n/e,n/e,n/e,n/e,n/e,0,,n/e,n/e,1,,n/e,n/e,n/e,n/e,10,
07:00 - 08:00,75,,n/e,n/e,n/e,n/e,539,,n/e,n/e,n/e,n/e,n/e,n/e,n/e,n/e,n/e,n/e,n/e,n/e,474,,n/e,n/e,n/e,n/e,n/e,n/e,0,,n/e,n/e,9,,n/e,n/e,n/e,n/e,16,
08:00 - 09:00,72,,n/e,n/e,n/e,n/e,538,,n/e,n/e,n/e,n/e,n/e,n/e,n/e,n/e,n/e,n/e,n/e,n/e,325,,n/e,n/e,n/e,n/e,n/e,n/e,0,,n/e,n/e,29,,n/e,n/e,n/e,n/e,22,
09:00 - 10:00,70,,n/e,n/e,n/e,n/e,539,,n/e,n/e,n/e,n/e,n/e,n/e,n/e,n/e,n/e,n/e,n/e,n/e,332,,n/e,n/e,n/e,n/e,n/e,n/e,0,,n/e,n/e,42,,n/e,n/e,n/e,n/e,24,
10:00 - 11:00,68,,n/e,n/e,n/e,n/e,538,,n/e,n/e,n/e,n/e,n/e,n/e,n/e,n/e,n/e,n/e,n/e,n/e,259,,n/e,n/e,n/e,n/e,n/e,n/e,0,,n/e,n/e,39,,n/e,n/e,n/e,n/e,32,
11:00 - 12:00,65,,n/e,n/e,n/e,n/e,529,,n/e,n/e,n/e,n/e,n/e,n/e,n/e,n/e,n/e,n/e,n/e,n/e,223,,n/e,n/e,n/e,n/e,n/e,n/e,0,,n/e,n/e,28,,n/e,n/e,n/e,n/e,34,
12:00 - 13:00,62,,n/e,n/e,n/e,n/e,455,,n/e,n/e,n/e,n/e,n/e,n/e,n/e,n/e,n/e,n/e,n/e,n/e,313,,n/e,n/e,n/e,n/e,n/e,n/e,0,,n/e,n/e,10,,n/e,n/e,n/e,n/e,29,
13:00 - 14:00,63,,n/e,n/e,n/e,n/e,447,,n/e,n/e,n/e,n/e,n/e,n/e,n/e,n/e,n/e,n/e,n/e,n/e,295,,n/e,n/e,n/e,n/e,n/e,n/e,0,,n/e,n/e,1,,n/e,n/e,n/e,n/e,39,
14:00 - 15:00,62,,n/e,n/e,n/e,n/e,343,,n/e,n/e,n/e,n/e,n/e,n/e,n/e,n/e,n/e,n/e,n/e,n/e,217,,n/e,n/e,n/e,n/e,n/e,n/e,0,,n/e,n/e,0,,n/e,n/e,n/e,n/e,43,
15:00 - 16:00,62,,n/e,n/e,n/e,n/e,279,,n/e,n/e,n/e,n/e,n/e,n/e,n/e,n/e,n/e,n/e,n/e,n/e,183,,n/e,n/e,n/e,n/e,n/e,n/e,0,,n/e,n/e,0,,n/e,n/e,n/e,n/e,49,
16:00 - 17:00,58,,n/e,n/e,n/e,n/e,158,,n/e,n/e,n/e,n/e,n/e,n/e,n/e,n/e,n/e,n/e,n/e,n/e,202,,n/e,n/e,n/e,n/e,n/e,n/e,0,,n/e,n/e,0,,n/e,n/e,n/e,n/e,59,
17:00 - 18:00,56,,n/e,n/e,n/e,n/e,95,,n/e,n/e,n/e,n/e,n/e,n/e,n/e,n/e,n/e,n/e,n/e,n/e,200,,n/e,n/e,n/e,n/e,n/e,n/e,0,,n/e,n/e,0,,n/e,n/e,n/e,n/e,67,
18:00 - 19:00,55,,n/e,n/e,n/e,n/e,42,,n/e,n/e,n/e,n/e,n/e,n/e,n/e,n/e,n/e,n/e,n/e,n/e,253,,n/e,n/e,n/e,n/e,n/e,n/e,0,,n/e,n/e,0,,n/e,n/e,n/e,n/e,72,
19:00 - 20:00,47,,n/e,n/e,n/e,n/e,0,,n/e,n/e,n/e,n/e,n/e,n/e,n/e,n/e,n/e,n/e,n/e,n/e,217,,n/e,n/e,n/e,n/e,n/e,n/e,0,,n/e,n/e,0,,n/e,n/e,n/e,n/e,94,
20:00 - 21:00,43,,n/e,n/e,n/e,n/e,0,,n/e,n/e,n/e,n/e,n/e,n/e,n/e,n/e,n/e,n/e,n/e,n/e,216,,n/e,n/e,n/e,n/e,n/e,n/e,0,,n/e,n/e,0,,n/e,n/e,n/e,n/e,88,
21:00 - 22:00,43,,n/e,n/e,n/e,n/e,0,,n/e,n/e,n/e,n/e,n/e,n/e,n/e,n/e,n/e,n/e,n/e,n/e,214,,n/e,n/e,n/e,n/e,n/e,n/e,0,,n/e,n/e,0,,n/e,n/e,n/e,n/e,97,
22:00 - 23:00,43,,n/e,n/e,n/e,n/e,0,,n/e,n/e,n/e,n/e,n/e,n/e,n/e,n/e,n/e,n/e,n/e,n/e,161,,n/e,n/e,n/e,n/e,n/e,n/e,0,,n/e,n/e,0,,n/e,n/e,n/e,n/e,102,
23:00 - 00:00,40,,n/e,n/e,n/e,n/e,0,,n/e,n/e,n/e,n/e,n/e,n/e,n/e,n/e,n/e,n/e,n/e,n/e,9,,n/e,n/e,n/e,n/e,n/e,n/e,0,,n/e,n/e,0,,n/e,n/e,n/e,n/e,104,
00:00 - 01:00,39,,n/e,n/e,n/e,n/e,0,,n/e,n/e,n/e,n/e,n/e,n/e,n/e,n/e,n/e,n/e,n/e,n/e,12,,n/e,n/e,n/e,n/e,n/e,n/e,0,,n/e,n/e,0,,n/e,n/e,n/e,n/e,109,
01:00 - 02:00,40,,n/e,n/e,n/e,n/e,0,,n/e,n/e,n/e,n/e,n/e,n/e,n/e,n/e,n/e,n/e,n/e,n/e,8,,n/e,n/e,n/e,n/e,n/e,n/e,0,,n/e,n/e,0,,n/e,n/e,n/e,n/e,112,
02:00 - 03:00,42,,n/e,n/e,n/e,n/e,0,,n/e,n/e,n/e,n/e,n/e,n/e,n/e,n/e,n/e,n/e,n/e,n/e,4,,n/e,n/e,n/e,n/e,n/e,n/e,0,,n/e,n/e,0,,n/e,n/e,n/e,n/e,113,
03:00 - 04:00,43,,n/e,n/e,n/e,n/e,0,,n/e,n/e,n/e,n/e,n/e,n/e,n/e,n/e,n/e,n/e,n/e,n/e,22,,n/e,n/e,n/e,n/e,n/e,n/e,0,,n/e,n/e,0,,n/e,n/e,n/e,n/e,55,
04:00 - 05:00,39,,n/e,n/e,n/e,n/e,0,,n/e,n/e,n/e,n/e,n/e,n/e,n/e,n/e,n/e,n/e,n/e,n/e,9,,n/e,n/e,n/e,n/e,n/e,n/e,0,,n/e,n/e,0,,n/e,n/e,n/e,n/e,103,
05:00 - 06:00,40,,n/e,n/e,n/e,n/e,0,,n/e,n/e,n/e,n/e,n/e,n/e,n/e,n/e,n/e,n/e,n/e,n/e,12,,n/e,n/e,n/e,n/e,n/e,n/e,0,,n/e,n/e,0,,n/e,n/e,n/e,n/e,107,
06:00 - 07:00,50,,n/e,n/e,n/e,n/e,0,,n/e,n/e,n/e,n/e,n/e,n/e,n/e,n/e,n/e,n/e,n/e,n/e,156,,n/e,n/e,n/e,n/e,n/e,n/e,0,,n/e,n/e,1,,n/e,n/e,n/e,n/e,113,
07:00 - 08:00,52,,n/e,n/e,n/e,n/e,0,,n/e,n/e,n/e,n/e,n/e,n/e,n/e,n/e,n/e,n/e,n/e,n/e,279,,n/e,n/e,n/e,n/e,n/e,n/e,0,,n/e,n/e,3,,n/e,n/e,n/e,n/e,113,
08:00 - 09:00,54,,n/e,n/e,n/e,n/e,0,,n/e,n/e,n/e,n/e,n/e,n/e,n/e,n/e,n/e,n/e,n/e,n/e,255,,n/e,n/e,n/e,n/e,n/e,n/e,0,,n/e,n/e,12,,n/e,n/e,n/e,n/e,110,
09:00 - 10:00,53,,n/e,n/e,n/e,n/e,0,,n/e,n/e,n/e,n/e,n/e,n/e,n/e,n/e,n/e,n/e,n/e,n/e,262,,n/e,n/e,n/e,n/e,n/e,n/e,0,,n/e,n/e,17,,n/e,n/e,n/e,n/e,100,
10:00 - 11:00,52,,n/e,n/e,n/e,n/e,0,,n/e,n/e,n/e,n/e,n/e,n/e,n/e,n/e,n/e,n/e,n/e,n/e,263,,n/e,n/e,n/e,n/e,n/e,n/e,0,,n/e,n/e,19,,n/e,n/e,n/e,n/e,95,
11:00 - 12:00,49,,n/e,n/e,n/e,n/e,0,,n/e,n/e,n/e,n/e,n/e,n/e,n/e,n/e,n/e,n/e,n/e,n/e,255,,n/e,n/e,n/e,n/e,n/e,n/e,0,,n/e,n/e,13,,n/e,n/e,n/e,n/e,100,
12:00 - 13:00,49,,n/e,n/e,n/e,n/e,0,,n/e,n/e,n/e,n/e,n/e,n/e,n/e,n/e,n/e,n/e,n/e,n/e,261,,n/e,n/e,n/e,n/e,n/e,n/e,0,,n/e,n/e,5,,n/e,n/e,n/e,n/e,112,
13:00 - 14:00,50,,n/e,n/e,n/e,n/e,0,,n/e,n/e,n/e,n/e,n/e,n/e,n/e,n/e,n/e,n/e,n/e,n/e,311,,n/e,n/e,n/e,n/e,n/e,n/e,0,,n/e,n/e,1,,n/e,n/e,n/e,n/e,87,
14:00 - 15:00,51,,n/e,n/e,n/e,n/e,0,,n/e,n/e,n/e,n/e,n/e,n/e,n/e,n/e,n/e,n/e,n/e,n/e,462,,n/e,n/e,n/e,n/e,n/e,n/e,0,,n/e,n/e,1,,n/e,n/e,n/e,n/e,102,
15:00 - 16:00,54,,n/e,n/e,n/e,n/e,0,,n/e,n/e,n/e,n/e,n/e,n/e,n/e,n/e,n/e,n/e,n/e,n/e,348,,n/e,n/e,n/e,n/e,n/e,n/e,0,,n/e,n/e,1,,n/e,n/e,n/e,n/e,115,
16:00 - 17:00,54,,n/e,n/e,n/e,n/e,0,,n/e,n/e,n/e,n/e,n/e,n/e,n/e,n/e,n/e,n/e,n/e,n/e,258,,n/e,n/e,n/e,n/e,n/e,n/e,0,,n/e,n/e,1,,n/e,n/e,n/e,n/e,118,
17:00 - 18:00,48,,n/e,n/e,n/e,n/e,0,,n/e,n/e,n/e,n/e,n/e,n/e,n/e,n/e,n/e,n/e,n/e,n/e,285,,n/e,n/e,n/e,n/e,n/e,n/e,0,,n/e,n/e,1,,n/e,n/e,n/e,n/e,114,
18:00 - 19:00,46,,n/e,n/e,n/e,n/e,0,,n/e,n/e,n/e,n/e,n/e,n/e,n/e,n/e,n/e,n/e,n/e,n/e,199,,n/e,n/e,n/e,n/e,n/e,n/e,0,,n/e,n/e,1,,n/e,n/e,n/e,n/e,109,
19:00 - 20:00,45,,n/e,n/e,n/e,n/e,0,,n/e,n/e,n/e,n/e,n/e,n/e,n/e,n/e,n/e,n/e,n/e,n/e,115,,n/e,n/e,n/e,n/e,n/e,n/e,0,,n/e,n/e,1,,n/e,n/e,n/e,n/e,113,
20:00 - 21:00,42,,n/e,n/e,n/e,n/e,0,,n/e,n/e,n/e,n/e,n/e,n/e,n/e,n/e,n/e,n/e,n/e,n/e,52,,n/e,n/e,n/e,n/e,n/e,n/e,0,,n/e,n/e,1,,n/e,n/e,n/e,n/e,114,
21:00 - 22:00,43,,n/e,n/e,n/e,n/e,0,,n/e,n/e,n/e,n/e,n/e,n/e,n/e,n/e,n/e,n/e,n/e,n/e,39,,n/e,n/e,n/e,n/e,n/e,n/e,0,,n/e,n/e,1,,n/e,n/e,n/e,n/e,107,
22:00 - 23:00,42,,n/e,n/e,n/e,n/e,0,,n/e,n/e,n/e,n/e,n/e,n/e,n/e,n/e,n/e,n/e,n/e,n/e,24,,n/e,n/e,n/e,n/e,n/e,n/e,0,,n/e,n/e,1,,n/e,n/e,n/e,n/e,71,
23:00 - 00:00,40,,n/e,n/e,n/e,n/e,0,,n/e,n/e,n/e,n/e,n/e,n/e,n/e,n/e,n/e,n/e,n/e,n/e,21,,n/e,n/e,n/e,n/e,n/e,n/e,0,,n/e,n/e,1,,n/e,n/e,n/e,n/e,59,
00:00 - 01:00,41,,n/e,n/e,n/e,n/e,0,,n/e,n/e,n/e,n/e,n/e,n/e,n/e,n/e,n/e,n/e,n/e,n/e,8,,n/e,n/e,n/e,n/e,n/e,n/e,0,,n/e,n/e,0,,n/e,n/e,n/e,n/e,49,
01:00 - 02:00,42,,n/e,n/e,n/e,n/e,0,,n/e,n/e,n/e,n/e,n/e,n/e,n/e,n/e,n/e,n/e,n/e,n/e,8,,n/e,n/e,n/e,n/e,n/e,n/e,0,,n/e,n/e,0,,n/e,n/e,n/e,n/e,63,
02:00 - 03:00,45,,n/e,n/e,n/e,n/e,0,,n/e,n/e,n/e,n/e,n/e,n/e,n/e,n/e,n/e,n/e,n/e,n/e,8,,n/e,n/e,n/e,n/e,n/e,n/e,0,,n/e,n/e,1,,n/e,n/e,n/e,n/e,66,
03:00 - 04:00,47,,n/e,n/e,n/e,n/e,0,,n/e,n/e,n/e,n/e,n/e,n/e,n/e,n/e,n/e,n/e,n/e,n/e,9,,n/e,n/e,n/e,n/e,n/e,n/e,0,,n/e,n/e,0,,n/e,n/e,n/e,n/e,82,
04:00 - 05:00,46,,n/e,n/e,n/e,n/e,0,,n/e,n/e,n/e,n/e,n/e,n/e,n/e,n/e,n/e,n/e,n/e,n/e,27,,n/e,n/e,n/e,n/e,n/e,n/e,0,,n/e,n/e,1,,n/e,n/e,n/e,n/e,88,
05:00 - 06:00,53,,n/e,n/e,n/e,n/e,1,,n/e,n/e,n/e,n/e,n/e,n/e,n/e,n/e,n/e,n/e,n/e,n/e,69,,n/e,n/e,n/e,n/e,n/e,n/e,0,,n/e,n/e,1,,n/e,n/e,n/e,n/e,80,
06:00 - 07:00,56,,n/e,n/e,n/e,n/e,2,,n/e,n/e,n/e,n/e,n/e,n/e,n/e,n/e,n/e,n/e,n/e,n/e,161,,n/e,n/e,n/e,n/e,n/e,n/e,0,,n/e,n/e,1,,n/e,n/e,n/e,n/e,89,
07:00 - 08:00,59,,n/e,n/e,n/e,n/e,2,,n/e,n/e,n/e,n/e,n/e,n/e,n/e,n/e,n/e,n/e,n/e,n/e,192,,n/e,n/e,n/e,n/e,n/e,n/e,0,,n/e,n/e,4,,n/e,n/e,n/e,n/e,69,
08:00 - 09:00,59,,n/e,n/e,n/e,n/e,3,,n/e,n/e,n/e,n/e,n/e,n/e,n/e,n/e,n/e,n/e,n/e,n/e,190,,n/e,n/e,n/e,n/e,n/e,n/e,0,,n/e,n/e,21,,n/e,n/e,n/e,n/e,72,
09:00 - 10:00,57,,n/e,n/e,n/e,n/e,7,,n/e,n/e,n/e,n/e,n/e,n/e,n/e,n/e,n/e,n/e,n/e,n/e,151,,n/e,n/e,n/e,n/e,n/e,n/e,0,,n/e,n/e,31,,n/e,n/e,n/e,n/e,86,
10:00 - 11:00,54,,n/e,n/e,n/e,n/e,7,,n/e,n/e,n/e,n/e,n/e,n/e,n/e,n/e,n/e,n/e,n/e,n/e,172,,n/e,n/e,n/e,n/e,n/e,n/e,0,,n/e,n/e,24,,n/e,n/e,n/e,n/e,86,
11:00 - 12:00,53,,n/e,n/e,n/e,n/e,7,,n/e,n/e,n/e,n/e,n/e,n/e,n/e,n/e,n/e,n/e,n/e,n/e,273,,n/e,n/e,n/e,n/e,n/e,n/e,0,,n/e,n/e,20,,n/e,n/e,n/e,n/e,102,
12:00 - 13:00,53,,n/e,n/e,n/e,n/e,7,,n/e,n/e,n/e,n/e,n/e,n/e,n/e,n/e,n/e,n/e,n/e,n/e,307,,n/e,n/e,n/e,n/e,n/e,n/e,0,,n/e,n/e,11,,n/e,n/e,n/e,n/e,98,
13:00 - 14:00,57,,n/e,n/e,n/e,n/e,9,,n/e,n/e,n/e,n/e,n/e,n/e,n/e,n/e,n/e,n/e,n/e,n/e,300,,n/e,n/e,n/e,n/e,n/e,n/e,0,,n/e,n/e,3,,n/e,n/e,n/e,n/e,103,
14:00 - 15:00,60,,n/e,n/e,n/e,n/e,9,,n/e,n/e,n/e,n/e,n/e,n/e,n/e,n/e,n/e,n/e,n/e,n/e,324,,n/e,n/e,n/e,n/e,n/e,n/e,0,,n/e,n/e,1,,n/e,n/e,n/e,n/e,91,
15:00 - 16:00,60,,n/e,n/e,n/e,n/e,9,,n/e,n/e,n/e,n/e,n/e,n/e,n/e,n/e,n/e,n/e,n/e,n/e,333,,n/e,n/e,n/e,n/e,n/e,n/e,0,,n/e,n/e,0,,n/e,n/e,n/e,n/e,77,
16:00 - 17:00,58,,n/e,n/e,n/e,n/e,9,,n/e,n/e,n/e,n/e,n/e,n/e,n/e,n/e,n/e,n/e,n/e,n/e,365,,n/e,n/e,n/e,n/e,n/e,n/e,0,,n/e,n/e,0,,n/e,n/e,n/e,n/e,84,
17:00 - 18:00,59,,n/e,n/e,n/e,n/e,8,,n/e,n/e,n/e,n/e,n/e,n/e,n/e,n/e,n/e,n/e,n/e,n/e,180,,n/e,n/e,n/e,n/e,n/e,n/e,0,,n/e,n/e,0,,n/e,n/e,n/e,n/e,89,
18:00 - 19:00,55,,n/e,n/e,n/e,n/e,7,,n/e,n/e,n/e,n/e,n/e,n/e,n/e,n/e,n/e,n/e,n/e,n/e,169,,n/e,n/e,n/e,n/e,n/e,n/e,0,,n/e,n/e,0,,n/e,n/e,n/e,n/e,96,
19:00 - 20:00,52,,n/e,n/e,n/e,n/e,7,,n/e,n/e,n/e,n/e,n/e,n/e,n/e,n/e,n/e,n/e,n/e,n/e,131,,n/e,n/e,n/e,n/e,n/e,n/e,0,,n/e,n/e,0,,n/e,n/e,n/e,n/e,100,
20:00 - 21:00,52,,n/e,n/e,n/e,n/e,6,,n/e,n/e,n/e,n/e,n/e,n/e,n/e,n/e,n/e,n/e,n/e,n/e,51,,n/e,n/e,n/e,n/e,n/e,n/e,0,,n/e,n/e,0,,n/e,n/e,n/e,n/e,65,
21:00 - 22:00,52,,n/e,n/e,n/e,n/e,0,,n/e,n/e,n/e,n/e,n/e,n/e,n/e,n/e,n/e,n/e,n/e,n/e,61,,n/e,n/e,n/e,n/e,n/e,n/e,0,,n/e,n/e,0,,n/e,n/e,n/e,n/e,65,
22:00 - 23:00,52,,n/e,n/e,n/e,n/e,0,,n/e,n/e,n/e,n/e,n/e,n/e,n/e,n/e,n/e,n/e,n/e,n/e,31,,n/e,n/e,n/e,n/e,n/e,n/e,0,,n/e,n/e,0,,n/e,n/e,n/e,n/e,72,
23:00 - 00:00,50,,n/e,n/e,n/e,n/e,0,,n/e,n/e,n/e,n/e,n/e,n/e,n/e,n/e,n/e,n/e,n/e,n/e,12,,n/e,n/e,n/e,n/e,n/e,n/e,0,,n/e,n/e,0,,n/e,n/e,n/e,n/e,74,
00:00 - 01:00,52,,n/e,n/e,n/e,n/e,0,,n/e,n/e,n/e,n/e,n/e,n/e,n/e,n/e,n/e,n/e,n/e,n/e,12,,n/e,n/e,n/e,n/e,n/e,n/e,0,,n/e,n/e,0,,n/e,n/e,n/e,n/e,68,
01:00 - 02:00,50,,n/e,n/e,n/e,n/e,0,,n/e,n/e,n/e,n/e,n/e,n/e,n/e,n/e,n/e,n/e,n/e,n/e,12,,n/e,n/e,n/e,n/e,n/e,n/e,0,,n/e,n/e,0,,n/e,n/e,n/e,n/e,51,
02:00 - 03:00,50,,n/e,n/e,n/e,n/e,0,,n/e,n/e,n/e,n/e,n/e,n/e,n/e,n/e,n/e,n/e,n/e,n/e,12,,n/e,n/e,n/e,n/e,n/e,n/e,0,,n/e,n/e,0,,n/e,n/e,n/e,n/e,43,
03:00 - 04:00,51,,n/e,n/e,n/e,n/e,0,,n/e,n/e,n/e,n/e,n/e,n/e,n/e,n/e,n/e,n/e,n/e,n/e,16,,n/e,n/e,n/e,n/e,n/e,n/e,0,,n/e,n/e,0,,n/e,n/e,n/e,n/e,45,
04:00 - 05:00,51,,n/e,n/e,n/e,n/e,0,,n/e,n/e,n/e,n/e,n/e,n/e,n/e,n/e,n/e,n/e,n/e,n/e,23,,n/e,n/e,n/e,n/e,n/e,n/e,0,,n/e,n/e,0,,n/e,n/e,n/e,n/e,50,
05:00 - 06:00,50,,n/e,n/e,n/e,n/e,0,,n/e,n/e,n/e,n/e,n/e,n/e,n/e,n/e,n/e,n/e,n/e,n/e,122,,n/e,n/e,n/e,n/e,n/e,n/e,0,,n/e,n/e,0,,n/e,n/e,n/e,n/e,53,
06:00 - 07:00,56,,n/e,n/e,n/e,n/e,0,,n/e,n/e,n/e,n/e,n/e,n/e,n/e,n/e,n/e,n/e,n/e,n/e,121,,n/e,n/e,n/e,n/e,n/e,n/e,0,,n/e,n/e,1,,n/e,n/e,n/e,n/e,52,
07:00 - 08:00,58,,n/e,n/e,n/e,n/e,0,,n/e,n/e,n/e,n/e,n/e,n/e,n/e,n/e,n/e,n/e,n/e,n/e,153,,n/e,n/e,n/e,n/e,n/e,n/e,0,,n/e,n/e,10,,n/e,n/e,n/e,n/e,58,
08:00 - 09:00,58,,n/e,n/e,n/e,n/e,0,,n/e,n/e,n/e,n/e,n/e,n/e,n/e,n/e,n/e,n/e,n/e,n/e,152,,n/e,n/e,n/e,n/e,n/e,n/e,0,,n/e,n/e,36,,n/e,n/e,n/e,n/e,78,
09:00 - 10:00,54,,n/e,n/e,n/e,n/e,0,,n/e,n/e,n/e,n/e,n/e,n/e,n/e,n/e,n/e,n/e,n/e,n/e,151,,n/e,n/e,n/e,n/e,n/e,n/e,0,,n/e,n/e,49,,n/e,n/e,n/e,n/e,87,
10:00 - 11:00,54,,n/e,n/e,n/e,n/e,0,,n/e,n/e,n/e,n/e,n/e,n/e,n/e,n/e,n/e,n/e,n/e,n/e,151,,n/e,n/e,n/e,n/e,n/e,n/e,0,,n/e,n/e,46,,n/e,n/e,n/e,n/e,92,
11:00 - 12:00,53,,n/e,n/e,n/e,n/e,0,,n/e,n/e,n/e,n/e,n/e,n/e,n/e,n/e,n/e,n/e,n/e,n/e,155,,n/e,n/e,n/e,n/e,n/e,n/e,0,,n/e,n/e,22,,n/e,n/e,n/e,n/e,99,
12:00 - 13:00,53,,n/e,n/e,n/e,n/e,0,,n/e,n/e,n/e,n/e,n/e,n/e,n/e,n/e,n/e,n/e,n/e,n/e,196,,n/e,n/e,n/e,n/e,n/e,n/e,0,,n/e,n/e,7,,n/e,n/e,n/e,n/e,113,
13:00 - 14:00,53,,n/e,n/e,n/e,n/e,0,,n/e,n/e,n/e,n/e,n/e,n/e,n/e,n/e,n/e,n/e,n/e,n/e,395,,n/e,n/e,n/e,n/e,n/e,n/e,0,,n/e,n/e,1,,n/e,n/e,n/e,n/e,117,
14:00 - 15:00,56,,n/e,n/e,n/e,n/e,2,,n/e,n/e,n/e,n/e,n/e,n/e,n/e,n/e,n/e,n/e,n/e,n/e,557,,n/e,n/e,n/e,n/e,n/e,n/e,0,,n/e,n/e,1,,n/e,n/e,n/e,n/e,110,
15:00 - 16:00,58,,n/e,n/e,n/e,n/e,2,,n/e,n/e,n/e,n/e,n/e,n/e,n/e,n/e,n/e,n/e,n/e,n/e,583,,n/e,n/e,n/e,n/e,n/e,n/e,0,,n/e,n/e,1,,n/e,n/e,n/e,n/e,105,
16:00 - 17:00,57,,n/e,n/e,n/e,n/e,2,,n/e,n/e,n/e,n/e,n/e,n/e,n/e,n/e,n/e,n/e,n/e,n/e,631,,n/e,n/e,n/e,n/e,n/e,n/e,0,,n/e,n/e,1,,n/e,n/e,n/e,n/e,102,
17:00 - 18:00,58,,n/e,n/e,n/e,n/e,2,,n/e,n/e,n/e,n/e,n/e,n/e,n/e,n/e,n/e,n/e,n/e,n/e,560,,n/e,n/e,n/e,n/e,n/e,n/e,0,,n/e,n/e,1,,n/e,n/e,n/e,n/e,90,
18:00 - 19:00,56,,n/e,n/e,n/e,n/e,2,,n/e,n/e,n/e,n/e,n/e,n/e,n/e,n/e,n/e,n/e,n/e,n/e,377,,n/e,n/e,n/e,n/e,n/e,n/e,0,,n/e,n/e,1,,n/e,n/e,n/e,n/e,81,
19:00 - 20:00,51,,n/e,n/e,n/e,n/e,0,,n/e,n/e,n/e,n/e,n/e,n/e,n/e,n/e,n/e,n/e,n/e,n/e,214,,n/e,n/e,n/e,n/e,n/e,n/e,0,,n/e,n/e,1,,n/e,n/e,n/e,n/e,79,
20:00 - 21:00,52,,n/e,n/e,n/e,n/e,0,,n/e,n/e,n/e,n/e,n/e,n/e,n/e,n/e,n/e,n/e,n/e,n/e,223,,n/e,n/e,n/e,n/e,n/e,n/e,0,,n/e,n/e,1,,n/e,n/e,n/e,n/e,79,
21:00 - 22:00,52,,n/e,n/e,n/e,n/e,0,,n/e,n/e,n/e,n/e,n/e,n/e,n/e,n/e,n/e,n/e,n/e,n/e,126,,n/e,n/e,n/e,n/e,n/e,n/e,0,,n/e,n/e,1,,n/e,n/e,n/e,n/e,96,
22:00 - 23:00,49,,n/e,n/e,n/e,n/e,0,,n/e,n/e,n/e,n/e,n/e,n/e,n/e,n/e,n/e,n/e,n/e,n/e,12,,n/e,n/e,n/e,n/e,n/e,n/e,0,,n/e,n/e,1,,n/e,n/e,n/e,n/e,87,
23:00 - 00:00,44,,n/e,n/e,n/e,n/e,0,,n/e,n/e,n/e,n/e,n/e,n/e,n/e,n/e,n/e,n/e,n/e,n/e,9,,n/e,n/e,n/e,n/e,n/e,n/e,0,,n/e,n/e,0,,n/e,n/e,n/e,n/e,89,
00:00 - 01:00,43,,n/e,n/e,n/e,n/e,0,,n/e,n/e,n/e,n/e,n/e,n/e,n/e,n/e,n/e,n/e,n/e,n/e,9,,n/e,n/e,n/e,n/e,n/e,n/e,0,,n/e,n/e,0,,n/e,n/e,n/e,n/e,88,
01:00 - 02:00,41,,n/e,n/e,n/e,n/e,0,,n/e,n/e,n/e,n/e,n/e,n/e,n/e,n/e,n/e,n/e,n/e,n/e,9,,n/e,n/e,n/e,n/e,n/e,n/e,0,,n/e,n/e,0,,n/e,n/e,n/e,n/e,86,
02:00 - 03:00,41,,n/e,n/e,n/e,n/e,0,,n/e,n/e,n/e,n/e,n/e,n/e,n/e,n/e,n/e,n/e,n/e,n/e,9,,n/e,n/e,n/e,n/e,n/e,n/e,0,,n/e,n/e,0,,n/e,n/e,n/e,n/e,83,
03:00 - 04:00,41,,n/e,n/e,n/e,n/e,0,,n/e,n/e,n/e,n/e,n/e,n/e,n/e,n/e,n/e,n/e,n/e,n/e,10,,n/e,n/e,n/e,n/e,n/e,n/e,0,,n/e,n/e,0,,n/e,n/e,n/e,n/e,85,
04:00 - 05:00,39,,n/e,n/e,n/e,n/e,0,,n/e,n/e,n/e,n/e,n/e,n/e,n/e,n/e,n/e,n/e,n/e,n/e,10,,n/e,n/e,n/e,n/e,n/e,n/e,0,,n/e,n/e,0,,n/e,n/e,n/e,n/e,87,
05:00 - 06:00,39,,n/e,n/e,n/e,n/e,0,,n/e,n/e,n/e,n/e,n/e,n/e,n/e,n/e,n/e,n/e,n/e,n/e,12,,n/e,n/e,n/e,n/e,n/e,n/e,0,,n/e,n/e,0,,n/e,n/e,n/e,n/e,87,
06:00 - 07:00,38,,n/e,n/e,n/e,n/e,0,,n/e,n/e,n/e,n/e,n/e,n/e,n/e,n/e,n/e,n/e,n/e,n/e,193,,n/e,n/e,n/e,n/e,n/e,n/e,0,,n/e,n/e,0,,n/e,n/e,n/e,n/e,84,
07:00 - 08:00,39,,n/e,n/e,n/e,n/e,0,,n/e,n/e,n/e,n/e,n/e,n/e,n/e,n/e,n/e,n/e,n/e,n/e,211,,n/e,n/e,n/e,n/e,n/e,n/e,0,,n/e,n/e,1,,n/e,n/e,n/e,n/e,82,
08:00 - 09:00,40,,n/e,n/e,n/e,n/e,0,,n/e,n/e,n/e,n/e,n/e,n/e,n/e,n/e,n/e,n/e,n/e,n/e,209,,n/e,n/e,n/e,n/e,n/e,n/e,0,,n/e,n/e,4,,n/e,n/e,n/e,n/e,96,
09:00 - 10:00,41,,n/e,n/e,n/e,n/e,0,,n/e,n/e,n/e,n/e,n/e,n/e,n/e,n/e,n/e,n/e,n/e,n/e,177,,n/e,n/e,n/e,n/e,n/e,n/e,0,,n/e,n/e,8,,n/e,n/e,n/e,n/e,82,
10:00 - 11:00,45,,n/e,n/e,n/e,n/e,0,,n/e,n/e,n/e,n/e,n/e,n/e,n/e,n/e,n/e,n/e,n/e,n/e,177,,n/e,n/e,n/e,n/e,n/e,n/e,0,,n/e,n/e,10,,n/e,n/e,n/e,n/e,66,
11:00 - 12:00,46,,n/e,n/e,n/e,n/e,0,,n/e,n/e,n/e,n/e,n/e,n/e,n/e,n/e,n/e,n/e,n/e,n/e,199,,n/e,n/e,n/e,n/e,n/e,n/e,0,,n/e,n/e,8,,n/e,n/e,n/e,n/e,64,
12:00 - 13:00,47,,n/e,n/e,n/e,n/e,0,,n/e,n/e,n/e,n/e,n/e,n/e,n/e,n/e,n/e,n/e,n/e,n/e,209,,n/e,n/e,n/e,n/e,n/e,n/e,0,,n/e,n/e,4,,n/e,n/e,n/e,n/e,81,
13:00 - 14:00,48,,n/e,n/e,n/e,n/e,0,,n/e,n/e,n/e,n/e,n/e,n/e,n/e,n/e,n/e,n/e,n/e,n/e,213,,n/e,n/e,n/e,n/e,n/e,n/e,0,,n/e,n/e,1,,n/e,n/e,n/e,n/e,73,
14:00 - 15:00,51,,n/e,n/e,n/e,n/e,0,,n/e,n/e,n/e,n/e,n/e,n/e,n/e,n/e,n/e,n/e,n/e,n/e,226,,n/e,n/e,n/e,n/e,n/e,n/e,0,,n/e,n/e,0,,n/e,n/e,n/e,n/e,68,
15:00 - 16:00,53,,n/e,n/e,n/e,n/e,0,,n/e,n/e,n/e,n/e,n/e,n/e,n/e,n/e,n/e,n/e,n/e,n/e,438,,n/e,n/e,n/e,n/e,n/e,n/e,0,,n/e,n/e,0,,n/e,n/e,n/e,n/e,57,
16:00 - 17:00,53,,n/e,n/e,n/e,n/e,0,,n/e,n/e,n/e,n/e,n/e,n/e,n/e,n/e,n/e,n/e,n/e,n/e,475,,n/e,n/e,n/e,n/e,n/e,n/e,0,,n/e,n/e,0,,n/e,n/e,n/e,n/e,42,
17:00 - 18:00,53,,n/e,n/e,n/e,n/e,0,,n/e,n/e,n/e,n/e,n/e,n/e,n/e,n/e,n/e,n/e,n/e,n/e,579,,n/e,n/e,n/e,n/e,n/e,n/e,0,,n/e,n/e,0,,n/e,n/e,n/e,n/e,26,
18:00 - 19:00,53,,n/e,n/e,n/e,n/e,0,,n/e,n/e,n/e,n/e,n/e,n/e,n/e,n/e,n/e,n/e,n/e,n/e,475,,n/e,n/e,n/e,n/e,n/e,n/e,0,,n/e,n/e,0,,n/e,n/e,n/e,n/e,31,
19:00 - 20:00,51,,n/e,n/e,n/e,n/e,0,,n/e,n/e,n/e,n/e,n/e,n/e,n/e,n/e,n/e,n/e,n/e,n/e,360,,n/e,n/e,n/e,n/e,n/e,n/e,0,,n/e,n/e,0,,n/e,n/e,n/e,n/e,20,
20:00 - 21:00,49,,n/e,n/e,n/e,n/e,0,,n/e,n/e,n/e,n/e,n/e,n/e,n/e,n/e,n/e,n/e,n/e,n/e,220,,n/e,n/e,n/e,n/e,n/e,n/e,0,,n/e,n/e,0,,n/e,n/e,n/e,n/e,22,
21:00 - 22:00,48,,n/e,n/e,n/e,n/e,0,,n/e,n/e,n/e,n/e,n/e,n/e,n/e,n/e,n/e,n/e,n/e,n/e,222,,n/e,n/e,n/e,n/e,n/e,n/e,0,,n/e,n/e,0,,n/e,n/e,n/e,n/e,17,
22:00 - 23:00,48,,n/e,n/e,n/e,n/e,0,,n/e,n/e,n/e,n/e,n/e,n/e,n/e,n/e,n/e,n/e,n/e,n/e,192,,n/e,n/e,n/e,n/e,n/e,n/e,0,,n/e,n/e,0,,n/e,n/e,n/e,n/e,22,
23:00 - 00:00,48,,n/e,n/e,n/e,n/e,0,,n/e,n/e,n/e,n/e,n/e,n/e,n/e,n/e,n/e,n/e,n/e,n/e,160,,n/e,n/e,n/e,n/e,n/e,n/e,0,,n/e,n/e,0,,n/e,n/e,n/e,n/e,23,
00:00 - 01:00,49,,n/e,n/e,n/e,n/e,0,,n/e,n/e,n/e,n/e,n/e,n/e,n/e,n/e,n/e,n/e,n/e,n/e,172,,n/e,n/e,n/e,n/e,n/e,n/e,0,,n/e,n/e,0,,n/e,n/e,n/e,n/e,24,
01:00 - 02:00,49,,n/e,n/e,n/e,n/e,0,,n/e,n/e,n/e,n/e,n/e,n/e,n/e,n/e,n/e,n/e,n/e,n/e,171,,n/e,n/e,n/e,n/e,n/e,n/e,0,,n/e,n/e,0,,n/e,n/e,n/e,n/e,22,
02:00 - 03:00,50,,n/e,n/e,n/e,n/e,0,,n/e,n/e,n/e,n/e,n/e,n/e,n/e,n/e,n/e,n/e,n/e,n/e,171,,n/e,n/e,n/e,n/e,n/e,n/e,0,,n/e,n/e,0,,n/e,n/e,n/e,n/e,20,
03:00 - 04:00,51,,n/e,n/e,n/e,n/e,0,,n/e,n/e,n/e,n/e,n/e,n/e,n/e,n/e,n/e,n/e,n/e,n/e,166,,n/e,n/e,n/e,n/e,n/e,n/e,0,,n/e,n/e,0,,n/e,n/e,n/e,n/e,14,
04:00 - 05:00,59,,n/e,n/e,n/e,n/e,2,,n/e,n/e,n/e,n/e,n/e,n/e,n/e,n/e,n/e,n/e,n/e,n/e,152,,n/e,n/e,n/e,n/e,n/e,n/e,0,,n/e,n/e,0,,n/e,n/e,n/e,n/e,13,
05:00 - 06:00,63,,n/e,n/e,n/e,n/e,14,,n/e,n/e,n/e,n/e,n/e,n/e,n/e,n/e,n/e,n/e,n/e,n/e,153,,n/e,n/e,n/e,n/e,n/e,n/e,0,,n/e,n/e,0,,n/e,n/e,n/e,n/e,13,
06:00 - 07:00,65,,n/e,n/e,n/e,n/e,41,,n/e,n/e,n/e,n/e,n/e,n/e,n/e,n/e,n/e,n/e,n/e,n/e,135,,n/e,n/e,n/e,n/e,n/e,n/e,0,,n/e,n/e,0,,n/e,n/e,n/e,n/e,10,
07:00 - 08:00,67,,n/e,n/e,n/e,n/e,63,,n/e,n/e,n/e,n/e,n/e,n/e,n/e,n/e,n/e,n/e,n/e,n/e,262,,n/e,n/e,n/e,n/e,n/e,n/e,0,,n/e,n/e,1,,n/e,n/e,n/e,n/e,10,
08:00 - 09:00,67,,n/e,n/e,n/e,n/e,90,,n/e,n/e,n/e,n/e,n/e,n/e,n/e,n/e,n/e,n/e,n/e,n/e,264,,n/e,n/e,n/e,n/e,n/e,n/e,0,,n/e,n/e,5,,n/e,n/e,n/e,n/e,5,
09:00 - 10:00,65,,n/e,n/e,n/e,n/e,139,,n/e,n/e,n/e,n/e,n/e,n/e,n/e,n/e,n/e,n/e,n/e,n/e,209,,n/e,n/e,n/e,n/e,n/e,n/e,0,,n/e,n/e,8,,n/e,n/e,n/e,n/e,5,
10:00 - 11:00,65,,n/e,n/e,n/e,n/e,149,,n/e,n/e,n/e,n/e,n/e,n/e,n/e,n/e,n/e,n/e,n/e,n/e,222,,n/e,n/e,n/e,n/e,n/e,n/e,0,,n/e,n/e,9,,n/e,n/e,n/e,n/e,4,
11:00 - 12:00,66,,n/e,n/e,n/e,n/e,149,,n/e,n/e,n/e,n/e,n/e,n/e,n/e,n/e,n/e,n/e,n/e,n/e,303,,n/e,n/e,n/e,n/e,n/e,n/e,0,,n/e,n/e,8,,n/e,n/e,n/e,n/e,4,
12:00 - 13:00,67,,n/e,n/e,n/e,n/e,149,,n/e,n/e,n/e,n/e,n/e,n/e,n/e,n/e,n/e,n/e,n/e,n/e,348,,n/e,n/e,n/e,n/e,n/e,n/e,0,,n/e,n/e,4,,n/e,n/e,n/e,n/e,4,
13:00 - 14:00,70,,n/e,n/e,n/e,n/e,151,,n/e,n/e,n/e,n/e,n/e,n/e,n/e,n/e,n/e,n/e,n/e,n/e,338,,n/e,n/e,n/e,n/e,n/e,n/e,0,,n/e,n/e,1,,n/e,n/e,n/e,n/e,1,
14:00 - 15:00,68,,n/e,n/e,n/e,n/e,150,,n/e,n/e,n/e,n/e,n/e,n/e,n/e,n/e,n/e,n/e,n/e,n/e,368,,n/e,n/e,n/e,n/e,n/e,n/e,0,,n/e,n/e,0,,n/e,n/e,n/e,n/e,3,
15:00 - 16:00,66,,n/e,n/e,n/e,n/e,149,,n/e,n/e,n/e,n/e,n/e,n/e,n/e,n/e,n/e,n/e,n/e,n/e,438,,n/e,n/e,n/e,n/e,n/e,n/e,0,,n/e,n/e,0,,n/e,n/e,n/e,n/e,5,
16:00 - 17:00,66,,n/e,n/e,n/e,n/e,149,,n/e,n/e,n/e,n/e,n/e,n/e,n/e,n/e,n/e,n/e,n/e,n/e,421,,n/e,n/e,n/e,n/e,n/e,n/e,0,,n/e,n/e,0,,n/e,n/e,n/e,n/e,5,
17:00 - 18:00,64,,n/e,n/e,n/e,n/e,130,,n/e,n/e,n/e,n/e,n/e,n/e,n/e,n/e,n/e,n/e,n/e,n/e,440,,n/e,n/e,n/e,n/e,n/e,n/e,0,,n/e,n/e,0,,n/e,n/e,n/e,n/e,9,
18:00 - 19:00,63,,n/e,n/e,n/e,n/e,84,,n/e,n/e,n/e,n/e,n/e,n/e,n/e,n/e,n/e,n/e,n/e,n/e,351,,n/e,n/e,n/e,n/e,n/e,n/e,0,,n/e,n/e,0,,n/e,n/e,n/e,n/e,15,
19:00 - 20:00,63,,n/e,n/e,n/e,n/e,73,,n/e,n/e,n/e,n/e,n/e,n/e,n/e,n/e,n/e,n/e,n/e,n/e,244,,n/e,n/e,n/e,n/e,n/e,n/e,0,,n/e,n/e,0,,n/e,n/e,n/e,n/e,3,
20:00 - 21:00,63,,n/e,n/e,n/e,n/e,70,,n/e,n/e,n/e,n/e,n/e,n/e,n/e,n/e,n/e,n/e,n/e,n/e,224,,n/e,n/e,n/e,n/e,n/e,n/e,0,,n/e,n/e,0,,n/e,n/e,n/e,n/e,6,
21:00 - 22:00,62,,n/e,n/e,n/e,n/e,70,,n/e,n/e,n/e,n/e,n/e,n/e,n/e,n/e,n/e,n/e,n/e,n/e,221,,n/e,n/e,n/e,n/e,n/e,n/e,0,,n/e,n/e,0,,n/e,n/e,n/e,n/e,3,
22:00 - 23:00,58,,n/e,n/e,n/e,n/e,68,,n/e,n/e,n/e,n/e,n/e,n/e,n/e,n/e,n/e,n/e,n/e,n/e,225,,n/e,n/e,n/e,n/e,n/e,n/e,0,,n/e,n/e,0,,n/e,n/e,n/e,n/e,9,
23:00 - 00:00,55,,n/e,n/e,n/e,n/e,66,,n/e,n/e,n/e,n/e,n/e,n/e,n/e,n/e,n/e,n/e,n/e,n/e,188,,n/e,n/e,n/e,n/e,n/e,n/e,0,,n/e,n/e,0,,n/e,n/e,n/e,n/e,6,
00:00 - 01:00,54,,n/e,n/e,n/e,n/e,66,,n/e,n/e,n/e,n/e,n/e,n/e,n/e,n/e,n/e,n/e,n/e,n/e,179,,n/e,n/e,n/e,n/e,n/e,n/e,0,,n/e,n/e,0,,n/e,n/e,n/e,n/e,5,
01:00 - 02:00,54,,n/e,n/e,n/e,n/e,66,,n/e,n/e,n/e,n/e,n/e,n/e,n/e,n/e,n/e,n/e,n/e,n/e,180,,n/e,n/e,n/e,n/e,n/e,n/e,0,,n/e,n/e,0,,n/e,n/e,n/e,n/e,2,
02:00 - 03:00,54,,n/e,n/e,n/e,n/e,66,,n/e,n/e,n/e,n/e,n/e,n/e,n/e,n/e,n/e,n/e,n/e,n/e,176,,n/e,n/e,n/e,n/e,n/e,n/e,0,,n/e,n/e,0,,n/e,n/e,n/e,n/e,0,
03:00 - 04:00,57,,n/e,n/e,n/e,n/e,66,,n/e,n/e,n/e,n/e,n/e,n/e,n/e,n/e,n/e,n/e,n/e,n/e,177,,n/e,n/e,n/e,n/e,n/e,n/e,0,,n/e,n/e,0,,n/e,n/e,n/e,n/e,1,
04:00 - 05:00,57,,n/e,n/e,n/e,n/e,66,,n/e,n/e,n/e,n/e,n/e,n/e,n/e,n/e,n/e,n/e,n/e,n/e,195,,n/e,n/e,n/e,n/e,n/e,n/e,0,,n/e,n/e,0,,n/e,n/e,n/e,n/e,1,
05:00 - 06:00,59,,n/e,n/e,n/e,n/e,68,,n/e,n/e,n/e,n/e,n/e,n/e,n/e,n/e,n/e,n/e,n/e,n/e,275,,n/e,n/e,n/e,n/e,n/e,n/e,0,,n/e,n/e,0,,n/e,n/e,n/e,n/e,3,
06:00 - 07:00,60,,n/e,n/e,n/e,n/e,73,,n/e,n/e,n/e,n/e,n/e,n/e,n/e,n/e,n/e,n/e,n/e,n/e,278,,n/e,n/e,n/e,n/e,n/e,n/e,0,,n/e,n/e,0,,n/e,n/e,n/e,n/e,2,
07:00 - 08:00,62,,n/e,n/e,n/e,n/e,73,,n/e,n/e,n/e,n/e,n/e,n/e,n/e,n/e,n/e,n/e,n/e,n/e,370,,n/e,n/e,n/e,n/e,n/e,n/e,0,,n/e,n/e,3,,n/e,n/e,n/e,n/e,2,
08:00 - 09:00,62,,n/e,n/e,n/e,n/e,73,,n/e,n/e,n/e,n/e,n/e,n/e,n/e,n/e,n/e,n/e,n/e,n/e,460,,n/e,n/e,n/e,n/e,n/e,n/e,0,,n/e,n/e,14,,n/e,n/e,n/e,n/e,3,
09:00 - 10:00,62,,n/e,n/e,n/e,n/e,73,,n/e,n/e,n/e,n/e,n/e,n/e,n/e,n/e,n/e,n/e,n/e,n/e,491,,n/e,n/e,n/e,n/e,n/e,n/e,0,,n/e,n/e,24,,n/e,n/e,n/e,n/e,9,
10:00 - 11:00,62,,n/e,n/e,n/e,n/e,73,,n/e,n/e,n/e,n/e,n/e,n/e,n/e,n/e,n/e,n/e,n/e,n/e,508,,n/e,n/e,n/e,n/e,n/e,n/e,0,,n/e,n/e,24,,n/e,n/e,n/e,n/e,12,
11:00 - 12:00,61,,n/e,n/e,n/e,n/e,73,,n/e,n/e,n/e,n/e,n/e,n/e,n/e,n/e,n/e,n/e,n/e,n/e,510,,n/e,n/e,n/e,n/e,n/e,n/e,0,,n/e,n/e,21,,n/e,n/e,n/e,n/e,4,
12:00 - 13:00,61,,n/e,n/e,n/e,n/e,73,,n/e,n/e,n/e,n/e,n/e,n/e,n/e,n/e,n/e,n/e,n/e,n/e,510,,n/e,n/e,n/e,n/e,n/e,n/e,0,,n/e,n/e,15,,n/e,n/e,n/e,n/e,5,
13:00 - 14:00,65,,n/e,n/e,n/e,n/e,73,,n/e,n/e,n/e,n/e,n/e,n/e,n/e,n/e,n/e,n/e,n/e,n/e,529,,n/e,n/e,n/e,n/e,n/e,n/e,0,,n/e,n/e,3,,n/e,n/e,n/e,n/e,9,
14:00 - 15:00,64,,n/e,n/e,n/e,n/e,73,,n/e,n/e,n/e,n/e,n/e,n/e,n/e,n/e,n/e,n/e,n/e,n/e,516,,n/e,n/e,n/e,n/e,n/e,n/e,0,,n/e,n/e,0,,n/e,n/e,n/e,n/e,10,
15:00 - 16:00,63,,n/e,n/e,n/e,n/e,73,,n/e,n/e,n/e,n/e,n/e,n/e,n/e,n/e,n/e,n/e,n/e,n/e,511,,n/e,n/e,n/e,n/e,n/e,n/e,0,,n/e,n/e,0,,n/e,n/e,n/e,n/e,14,
16:00 - 17:00,65,,n/e,n/e,n/e,n/e,72,,n/e,n/e,n/e,n/e,n/e,n/e,n/e,n/e,n/e,n/e,n/e,n/e,348,,n/e,n/e,n/e,n/e,n/e,n/e,0,,n/e,n/e,0,,n/e,n/e,n/e,n/e,20,
17:00 - 18:00,63,,n/e,n/e,n/e,n/e,47,,n/e,n/e,n/e,n/e,n/e,n/e,n/e,n/e,n/e,n/e,n/e,n/e,230,,n/e,n/e,n/e,n/e,n/e,n/e,0,,n/e,n/e,0,,n/e,n/e,n/e,n/e,18,
18:00 - 19:00,60,,n/e,n/e,n/e,n/e,6,,n/e,n/e,n/e,n/e,n/e,n/e,n/e,n/e,n/e,n/e,n/e,n/e,239,,n/e,n/e,n/e,n/e,n/e,n/e,0,,n/e,n/e,0,,n/e,n/e,n/e,n/e,19,
19:00 - 20:00,59,,n/e,n/e,n/e,n/e,5,,n/e,n/e,n/e,n/e,n/e,n/e,n/e,n/e,n/e,n/e,n/e,n/e,236,,n/e,n/e,n/e,n/e,n/e,n/e,0,,n/e,n/e,0,,n/e,n/e,n/e,n/e,18,
20:00 - 21:00,47,,n/e,n/e,n/e,n/e,0,,n/e,n/e,n/e,n/e,n/e,n/e,n/e,n/e,n/e,n/e,n/e,n/e,208,,n/e,n/e,n/e,n/e,n/e,n/e,0,,n/e,n/e,0,,n/e,n/e,n/e,n/e,23,
21:00 - 22:00,47,,n/e,n/e,n/e,n/e,0,,n/e,n/e,n/e,n/e,n/e,n/e,n/e,n/e,n/e,n/e,n/e,n/e,245,,n/e,n/e,n/e,n/e,n/e,n/e,0,,n/e,n/e,0,,n/e,n/e,n/e,n/e,28,
22:00 - 23:00,48,,n/e,n/e,n/e,n/e,0,,n/e,n/e,n/e,n/e,n/e,n/e,n/e,n/e,n/e,n/e,n/e,n/e,187,,n/e,n/e,n/e,n/e,n/e,n/e,0,,n/e,n/e,0,,n/e,n/e,n/e,n/e,45,
23:00 - 00:00,47,,n/e,n/e,n/e,n/e,0,,n/e,n/e,n/e,n/e,n/e,n/e,n/e,n/e,n/e,n/e,n/e,n/e,14,,n/e,n/e,n/e,n/e,n/e,n/e,0,,n/e,n/e,0,,n/e,n/e,n/e,n/e,60,
00:00 - 01:00,45,,n/e,n/e,n/e,n/e,0,,n/e,n/e,n/e,n/e,n/e,n/e,n/e,n/e,n/e,n/e,n/e,n/e,12,,n/e,n/e,n/e,n/e,n/e,n/e,0,,n/e,n/e,0,,n/e,n/e,n/e,n/e,55,
01:00 - 02:00,43,,n/e,n/e,n/e,n/e,0,,n/e,n/e,n/e,n/e,n/e,n/e,n/e,n/e,n/e,n/e,n/e,n/e,10,,n/e,n/e,n/e,n/e,n/e,n/e,0,,n/e,n/e,0,,n/e,n/e,n/e,n/e,55,
02:00 - 03:00,42,,n/e,n/e,n/e,n/e,0,,n/e,n/e,n/e,n/e,n/e,n/e,n/e,n/e,n/e,n/e,n/e,n/e,10,,n/e,n/e,n/e,n/e,n/e,n/e,0,,n/e,n/e,0,,n/e,n/e,n/e,n/e,59,
03:00 - 04:00,42,,n/e,n/e,n/e,n/e,0,,n/e,n/e,n/e,n/e,n/e,n/e,n/e,n/e,n/e,n/e,n/e,n/e,10,,n/e,n/e,n/e,n/e,n/e,n/e,0,,n/e,n/e,0,,n/e,n/e,n/e,n/e,59,
04:00 - 05:00,39,,n/e,n/e,n/e,n/e,0,,n/e,n/e,n/e,n/e,n/e,n/e,n/e,n/e,n/e,n/e,n/e,n/e,10,,n/e,n/e,n/e,n/e,n/e,n/e,0,,n/e,n/e,0,,n/e,n/e,n/e,n/e,58,
05:00 - 06:00,38,,n/e,n/e,n/e,n/e,0,,n/e,n/e,n/e,n/e,n/e,n/e,n/e,n/e,n/e,n/e,n/e,n/e,18,,n/e,n/e,n/e,n/e,n/e,n/e,0,,n/e,n/e,0,,n/e,n/e,n/e,n/e,60,
06:00 - 07:00,38,,n/e,n/e,n/e,n/e,0,,n/e,n/e,n/e,n/e,n/e,n/e,n/e,n/e,n/e,n/e,n/e,n/e,29,,n/e,n/e,n/e,n/e,n/e,n/e,0,,n/e,n/e,0,,n/e,n/e,n/e,n/e,67,
07:00 - 08:00,38,,n/e,n/e,n/e,n/e,0,,n/e,n/e,n/e,n/e,n/e,n/e,n/e,n/e,n/e,n/e,n/e,n/e,142,,n/e,n/e,n/e,n/e,n/e,n/e,0,,n/e,n/e,6,,n/e,n/e,n/e,n/e,71,
08:00 - 09:00,38,,n/e,n/e,n/e,n/e,0,,n/e,n/e,n/e,n/e,n/e,n/e,n/e,n/e,n/e,n/e,n/e,n/e,150,,n/e,n/e,n/e,n/e,n/e,n/e,0,,n/e,n/e,24,,n/e,n/e,n/e,n/e,73,
09:00 - 10:00,37,,n/e,n/e,n/e,n/e,0,,n/e,n/e,n/e,n/e,n/e,n/e,n/e,n/e,n/e,n/e,n/e,n/e,172,,n/e,n/e,n/e,n/e,n/e,n/e,0,,n/e,n/e,44,,n/e,n/e,n/e,n/e,77,
10:00 - 11:00,36,,n/e,n/e,n/e,n/e,0,,n/e,n/e,n/e,n/e,n/e,n/e,n/e,n/e,n/e,n/e,n/e,n/e,244,,n/e,n/e,n/e,n/e,n/e,n/e,0,,n/e,n/e,51,,n/e,n/e,n/e,n/e,80,
11:00 - 12:00,37,,n/e,n/e,n/e,n/e,0,,n/e,n/e,n/e,n/e,n/e,n/e,n/e,n/e,n/e,n/e,n/e,n/e,357,,n/e,n/e,n/e,n/e,n/e,n/e,0,,n/e,n/e,31,,n/e,n/e,n/e,n/e,84,
12:00 - 13:00,37,,n/e,n/e,n/e,n/e,0,,n/e,n/e,n/e,n/e,n/e,n/e,n/e,n/e,n/e,n/e,n/e,n/e,425,,n/e,n/e,n/e,n/e,n/e,n/e,0,,n/e,n/e,11,,n/e,n/e,n/e,n/e,100,
13:00 - 14:00,36,,n/e,n/e,n/e,n/e,0,,n/e,n/e,n/e,n/e,n/e,n/e,n/e,n/e,n/e,n/e,n/e,n/e,413,,n/e,n/e,n/e,n/e,n/e,n/e,0,,n/e,n/e,2,,n/e,n/e,n/e,n/e,102,
14:00 - 15:00,36,,n/e,n/e,n/e,n/e,0,,n/e,n/e,n/e,n/e,n/e,n/e,n/e,n/e,n/e,n/e,n/e,n/e,508,,n/e,n/e,n/e,n/e,n/e,n/e,0,,n/e,n/e,1,,n/e,n/e,n/e,n/e,99,
15:00 - 16:00,37,,n/e,n/e,n/e,n/e,0,,n/e,n/e,n/e,n/e,n/e,n/e,n/e,n/e,n/e,n/e,n/e,n/e,523,,n/e,n/e,n/e,n/e,n/e,n/e,0,,n/e,n/e,1,,n/e,n/e,n/e,n/e,98,
16:00 - 17:00,37,,n/e,n/e,n/e,n/e,0,,n/e,n/e,n/e,n/e,n/e,n/e,n/e,n/e,n/e,n/e,n/e,n/e,503,,n/e,n/e,n/e,n/e,n/e,n/e,0,,n/e,n/e,1,,n/e,n/e,n/e,n/e,90,
17:00 - 18:00,37,,n/e,n/e,n/e,n/e,0,,n/e,n/e,n/e,n/e,n/e,n/e,n/e,n/e,n/e,n/e,n/e,n/e,487,,n/e,n/e,n/e,n/e,n/e,n/e,0,,n/e,n/e,1,,n/e,n/e,n/e,n/e,88,
18:00 - 19:00,38,,n/e,n/e,n/e,n/e,0,,n/e,n/e,n/e,n/e,n/e,n/e,n/e,n/e,n/e,n/e,n/e,n/e,412,,n/e,n/e,n/e,n/e,n/e,n/e,0,,n/e,n/e,1,,n/e,n/e,n/e,n/e,78,
19:00 - 20:00,38,,n/e,n/e,n/e,n/e,0,,n/e,n/e,n/e,n/e,n/e,n/e,n/e,n/e,n/e,n/e,n/e,n/e,267,,n/e,n/e,n/e,n/e,n/e,n/e,0,,n/e,n/e,1,,n/e,n/e,n/e,n/e,74,
20:00 - 21:00,39,,n/e,n/e,n/e,n/e,0,,n/e,n/e,n/e,n/e,n/e,n/e,n/e,n/e,n/e,n/e,n/e,n/e,62,,n/e,n/e,n/e,n/e,n/e,n/e,0,,n/e,n/e,0,,n/e,n/e,n/e,n/e,71,
21:00 - 22:00,41,,n/e,n/e,n/e,n/e,0,,n/e,n/e,n/e,n/e,n/e,n/e,n/e,n/e,n/e,n/e,n/e,n/e,45,,n/e,n/e,n/e,n/e,n/e,n/e,0,,n/e,n/e,0,,n/e,n/e,n/e,n/e,63,
22:00 - 23:00,42,,n/e,n/e,n/e,n/e,0,,n/e,n/e,n/e,n/e,n/e,n/e,n/e,n/e,n/e,n/e,n/e,n/e,273,,n/e,n/e,n/e,n/e,n/e,n/e,0,,n/e,n/e,0,,n/e,n/e,n/e,n/e,66,
23:00 - 00:00,42,,n/e,n/e,n/e,n/e,0,,n/e,n/e,n/e,n/e,n/e,n/e,n/e,n/e,n/e,n/e,n/e,n/e,27,,n/e,n/e,n/e,n/e,n/e,n/e,0,,n/e,n/e,0,,n/e,n/e,n/e,n/e,71,
00:00 - 01:00,41,,n/e,n/e,n/e,n/e,0,,n/e,n/e,n/e,n/e,n/e,n/e,n/e,n/e,n/e,n/e,n/e,n/e,21,,n/e,n/e,n/e,n/e,n/e,n/e,0,,n/e,n/e,0,,n/e,n/e,n/e,n/e,63,
01:00 - 02:00,40,,n/e,n/e,n/e,n/e,0,,n/e,n/e,n/e,n/e,n/e,n/e,n/e,n/e,n/e,n/e,n/e,n/e,24,,n/e,n/e,n/e,n/e,n/e,n/e,0,,n/e,n/e,0,,n/e,n/e,n/e,n/e,64,
02:00 - 03:00,39,,n/e,n/e,n/e,n/e,0,,n/e,n/e,n/e,n/e,n/e,n/e,n/e,n/e,n/e,n/e,n/e,n/e,26,,n/e,n/e,n/e,n/e,n/e,n/e,0,,n/e,n/e,0,,n/e,n/e,n/e,n/e,68,
03:00 - 04:00,38,,n/e,n/e,n/e,n/e,0,,n/e,n/e,n/e,n/e,n/e,n/e,n/e,n/e,n/e,n/e,n/e,n/e,26,,n/e,n/e,n/e,n/e,n/e,n/e,0,,n/e,n/e,0,,n/e,n/e,n/e,n/e,67,
04:00 - 05:00,36,,n/e,n/e,n/e,n/e,0,,n/e,n/e,n/e,n/e,n/e,n/e,n/e,n/e,n/e,n/e,n/e,n/e,26,,n/e,n/e,n/e,n/e,n/e,n/e,0,,n/e,n/e,0,,n/e,n/e,n/e,n/e,71,
05:00 - 06:00,37,,n/e,n/e,n/e,n/e,0,,n/e,n/e,n/e,n/e,n/e,n/e,n/e,n/e,n/e,n/e,n/e,n/e,27,,n/e,n/e,n/e,n/e,n/e,n/e,0,,n/e,n/e,0,,n/e,n/e,n/e,n/e,68,
06:00 - 07:00,37,,n/e,n/e,n/e,n/e,0,,n/e,n/e,n/e,n/e,n/e,n/e,n/e,n/e,n/e,n/e,n/e,n/e,97,,n/e,n/e,n/e,n/e,n/e,n/e,0,,n/e,n/e,0,,n/e,n/e,n/e,n/e,61,
07:00 - 08:00,37,,n/e,n/e,n/e,n/e,2,,n/e,n/e,n/e,n/e,n/e,n/e,n/e,n/e,n/e,n/e,n/e,n/e,185,,n/e,n/e,n/e,n/e,n/e,n/e,0,,n/e,n/e,1,,n/e,n/e,n/e,n/e,67,
08:00 - 09:00,39,,n/e,n/e,n/e,n/e,3,,n/e,n/e,n/e,n/e,n/e,n/e,n/e,n/e,n/e,n/e,n/e,n/e,201,,n/e,n/e,n/e,n/e,n/e,n/e,0,,n/e,n/e,8,,n/e,n/e,n/e,n/e,63,
09:00 - 10:00,39,,n/e,n/e,n/e,n/e,3,,n/e,n/e,n/e,n/e,n/e,n/e,n/e,n/e,n/e,n/e,n/e,n/e,201,,n/e,n/e,n/e,n/e,n/e,n/e,0,,n/e,n/e,14,,n/e,n/e,n/e,n/e,70,
10:00 - 11:00,39,,n/e,n/e,n/e,n/e,3,,n/e,n/e,n/e,n/e,n/e,n/e,n/e,n/e,n/e,n/e,n/e,n/e,185,,n/e,n/e,n/e,n/e,n/e,n/e,0,,n/e,n/e,14,,n/e,n/e,n/e,n/e,76,
11:00 - 12:00,38,,n/e,n/e,n/e,n/e,2,,n/e,n/e,n/e,n/e,n/e,n/e,n/e,n/e,n/e,n/e,n/e,n/e,216,,n/e,n/e,n/e,n/e,n/e,n/e,0,,n/e,n/e,11,,n/e,n/e,n/e,n/e,57,
12:00 - 13:00,41,,n/e,n/e,n/e,n/e,3,,n/e,n/e,n/e,n/e,n/e,n/e,n/e,n/e,n/e,n/e,n/e,n/e,222,,n/e,n/e,n/e,n/e,n/e,n/e,0,,n/e,n/e,6,,n/e,n/e,n/e,n/e,52,
13:00 - 14:00,42,,n/e,n/e,n/e,n/e,3,,n/e,n/e,n/e,n/e,n/e,n/e,n/e,n/e,n/e,n/e,n/e,n/e,222,,n/e,n/e,n/e,n/e,n/e,n/e,0,,n/e,n/e,1,,n/e,n/e,n/e,n/e,34,
14:00 - 15:00,54,,n/e,n/e,n/e,n/e,6,,n/e,n/e,n/e,n/e,n/e,n/e,n/e,n/e,n/e,n/e,n/e,n/e,304,,n/e,n/e,n/e,n/e,n/e,n/e,0,,n/e,n/e,0,,n/e,n/e,n/e,n/e,29,
15:00 - 16:00,52,,n/e,n/e,n/e,n/e,6,,n/e,n/e,n/e,n/e,n/e,n/e,n/e,n/e,n/e,n/e,n/e,n/e,309,,n/e,n/e,n/e,n/e,n/e,n/e,0,,n/e,n/e,0,,n/e,n/e,n/e,n/e,29,
16:00 - 17:00,55,,n/e,n/e,n/e,n/e,6,,n/e,n/e,n/e,n/e,n/e,n/e,n/e,n/e,n/e,n/e,n/e,n/e,308,,n/e,n/e,n/e,n/e,n/e,n/e,0,,n/e,n/e,0,,n/e,n/e,n/e,n/e,24,
17:00 - 18:00,55,,n/e,n/e,n/e,n/e,8,,n/e,n/e,n/e,n/e,n/e,n/e,n/e,n/e,n/e,n/e,n/e,n/e,474,,n/e,n/e,n/e,n/e,n/e,n/e,0,,n/e,n/e,0,,n/e,n/e,n/e,n/e,21,
18:00 - 19:00,56,,n/e,n/e,n/e,n/e,26,,n/e,n/e,n/e,n/e,n/e,n/e,n/e,n/e,n/e,n/e,n/e,n/e,467,,n/e,n/e,n/e,n/e,n/e,n/e,0,,n/e,n/e,0,,n/e,n/e,n/e,n/e,17,
19:00 - 20:00,55,,n/e,n/e,n/e,n/e,34,,n/e,n/e,n/e,n/e,n/e,n/e,n/e,n/e,n/e,n/e,n/e,n/e,318,,n/e,n/e,n/e,n/e,n/e,n/e,0,,n/e,n/e,0,,n/e,n/e,n/e,n/e,10,
20:00 - 21:00,54,,n/e,n/e,n/e,n/e,35,,n/e,n/e,n/e,n/e,n/e,n/e,n/e,n/e,n/e,n/e,n/e,n/e,296,,n/e,n/e,n/e,n/e,n/e,n/e,0,,n/e,n/e,0,,n/e,n/e,n/e,n/e,14,
21:00 - 22:00,51,,n/e,n/e,n/e,n/e,132,,n/e,n/e,n/e,n/e,n/e,n/e,n/e,n/e,n/e,n/e,n/e,n/e,154,,n/e,n/e,n/e,n/e,n/e,n/e,0,,n/e,n/e,0,,n/e,n/e,n/e,n/e,13,
22:00 - 23:00,54,,n/e,n/e,n/e,n/e,176,,n/e,n/e,n/e,n/e,n/e,n/e,n/e,n/e,n/e,n/e,n/e,n/e,19,,n/e,n/e,n/e,n/e,n/e,n/e,0,,n/e,n/e,0,,n/e,n/e,n/e,n/e,6,
23:00 - 00:00,59,,n/e,n/e,n/e,n/e,199,,n/e,n/e,n/e,n/e,n/e,n/e,n/e,n/e,n/e,n/e,n/e,n/e,97,,n/e,n/e,n/e,n/e,n/e,n/e,0,,n/e,n/e,0,,n/e,n/e,n/e,n/e,5,
00:00 - 01:00,61,,n/e,n/e,n/e,n/e,222,,n/e,n/e,n/e,n/e,n/e,n/e,n/e,n/e,n/e,n/e,n/e,n/e,65,,n/e,n/e,n/e,n/e,n/e,n/e,0,,n/e,n/e,0,,n/e,n/e,n/e,n/e,3,
01:00 - 02:00,63,,n/e,n/e,n/e,n/e,222,,n/e,n/e,n/e,n/e,n/e,n/e,n/e,n/e,n/e,n/e,n/e,n/e,62,,n/e,n/e,n/e,n/e,n/e,n/e,0,,n/e,n/e,0,,n/e,n/e,n/e,n/e,6,
02:00 - 03:00,62,,n/e,n/e,n/e,n/e,222,,n/e,n/e,n/e,n/e,n/e,n/e,n/e,n/e,n/e,n/e,n/e,n/e,81,,n/e,n/e,n/e,n/e,n/e,n/e,0,,n/e,n/e,0,,n/e,n/e,n/e,n/e,9,
03:00 - 04:00,62,,n/e,n/e,n/e,n/e,224,,n/e,n/e,n/e,n/e,n/e,n/e,n/e,n/e,n/e,n/e,n/e,n/e,169,,n/e,n/e,n/e,n/e,n/e,n/e,0,,n/e,n/e,0,,n/e,n/e,n/e,n/e,6,
04:00 - 05:00,61,,n/e,n/e,n/e,n/e,251,,n/e,n/e,n/e,n/e,n/e,n/e,n/e,n/e,n/e,n/e,n/e,n/e,209,,n/e,n/e,n/e,n/e,n/e,n/e,0,,n/e,n/e,0,,n/e,n/e,n/e,n/e,12,
05:00 - 06:00,63,,n/e,n/e,n/e,n/e,265,,n/e,n/e,n/e,n/e,n/e,n/e,n/e,n/e,n/e,n/e,n/e,n/e,198,,n/e,n/e,n/e,n/e,n/e,n/e,0,,n/e,n/e,0,,n/e,n/e,n/e,n/e,14,
06:00 - 07:00,67,,n/e,n/e,n/e,n/e,354,,n/e,n/e,n/e,n/e,n/e,n/e,n/e,n/e,n/e,n/e,n/e,n/e,260,,n/e,n/e,n/e,n/e,n/e,n/e,0,,n/e,n/e,1,,n/e,n/e,n/e,n/e,9,
07:00 - 08:00,69,,n/e,n/e,n/e,n/e,407,,n/e,n/e,n/e,n/e,n/e,n/e,n/e,n/e,n/e,n/e,n/e,n/e,292,,n/e,n/e,n/e,n/e,n/e,n/e,0,,n/e,n/e,4,,n/e,n/e,n/e,n/e,8,
08:00 - 09:00,70,,n/e,n/e,n/e,n/e,402,,n/e,n/e,n/e,n/e,n/e,n/e,n/e,n/e,n/e,n/e,n/e,n/e,331,,n/e,n/e,n/e,n/e,n/e,n/e,0,,n/e,n/e,10,,n/e,n/e,n/e,n/e,5,
09:00 - 10:00,65,,n/e,n/e,n/e,n/e,304,,n/e,n/e,n/e,n/e,n/e,n/e,n/e,n/e,n/e,n/e,n/e,n/e,395,,n/e,n/e,n/e,n/e,n/e,n/e,0,,n/e,n/e,17,,n/e,n/e,n/e,n/e,1,
10:00 - 11:00,64,,n/e,n/e,n/e,n/e,303,,n/e,n/e,n/e,n/e,n/e,n/e,n/e,n/e,n/e,n/e,n/e,n/e,399,,n/e,n/e,n/e,n/e,n/e,n/e,0,,n/e,n/e,18,,n/e,n/e,n/e,n/e,2,
11:00 - 12:00,63,,n/e,n/e,n/e,n/e,302,,n/e,n/e,n/e,n/e,n/e,n/e,n/e,n/e,n/e,n/e,n/e,n/e,437,,n/e,n/e,n/e,n/e,n/e,n/e,0,,n/e,n/e,15,,n/e,n/e,n/e,n/e,1,
12:00 - 13:00,62,,n/e,n/e,n/e,n/e,306,,n/e,n/e,n/e,n/e,n/e,n/e,n/e,n/e,n/e,n/e,n/e,n/e,507,,n/e,n/e,n/e,n/e,n/e,n/e,0,,n/e,n/e,7,,n/e,n/e,n/e,n/e,2,
13:00 - 14:00,67,,n/e,n/e,n/e,n/e,307,,n/e,n/e,n/e,n/e,n/e,n/e,n/e,n/e,n/e,n/e,n/e,n/e,505,,n/e,n/e,n/e,n/e,n/e,n/e,0,,n/e,n/e,1,,n/e,n/e,n/e,n/e,3,
14:00 - 15:00,71,,n/e,n/e,n/e,n/e,308,,n/e,n/e,n/e,n/e,n/e,n/e,n/e,n/e,n/e,n/e,n/e,n/e,527,,n/e,n/e,n/e,n/e,n/e,n/e,0,,n/e,n/e,0,,n/e,n/e,n/e,n/e,3,
15:00 - 16:00,72,,n/e,n/e,n/e,n/e,308,,n/e,n/e,n/e,n/e,n/e,n/e,n/e,n/e,n/e,n/e,n/e,n/e,509,,n/e,n/e,n/e,n/e,n/e,n/e,0,,n/e,n/e,1,,n/e,n/e,n/e,n/e,1,
16:00 - 17:00,69,,n/e,n/e,n/e,n/e,308,,n/e,n/e,n/e,n/e,n/e,n/e,n/e,n/e,n/e,n/e,n/e,n/e,475,,n/e,n/e,n/e,n/e,n/e,n/e,0,,n/e,n/e,0,,n/e,n/e,n/e,n/e,3,
17:00 - 18:00,67,,n/e,n/e,n/e,n/e,305,,n/e,n/e,n/e,n/e,n/e,n/e,n/e,n/e,n/e,n/e,n/e,n/e,474,,n/e,n/e,n/e,n/e,n/e,n/e,0,,n/e,n/e,0,,n/e,n/e,n/e,n/e,5,
18:00 - 19:00,67,,n/e,n/e,n/e,n/e,301,,n/e,n/e,n/e,n/e,n/e,n/e,n/e,n/e,n/e,n/e,n/e,n/e,472,,n/e,n/e,n/e,n/e,n/e,n/e,0,,n/e,n/e,0,,n/e,n/e,n/e,n/e,2,
19:00 - 20:00,66,,n/e,n/e,n/e,n/e,224,,n/e,n/e,n/e,n/e,n/e,n/e,n/e,n/e,n/e,n/e,n/e,n/e,435,,n/e,n/e,n/e,n/e,n/e,n/e,0,,n/e,n/e,0,,n/e,n/e,n/e,n/e,0,
20:00 - 21:00,61,,n/e,n/e,n/e,n/e,151,,n/e,n/e,n/e,n/e,n/e,n/e,n/e,n/e,n/e,n/e,n/e,n/e,429,,n/e,n/e,n/e,n/e,n/e,n/e,0,,n/e,n/e,0,,n/e,n/e,n/e,n/e,0,
21:00 - 22:00,60,,n/e,n/e,n/e,n/e,151,,n/e,n/e,n/e,n/e,n/e,n/e,n/e,n/e,n/e,n/e,n/e,n/e,405,,n/e,n/e,n/e,n/e,n/e,n/e,0,,n/e,n/e,0,,n/e,n/e,n/e,n/e,0,
22:00 - 23:00,57,,n/e,n/e,n/e,n/e,151,,n/e,n/e,n/e,n/e,n/e,n/e,n/e,n/e,n/e,n/e,n/e,n/e,391,,n/e,n/e,n/e,n/e,n/e,n/e,0,,n/e,n/e,0,,n/e,n/e,n/e,n/e,3,
23:00 - 00:00,57,,n/e,n/e,n/e,n/e,146,,n/e,n/e,n/e,n/e,n/e,n/e,n/e,n/e,n/e,n/e,n/e,n/e,20,,n/e,n/e,n/e,n/e,n/e,n/e,0,,n/e,n/e,0,,n/e,n/e,n/e,n/e,2,
00:00 - 01:00,58,,n/e,n/e,n/e,n/e,146,,n/e,n/e,n/e,n/e,n/e,n/e,n/e,n/e,n/e,n/e,n/e,n/e,12,,n/e,n/e,n/e,n/e,n/e,n/e,0,,n/e,n/e,0,,n/e,n/e,n/e,n/e,2,
01:00 - 02:00,60,,n/e,n/e,n/e,n/e,146,,n/e,n/e,n/e,n/e,n/e,n/e,n/e,n/e,n/e,n/e,n/e,n/e,12,,n/e,n/e,n/e,n/e,n/e,n/e,0,,n/e,n/e,0,,n/e,n/e,n/e,n/e,1,
02:00 - 03:00,60,,n/e,n/e,n/e,n/e,146,,n/e,n/e,n/e,n/e,n/e,n/e,n/e,n/e,n/e,n/e,n/e,n/e,12,,n/e,n/e,n/e,n/e,n/e,n/e,0,,n/e,n/e,0,,n/e,n/e,n/e,n/e,5,
03:00 - 04:00,61,,n/e,n/e,n/e,n/e,146,,n/e,n/e,n/e,n/e,n/e,n/e,n/e,n/e,n/e,n/e,n/e,n/e,12,,n/e,n/e,n/e,n/e,n/e,n/e,0,,n/e,n/e,0,,n/e,n/e,n/e,n/e,3,
04:00 - 05:00,61,,n/e,n/e,n/e,n/e,146,,n/e,n/e,n/e,n/e,n/e,n/e,n/e,n/e,n/e,n/e,n/e,n/e,12,,n/e,n/e,n/e,n/e,n/e,n/e,0,,n/e,n/e,0,,n/e,n/e,n/e,n/e,3,
05:00 - 06:00,61,,n/e,n/e,n/e,n/e,147,,n/e,n/e,n/e,n/e,n/e,n/e,n/e,n/e,n/e,n/e,n/e,n/e,27,,n/e,n/e,n/e,n/e,n/e,n/e,0,,n/e,n/e,0,,n/e,n/e,n/e,n/e,2,
06:00 - 07:00,62,,n/e,n/e,n/e,n/e,151,,n/e,n/e,n/e,n/e,n/e,n/e,n/e,n/e,n/e,n/e,n/e,n/e,142,,n/e,n/e,n/e,n/e,n/e,n/e,0,,n/e,n/e,0,,n/e,n/e,n/e,n/e,4,
07:00 - 08:00,64,,n/e,n/e,n/e,n/e,151,,n/e,n/e,n/e,n/e,n/e,n/e,n/e,n/e,n/e,n/e,n/e,n/e,153,,n/e,n/e,n/e,n/e,n/e,n/e,0,,n/e,n/e,2,,n/e,n/e,n/e,n/e,4,
08:00 - 09:00,65,,n/e,n/e,n/e,n/e,151,,n/e,n/e,n/e,n/e,n/e,n/e,n/e,n/e,n/e,n/e,n/e,n/e,153,,n/e,n/e,n/e,n/e,n/e,n/e,0,,n/e,n/e,11,,n/e,n/e,n/e,n/e,3,
09:00 - 10:00,62,,n/e,n/e,n/e,n/e,151,,n/e,n/e,n/e,n/e,n/e,n/e,n/e,n/e,n/e,n/e,n/e,n/e,187,,n/e,n/e,n/e,n/e,n/e,n/e,0,,n/e,n/e,18,,n/e,n/e,n/e,n/e,8,
10:00 - 11:00,62,,n/e,n/e,n/e,n/e,151,,n/e,n/e,n/e,n/e,n/e,n/e,n/e,n/e,n/e,n/e,n/e,n/e,212,,n/e,n/e,n/e,n/e,n/e,n/e,0,,n/e,n/e,18,,n/e,n/e,n/e,n/e,13,
11:00 - 12:00,60,,n/e,n/e,n/e,n/e,151,,n/e,n/e,n/e,n/e,n/e,n/e,n/e,n/e,n/e,n/e,n/e,n/e,215,,n/e,n/e,n/e,n/e,n/e,n/e,0,,n/e,n/e,16,,n/e,n/e,n/e,n/e,15,
12:00 - 13:00,59,,n/e,n/e,n/e,n/e,152,,n/e,n/e,n/e,n/e,n/e,n/e,n/e,n/e,n/e,n/e,n/e,n/e,207,,n/e,n/e,n/e,n/e,n/e,n/e,0,,n/e,n/e,9,,n/e,n/e,n/e,n/e,15,
13:00 - 14:00,62,,n/e,n/e,n/e,n/e,153,,n/e,n/e,n/e,n/e,n/e,n/e,n/e,n/e,n/e,n/e,n/e,n/e,264,,n/e,n/e,n/e,n/e,n/e,n/e,0,,n/e,n/e,2,,n/e,n/e,n/e,n/e,15,
14:00 - 15:00,63,,n/e,n/e,n/e,n/e,153,,n/e,n/e,n/e,n/e,n/e,n/e,n/e,n/e,n/e,n/e,n/e,n/e,439,,n/e,n/e,n/e,n/e,n/e,n/e,0,,n/e,n/e,0,,n/e,n/e,n/e,n/e,14,
15:00 - 16:00,65,,n/e,n/e,n/e,n/e,145,,n/e,n/e,n/e,n/e,n/e,n/e,n/e,n/e,n/e,n/e,n/e,n/e,442,,n/e,n/e,n/e,n/e,n/e,n/e,0,,n/e,n/e,0,,n/e,n/e,n/e,n/e,18,
16:00 - 17:00,63,,n/e,n/e,n/e,n/e,101,,n/e,n/e,n/e,n/e,n/e,n/e,n/e,n/e,n/e,n/e,n/e,n/e,483,,n/e,n/e,n/e,n/e,n/e,n/e,0,,n/e,n/e,0,,n/e,n/e,n/e,n/e,13,
17:00 - 18:00,62,,n/e,n/e,n/e,n/e,72,,n/e,n/e,n/e,n/e,n/e,n/e,n/e,n/e,n/e,n/e,n/e,n/e,514,,n/e,n/e,n/e,n/e,n/e,n/e,0,,n/e,n/e,0,,n/e,n/e,n/e,n/e,16,
18:00 - 19:00,61,,n/e,n/e,n/e,n/e,68,,n/e,n/e,n/e,n/e,n/e,n/e,n/e,n/e,n/e,n/e,n/e,n/e,417,,n/e,n/e,n/e,n/e,n/e,n/e,0,,n/e,n/e,0,,n/e,n/e,n/e,n/e,24,
19:00 - 20:00,60,,n/e,n/e,n/e,n/e,51,,n/e,n/e,n/e,n/e,n/e,n/e,n/e,n/e,n/e,n/e,n/e,n/e,398,,n/e,n/e,n/e,n/e,n/e,n/e,0,,n/e,n/e,0,,n/e,n/e,n/e,n/e,31,
20:00 - 21:00,58,,n/e,n/e,n/e,n/e,11,,n/e,n/e,n/e,n/e,n/e,n/e,n/e,n/e,n/e,n/e,n/e,n/e,157,,n/e,n/e,n/e,n/e,n/e,n/e,0,,n/e,n/e,0,,n/e,n/e,n/e,n/e,53,
21:00 - 22:00,56,,n/e,n/e,n/e,n/e,8,,n/e,n/e,n/e,n/e,n/e,n/e,n/e,n/e,n/e,n/e,n/e,n/e,155,,n/e,n/e,n/e,n/e,n/e,n/e,0,,n/e,n/e,0,,n/e,n/e,n/e,n/e,45,
22:00 - 23:00,53,,n/e,n/e,n/e,n/e,3,,n/e,n/e,n/e,n/e,n/e,n/e,n/e,n/e,n/e,n/e,n/e,n/e,137,,n/e,n/e,n/e,n/e,n/e,n/e,0,,n/e,n/e,0,,n/e,n/e,n/e,n/e,37,
23:00 - 00:00,48,,n/e,n/e,n/e,n/e,0,,n/e,n/e,n/e,n/e,n/e,n/e,n/e,n/e,n/e,n/e,n/e,n/e,113,,n/e,n/e,n/e,n/e,n/e,n/e,0,,n/e,n/e,0,,n/e,n/e,n/e,n/e,47,
00:00 - 01:00,47,,n/e,n/e,n/e,n/e,0,,n/e,n/e,n/e,n/e,n/e,n/e,n/e,n/e,n/e,n/e,n/e,n/e,110,,n/e,n/e,n/e,n/e,n/e,n/e,0,,n/e,n/e,0,,n/e,n/e,n/e,n/e,50,
01:00 - 02:00,48,,n/e,n/e,n/e,n/e,0,,n/e,n/e,n/e,n/e,n/e,n/e,n/e,n/e,n/e,n/e,n/e,n/e,109,,n/e,n/e,n/e,n/e,n/e,n/e,0,,n/e,n/e,0,,n/e,n/e,n/e,n/e,53,
02:00 - 03:00,49,,n/e,n/e,n/e,n/e,0,,n/e,n/e,n/e,n/e,n/e,n/e,n/e,n/e,n/e,n/e,n/e,n/e,110,,n/e,n/e,n/e,n/e,n/e,n/e,0,,n/e,n/e,0,,n/e,n/e,n/e,n/e,54,
03:00 - 04:00,49,,n/e,n/e,n/e,n/e,0,,n/e,n/e,n/e,n/e,n/e,n/e,n/e,n/e,n/e,n/e,n/e,n/e,111,,n/e,n/e,n/e,n/e,n/e,n/e,0,,n/e,n/e,0,,n/e,n/e,n/e,n/e,54,
04:00 - 05:00,52,,n/e,n/e,n/e,n/e,2,,n/e,n/e,n/e,n/e,n/e,n/e,n/e,n/e,n/e,n/e,n/e,n/e,125,,n/e,n/e,n/e,n/e,n/e,n/e,0,,n/e,n/e,0,,n/e,n/e,n/e,n/e,55,
05:00 - 06:00,51,,n/e,n/e,n/e,n/e,4,,n/e,n/e,n/e,n/e,n/e,n/e,n/e,n/e,n/e,n/e,n/e,n/e,173,,n/e,n/e,n/e,n/e,n/e,n/e,0,,n/e,n/e,1,,n/e,n/e,n/e,n/e,61,
06:00 - 07:00,52,,n/e,n/e,n/e,n/e,4,,n/e,n/e,n/e,n/e,n/e,n/e,n/e,n/e,n/e,n/e,n/e,n/e,155,,n/e,n/e,n/e,n/e,n/e,n/e,0,,n/e,n/e,1,,n/e,n/e,n/e,n/e,81,
07:00 - 08:00,50,,n/e,n/e,n/e,n/e,2,,n/e,n/e,n/e,n/e,n/e,n/e,n/e,n/e,n/e,n/e,n/e,n/e,296,,n/e,n/e,n/e,n/e,n/e,n/e,0,,n/e,n/e,2,,n/e,n/e,n/e,n/e,83,
08:00 - 09:00,51,,n/e,n/e,n/e,n/e,2,,n/e,n/e,n/e,n/e,n/e,n/e,n/e,n/e,n/e,n/e,n/e,n/e,333,,n/e,n/e,n/e,n/e,n/e,n/e,0,,n/e,n/e,6,,n/e,n/e,n/e,n/e,83,
09:00 - 10:00,51,,n/e,n/e,n/e,n/e,2,,n/e,n/e,n/e,n/e,n/e,n/e,n/e,n/e,n/e,n/e,n/e,n/e,325,,n/e,n/e,n/e,n/e,n/e,n/e,0,,n/e,n/e,8,,n/e,n/e,n/e,n/e,88,
10:00 - 11:00,51,,n/e,n/e,n/e,n/e,2,,n/e,n/e,n/e,n/e,n/e,n/e,n/e,n/e,n/e,n/e,n/e,n/e,398,,n/e,n/e,n/e,n/e,n/e,n/e,0,,n/e,n/e,8,,n/e,n/e,n/e,n/e,93,
11:00 - 12:00,49,,n/e,n/e,n/e,n/e,2,,n/e,n/e,n/e,n/e,n/e,n/e,n/e,n/e,n/e,n/e,n/e,n/e,475,,n/e,n/e,n/e,n/e,n/e,n/e,0,,n/e,n/e,6,,n/e,n/e,n/e,n/e,91,
12:00 - 13:00,53,,n/e,n/e,n/e,n/e,4,,n/e,n/e,n/e,n/e,n/e,n/e,n/e,n/e,n/e,n/e,n/e,n/e,456,,n/e,n/e,n/e,n/e,n/e,n/e,0,,n/e,n/e,4,,n/e,n/e,n/e,n/e,91,
13:00 - 14:00,57,,n/e,n/e,n/e,n/e,4,,n/e,n/e,n/e,n/e,n/e,n/e,n/e,n/e,n/e,n/e,n/e,n/e,450,,n/e,n/e,n/e,n/e,n/e,n/e,0,,n/e,n/e,1,,n/e,n/e,n/e,n/e,94,
14:00 - 15:00,58,,n/e,n/e,n/e,n/e,4,,n/e,n/e,n/e,n/e,n/e,n/e,n/e,n/e,n/e,n/e,n/e,n/e,363,,n/e,n/e,n/e,n/e,n/e,n/e,0,,n/e,n/e,1,,n/e,n/e,n/e,n/e,94,
15:00 - 16:00,58,,n/e,n/e,n/e,n/e,4,,n/e,n/e,n/e,n/e,n/e,n/e,n/e,n/e,n/e,n/e,n/e,n/e,356,,n/e,n/e,n/e,n/e,n/e,n/e,0,,n/e,n/e,1,,n/e,n/e,n/e,n/e,87,
16:00 - 17:00,59,,n/e,n/e,n/e,n/e,4,,n/e,n/e,n/e,n/e,n/e,n/e,n/e,n/e,n/e,n/e,n/e,n/e,339,,n/e,n/e,n/e,n/e,n/e,n/e,0,,n/e,n/e,1,,n/e,n/e,n/e,n/e,69,
17:00 - 18:00,59,,n/e,n/e,n/e,n/e,2,,n/e,n/e,n/e,n/e,n/e,n/e,n/e,n/e,n/e,n/e,n/e,n/e,334,,n/e,n/e,n/e,n/e,n/e,n/e,0,,n/e,n/e,1,,n/e,n/e,n/e,n/e,78,
18:00 - 19:00,47,,n/e,n/e,n/e,n/e,0,,n/e,n/e,n/e,n/e,n/e,n/e,n/e,n/e,n/e,n/e,n/e,n/e,315,,n/e,n/e,n/e,n/e,n/e,n/e,0,,n/e,n/e,1,,n/e,n/e,n/e,n/e,87,
19:00 - 20:00,46,,n/e,n/e,n/e,n/e,0,,n/e,n/e,n/e,n/e,n/e,n/e,n/e,n/e,n/e,n/e,n/e,n/e,102,,n/e,n/e,n/e,n/e,n/e,n/e,0,,n/e,n/e,1,,n/e,n/e,n/e,n/e,95,
20:00 - 21:00,46,,n/e,n/e,n/e,n/e,0,,n/e,n/e,n/e,n/e,n/e,n/e,n/e,n/e,n/e,n/e,n/e,n/e,17,,n/e,n/e,n/e,n/e,n/e,n/e,0,,n/e,n/e,1,,n/e,n/e,n/e,n/e,92,
21:00 - 22:00,44,,n/e,n/e,n/e,n/e,0,,n/e,n/e,n/e,n/e,n/e,n/e,n/e,n/e,n/e,n/e,n/e,n/e,26,,n/e,n/e,n/e,n/e,n/e,n/e,0,,n/e,n/e,0,,n/e,n/e,n/e,n/e,97,
22:00 - 23:00,43,,n/e,n/e,n/e,n/e,0,,n/e,n/e,n/e,n/e,n/e,n/e,n/e,n/e,n/e,n/e,n/e,n/e,25,,n/e,n/e,n/e,n/e,n/e,n/e,0,,n/e,n/e,0,,n/e,n/e,n/e,n/e,104,
23:00 - 00:00,41,,n/e,n/e,n/e,n/e,0,,n/e,n/e,n/e,n/e,n/e,n/e,n/e,n/e,n/e,n/e,n/e,n/e,8,,n/e,n/e,n/e,n/e,n/e,n/e,0,,n/e,n/e,0,,n/e,n/e,n/e,n/e,101,
00:00 - 01:00,40,,n/e,n/e,n/e,n/e,0,,n/e,n/e,n/e,n/e,n/e,n/e,n/e,n/e,n/e,n/e,n/e,n/e,8,,n/e,n/e,n/e,n/e,n/e,n/e,0,,n/e,n/e,0,,n/e,n/e,n/e,n/e,55,
01:00 - 02:00,39,,n/e,n/e,n/e,n/e,0,,n/e,n/e,n/e,n/e,n/e,n/e,n/e,n/e,n/e,n/e,n/e,n/e,8,,n/e,n/e,n/e,n/e,n/e,n/e,0,,n/e,n/e,0,,n/e,n/e,n/e,n/e,54,
02:00 - 03:00,39,,n/e,n/e,n/e,n/e,0,,n/e,n/e,n/e,n/e,n/e,n/e,n/e,n/e,n/e,n/e,n/e,n/e,8,,n/e,n/e,n/e,n/e,n/e,n/e,0,,n/e,n/e,0,,n/e,n/e,n/e,n/e,54,
03:00 - 04:00,37,,n/e,n/e,n/e,n/e,0,,n/e,n/e,n/e,n/e,n/e,n/e,n/e,n/e,n/e,n/e,n/e,n/e,10,,n/e,n/e,n/e,n/e,n/e,n/e,0,,n/e,n/e,0,,n/e,n/e,n/e,n/e,54,
04:00 - 05:00,36,,n/e,n/e,n/e,n/e,0,,n/e,n/e,n/e,n/e,n/e,n/e,n/e,n/e,n/e,n/e,n/e,n/e,108,,n/e,n/e,n/e,n/e,n/e,n/e,0,,n/e,n/e,0,,n/e,n/e,n/e,n/e,109,
05:00 - 06:00,39,,n/e,n/e,n/e,n/e,0,,n/e,n/e,n/e,n/e,n/e,n/e,n/e,n/e,n/e,n/e,n/e,n/e,136,,n/e,n/e,n/e,n/e,n/e,n/e,0,,n/e,n/e,0,,n/e,n/e,n/e,n/e,113,
06:00 - 07:00,44,,n/e,n/e,n/e,n/e,0,,n/e,n/e,n/e,n/e,n/e,n/e,n/e,n/e,n/e,n/e,n/e,n/e,153,,n/e,n/e,n/e,n/e,n/e,n/e,0,,n/e,n/e,1,,n/e,n/e,n/e,n/e,117,
07:00 - 08:00,46,,n/e,n/e,n/e,n/e,0,,n/e,n/e,n/e,n/e,n/e,n/e,n/e,n/e,n/e,n/e,n/e,n/e,153,,n/e,n/e,n/e,n/e,n/e,n/e,0,,n/e,n/e,2,,n/e,n/e,n/e,n/e,116,
08:00 - 09:00,48,,n/e,n/e,n/e,n/e,0,,n/e,n/e,n/e,n/e,n/e,n/e,n/e,n/e,n/e,n/e,n/e,n/e,148,,n/e,n/e,n/e,n/e,n/e,n/e,0,,n/e,n/e,5,,n/e,n/e,n/e,n/e,107,
09:00 - 10:00,49,,n/e,n/e,n/e,n/e,0,,n/e,n/e,n/e,n/e,n/e,n/e,n/e,n/e,n/e,n/e,n/e,n/e,144,,n/e,n/e,n/e,n/e,n/e,n/e,0,,n/e,n/e,8,,n/e,n/e,n/e,n/e,79,
10:00 - 11:00,50,,n/e,n/e,n/e,n/e,0,,n/e,n/e,n/e,n/e,n/e,n/e,n/e,n/e,n/e,n/e,n/e,n/e,216,,n/e,n/e,n/e,n/e,n/e,n/e,0,,n/e,n/e,9,,n/e,n/e,n/e,n/e,43,
11:00 - 12:00,49,,n/e,n/e,n/e,n/e,0,,n/e,n/e,n/e,n/e,n/e,n/e,n/e,n/e,n/e,n/e,n/e,n/e,382,,n/e,n/e,n/e,n/e,n/e,n/e,0,,n/e,n/e,10,,n/e,n/e,n/e,n/e,25,
12:00 - 13:00,49,,n/e,n/e,n/e,n/e,0,,n/e,n/e,n/e,n/e,n/e,n/e,n/e,n/e,n/e,n/e,n/e,n/e,316,,n/e,n/e,n/e,n/e,n/e,n/e,0,,n/e,n/e,7,,n/e,n/e,n/e,n/e,38,
13:00 - 14:00,53,,n/e,n/e,n/e,n/e,0,,n/e,n/e,n/e,n/e,n/e,n/e,n/e,n/e,n/e,n/e,n/e,n/e,368,,n/e,n/e,n/e,n/e,n/e,n/e,0,,n/e,n/e,2,,n/e,n/e,n/e,n/e,46,
14:00 - 15:00,59,,n/e,n/e,n/e,n/e,3,,n/e,n/e,n/e,n/e,n/e,n/e,n/e,n/e,n/e,n/e,n/e,n/e,502,,n/e,n/e,n/e,n/e,n/e,n/e,0,,n/e,n/e,0,,n/e,n/e,n/e,n/e,45,
15:00 - 16:00,61,,n/e,n/e,n/e,n/e,3,,n/e,n/e,n/e,n/e,n/e,n/e,n/e,n/e,n/e,n/e,n/e,n/e,542,,n/e,n/e,n/e,n/e,n/e,n/e,0,,n/e,n/e,1,,n/e,n/e,n/e,n/e,39,
16:00 - 17:00,63,,n/e,n/e,n/e,n/e,3,,n/e,n/e,n/e,n/e,n/e,n/e,n/e,n/e,n/e,n/e,n/e,n/e,572,,n/e,n/e,n/e,n/e,n/e,n/e,0,,n/e,n/e,0,,n/e,n/e,n/e,n/e,26,
17:00 - 18:00,62,,n/e,n/e,n/e,n/e,3,,n/e,n/e,n/e,n/e,n/e,n/e,n/e,n/e,n/e,n/e,n/e,n/e,622,,n/e,n/e,n/e,n/e,n/e,n/e,0,,n/e,n/e,0,,n/e,n/e,n/e,n/e,20,
18:00 - 19:00,61,,n/e,n/e,n/e,n/e,3,,n/e,n/e,n/e,n/e,n/e,n/e,n/e,n/e,n/e,n/e,n/e,n/e,653,,n/e,n/e,n/e,n/e,n/e,n/e,0,,n/e,n/e,0,,n/e,n/e,n/e,n/e,15,
19:00 - 20:00,59,,n/e,n/e,n/e,n/e,2,,n/e,n/e,n/e,n/e,n/e,n/e,n/e,n/e,n/e,n/e,n/e,n/e,459,,n/e,n/e,n/e,n/e,n/e,n/e,0,,n/e,n/e,0,,n/e,n/e,n/e,n/e,43,
20:00 - 21:00,53,,n/e,n/e,n/e,n/e,0,,n/e,n/e,n/e,n/e,n/e,n/e,n/e,n/e,n/e,n/e,n/e,n/e,303,,n/e,n/e,n/e,n/e,n/e,n/e,0,,n/e,n/e,0,,n/e,n/e,n/e,n/e,38,
21:00 - 22:00,51,,n/e,n/e,n/e,n/e,0,,n/e,n/e,n/e,n/e,n/e,n/e,n/e,n/e,n/e,n/e,n/e,n/e,170,,n/e,n/e,n/e,n/e,n/e,n/e,0,,n/e,n/e,0,,n/e,n/e,n/e,n/e,16,
22:00 - 23:00,48,,n/e,n/e,n/e,n/e,0,,n/e,n/e,n/e,n/e,n/e,n/e,n/e,n/e,n/e,n/e,n/e,n/e,21,,n/e,n/e,n/e,n/e,n/e,n/e,0,,n/e,n/e,0,,n/e,n/e,n/e,n/e,10,
23:00 - 00:00,46,,n/e,n/e,n/e,n/e,0,,n/e,n/e,n/e,n/e,n/e,n/e,n/e,n/e,n/e,n/e,n/e,n/e,26,,n/e,n/e,n/e,n/e,n/e,n/e,0,,n/e,n/e,0,,n/e,n/e,n/e,n/e,3,
00:00 - 01:00,44,,n/e,n/e,n/e,n/e,0,,n/e,n/e,n/e,n/e,n/e,n/e,n/e,n/e,n/e,n/e,n/e,n/e,15,,n/e,n/e,n/e,n/e,n/e,n/e,0,,n/e,n/e,0,,n/e,n/e,n/e,n/e,4,
01:00 - 02:00,42,,n/e,n/e,n/e,n/e,0,,n/e,n/e,n/e,n/e,n/e,n/e,n/e,n/e,n/e,n/e,n/e,n/e,20,,n/e,n/e,n/e,n/e,n/e,n/e,0,,n/e,n/e,0,,n/e,n/e,n/e,n/e,6,
02:00 - 03:00,44,,n/e,n/e,n/e,n/e,0,,n/e,n/e,n/e,n/e,n/e,n/e,n/e,n/e,n/e,n/e,n/e,n/e,26,,n/e,n/e,n/e,n/e,n/e,n/e,0,,n/e,n/e,0,,n/e,n/e,n/e,n/e,10,
03:00 - 04:00,45,,n/e,n/e,n/e,n/e,0,,n/e,n/e,n/e,n/e,n/e,n/e,n/e,n/e,n/e,n/e,n/e,n/e,28,,n/e,n/e,n/e,n/e,n/e,n/e,0,,n/e,n/e,0,,n/e,n/e,n/e,n/e,36,
04:00 - 05:00,44,,n/e,n/e,n/e,n/e,0,,n/e,n/e,n/e,n/e,n/e,n/e,n/e,n/e,n/e,n/e,n/e,n/e,131,,n/e,n/e,n/e,n/e,n/e,n/e,0,,n/e,n/e,0,,n/e,n/e,n/e,n/e,50,
05:00 - 06:00,50,,n/e,n/e,n/e,n/e,0,,n/e,n/e,n/e,n/e,n/e,n/e,n/e,n/e,n/e,n/e,n/e,n/e,252,,n/e,n/e,n/e,n/e,n/e,n/e,0,,n/e,n/e,0,,n/e,n/e,n/e,n/e,61,
06:00 - 07:00,56,,n/e,n/e,n/e,n/e,0,,n/e,n/e,n/e,n/e,n/e,n/e,n/e,n/e,n/e,n/e,n/e,n/e,216,,n/e,n/e,n/e,n/e,n/e,n/e,0,,n/e,n/e,0,,n/e,n/e,n/e,n/e,81,
07:00 - 08:00,59,,n/e,n/e,n/e,n/e,0,,n/e,n/e,n/e,n/e,n/e,n/e,n/e,n/e,n/e,n/e,n/e,n/e,223,,n/e,n/e,n/e,n/e,n/e,n/e,0,,n/e,n/e,4,,n/e,n/e,n/e,n/e,91,
08:00 - 09:00,60,,n/e,n/e,n/e,n/e,0,,n/e,n/e,n/e,n/e,n/e,n/e,n/e,n/e,n/e,n/e,n/e,n/e,322,,n/e,n/e,n/e,n/e,n/e,n/e,0,,n/e,n/e,15,,n/e,n/e,n/e,n/e,95,
09:00 - 10:00,59,,n/e,n/e,n/e,n/e,0,,n/e,n/e,n/e,n/e,n/e,n/e,n/e,n/e,n/e,n/e,n/e,n/e,284,,n/e,n/e,n/e,n/e,n/e,n/e,0,,n/e,n/e,27,,n/e,n/e,n/e,n/e,98,
10:00 - 11:00,58,,n/e,n/e,n/e,n/e,0,,n/e,n/e,n/e,n/e,n/e,n/e,n/e,n/e,n/e,n/e,n/e,n/e,276,,n/e,n/e,n/e,n/e,n/e,n/e,0,,n/e,n/e,35,,n/e,n/e,n/e,n/e,84,
11:00 - 12:00,56,,n/e,n/e,n/e,n/e,0,,n/e,n/e,n/e,n/e,n/e,n/e,n/e,n/e,n/e,n/e,n/e,n/e,412,,n/e,n/e,n/e,n/e,n/e,n/e,0,,n/e,n/e,32,,n/e,n/e,n/e,n/e,82,
12:00 - 13:00,56,,n/e,n/e,n/e,n/e,0,,n/e,n/e,n/e,n/e,n/e,n/e,n/e,n/e,n/e,n/e,n/e,n/e,486,,n/e,n/e,n/e,n/e,n/e,n/e,0,,n/e,n/e,21,,n/e,n/e,n/e,n/e,82,
13:00 - 14:00,63,,n/e,n/e,n/e,n/e,2,,n/e,n/e,n/e,n/e,n/e,n/e,n/e,n/e,n/e,n/e,n/e,n/e,517,,n/e,n/e,n/e,n/e,n/e,n/e,0,,n/e,n/e,4,,n/e,n/e,n/e,n/e,74,
14:00 - 15:00,64,,n/e,n/e,n/e,n/e,3,,n/e,n/e,n/e,n/e,n/e,n/e,n/e,n/e,n/e,n/e,n/e,n/e,493,,n/e,n/e,n/e,n/e,n/e,n/e,0,,n/e,n/e,1,,n/e,n/e,n/e,n/e,52,
15:00 - 16:00,66,,n/e,n/e,n/e,n/e,3,,n/e,n/e,n/e,n/e,n/e,n/e,n/e,n/e,n/e,n/e,n/e,n/e,510,,n/e,n/e,n/e,n/e,n/e,n/e,0,,n/e,n/e,1,,n/e,n/e,n/e,n/e,34,
16:00 - 17:00,65,,n/e,n/e,n/e,n/e,3,,n/e,n/e,n/e,n/e,n/e,n/e,n/e,n/e,n/e,n/e,n/e,n/e,533,,n/e,n/e,n/e,n/e,n/e,n/e,0,,n/e,n/e,0,,n/e,n/e,n/e,n/e,29,
17:00 - 18:00,66,,n/e,n/e,n/e,n/e,3,,n/e,n/e,n/e,n/e,n/e,n/e,n/e,n/e,n/e,n/e,n/e,n/e,493,,n/e,n/e,n/e,n/e,n/e,n/e,0,,n/e,n/e,0,,n/e,n/e,n/e,n/e,15,
18:00 - 19:00,63,,n/e,n/e,n/e,n/e,2,,n/e,n/e,n/e,n/e,n/e,n/e,n/e,n/e,n/e,n/e,n/e,n/e,401,,n/e,n/e,n/e,n/e,n/e,n/e,0,,n/e,n/e,0,,n/e,n/e,n/e,n/e,7,
19:00 - 20:00,60,,n/e,n/e,n/e,n/e,0,,n/e,n/e,n/e,n/e,n/e,n/e,n/e,n/e,n/e,n/e,n/e,n/e,361,,n/e,n/e,n/e,n/e,n/e,n/e,0,,n/e,n/e,0,,n/e,n/e,n/e,n/e,18,
20:00 - 21:00,51,,n/e,n/e,n/e,n/e,0,,n/e,n/e,n/e,n/e,n/e,n/e,n/e,n/e,n/e,n/e,n/e,n/e,239,,n/e,n/e,n/e,n/e,n/e,n/e,0,,n/e,n/e,0,,n/e,n/e,n/e,n/e,8,
21:00 - 22:00,52,,n/e,n/e,n/e,n/e,0,,n/e,n/e,n/e,n/e,n/e,n/e,n/e,n/e,n/e,n/e,n/e,n/e,142,,n/e,n/e,n/e,n/e,n/e,n/e,0,,n/e,n/e,0,,n/e,n/e,n/e,n/e,28,
22:00 - 23:00,24,,n/e,n/e,n/e,n/e,0,,n/e,n/e,n/e,n/e,n/e,n/e,n/e,n/e,n/e,n/e,n/e,n/e,18,,n/e,n/e,n/e,n/e,n/e,n/e,10,,n/e,n/e,0,,n/e,n/e,n/e,n/e,54,
23:00 - 00:00,20,,n/e,n/e,n/e,n/e,1,,n/e,n/e,n/e,n/e,n/e,n/e,n/e,n/e,n/e,n/e,n/e,n/e,18,,n/e,n/e,n/e,n/e,n/e,n/e,10,,n/e,n/e,0,,n/e,n/e,n/e,n/e,66,
