version https://git-lfs.github.com/spec/v1
oid sha256:c57fdebbf9aacaa032e335c4090956b1bbabd2fd165af380d0c875998568a684
size 915
